WT	KO
0.532368037977677	0.6018368789047418
0.5589864398765608	0.5617144203110923
0.5856048417754446	0.5483402674465425
0.5856048417754446	0.4012245859364945
0.532368037977677	0.6018368789047418
0.47913123417990916	0.5483402674465425
0.8251704588653992	0.6018368789047418
0.6654600474720961	0.7489525604147897
0.45251283228102535	0.44134704453014395
0.532368037977677	0.6419593374983913
0.6654600474720961	0.42797289166559416
0.69207844937098	0.5215919617174428
0.8784072626631668	0.5215919617174428
0.42589443038214153	0.44134704453014395
0.6122232436743285	0.6152110317692916
0.5856048417754446	0.6018368789047418
0.5589864398765608	0.7623267132793395
0.7985520569665153	0.6687076432274909
0.6654600474720961	0.5349661145819927
0.7453152531687477	0.7890750190084392
0.7186968512698638	0.7757008661438893
0.6654600474720961	0.6285851846338414
0.69207844937098	0.6285851846338414
0.47913123417990916	0.5750885731756422
0.6122232436743285	0.5750885731756422
0.532368037977677	0.6152110317692916
0.69207844937098	0.6687076432274909
0.8517888607642831	0.6687076432274909
0.7453152531687477	0.7623267132793395
0.5856048417754446	0.7088301018211404
0.8251704588653992	0.6553334903629411
0.47913123417990916	0.4814695031237934
0.505749636078793	0.5617144203110923
0.45251283228102535	0.5349661145819927
0.6122232436743285	0.6820817960920407
0.9582624683598183	0.8425716304666384
0.8251704588653992	0.8559457833311883
1.011499272157586	0.8291974776020886
0.8251704588653992	0.7757008661438893
0.5589864398765608	0.6553334903629411
0.7719336550676315	0.6954559489565905
0.7985520569665153	0.5750885731756422
1.011499272157586	0.9228165476539374
1.0913544778542377	0.949564853383037
0.6654600474720961	0.8559457833311883
1.1179728797531217	0.9896873119766865
0.8784072626631668	0.6954559489565905
0.8784072626631668	0.802449171872989
0.7985520569665153	0.7890750190084392
0.7453152531687477	0.7088301018211404
1.064736075955354	0.8693199361957381
0.7453152531687477	0.7757008661438893
1.1978280854497732	1.029809770570336
0.8517888607642831	0.7088301018211404
0.8517888607642831	0.8960682419248377
1.011499272157586	0.9094423947893875
1.03811767405647	0.7890750190084392
0.9050256645620507	0.7489525604147897
0.7719336550676315	0.73557840755024
0.7453152531687477	0.73557840755024
0.9316440664609346	0.9094423947893875
0.9848808702587022	1.0030614648412362
0.9582624683598183	0.8291974776020886
1.1179728797531217	0.7222042546856902
0.7985520569665153	0.6820817960920407
0.9050256645620507	0.8960682419248377
0.7186968512698638	0.6018368789047418
1.1179728797531217	0.8559457833311883
0.9582624683598183	0.7757008661438893
0.6122232436743285	0.7623267132793395
1.011499272157586	1.110054687757635
0.9316440664609346	0.9896873119766865
0.9582624683598183	0.6419593374983913
0.8251704588653992	0.802449171872989
0.9848808702587022	0.6820817960920407
0.7985520569665153	0.7623267132793395
0.8784072626631668	0.8291974776020886
1.011499272157586	0.7757008661438893
0.9582624683598183	0.7890750190084392
0.8517888607642831	0.6285851846338414
0.9582624683598183	0.73557840755024
0.8784072626631668	0.802449171872989
1.1179728797531217	0.7222042546856902
0.8251704588653992	0.8425716304666384
0.8517888607642831	0.6687076432274909
0.8784072626631668	0.7088301018211404
0.8251704588653992	0.9361907005184872
0.7186968512698638	0.802449171872989
0.9582624683598183	0.7890750190084392
0.9582624683598183	0.7890750190084392
1.064736075955354	0.8291974776020886
0.7719336550676315	0.802449171872989
1.1445912816520054	1.1635512992158341
1.03811767405647	1.016435617705786
1.3309200949441922	1.1501771463512844
0.9582624683598183	1.029809770570336
0.47913123417990916	0.5349661145819927
0.5589864398765608	0.7623267132793395
0.6654600474720961	0.6954559489565905
1.1978280854497732	1.1635512992158341
1.2776832911464246	1.1368029934867345
0.6122232436743285	0.6152110317692916
0.7453152531687477	0.9094423947893875
1.011499272157586	0.7222042546856902
0.9848808702587022	0.8425716304666384
1.38415689874196	1.0565580762994355
1.1445912816520054	0.8158233247375388
1.4373937025397276	1.3106669807258822
0.9848808702587022	1.0030614648412362
0.7985520569665153	0.6018368789047418
0.8251704588653992	0.9361907005184872
0.6654600474720961	0.6419593374983913
0.5589864398765608	0.7890750190084392
0.7719336550676315	0.8559457833311883
0.7453152531687477	0.8425716304666384
0.8517888607642831	0.7757008661438893
0.9582624683598183	0.8960682419248377
1.1712096835508892	0.8960682419248377
1.03811767405647	0.9361907005184872
1.1978280854497732	0.8559457833311883
0.9316440664609346	0.7222042546856902
0.8784072626631668	0.6954559489565905
1.1712096835508892	0.9763131591121366
1.224446487348657	1.0699322291639854
0.9848808702587022	0.9629390062475868
0.9050256645620507	0.7489525604147897
0.7453152531687477	0.7890750190084392
1.3043016930453084	1.0030614648412362
1.2776832911464246	0.9763131591121366
1.064736075955354	0.7757008661438893
1.064736075955354	0.8559457833311883
0.9050256645620507	0.8425716304666384
1.0913544778542377	0.7890750190084392
1.064736075955354	1.0565580762994355
1.1712096835508892	0.9763131591121366
1.1179728797531217	0.9228165476539374
1.0913544778542377	0.8559457833311883
1.1445912816520054	1.0699322291639854
1.1978280854497732	0.9629390062475868
1.064736075955354	0.7088301018211404
0.7719336550676315	0.6687076432274909
0.6654600474720961	0.73557840755024
0.7186968512698638	0.7757008661438893
0.9050256645620507	0.8158233247375388
0.9848808702587022	0.8826940890602879
0.9050256645620507	0.8291974776020886
1.011499272157586	0.7757008661438893
1.2776832911464246	0.9361907005184872
1.1445912816520054	0.9629390062475868
0.7186968512698638	0.73557840755024
0.7985520569665153	0.8291974776020886
0.532368037977677	0.6687076432274909
0.45251283228102535	0.6553334903629411
0.7453152531687477	0.6553334903629411
0.69207844937098	0.802449171872989
0.8517888607642831	0.7088301018211404
0.9050256645620507	0.5750885731756422
0.7719336550676315	0.6152110317692916
0.6122232436743285	0.6954559489565905
0.7719336550676315	0.6285851846338414
0.9316440664609346	0.588462726040192
0.9848808702587022	0.6687076432274909
0.6388416455732123	0.7623267132793395
0.7453152531687477	0.7623267132793395
0.7453152531687477	0.6820817960920407
1.03811767405647	0.7757008661438893
1.1179728797531217	0.9896873119766865
0.8784072626631668	0.7890750190084392
0.7719336550676315	0.6152110317692916
0.7186968512698638	0.6553334903629411
0.8251704588653992	0.7222042546856902
0.9582624683598183	0.7757008661438893
0.9050256645620507	0.8291974776020886
1.064736075955354	0.8291974776020886
0.7719336550676315	0.7489525604147897
0.5856048417754446	0.6553334903629411
0.7186968512698638	0.6687076432274909
0.7186968512698638	0.802449171872989
0.6388416455732123	0.8693199361957381
0.8784072626631668	0.8291974776020886
0.7985520569665153	0.7489525604147897
1.064736075955354	0.8158233247375388
0.8251704588653992	0.6553334903629411
0.5589864398765608	0.588462726040192
0.7985520569665153	0.6018368789047418
0.8784072626631668	0.6419593374983913
0.9582624683598183	0.6419593374983913
0.7186968512698638	0.6285851846338414
0.6122232436743285	0.6152110317692916
0.5856048417754446	0.7222042546856902
0.5856048417754446	0.6687076432274909
0.69207844937098	0.6285851846338414
0.7985520569665153	0.9228165476539374
0.7186968512698638	0.6820817960920407
0.8517888607642831	0.7890750190084392
0.9316440664609346	0.802449171872989
0.8251704588653992	0.6954559489565905
1.1179728797531217	0.7623267132793395
0.6122232436743285	0.6285851846338414
0.5589864398765608	0.5215919617174428
