WT	KO
0.48593371466517954	0.476491346224211
0.48593371466517954	0.5513123014164425
0.4075573090740215	0.5276846313557378
0.5407971985789901	0.4804292912343285
0.6113359636110324	0.5001190162849157
0.548634839138106	0.55525024642656
0.587823041933685	0.5276846313557378
0.5799854013745691	0.5434364113962076
0.6583618069657271	0.5158707963253855
0.5799854013745691	0.5316225763658552
0.6661994475248428	0.5710020264670297
0.6034983230519165	0.5198087413355028
0.7053876503204219	0.5867538065074994
0.6113359636110324	0.6379470916390263
0.6661994475248428	0.5079949063051505
0.7289005719977694	0.6261332566086739
0.5799854013745691	0.5316225763658552
0.548634839138106	0.5513123014164425
0.6740370880839587	0.6103814765682042
0.5721477608154533	0.511932851315268
0.5329595580198743	0.5710020264670297
0.4624207929878321	0.5198087413355028
0.6897123692021903	0.590691751517617
0.6583618069657271	0.5985676415378518
0.6740370880839587	0.5749399714771471
0.7132252908795377	0.6300712016187914
0.5407971985789901	0.6182573665884391
0.6270112447292638	0.5355605213759727
0.6583618069657271	0.5985676415378518
0.6348488852883797	0.5198087413355028
0.7053876503204219	0.5946296965277343
0.6740370880839587	0.6418850366491438
0.6740370880839587	0.6812644867503183
0.9013286642983168	0.661574761699731
0.7602511342342324	0.6812644867503183
0.6897123692021903	0.6497609266693786
0.5956606824928007	0.6773265417402008
0.6661994475248428	0.6536988716794961
0.7367382125568851	0.6773265417402008
0.6505241664066114	0.6300712016187914
0.6270112447292638	0.6536988716794961
0.6113359636110324	0.732457771881845
0.8464651803845062	0.767899276972902
0.7837640559115799	0.7088301018211404
0.6740370880839587	0.7442716069121974
0.7053876503204219	0.7009542118009054
0.7445758531160009	0.6300712016187914
0.7367382125568851	0.6773265417402008
0.7680887747933483	0.7009542118009054
0.6348488852883797	0.6418850366491438
0.6348488852883797	0.7009542118009054
0.8778157426209695	0.7482095519223148
0.815114618148043	0.803340782063959
0.8621404615027379	0.8151546170943113
0.7524134936751167	0.8545340671954857
0.8464651803845062	0.8269684521246637
0.7680887747933483	0.8151546170943113
0.9170039454165485	0.8151546170943113
0.7759264153524641	0.6143194215783216
0.7524134936751167	0.732457771881845
0.7367382125568851	0.767899276972902
0.7994393370298115	0.7994028370538415
1.050243834921517	0.8899755722865428
0.8464651803845062	0.7639613319627845
0.7367382125568851	0.874223792246073
0.7524134936751167	0.775775166993137
0.8699781020618537	0.8781617372561905
0.8699781020618537	0.8899755722865428
0.7602511342342324	0.803340782063959
0.8229522587071589	0.7718372219830194
0.9091663048574328	0.8860376272764254
0.7837640559115799	0.838782287155016
0.854302820943622	0.8466581771752509
0.8229522587071589	0.8269684521246637
0.9405168670938958	0.8269684521246637
0.8699781020618537	0.8230305071145463
0.9483545076530118	0.8348443421448987
0.9561921482121275	0.8781617372561905
0.854302820943622	0.7994028370538415
1.018893272685054	0.8899755722865428
0.8307898992662747	0.8584720122056032
0.9561921482121275	0.8151546170943113
0.6583618069657271	0.6930783217806705
0.5643101202563375	0.6221953115985565
0.5721477608154533	0.5198087413355028
0.548634839138106	0.5985676415378518
0.5407971985789901	0.6300712016187914
0.5799854013745691	0.476491346224211
0.7602511342342324	0.661574761699731
0.587823041933685	0.5788779164872646
0.5721477608154533	0.5670640814569123
0.6505241664066114	0.6103814765682042
0.815114618148043	0.697016266790788
0.8386275398253905	0.7797131120032544
0.9248415859756642	0.7718372219830194
0.5407971985789901	0.5867538065074994
0.815114618148043	0.6576368166896135
0.7132252908795377	0.7560854419425497
0.7916016964706957	0.6497609266693786
0.5643101202563375	0.6379470916390263
0.6818747286430745	0.6773265417402008
0.6505241664066114	0.661574761699731
0.7837640559115799	0.7127680468312577
0.6191736041701481	0.55525024642656
0.509446636342527	0.6143194215783216
0.9091663048574328	0.838782287155016
0.8778157426209695	0.7954648920437242
0.9640297887712432	0.8112166720841939
0.7680887747933483	0.7009542118009054
0.6348488852883797	0.5788779164872646
0.6897123692021903	0.6340091466289088
0.815114618148043	0.7442716069121974
0.7837640559115799	0.6694506517199659
0.6505241664066114	0.6694506517199659
0.6583618069657271	0.6655127067098484
0.6270112447292638	0.6340091466289088
0.8072769775889272	0.7206439368514926
0.7759264153524641	0.803340782063959
0.7289005719977694	0.8309063971347812
0.9013286642983168	0.874223792246073
0.8307898992662747	0.8309063971347812
0.854302820943622	0.838782287155016
0.815114618148043	0.803340782063959
0.8307898992662747	0.7994028370538415
0.9640297887712432	0.8978514623067777
0.8699781020618537	0.8072787270740764
0.9797050698894748	0.7442716069121974
0.8464651803845062	0.767899276972902
0.7994393370298115	0.8624099572157207
0.7524134936751167	0.7639613319627845
0.8229522587071589	0.775775166993137
0.9640297887712432	0.8702858472359557
0.815114618148043	0.7836510570133718
0.7132252908795377	0.7639613319627845
0.6740370880839587	0.6812644867503183
0.6191736041701481	0.697016266790788
0.7053876503204219	0.6379470916390263
0.7602511342342324	0.7521474969324322
0.5329595580198743	0.7088301018211404
0.6661994475248428	0.7994028370538415
0.8386275398253905	0.7088301018211404
0.7994393370298115	0.7363957168919625
0.8464651803845062	0.7639613319627845
0.6191736041701481	0.7206439368514926
0.6661994475248428	0.7797131120032544
0.6818747286430745	0.6694506517199659
0.7053876503204219	0.7206439368514926
0.6818747286430745	0.7403336619020799
0.854302820943622	0.767899276972902
0.7680887747933483	0.7797131120032544
0.8464651803845062	0.7560854419425497
0.9326792265347801	0.7875890020234892
0.6740370880839587	0.7797131120032544
0.7524134936751167	0.6536988716794961
0.6034983230519165	0.6182573665884391
0.8072769775889272	0.8112166720841939
0.7524134936751167	0.767899276972902
0.7994393370298115	0.8230305071145463
0.7053876503204219	0.6694506517199659
0.7367382125568851	0.7639613319627845
0.8072769775889272	0.6182573665884391
0.6505241664066114	0.6497609266693786
0.6505241664066114	0.697016266790788
0.7916016964706957	0.7167059918413752
0.7132252908795377	0.6812644867503183
0.6897123692021903	0.7521474969324322
0.7994393370298115	0.7206439368514926
0.7289005719977694	0.6418850366491438
0.6975500097613061	0.6497609266693786
0.5956606824928007	0.5749399714771471
0.6975500097613061	0.6536988716794961
0.47809607410606375	0.6143194215783216
0.7132252908795377	0.6497609266693786
0.5564724796972217	0.6340091466289088
0.6661994475248428	0.7442716069121974
0.6270112447292638	0.6694506517199659
0.6740370880839587	0.661574761699731
0.47809607410606375	0.5394984663860901
0.5721477608154533	0.5394984663860901
0.5956606824928007	0.6340091466289088
0.6661994475248428	0.5788779164872646
0.5407971985789901	0.6221953115985565
0.6897123692021903	0.6536988716794961
0.6975500097613061	0.6497609266693786
0.7445758531160009	0.6221953115985565
0.6818747286430745	0.661574761699731
0.6583618069657271	0.6812644867503183
0.6191736041701481	0.6103814765682042
0.7445758531160009	0.6064435315580867
0.6270112447292638	0.55525024642656
0.6426865258474955	0.6379470916390263
0.48593371466517954	0.5670640814569123
0.6426865258474955	0.6379470916390263
0.5799854013745691	0.4568016211736238
0.5564724796972217	0.5631261364467948
0.7367382125568851	0.6025055865479693
0.6270112447292638	0.55525024642656
0.6034983230519165	0.5040569612950331
0.6740370880839587	0.5434364113962076
0.6740370880839587	0.6103814765682042
