WT	KO
0.4232325901922531	0.4725534012140935
0.5643101202563375	0.7797131120032544
0.6113359636110324	0.4961810712747982
0.7524134936751167	0.6379470916390263
0.37620674683755834	0.5434364113962076
0.7053876503204219	0.7560854419425497
0.5172842769016427	0.590691751517617
0.6583618069657271	0.732457771881845
0.32918090348286355	0.6852024317604356
0.893491023739201	0.7560854419425497
0.7053876503204219	0.732457771881845
0.8464651803845062	0.8269684521246637
1.0345685538032854	1.0632451527317104
0.7053876503204219	0.4725534012140935
0.5643101202563375	0.7088301018211404
0.6583618069657271	0.8269684521246637
0.7053876503204219	0.6143194215783216
0.4232325901922531	0.6379470916390263
0.7524134936751167	0.732457771881845
0.4232325901922531	0.2599043706677514
0.7053876503204219	0.7560854419425497
0.5172842769016427	0.6379470916390263
0.7053876503204219	0.803340782063959
0.4702584335469479	0.7560854419425497
0.37620674683755834	0.5670640814569123
0.18810337341877917	0.5670640814569123
1.17564608386737	0.874223792246073
0.7053876503204219	1.0868728227924151
1.17564608386737	1.0396174826710056
1.0345685538032854	0.945106802428187
0.5643101202563375	0.5198087413355028
0.5172842769016427	0.7797131120032544
0.6113359636110324	0.874223792246073
0.7524134936751167	0.6143194215783216
0.5172842769016427	0.8505961221853684
0.7053876503204219	0.803340782063959
0.7994393370298115	0.7088301018211404
0.7524134936751167	0.8505961221853684
0.7994393370298115	0.8978514623067777
1.2226719272220647	1.181383503035234
0.893491023739201	0.9687344724888918
0.32918090348286355	0.7560854419425497
0.5643101202563375	0.5198087413355028
0.7524134936751167	0.874223792246073
1.128620240512675	1.015989812610301
0.7524134936751167	0.8505961221853684
0.6113359636110324	0.8978514623067777
0.6583618069657271	0.732457771881845
0.4232325901922531	0.8978514623067777
0.7994393370298115	0.8505961221853684
0.9405168670938958	0.9687344724888918
0.6583618069657271	0.732457771881845
0.7994393370298115	0.8978514623067777
0.6113359636110324	0.590691751517617
0.8464651803845062	0.945106802428187
0.7994393370298115	0.9687344724888918
0.9875427104485905	0.8269684521246637
0.8464651803845062	1.015989812610301
1.0345685538032854	1.0396174826710056
1.0815943971579802	1.015989812610301
0.7524134936751167	1.11050049285312
1.0345685538032854	1.015989812610301
0.893491023739201	0.8269684521246637
0.893491023739201	0.6852024317604356
1.0815943971579802	0.945106802428187
0.7524134936751167	1.0868728227924151
0.5643101202563375	1.0396174826710056
1.128620240512675	1.2050111730959385
0.5643101202563375	0.803340782063959
0.893491023739201	0.945106802428187
0.9875427104485905	0.732457771881845
0.7053876503204219	0.6852024317604356
0.5643101202563375	0.7560854419425497
1.128620240512675	0.874223792246073
0.7994393370298115	0.9923621425495964
1.17564608386737	1.11050049285312
0.6113359636110324	0.7560854419425497
0.37620674683755834	0.7560854419425497
0.9875427104485905	0.8269684521246637
0.5643101202563375	0.7560854419425497
0.9875427104485905	0.874223792246073
0.8464651803845062	0.732457771881845
0.7053876503204219	0.7560854419425497
0.893491023739201	0.8978514623067777
0.893491023739201	0.8269684521246637
0.5643101202563375	0.803340782063959
1.0345685538032854	0.7797131120032544
0.7994393370298115	0.6143194215783216
0.4232325901922531	0.6852024317604356
0.5172842769016427	0.661574761699731
0.37620674683755834	0.6379470916390263
0.8464651803845062	0.7797131120032544
0.6583618069657271	0.6379470916390263
0.893491023739201	1.1577558329745292
1.0345685538032854	0.7088301018211404
0.23512921677347395	0.3544150509105702
0.37620674683755834	0.5434364113962076
0.32918090348286355	0.4725534012140935
0.7524134936751167	0.9214791323674825
0.7524134936751167	1.11050049285312
1.363749457286149	1.3467771934601664
1.17564608386737	1.2050111730959385
0.7994393370298115	0.9214791323674825
0.4232325901922531	0.3307873808498655
0.5172842769016427	0.7560854419425497
0.5643101202563375	0.661574761699731
0.5172842769016427	0.7088301018211404
0.4232325901922531	0.5434364113962076
0.37620674683755834	0.6379470916390263
0.7053876503204219	0.9214791323674825
0.6113359636110324	0.732457771881845
0.7053876503204219	0.6379470916390263
0.6113359636110324	0.8978514623067777
0.5643101202563375	0.661574761699731
0.9405168670938958	0.9923621425495964
0.5172842769016427	0.9214791323674825
0.7053876503204219	0.8269684521246637
0.9875427104485905	0.7560854419425497
1.0345685538032854	1.0632451527317104
0.7053876503204219	0.874223792246073
0.9405168670938958	0.9687344724888918
0.4702584335469479	0.8269684521246637
0.32918090348286355	0.4725534012140935
0.6113359636110324	0.9687344724888918
0.28215506012816877	0.732457771881845
0.7524134936751167	0.8505961221853684
1.0345685538032854	0.8505961221853684
0.8464651803845062	0.8505961221853684
0.6113359636110324	0.9923621425495964
0.4702584335469479	0.7797131120032544
0.9405168670938958	0.7560854419425497
0.7994393370298115	0.803340782063959
1.2226719272220647	0.874223792246073
0.6113359636110324	0.7088301018211404
0.9405168670938958	0.7560854419425497
0.4702584335469479	0.6379470916390263
0.7053876503204219	1.181383503035234
0.6583618069657271	0.945106802428187
0.8464651803845062	0.9687344724888918
0.7994393370298115	0.945106802428187
0.9875427104485905	0.7560854419425497
0.8464651803845062	1.0396174826710056
1.0345685538032854	1.2286388431566433
0.9405168670938958	1.11050049285312
0.893491023739201	0.8505961221853684
1.2226719272220647	1.015989812610301
0.8464651803845062	0.8269684521246637
1.0345685538032854	1.0396174826710056
1.17564608386737	1.2286388431566433
0.4232325901922531	0.6143194215783216
0.8464651803845062	0.803340782063959
0.4232325901922531	0.8505961221853684
0.6113359636110324	0.9923621425495964
0.9875427104485905	1.015989812610301
0.5643101202563375	0.7560854419425497
0.7524134936751167	0.7088301018211404
0.4702584335469479	0.6379470916390263
0.6583618069657271	0.590691751517617
0.9405168670938958	0.8978514623067777
0.5643101202563375	0.7088301018211404
0.28215506012816877	0.5670640814569123
0.4702584335469479	0.5670640814569123
0.4232325901922531	0.5434364113962076
0.9875427104485905	0.8978514623067777
0.5643101202563375	1.015989812610301
0.8464651803845062	0.803340782063959
0.7524134936751167	0.8269684521246637
0.7053876503204219	0.7797131120032544
0.5172842769016427	0.661574761699731
0.6583618069657271	0.8269684521246637
0.8464651803845062	0.7560854419425497
1.0345685538032854	0.8505961221853684
0.7053876503204219	0.803340782063959
0.7994393370298115	0.9214791323674825
0.893491023739201	0.6379470916390263
0.6113359636110324	0.7088301018211404
1.0345685538032854	0.945106802428187
1.0345685538032854	1.015989812610301
0.6583618069657271	0.8505961221853684
0.7053876503204219	0.7797131120032544
0.5172842769016427	0.6143194215783216
0.8464651803845062	0.8978514623067777
0.7053876503204219	0.590691751517617
0.7994393370298115	0.7088301018211404
0.7053876503204219	0.6143194215783216
0.5643101202563375	0.661574761699731
0.7524134936751167	0.6852024317604356
0.7524134936751167	0.803340782063959
0.5172842769016427	0.7797131120032544
0.5643101202563375	0.732457771881845
0.893491023739201	0.7088301018211404
0.5172842769016427	0.6143194215783216
0.7053876503204219	0.732457771881845
0.7053876503204219	0.6143194215783216
0.8464651803845062	0.9214791323674825
0.9405168670938958	0.9923621425495964
0.6113359636110324	0.732457771881845
0.6583618069657271	0.8269684521246637
0.6583618069657271	0.8269684521246637
0.6113359636110324	0.590691751517617
