DKO	Prdm1KO
0.3951424491816678	0.3700420429956713
0.3756521580887376	0.36606309629679307
0.37518810353890597	0.3794920414055069
0.3928221764325094	0.3807354622489064
0.3907339309582669	0.38894203981534264
0.40697584020237537	0.39068282899610185
0.38586135818503436	0.3799894097428667
0.39259014915759355	0.3949104598636599
0.38702149455961354	0.3844657247791047
0.41254449480035543	0.3996354590685778
0.4039594856284695	0.3857091456225041
0.3956065037314994	0.3951591440323398
0.404655567453217	0.3956565123696996
0.4076719220271229	0.39118019733346165
0.3942143400820044	0.4028683532614163
0.42043342214749385	0.4083394049723738
0.42994654041904307	0.4080907208036939
0.40743989475220704	0.41629729837013013
0.4199693675976622	0.3986407223938582
0.41532882209934546	0.4120696675025721
0.42159355852207303	0.43146703265960323
0.4348191131922757	0.4376841368766004
0.41648895847392464	0.42723940179204517
0.43876357686584483	0.4118209833338922
0.42414585854614717	0.4118209833338922
0.44804466786247826	0.41629729837013013
0.4478126405875624	0.4409170310694389
0.4373714132163498	0.4274880859607251
0.4424760132644982	0.45161045032267405
0.44340412236416155	0.447382819455116
0.4772801045018735	0.46802360545554655
0.4522211588109633	0.4416630835754786
0.4260020767454739	0.4197788767316486
0.47031928625439845	0.449620976973235
0.45964603160827	0.4476315036237959
0.47101536807914596	0.4543459761781528
0.46707090440557675	0.4647907112627081
0.4682310407801559	0.44216045191283837
0.4663748225808293	0.46180650123854944
0.4700872589794826	0.45956834372043043
0.487953359148002	0.46901834213026616
0.4601100861581017	0.4396736102260395
0.47820821360153687	0.4590709753830707
0.4881853864229178	0.47075913131102537
0.49421809557072954	0.45981702788911033
0.4884174136978337	0.47075913131102537
0.4721755044537252	0.45384860784079306
0.48957755007241277	0.46329860625062874
0.49677039559480374	0.47772228803406214
0.49212985009648696	0.4874209706125778
0.497698504694467	0.4859288656004984
0.49630634104497207	0.4812038663955806
0.5046593229419422	0.47548413051594324
0.510460004814838	0.4899078122993766
0.54712031425154	0.5195012283722832
0.5153325775880705	0.4993578107092123
0.526005832234199	0.5214907017217222
0.5195090685365557	0.48568018143181857
0.5327346232067582	0.5115433349745268
0.5480484233512034	0.5244749117458808
0.5420157142033917	0.5227341225651216
0.5355189505057483	0.5147762291673653
0.54712031425154	0.523977543408521
0.5496726142756142	0.5177604391915238
0.54712031425154	0.5341735943243964
0.5480484233512034	0.5195012283722832
0.5320385413820107	0.5192525442036032
0.5378392232549065	0.5214907017217222
0.5580255961725843	0.5311893843002378
0.5589537052722476	0.5282051742760792
0.5633622234956485	0.5520788544693482
0.5594177598220793	0.530692015962878
0.5385353050796541	0.5466078027583907
0.5362150323304957	0.5060722832635692
0.5385353050796541	0.519749912540963
0.561273978021406	0.5314380684689177
0.594917932884202	0.5558091169995466
0.5888852237363903	0.5627722737225834
0.5663785780695543	0.5577985903489856
0.5693949326434602	0.5458617502523511
0.5856368418875686	0.5694867462769404
0.5733393963170295	0.5523275386380281
0.5529209961244359	0.5207446492156825
0.525773804959283	0.5170143866854843
0.5185809594368922	0.4986117582031726
0.4923618773714028	0.4826959714076599
0.487953359148002	0.4826959714076599
0.5290221868081048	0.5053262307575296
0.49143376827173957	0.4724999204917846
0.4726395590035568	0.4637959745879885
0.49143376827173957	0.46926702629894607
0.5292542140830206	0.5053262307575296
0.7506082343527277	0.7343643501117052
0.5877250873618113	0.5528249069753879
0.5942218510594546	0.5677459570961811
0.4726395590035568	0.4439012410935976
0.757104998050371	0.7398354018226627
1.015351355031696	0.958428786092283
0.9529360180793363	0.8994906381151498
0.5461922051518766	0.5165170183481245
0.25824635698132486	0.2489328528485665
0.26335095702947325	0.24346180113760899
0.5691629053685443	0.539395961866674
0.9348378906359011	0.9007340589585493
1.0144232459320326	0.9507195768632065
0.7847162437653555	0.7358564551237845
0.48145659545035857	0.45956834372043043
0.5946859056092862	0.5704814829516599
0.5698589871932919	0.5244749117458808
0.6949216883729272	0.6938288306168836
0.49537823194530867	0.48369070808237946
0.5116201411894171	0.4655367637687477
0.46939117715473516	0.43395387434640215
0.4524531860858791	0.4391762418886797
0.4791363227012002	0.462801237913269
0.4700872589794826	0.4478801877924758
0.4932899864710662	0.46130913290118963
0.5222933958355457	0.5252209642519206
0.522989477660293	0.502342020733371
0.5352869232308324	0.5038341257454503
0.5628981689458168	0.5520788544693482
0.5844767055129895	0.5324328051436372
0.583780623688242	0.541882803553473
0.5735714235919452	0.5605341162044644
0.5689308780936285	0.5513328019633086
0.5740354781417769	0.5436235927342321
0.54990464155053	0.5244749117458808
0.5693949326434602	0.5461104344210309
0.5742675054166927	0.5441209610715919
0.5564014052481735	0.5488459602765097
0.5457281506020449	0.511045966637167
0.5299502959077682	0.5182578075288836
0.54712031425154	0.5227341225651216
0.5494405870006983	0.5214907017217222
0.5141724412134914	0.5008499157212917
0.5568654597980052	0.5202472808783228
0.5299502959077682	0.5137814924926457
0.5336627323064216	0.4996064948778922
0.5434078778528866	0.4998551790465721
0.5130123048389122	0.4976170215284531
0.5392313869044016	0.511045966637167
0.5123162230141647	0.49612491651637375
0.5116201411894171	0.49537886401033415
0.5160286594128181	0.49438412733561454
0.5079077047907639	0.47001307880498566
0.4842409227493486	0.46852097379290636
0.497698504694467	0.4814525505642605
0.4628944134570917	0.4610604487325098
0.4965383683198879	0.4814525505642605
0.5116201411894171	0.49413544316693464
0.49677039559480374	0.4826959714076599
0.48679322277342274	0.48518281309445876
0.47426374992796766	0.45409729200947296
0.4591819770584384	0.45011834531059475
0.4849370045740961	0.4655367637687477
0.49421809557072954	0.46802360545554655
0.4770480772269577	0.4573301862023114
0.4547734588350375	0.43295913767168254
0.4673029316804926	0.45185913449135395
0.4640545498316709	0.45235650282871376
0.45639764975944835	0.4565841336962718
0.4524531860858791	0.4197788767316486
0.4594140043333542	0.43594334769584125
0.46614279530591346	0.4565841336962718
0.4677669862303243	0.45036702947927465
0.4478126405875624	0.43221308516564294
0.4403877677902557	0.43022361181620383
0.45059696788655246	0.4471341352864361
0.46846306805507176	0.4578275545396712
0.4352831677421073	0.41853545588824914
0.4424760132644982	0.445144661936997
0.43899560414076066	0.4446472935996373
0.4519891315360475	0.4264933492860055
0.4443322314638249	0.43320782184036244
0.42855437676954805	0.41405914085201123
0.4206654494224097	0.4080907208036939
0.4150967948244296	0.4215196659124078
0.43087464951870647	0.4031170374300962
0.42368180399631555	0.40709598412897435
0.40511962200304874	0.3986407223938582
0.4227536948966522	0.41555124586409053
0.4304105949688748	0.40784203663501406
0.41602490392409297	0.40063019574329733
0.40187124015422704	0.39192624983950125
0.4076719220271229	0.39913809073121803
0.4014071856043953	0.39192624983950125
0.38887771275894023	0.39292098651422086
0.39166204005793026	0.3899367764900622
0.41208044025052376	0.3936670390202605
0.3719397216900842	0.38943940815270245
0.39699866738099443	0.39416440735762026
0.38562933091011853	0.4011275640806571
0.4039594856284695	0.3653170437907534
0.3784364853877276	0.368549937983592
0.3874855491094452	0.37277756885115004
0.38586135818503436	0.385957829791184
0.3717076944151684	0.364073622947354
0.37797243083789595	0.37029072716435113
0.37333188533957923	0.3779999363934276
0.36428282161786163	0.3613380970918752
