DKO	Prdm1KO
0.26733752669458166	0.2758587863040369
0.27310427024965406	0.2780162107583276
0.27266904432096933	0.2805234878268276
0.2715809794992576	0.28116488428621134
0.273376286455082	0.2784826809106067
0.2677727526232664	0.2816313544384904
0.2843113379132852	0.2839053964308509
0.27250583459771255	0.28489664550444393
0.2850185800473979	0.2951589888545835
0.2775653360186723	0.2913689188673161
0.27859899759929846	0.2855963507328625
0.28110154668923554	0.2883368628775021
0.29861939031879503	0.2959753116210719
0.28153677261792026	0.29620854669721147
0.2940495180676056	0.30023185176061845
0.28452895087762764	0.29772457469211844
0.29861939031879503	0.30209773236973475
0.2836584990202582	0.2943426660880951
0.2948655666838894	0.30262251129104867
0.2908397268435559	0.299940307915444
0.3058550213831783	0.30641258127831617
0.2924174208350379	0.30582949358796735
0.2975313254970833	0.3005817043748278
0.2950287764071462	0.3034388340575371
0.30786794130334505	0.303963612978851
0.3018291815428447	0.31195191433663017
0.31630044367161125	0.3187740403137116
0.3034612787754124	0.31002772495847897
0.30933682881265595	0.30886154957778134
0.311186539009566	0.3164999983213511
0.3118937811436786	0.31428426509802554
0.3092280223304848	0.31504227909547905
0.3179325409041789	0.3159169106310023
0.3128730394832192	0.3121851494127697
0.3264194465135307	0.32781189951411865
0.31706208904680955	0.3206399209228279
0.31776933118092215	0.3213396261512465
0.31113213576848037	0.3126516195650487
0.3196734446189177	0.32617925398114184
0.3211967353693142	0.3182492613923976
0.3265282529957019	0.32291396291518837
0.3227200261197107	0.3272871205928047
0.3269634789243866	0.32495476983140936
0.3256578011383325	0.3232638155293977
0.3277795275406704	0.331135499349107
0.3265282529957019	0.3238469032197465
0.32913960856781016	0.3339926290318163
0.3271266886476434	0.3254795487527233
0.3353959812926528	0.3383657867094326
0.3341991099887699	0.3415727690063513
0.33724569148956285	0.33877394809267686
0.34089070864229726	0.3440800460748513
0.34437251607177494	0.3434386496154676
0.3393674178919008	0.33714130255970015
0.3435564674554911	0.340231667318549
0.3499216466625049	0.342738944387049
0.34948642073382025	0.3507272457448281
0.35449151891369435	0.3570829015696305
0.3538930832617529	0.35533363849858396
0.35226098602918526	0.35539194726761886
0.3653177638897265	0.36384671877767705
0.3611831175672217	0.359356943561991
0.3627064083176182	0.35346775788946766
0.3591157944059694	0.3489779826737816
0.36814673242617707	0.35405084557981653
0.3600406495044244	0.3673452449197701
0.36042147219202353	0.3496193791331653
0.35781011661991524	0.35364268419657235
0.3644473120323571	0.3537593017346421
0.3571028744858026	0.3568496664934909
0.36395768286258673	0.3587155471026072
0.35302263140438345	0.35982341371427007
0.3647737314788706	0.35265143512297925
0.36564418333624	0.36582921692486314
0.37630721858901534	0.3714851675212469
0.3812035102867183	0.3826221424069097
0.3806594778758624	0.37457553228009577
0.3731518306060512	0.3783072934983283
0.3722813787486818	0.36437149769899096
0.3750015408029612	0.3728845779780841
0.37249899171302414	0.3742839884349213
0.37445750839210534	0.376441412889212
0.3766880412766145	0.363380248625398
0.3348519488817969	0.34501298637940947
0.32092471916388626	0.31521720540258363
0.30748711861574596	0.3047216269763045
0.3077591348211739	0.2960919291591417
0.32957483449649483	0.3250713873694791
0.3406186924368693	0.3323599834988396
0.34899679156404995	0.33445909918409544
0.3058006181420927	0.29282663809318815
0.34105391836555404	0.329153001201921
0.37081249123937093	0.3530012877371886
0.44795628709873536	0.4437880411245032
0.3897992223782413	0.3710186973689678
0.3853925598503086	0.38233059856173535
0.3518801633415861	0.3309022642729675
0.3979053052999939	0.3930011032951191
0.44670501255376677	0.42944408394192174
0.4138998581791569	0.40833630955129363
0.3216319612979989	0.30559625851182776
0.3252225752096478	0.31562536678582787
0.41857853691251756	0.40052293450061915
0.45203653018015444	0.43364231531243336
0.39181214229840805	0.3863539036251423
0.34654864571519844	0.3281034433592931
0.38620860846659244	0.3795317776480609
0.39164893257515127	0.369910830757305
0.43517152544362203	0.43224290485559613
0.36564418333624	0.3352171131815489
0.3268002692011298	0.32536293121465354
0.30106753616764653	0.2746926109233392
0.33104372200580573	0.33195182211559543
0.33642964287327903	0.3210480823060721
0.31107773252739473	0.3066458163544557
0.2879019518249341	0.2772581967608741
0.29171017870092525	0.29539222393072306
0.3208159126817151	0.30985279865137433
0.3312613349701481	0.3366165236383861
0.3646649249966994	0.3549254771153398
0.3571572777268882	0.35982341371427007
0.37282541115953766	0.3604065014046189
0.3636312634160732	0.3682781852243282
0.3704316685517718	0.36104789786400265
0.36689545788120853	0.37224318151870034
0.37527355700838916	0.3640799538538166
0.3653177638897265	0.36559598184872355
0.37761289637506945	0.3687446553766073
0.3661338125060103	0.36816156768625846
0.3627064083176182	0.3641382626228515
0.35585159994083404	0.36163098555435147
0.3677659097385779	0.3569079752625258
0.3624887953532759	0.36483796785127004
0.3655897800951544	0.35527532972954906
0.359170197647055	0.36285546970408405
0.36237998887110473	0.35760768049094444
0.35269621195787	0.353817610503677
0.35541637401214937	0.35824907695032815
0.34834395267102286	0.34501298637940947
0.35596040642300525	0.3555668735747235
0.36058468191528026	0.3525931263539444
0.3520977763059285	0.3550420946534095
0.34453572579503167	0.34734533714080484
0.34361087069657664	0.3383657867094326
0.33686486880196376	0.3384240954784676
0.3383337563112746	0.33889056563074665
0.3252225752096478	0.3298527064303396
0.3284867696747831	0.3366165236383861
0.3227744293607963	0.3280451345902582
0.32087031592280074	0.33393432026278147
0.3274531080941569	0.33072733796586284
0.3211967353693142	0.3207565384608977
0.3190206057258907	0.32536293121465354
0.3201630737886881	0.3242550646029907
0.3177149279398366	0.31789940877818834
0.32103352564605747	0.3225058015319442
0.31461394319795805	0.318074335085293
0.31461394319795805	0.31428426509802554
0.3098808612235118	0.3109023564940022
0.31450513671578684	0.3148673527883744
0.30846637695528656	0.31066912141786274
0.3112409422506515	0.30798691804225803
0.30128514913198884	0.31020265126558366
0.3117849746615074	0.3128848546411883
0.2991634227296509	0.30746213912094406
0.30634465055294857	0.30454670066919987
0.2963888574342859	0.3069373601996301
0.30188358478393035	0.31002772495847897
0.3005779069978762	0.31300147217925806
0.29889140652422297	0.3079286092732232
0.2990546162474797	0.3059461111260371
0.3044949403560386	0.3076953741970836
0.302590826918043	0.3097361811133046
0.3024820204358718	0.3083367706564673
0.3047669565614665	0.3091530934229557
0.3016115685785024	0.30279743759815336
0.2904045009148712	0.29288494686222305
0.2915469689776685	0.2978411922301882
0.28714030644973587	0.2991822939179905
0.29611684122885795	0.2933514170145021
0.28752112913733496	0.2971414870017696
0.2917645819420109	0.2904359785627579
0.2832776763326591	0.29387619593581604
0.28398491846677176	0.28921149441302535
0.2831144666094023	0.2920103153266998
0.28442014439545643	0.288395171646537
0.27168978598142873	0.27329320046650196
0.2794150462155823	0.28192289828366485
0.2720162054279423	0.27708327045376946
0.2820264017876905	0.2874039225729439
0.27397472210702345	0.2823893684359439
0.2789798202868976	0.2761503301492113
0.27196180218685667	0.27591709507307177
0.27680369064347404	0.2808733404410369
0.2646717678813878	0.2752173898446531
0.27625965823261817	0.27714157922280436
0.2746275610000505	0.28425524904506017
0.2690784304093205	0.28256429474304856
0.2680447688286943	0.2761503301492113
0.26739192993566724	0.27527569861368806
