WT	KO
0.2761831604894439	0.3190793372983679
0.3176106345628605	0.32490727039970796
0.2651358340698661	0.3045095045450178
0.27342132888454945	0.25934302300963236
0.3355625399946743	0.329278220225713
0.2830877395016799	0.28702570524099763
0.30380147653838824	0.33364917005171807
0.3300388767848854	0.327821236950378
0.2941350659212577	0.28848268851633263
0.2955159817237049	0.29576760489300774
0.32037246616775483	0.32490727039970796
0.32037246616775483	0.32490727039970796
0.2927541501188105	0.3482190028050682
0.31208697135307156	0.2797407888643226
0.2872304869090216	0.3453050362543981
0.32589612937754375	0.3700737519350934
0.29137323431636325	0.326364253675043
0.2844686553041272	0.31179442092169285
0.30932513974817716	0.3074234710956878
0.2858495711065744	0.30013855471901274
0.33694345579712154	0.3453050362543981
0.2955159817237049	0.33219218677638307
0.3548953612289354	0.4181542000211488
0.33832437159956874	0.3409340864283931
0.3493716980191465	0.3423910697037281
0.34522895061180486	0.37444470176109845
0.32451521357509655	0.32490727039970796
0.359038108636277	0.4166972167458138
0.3604190244387242	0.36424581883375334
0.33970528740201594	0.3671597853844234
0.33970528740201594	0.37735866831176845
0.32451521357509655	0.35404693590640823
0.3535144454264882	0.3467620195297332
0.35075261382159373	0.41961118329648384
0.36179994024117146	0.326364253675043
0.38527550888277423	0.3846435846884435
0.3659426876485131	0.3686167686597584
0.36179994024117146	0.37444470176109845
0.3328007083897799	0.39192850106511856
0.36318085604361866	0.40212738399246367
0.3535144454264882	0.38172961813777345
0.3907991720925631	0.3948424676157886
0.36179994024117146	0.3423910697037281
0.3659426876485131	0.3861005679637785
0.35627627703138254	0.3715307352104284
0.35627627703138254	0.36424581883375334
0.3921800878950103	0.3846435846884435
0.4267029829561908	0.44146593242650906
0.3935610036974575	0.4079553170938037
0.38665642468522143	0.4123262669198088
0.371466350858302	0.37298771848576345
0.38527550888277423	0.4108692836444738
0.383894593080327	0.4079553170938037
0.41013199332682415	0.42398213312248884
0.371466350858302	0.39192850106511856
0.3894182562901159	0.3409340864283931
0.41013199332682415	0.4283530829484939
0.4418930567831102	0.39192850106511856
0.43775030937576853	0.45312179862918917
0.40460833011703523	0.4458368822525141
0.3963228353023519	0.3861005679637785
0.45846404641247684	0.4181542000211488
0.4529403832026879	0.4035843672677987
0.43775030937576853	0.41961118329648384
0.3963228353023519	0.4108692836444738
0.37560909826564365	0.4166972167458138
0.38251367727787977	0.3875575512391135
0.43913122517821573	0.4152402334704788
0.4418930567831102	0.438551965875839
0.38113276147543257	0.36570280210908834
0.3659426876485131	0.4079553170938037
0.35627627703138254	0.38901453451444856
0.359038108636277	0.38901453451444856
0.3949419194999047	0.39192850106511856
0.40046558270969357	0.45020783207851917
0.4197984039439547	0.435637999325169
0.39770375110479916	0.43126704949916395
0.4363693935733213	0.4618636982811992
0.4211793197464019	0.45020783207851917
0.3687045192534075	0.3861005679637785
0.38665642468522143	0.4123262669198088
0.37284726666074924	0.38027263486243845
0.3493716980191465	0.36424581883375334
0.3921800878950103	0.3875575512391135
0.3604190244387242	0.3977564341664586
0.37422818246319645	0.36278883555841834
0.3314197925873326	0.3671597853844234
0.44879763579534626	0.4691486146578743
0.4957487730785517	0.45894973173052916
0.3328007083897799	0.33947710315305807
0.2996587291310466	0.30159553799434774
0.2817068236992327	0.2972245881683427
0.5689373106082544	0.54345476169996
0.6145075320890127	0.654185490625421
0.4653686254247129	0.5201430292945997
0.4515594674002407	0.3962994508911236
0.31208697135307156	0.3176223540230329
0.4708922886345018	0.5317988954972799
0.5275098365348377	0.5288849289466098
0.31208697135307156	0.30013855471901274
0.31070605555062436	0.33802011987772307
0.33832437159956874	0.3467620195297332
0.5206052575226017	0.5361698453232849
0.48470144665897397	0.5521966613519701
0.3328007083897799	0.3511329693557382
0.43913122517821573	0.4050413505431337
0.4888441940663156	0.4691486146578743
0.5951747108547515	0.5827933101340054
0.5247480049299433	0.5594815777286452
0.2927541501188105	0.2739128557629825
0.2830877395016799	0.26225698956030236
0.3438480348093576	0.33802011987772307
0.5109388469054711	0.5303419122219448
0.46674954122716017	0.45166481535385417
0.3355625399946743	0.3074234710956878
0.37560909826564365	0.3759016850364334
0.38527550888277423	0.38901453451444856
0.3797518456729853	0.3962994508911236
0.3493716980191465	0.4035843672677987
0.3949419194999047	0.4094123003691388
0.4018464985121408	0.4268960996731589
0.383894593080327	0.3962994508911236
0.3797518456729853	0.4079553170938037
0.4184174881415075	0.4035843672677987
0.4018464985121408	0.38172961813777345
0.43913122517821573	0.41961118329648384
0.37560909826564365	0.37881565158710345
0.39908466690724637	0.41961118329648384
0.4267029829561908	0.435637999325169
0.4184174881415075	0.4094123003691388
0.38527550888277423	0.42398213312248884
0.37422818246319645	0.3962994508911236
0.38113276147543257	0.3846435846884435
0.40322741431458803	0.3846435846884435
0.37560909826564365	0.38172961813777345
0.40046558270969357	0.39047151778978356
0.3535144454264882	0.3846435846884435
0.38251367727787977	0.3511329693557382
0.35627627703138254	0.3482190028050682
0.35213352962404093	0.37444470176109845
0.4170365723390602	0.42398213312248884
0.3687045192534075	0.3962994508911236
0.3963228353023519	0.3759016850364334
0.32727704517999096	0.3511329693557382
0.36456177184606586	0.3438480529790631
0.36318085604361866	0.3861005679637785
0.2996587291310466	0.36278883555841834
0.3079442239457299	0.32053632057370296
0.2858495711065744	0.30013855471901274
0.314848802957966	0.3482190028050682
0.3328007083897799	0.3759016850364334
0.32589612937754375	0.33656313660238807
0.3438480348093576	0.33656313660238807
0.3355625399946743	0.30159553799434774
0.3314197925873326	0.3569609024570783
0.314848802957966	0.33947710315305807
0.32037246616775483	0.33802011987772307
0.3341816241922271	0.33656313660238807
0.32451521357509655	0.3467620195297332
0.31070605555062436	0.31325140419702785
0.2955159817237049	0.31033743764635785
0.3314197925873326	0.29576760489300774
0.3314197925873326	0.3467620195297332
0.2858495711065744	0.3088804543710228
0.3231342977726493	0.3190793372983679
0.2789449920943383	0.32490727039970796
0.2982778133285994	0.3074234710956878
0.3576571928338298	0.33802011987772307
0.3176106345628605	0.3088804543710228
0.2941350659212577	0.3059664878203528
0.30932513974817716	0.28556872196566263
0.2761831604894439	0.26954190593697747
0.33970528740201594	0.3161653707476979
0.32451521357509655	0.3438480529790631
0.31070605555062436	0.31179442092169285
0.3162297187604132	0.32199330384903796
0.3162297187604132	0.33656313660238807
0.36179994024117146	0.33510615332705307
0.32727704517999096	0.33364917005171807
0.2775640762918911	0.3045095045450178
0.2692785814772078	0.24768715680695225
0.26651674987231333	0.2986815714436777
0.2830877395016799	0.2972245881683427
0.32589612937754375	0.3088804543710228
0.2844686553041272	0.28556872196566263
0.31208697135307156	0.31033743764635785
0.32589612937754375	0.3045095045450178
0.2872304869090216	0.2899396717916677
0.27342132888454945	0.2753698390383175
0.2803259078967856	0.28556872196566263
0.3051823923408355	0.26080000628496736
0.27480224468699666	0.2811977721396576
0.2720404130821022	0.32490727039970796
0.2844686553041272	0.2913966550670027
0.27480224468699666	0.2753698390383175
0.2651358340698661	0.2651709561109724
0.26237400246497167	0.2797407888643226
0.28861140271146885	0.2826547554149926
0.26099308666252446	0.3045095045450178
0.26789766567476053	0.2753698390383175
