condition1	condition1
0.14390477266621035	0.1543155488688979
0.13977847094101437	0.14018408834976806
0.12739956576542638	0.12944417835522937
0.12739956576542638	0.12887891993446418
0.12275747632458088	0.12435685256834263
0.14287319723491135	0.14074934677053322
0.14132583408796287	0.13453150414211612
0.13101007977497287	0.13340098730058572
0.14081004637231337	0.14527141413665481
0.12791535348107588	0.13961882992900287
0.14184162180361237	0.13566202098364652
0.14390477266621035	0.14640193097818519
0.13152586749062237	0.14131460519129843
0.13977847094101437	0.14187986361206362
0.15318895154790135	0.14187986361206362
0.16144155499829332	0.14074934677053322
0.15783104098874684	0.1610986499180802
0.15937840413569535	0.16675123412573215
0.15679946555744784	0.15657658255195867
0.14648371124445783	0.14922822308201117
0.14957843753835484	0.14696718939895037
0.15525210241049936	0.14527141413665481
0.14957843753835484	0.1514892567650719
0.15061001296965384	0.1548808072896631
0.17227309702693283	0.16166390833884542
0.14545213581315886	0.14527141413665481
0.14442056038185985	0.15601132413119345
0.14751528667575683	0.15714184097272385
0.14442056038185985	0.14809770624048077
0.14442056038185985	0.1639249420219062
0.1645362812921903	0.16731649254649736
0.14957843753835484	0.15770709939348906
0.15679946555744784	0.1531850320273675
0.14493634809750935	0.14583667255741997
0.15164158840095285	0.15601132413119345
0.15989419185134485	0.17014278465032334
0.16556785672348934	0.15827235781425425
0.17227309702693283	0.17127330149185369
0.14803107439140634	0.15601132413119345
0.15318895154790135	0.14414089729512441
0.16195734271394283	0.1548808072896631
0.17278888474258233	0.1610986499180802
0.14751528667575683	0.14696718939895037
0.15834682870439634	0.14753244781971556
0.16866258301738635	0.18370898674868796
0.16195734271394283	0.15827235781425425
0.16556785672348934	0.17240381833338408
0.1892940916433663	0.1650554588634366
0.15473631469484986	0.15657658255195867
0.16608364443913884	0.17523011043721007
0.16917837073303582	0.1707080430710885
0.17020994616433482	0.17918691938256642
0.18052570047732483	0.1554460657104283
0.17227309702693283	0.1740995935956797
0.17124152159563383	0.16788175096726254
0.1650520690078398	0.18201321148639238
0.1789783373303763	0.18370898674868796
0.1903256670746653	0.18653527885251392
0.18619936534946932	0.17918691938256642
0.17639939875212882	0.1707080430710885
0.18104148819297433	0.18936157095633993
0.19599933194680982	0.19557941358475703
0.1836204267712218	0.17692588569950565
0.1887783039277168	0.18483950359021836
0.18516778991817032	0.18088269464486198
0.18671515306511882	0.20179725621317415
0.18671515306511882	0.18427424516945318
0.1913572425059643	0.1989709641093482
0.1975466950937583	0.19557941358475703
0.1970309073781088	0.18314372832792278
0.1887783039277168	0.17466485201644488
0.1872309407807683	0.19784044726781783
0.19238881793726328	0.18879631253557472
0.1877467284964178	0.18992682937710512
0.20528351082850077	0.19444889674322666
0.20992560026934629	0.18936157095633993
0.2135361142788928	0.19049208779787027
0.1913572425059643	0.21140664936618245
0.19599933194680982	0.17127330149185369
0.1877467284964178	0.1921878630601659
0.1975466950937583	0.198405705688583
0.20683087397544928	0.20518880673776532
0.21559926514149078	0.2080150988415913
0.1872309407807683	0.19557941358475703
0.18155727590862383	0.20236251463393937
0.20579929854415027	0.1814479530656272
0.20631508625979977	0.19162260463940067
0.21611505285714028	0.2170592335738344
0.1934203933685623	0.18936157095633993
0.18671515306511882	0.1610986499180802
0.14906264982270534	0.15205451518583712
0.12997850434367386	0.13000943677599455
0.10883120800204439	0.11531271783609952
0.1057364817081474	0.11305168415303875
0.16659943215478834	0.15827235781425425
0.1872309407807683	0.17918691938256642
0.14906264982270534	0.13905357150823766
0.17227309702693283	0.17523011043721007
0.14442056038185985	0.14583667255741997
0.10367333084554939	0.10061599889620448
0.08819969937606441	0.09496341468855256
0.10986278343334338	0.09439815626778736
0.16040997956699432	0.15092399834430673
0.18671515306511882	0.1921878630601659
0.14545213581315886	0.14244512203282883
0.17639939875212882	0.15657658255195867
0.16144155499829332	0.16731649254649736
0.10831542028639489	0.10061599889620448
0.12069432546198287	0.11531271783609952
0.13977847094101437	0.11644323467762992
0.15215737611660235	0.14922822308201117
0.1872309407807683	0.17466485201644488
0.1929046056529128	0.20462354831700016
0.22127293001363527	0.2080150988415913
0.20683087397544928	0.2085803572623565
0.17743097418342782	0.18540476201098355
0.1841362144868713	0.19388363832246147
0.19599933194680982	0.18427424516945318
0.20528351082850077	0.1921878630601659
0.1985782705250573	0.2080150988415913
0.20115720910330478	0.1961446720055222
0.1908414547903148	0.2097108741038869
0.1939361810842118	0.18201321148639238
0.2125045388475938	0.19275312148093107
0.20579929854415027	0.2085803572623565
0.2114729634162948	0.2097108741038869
0.19445196879986132	0.18314372832792278
0.18516778991817032	0.18710053727327913
0.2001256336720058	0.20631932357929572
0.2027045722502533	0.1972751888470526
0.1831046390555723	0.18823105411480953
0.16969415844868532	0.16618597570496696
0.19187303022161378	0.1825784699071576
0.1980624828094078	0.18823105411480953
0.2021887845346038	0.20123199779240897
0.16608364443913884	0.17692588569950565
0.1908414547903148	0.18653527885251392
0.17330467245823183	0.17692588569950565
0.17743097418342782	0.1814479530656272
0.15989419185134485	0.16788175096726254
0.1784625496147268	0.1718385599126189
0.1738204601738813	0.18540476201098355
0.1934203933685623	0.1910573462186355
0.1882625162120673	0.19275312148093107
0.17072573387998433	0.17353433517491448
0.16608364443913884	0.16788175096726254
0.18516778991817032	0.18597002043174873
0.16969415844868532	0.18710053727327913
0.16608364443913884	0.16788175096726254
0.16092576728264382	0.16788175096726254
0.15267316383225185	0.16053339149731502
0.15886261642004584	0.17240381833338408
0.18104148819297433	0.17579536885797525
0.17072573387998433	0.1650554588634366
0.16298891814524183	0.1622291667596106
0.16763100758608734	0.1707080430710885
0.1882625162120673	0.16844700938802773
0.1645362812921903	0.17014278465032334
0.17175730931128333	0.17749114412027084
0.15989419185134485	0.16562071728420175
0.1650520690078398	0.163359683601141
0.17124152159563383	0.17127330149185369
0.15473631469484986	0.15601132413119345
0.15112580068530335	0.16053339149731502
0.16092576728264382	0.14922822308201117
0.15318895154790135	0.15883761623501946
0.16040997956699432	0.1650554588634366
0.14803107439140634	0.1639249420219062
0.15886261642004584	0.15996813307654983
0.15318895154790135	0.1622291667596106
0.15370473926355085	0.14527141413665481
0.15473631469484986	0.1650554588634366
0.14493634809750935	0.14583667255741997
0.15061001296965384	0.15940287465578465
0.15783104098874684	0.16788175096726254
0.13719953236276689	0.1548808072896631
0.15422052697920036	0.14696718939895037
0.14648371124445783	0.16788175096726254
0.14184162180361237	0.1537502904481327
0.16350470586089133	0.14696718939895037
0.15679946555744784	0.14187986361206362
0.14699949896010733	0.15035873992354154
0.13874689550971536	0.1435756388743592
0.14390477266621035	0.1447061557158896
0.14906264982270534	0.14922822308201117
0.14751528667575683	0.15601132413119345
0.14081004637231337	0.1622291667596106
0.14648371124445783	0.13113995361752495
0.14493634809750935	0.15092399834430673
0.13204165520627187	0.13792305466670726
0.13049429205932336	0.1367925378251769
0.13977847094101437	0.14527141413665481
0.14132583408796287	0.1266178862514034
0.13771532007841636	0.13792305466670726
0.13977847094101437	0.15827235781425425
0.12688377804977688	0.13170521203829014
0.13358901835322035	0.15205451518583712
0.13719953236276689	0.13566202098364652
0.13565216921581835	0.14131460519129843
0.13204165520627187	0.13566202098364652
