condition1	condition1
0.28107978238600284	0.2825073232610251
0.2900717965007225	0.2821919075670232
0.2807624171819539	0.28345357034303076
0.28742708646698145	0.2875539743650553
0.289331277691275	0.29291604116308745
0.3065747871112669	0.3023785119831441
0.30562269149912014	0.2994346321724598
0.2986406570100436	0.2963856137971082
0.3012853670437847	0.2964907523617755
0.31514364762058805	0.3137334769672121
0.3081616131315116	0.31057932002719324
0.3076326711247633	0.30427100614715547
0.30414165388022507	0.30395559045315357
0.31249893758684694	0.31057932002719324
0.30943107394770725	0.31089473572119514
0.2994869642208408	0.31814929668323855
0.3081616131315116	0.3274014903739606
0.3160957432327348	0.31026390433319134
0.3142973404097909	0.31520541687255427
0.3232893545245105	0.3244576105632763
0.3242414501366574	0.32771690606796255
0.33492607867297136	0.3372845154526865
0.33534923227836994	0.3231959477872688
0.32942508180278984	0.32277539352859963
0.3358781742851181	0.33917700961669783
0.33577238588376845	0.32498330338661285
0.34032128714180315	0.33087106300798147
0.33196400343518134	0.3315018943959852
0.3361955394891671	0.3418054737333802
0.33556080908106917	0.34411852215606076
0.3406386523458521	0.3394924253106997
0.3406386523458521	0.34064894952204
0.34656280282143215	0.3442236607207281
0.3413791711552996	0.3506371131654331
0.3448701883998378	0.34285685938005317
0.3476206868349286	0.3451699078027337
0.3438123043863414	0.34769323335474883
0.3601037181941865	0.35358099297611745
0.35714164295639644	0.35852250551548037
0.3481496288416768	0.34611615488473935
0.35735321975909573	0.3512679445534369
0.3507943388754179	0.3469572634020778
0.36296000503062686	0.3614663853261646
0.36020950659553613	0.36346401805484324
0.36994203951970334	0.3706134404522194
0.3704709815264516	0.3730316274395672
0.36105581380633334	0.3689312234175427
0.365287349860319	0.36157152389083197
0.38009772604926917	0.3714545489695578
0.3791456304371223	0.37513439873291315
0.3766067088047309	0.3779731399789302
0.3651815614589694	0.373662458827571
0.36719154108461266	0.362307493843503
0.3798861492465699	0.37755258572026096
0.36772048309136085	0.3667233135595294
0.3768182856074302	0.3767114772029226
0.3765009204033813	0.38596367089364464
0.3803093028519684	0.3822838211302893
0.38274243608301023	0.38291465251829304
0.3970238702652121	0.3922719847736824
0.3795687840425209	0.38365062247096415
0.38908974016398884	0.3996316843003932
0.3913112965923313	0.3844917309883025
0.4010438295164986	0.3893281049629982
0.3992454266935546	0.3913257376916768
0.3897244705720867	0.3919565690796805
0.39226339220447815	0.3940593403730265
0.39691808186386246	0.4028909798050794
0.39564862104766674	0.3902743520450038
0.3970238702652121	0.38943324352766545
0.400303310707051	0.40499375109842534
0.39691808186386246	0.39216684620901515
0.4089779596177218	0.4057297210510964
0.4178641853310919	0.4068862452624366
0.41733524332434363	0.4318040850885858
0.4410318452266638	0.4330657478645934
0.43997396121316734	0.42959617523057264
0.44748493770899206	0.4422128029906482
0.4391276540023702	0.43632504336927963
0.42844302546605617	0.4393740617446312
0.441560787233412	0.4353787962872739
0.4290777558741541	0.4248649398205443
0.39374442982337315	0.39815974439505103
0.3693073091116055	0.3654616507835219
0.31905781847052483	0.322565116399265
0.29536121656820463	0.28397926316636724
0.2784350723522617	0.2794583048856735
0.29916959901679185	0.2974369994437812
0.3179999344570284	0.3223548392699304
0.31249893758684694	0.3074251630871743
0.2660578293943534	0.26915472554827846
0.36370052384007434	0.3728213503102326
0.4273851414525598	0.42854478958389963
0.48726137661645796	0.4818500418702189
0.3722693843493955	0.3702980247582175
0.2621436585444166	0.261164194633564
0.3082674015328612	0.30721488595783975
0.3802035144506188	0.3777628628495956
0.4132094956717075	0.4043629197104215
0.2755787855158213	0.2709420811476225
0.17169457539047142	0.1666446249976646
0.2592873717079763	0.2638977973149137
0.40167855992459645	0.3996316843003932
0.3870797605383456	0.37786800141426286
0.3269919485717481	0.3305556473139795
0.2784350723522617	0.27630414794565467
0.3694130975129551	0.36073041537349354
0.4590158734561032	0.46860258272213956
0.4307703702957484	0.42959617523057264
0.3805208796546677	0.3745035673449094
0.2707125190537377	0.27409623808764144
0.31524943602193767	0.3013271263364712
0.3217025285042659	0.3118409828032008
0.30646899870991723	0.3054275303584957
0.2870039328615829	0.2744116537816433
0.29303387173851253	0.29112868556374344
0.32223147051101414	0.32277539352859963
0.36348894703737505	0.3667233135595294
0.39173445019772996	0.39763405157171455
0.4207204721675322	0.42665229541988836
0.4490717637292367	0.44389502002532494
0.4425128828455588	0.43432741064060093
0.45065858974948136	0.4383226760979582
0.4307703702957484	0.42349813847986945
0.43299192672409087	0.43106811513591475
0.4376466163834752	0.42833451245456505
0.4408202684239645	0.42381355417387134
0.41680630131759544	0.4305424223125783
0.41363264927710613	0.4169795474704971
0.4094011132231204	0.4142459447891474
0.4084490176109736	0.39921113004172404
0.39406179502742206	0.4007882085117334
0.39522546744226816	0.39700322018371076
0.3891955285653385	0.40152417846440447
0.39755281227196027	0.39269253903235163
0.38908974016398884	0.3901692134803365
0.38803185615049235	0.383230068212295
0.3902534125788349	0.39490044889036485
0.3934270646193242	0.3893281049629982
0.380732456457367	0.38680477941098307
0.38253085928031094	0.38733047223431954
0.38274243608301023	0.38144271261295093
0.3817903404708634	0.38396603816496605
0.3754430363898848	0.37050830188755207
0.36951888591430476	0.3700877476288829
0.3625368514252283	0.3643051265721816
0.3757604015939337	0.3677746992062024
0.37121150033589906	0.3745035673449094
0.36306579343197654	0.35578890283413067
0.3588342573779908	0.3582070898214784
0.3621136978198297	0.3591533369034841
0.35798795016719365	0.3664078978655276
0.36486419625492045	0.3517936373767734
0.36422946584682264	0.3599944454208225
0.34846699404572573	0.353791270105452
0.3561895473442497	0.35831222838614574
0.3503711852700193	0.3517936373767734
0.34032128714180315	0.34958572751876016
0.3606326602009347	0.35221419163544254
0.35238116489566257	0.35137308311810417
0.351958011290264	0.35305530015278097
0.35989214139148723	0.3490600346954236
0.3411675943526003	0.34306713650938775
0.3447643999984882	0.339597563875367
0.33365661785677564	0.3426465822507186
0.3522753764943129	0.3346560513360041
0.33989813353640463	0.33675882262935
0.3374650003053628	0.3365485455000154
0.34286020877419465	0.3414900580393783
0.3421196899647471	0.3370742383233519
0.3423312667674464	0.3372845154526865
0.3312234846257338	0.3337098042539984
0.330588754217636	0.332132725783989
0.33672448149591533	0.31888526663590966
0.32889613979604165	0.33097620157264873
0.31260472598819655	0.3284528760206336
0.3217025285042659	0.31531055543722153
0.32593406455825163	0.31751846529523475
0.32392408493260844	0.31751846529523475
0.3061516335058683	0.29848838509045417
0.30795003632881224	0.3052172532291611
0.30795003632881224	0.31310264557920836
0.321385163300217	0.3111050128505297
0.3137683984030426	0.3032196205004825
0.2964191005817011	0.3084765487338473
0.29567858177225365	0.30143226490113845
0.29938117581949114	0.29838324652578685
0.2927165065344636	0.29628047523244094
0.29504385136415573	0.2991192164784579
0.2895428544939743	0.2965958909264428
0.2925049297317643	0.28986702278773585
0.2907065269088204	0.2875539743650553
0.283407127215695	0.28776425149438994
0.2873212980656318	0.28482037168370566
0.280445051977905	0.27872233493300247
0.2791755911617092	0.2808251062263484
0.2904949501061211	0.2875539743650553
0.2933512369425615	0.28208676900235596
0.2788582259576603	0.2727294367469666
0.26976042344159096	0.27104721971228984
