WT	KO
0.5692956271975095	0.5650640677872356
0.5684970827759583	0.5628164543417177
0.5744196205691293	0.5757402316534458
0.5738207122529659	0.5675223949932708
0.5742865298322042	0.5763723729349977
0.5867305137347096	0.5892961502467255
0.6001061327956914	0.5859247300784487
0.600172678164154	0.5952663734613824
0.5957806838456227	0.5857842542381039
0.6027014021657328	0.5878211539231045
0.5947159579502211	0.5944235184193133
0.6028344929026578	0.5982163661086247
0.6020359484811066	0.6036949238820747
0.601836312375719	0.6074877715713861
0.601503585533406	0.6082603886932829
0.6112192093289449	0.6135282327062155
0.6170086563851909	0.6302448577072549
0.6267242801807298	0.6238532069715633
0.6235966478629879	0.620903214324321
0.6231973756522122	0.6209734522444935
0.6236631932314505	0.628629385543289
0.642029714927127	0.6390948356489817
0.6410980797686506	0.6396567390103611
0.6500151591426385	0.6468912447881219
0.6381035381878338	0.6499114753555366
0.6432275315594537	0.6390948356489817
0.6498820684057133	0.6490686203134673
0.6559376969358096	0.660657877141919
0.6554053339881087	0.6531424196834685
0.6588656931481638	0.653704323044848
0.6549395164088706	0.6564436019315729
0.6578675126212248	0.6528614680027788
0.6603962366228036	0.6663471486758863
0.6732394927360845	0.6644507248312305
0.6745704001053364	0.6778661675841654
0.6745038547368738	0.6754780782983028
0.6730398566306968	0.6658554832346792
0.6634573235720829	0.6697185688441631
0.674969672316112	0.6680328587600247
0.6824892989523854	0.6854518629627884
0.6816907545308342	0.6784983088657174
0.6816907545308342	0.6710530893274393
0.6885449274824816	0.684889959601409
0.6954656458025916	0.6947935063457222
0.6928703764325503	0.6911411344967556
0.7016543650696131	0.7005530157998618
0.7022532733857765	0.7045565772496907
0.7102387176012879	0.6961982647491709
0.7063790862304574	0.7056803839724496
0.7287383300338897	0.7149517894352109
0.7214848848714667	0.7147410756746937
0.7275405134015629	0.7134767931115898
0.7238139727676576	0.7106672763046924
0.7207528858183782	0.7268922358645248
0.7385204991978913	0.7269624737846972
0.7367903196178638	0.7360231654869412
0.7341950502478225	0.7422041024621155
0.7429124935164226	0.7436088608655642
0.7508313923634715	0.743889812546254
0.7427128574110349	0.7317386523564228
0.7455743082549265	0.7345481691633201
0.74796994151958	0.7410100578191842
0.763275376265977	0.7573052552991889
0.7590164726843709	0.7684730846066061
0.7748542703784688	0.7725468839766072
0.7693310047960733	0.7777444900693674
0.7732571815353665	0.7613790546691902
0.7821077155408918	0.7684028466864337
0.7771168129061969	0.7761290179054013
0.7914906124941178	0.7834337616033346
0.797878967866527	0.7839956649647141
0.7996091474465545	0.7849087579269557
0.8102564064005698	0.8000801486842015
0.8116538591382845	0.8069634648611002
0.8282902012539335	0.8183420079290346
0.842863636947242	0.8322491161231766
0.8399356407348877	0.8318979265223144
0.8521799885320055	0.8238205657024844
0.8594334336944284	0.848965741124216
0.8541763495858833	0.8405371907035238
0.8435290906318679	0.829720550996969
0.8270923846216067	0.82051938345438
0.8085262268205423	0.7960765872343728
0.7461732165710898	0.7376386376509073
0.673172947367622	0.6533531334439859
0.6196704711236947	0.6112103813405251
0.575151619622218	0.5742652353298245
0.6104206649073938	0.5947747080201754
0.6415638973478888	0.6341781812369113
0.6768329426330647	0.6652233419531274
0.6134152064882107	0.594704470100003
0.584201789733131	0.5744759490903419
0.6574682404104493	0.6398674527708784
0.8236985708300143	0.798534914440408
0.8460578146334465	0.8187634354500691
0.8185745774583943	0.7974111077176491
0.6554053339881087	0.6304555714677722
0.5840686989962058	0.566749777871374
0.6478857073518354	0.6482960031915705
0.6770325787384526	0.6762506954201994
0.6349759058700918	0.6225889244084595
0.6206686516506337	0.6147925152693193
0.6597307829381774	0.6504733787169161
0.6269904616545803	0.6079091990924207
0.5892592377362883	0.5770045142165496
0.6708438594714311	0.6588316912174358
0.8159127627198905	0.7956551597133382
0.8382720065233229	0.8131444018362743
0.8150476729298768	0.7941099254695447
0.6653871392574982	0.6522995646413993
0.6035664919557465	0.5902794811291396
0.6119512083820337	0.5909116224106916
0.6913398329579107	0.6587614532972633
0.6402329899786369	0.6259603445767364
0.6042319456403724	0.5988485073901767
0.5850003341546821	0.5645724023460286
0.6255930089168658	0.5975139869069005
0.6709769502083562	0.6497709995151917
0.7299361466662164	0.7226077227340063
0.800341146499643	0.7802730551955751
0.8408007305249015	0.8187634354500691
0.8447269072641946	0.8137765431178263
0.8587679800098024	0.8476312206409398
0.8616959762221567	0.8453133692752495
0.8503832635835152	0.8413800457455931
0.8514479894789168	0.8436978971112833
0.8516476255843046	0.8234693761016223
0.8471225405288481	0.8266300825093817
0.8271589299900693	0.8144086843993782
0.8278243836746952	0.8030301413314438
0.8088589536628554	0.7874373230531633
0.7984113308142278	0.775426638703677
0.7945516994433972	0.7723361702160899
0.7796455369077757	0.7700183188503996
0.7845698941740078	0.7741623561405733
0.7763848138531084	0.7606064375472933
0.7599481078428473	0.7610981029885003
0.7671350076368075	0.764750474837467
0.7587502912105205	0.7493683703197038
0.7582179282628198	0.7416421991007361
0.7608131976328609	0.7584290620219479
0.7486353952042059	0.7437493367059091
0.7470383063611036	0.7403076786174598
0.7360583205647753	0.738902920214011
0.7238805181361201	0.7227481985743512
0.7206197950814529	0.7282267563478011
0.7165605276052346	0.710105372943313
0.7263426967692362	0.7242231948979723
0.7196881599229766	0.7120017967879687
0.7056470871773688	0.7076470457372778
0.7031183631757901	0.7061720494136566
0.6934027393802512	0.6962685026693434
0.7089743556004987	0.7092625179012437
0.6864154756916785	0.6914220861774454
0.7021867280173139	0.6947232684255498
0.6992587318049596	0.6967601681105503
0.6834874794793244	0.6975327852324472
0.6638565957828585	0.6689459517222663
0.6661191383105867	0.660657877141919
0.6664518651528998	0.6707721376467496
0.6857500220070526	0.684889959601409
0.6732394927360845	0.6720364202098534
0.658666057042776	0.6755483162184752
0.6606624180966538	0.6571459811332974
0.6631911420982326	0.6584805016165737
0.6728402205253089	0.6626947768269197
0.6688474984175532	0.6683138104407144
0.6635238689405455	0.6683840483608868
0.6566696959888981	0.6578483603350217
0.6484846156679989	0.6487876686327777
0.6427617139802155	0.645626962225018
0.6442257120863926	0.6505436166370885
0.6496824323003255	0.644643631342604
0.646155527771808	0.6503329028765712
0.6387024465039971	0.6404995940524303
0.6361071771339559	0.6403591182120855
0.6301180939723223	0.6281377201020819
0.63544172344933	0.6130365672650084
0.6259257357591786	0.6194282180007
0.6319148189208124	0.6198496455217346
0.6127497528035848	0.609735385016904
0.6128162981720473	0.6138794223070777
0.6064944881681007	0.5968116077051762
0.6064279427996381	0.5934401875368993
0.5882610572093493	0.5866973472003455
0.6005719503749296	0.5961794664236242
0.6083577584850534	0.6065746786091445
0.5958472292140853	0.599059221150694
0.5853330609969951	0.5734223802877554
0.5816065203630898	0.5769342762963772
0.5913886895270913	0.5873997264020698
0.5764159816230072	0.5866271092801731
0.5806748852046134	0.5741949974096521
0.5723567141467889	0.5656259711486151
0.5636392708781888	0.5560736140051641
0.5655025411951414	0.566890253711719
0.5660349041428423	0.5564950415261987
0.5631734532989506	0.5570569448875781
0.5503301971856696	0.550735532072059
0.553391284134949	0.5485581565467135
