WT	KO
0.7733153065746442	0.5032590669516714
0.5913587638511986	0.5718853033541721
0.8188044422555057	0.5718853033541721
0.27293481408516856	0.4575082426833376
0.6368478995320599	0.5032590669516714
0.4094022211277529	0.5718853033541721
0.6368478995320599	0.6633869518908395
1.0007609849789514	0.5490098912200052
0.6823370352129214	0.6862623640250065
0.6368478995320599	0.5490098912200052
0.45489135680861426	0.5718853033541721
0.5913587638511986	0.5490098912200052
0.5913587638511986	0.6176361276225059
0.5913587638511986	0.4346328305491708
0.7733153065746442	0.6862623640250065
0.7733153065746442	0.6862623640250065
0.7278261708937828	0.6633869518908395
0.5003804924894757	0.6633869518908395
0.5913587638511986	0.7320131882933403
0.6823370352129214	0.594760715488339
0.5458696281703371	0.34313118201250326
0.5003804924894757	0.5490098912200052
0.5913587638511986	0.6862623640250065
0.9097827136172285	0.594760715488339
0.9097827136172285	0.8463902489641747
0.6368478995320599	0.594760715488339
0.6823370352129214	0.6176361276225059
0.7278261708937828	0.8006394246958409
0.7733153065746442	0.8921410732325085
0.5458696281703371	0.5261344790858383
0.8188044422555057	0.594760715488339
0.9097827136172285	0.6633869518908395
0.6368478995320599	0.6633869518908395
0.8188044422555057	0.5261344790858383
0.5003804924894757	0.4803836548175045
0.3639130854468914	0.4803836548175045
0.7278261708937828	0.8921410732325085
0.8188044422555057	0.754888600427507
0.6823370352129214	0.5718853033541721
0.7278261708937828	0.7091377761591734
0.7733153065746442	0.4117574184150039
0.5458696281703371	0.5490098912200052
0.5003804924894757	0.5261344790858383
0.5003804924894757	0.5490098912200052
0.6823370352129214	0.5718853033541721
0.6368478995320599	0.6405115397566727
0.45489135680861426	0.5032590669516714
0.5003804924894757	0.8921410732325085
0.5458696281703371	0.5718853033541721
0.6368478995320599	0.6633869518908395
0.9552718492980898	0.8921410732325085
0.6823370352129214	0.4803836548175045
0.7278261708937828	0.5490098912200052
0.6368478995320599	0.5261344790858383
0.7278261708937828	0.594760715488339
0.6368478995320599	0.754888600427507
0.5003804924894757	0.4803836548175045
0.6368478995320599	0.754888600427507
0.7733153065746442	0.9150164853666752
0.6823370352129214	0.7320131882933403
0.3639130854468914	0.6176361276225059
0.7278261708937828	0.7320131882933403
0.7278261708937828	0.5718853033541721
0.8642935779363671	0.9378918975008421
0.6368478995320599	0.6633869518908395
0.4094022211277529	0.8006394246958409
0.6823370352129214	0.6862623640250065
0.6823370352129214	0.6176361276225059
0.6823370352129214	0.754888600427507
0.9552718492980898	0.6862623640250065
0.7278261708937828	0.9150164853666752
0.9552718492980898	0.6862623640250065
0.7278261708937828	0.7320131882933403
0.7733153065746442	0.6176361276225059
1.0917392563406743	0.8463902489641747
0.7733153065746442	0.8921410732325085
1.0917392563406743	0.960767309635009
1.1827175277023971	0.8006394246958409
0.7733153065746442	0.7777640125616739
1.0917392563406743	0.9378918975008421
0.7733153065746442	0.7091377761591734
0.4094022211277529	0.7320131882933403
0.8642935779363671	0.6176361276225059
0.5913587638511986	0.6862623640250065
0.9552718492980898	0.7777640125616739
0.8188044422555057	0.7320131882933403
0.6368478995320599	0.9378918975008421
0.7278261708937828	0.7777640125616739
0.5913587638511986	0.6176361276225059
1.0007609849789514	0.8006394246958409
0.7278261708937828	0.6176361276225059
0.5913587638511986	0.5490098912200052
0.4094022211277529	0.6633869518908395
0.4094022211277529	0.4117574184150039
0.5913587638511986	0.4803836548175045
0.27293481408516856	0.32025576987833637
0.4094022211277529	0.5032590669516714
0.22744567840430713	0.4117574184150039
0.3639130854468914	0.5261344790858383
1.1372283920215356	0.6633869518908395
0.7733153065746442	0.5490098912200052
0.6368478995320599	0.7091377761591734
0.6823370352129214	0.754888600427507
0.13646740704258428	0.34313118201250326
0.27293481408516856	0.36600659414667014
0.27293481408516856	0.34313118201250326
0.3639130854468914	0.4117574184150039
0.6823370352129214	0.5490098912200052
0.6823370352129214	0.6633869518908395
0.4094022211277529	0.7320131882933403
0.8188044422555057	0.6862623640250065
0.7733153065746442	0.8006394246958409
0.6368478995320599	0.8463902489641747
1.1827175277023971	0.6862623640250065
0.7733153065746442	0.6633869518908395
0.6823370352129214	0.5718853033541721
0.8188044422555057	1.0751443703058434
0.6368478995320599	0.7320131882933403
0.7733153065746442	0.7320131882933403
0.5913587638511986	0.594760715488339
0.5458696281703371	0.8692656610983416
0.7733153065746442	0.6176361276225059
0.5913587638511986	0.4575082426833376
0.5458696281703371	0.4803836548175045
0.31842394976602995	0.5490098912200052
0.5458696281703371	0.5718853033541721
0.7278261708937828	0.7777640125616739
0.3639130854468914	0.5718853033541721
0.6368478995320599	0.36600659414667014
0.45489135680861426	0.4346328305491708
0.7733153065746442	0.594760715488339
0.8188044422555057	0.6405115397566727
0.7278261708937828	0.5490098912200052
0.5003804924894757	0.5032590669516714
0.4094022211277529	0.6176361276225059
0.4094022211277529	0.4803836548175045
0.6368478995320599	0.6176361276225059
0.5913587638511986	0.5032590669516714
1.0917392563406743	1.0293935460375097
0.8642935779363671	0.9378918975008421
0.6823370352129214	0.5718853033541721
0.22744567840430713	0.5490098912200052
0.31842394976602995	0.5261344790858383
0.5458696281703371	0.5490098912200052
0.5003804924894757	0.6405115397566727
0.5458696281703371	0.4346328305491708
0.5003804924894757	0.4346328305491708
0.5913587638511986	0.5032590669516714
0.8188044422555057	0.983642721769176
0.31842394976602995	0.5032590669516714
0.5458696281703371	0.7320131882933403
0.3639130854468914	0.754888600427507
1.0462501206598127	0.8006394246958409
1.0007609849789514	0.6633869518908395
0.5003804924894757	0.5490098912200052
0.5458696281703371	0.4117574184150039
0.5003804924894757	0.5032590669516714
0.6368478995320599	0.8692656610983416
0.45489135680861426	0.8235148368300078
0.3639130854468914	0.6405115397566727
0.45489135680861426	0.5261344790858383
0.22744567840430713	0.34313118201250326
0.5003804924894757	0.4803836548175045
0.8188044422555057	0.6405115397566727
0.5458696281703371	0.8235148368300078
0.27293481408516856	0.5718853033541721
0.31842394976602995	0.4575082426833376
0.5458696281703371	0.5261344790858383
0.6368478995320599	0.7091377761591734
0.8188044422555057	0.8692656610983416
0.9552718492980898	0.7777640125616739
0.3639130854468914	0.34313118201250326
0.6368478995320599	0.754888600427507
0.5913587638511986	0.8006394246958409
0.6368478995320599	0.8921410732325085
0.8188044422555057	0.8463902489641747
0.31842394976602995	0.2973803577441695
0.9097827136172285	0.7320131882933403
0.6368478995320599	0.594760715488339
0.6368478995320599	0.594760715488339
0.5458696281703371	0.7777640125616739
0.31842394976602995	0.4117574184150039
0.5003804924894757	0.5032590669516714
0.6823370352129214	0.6862623640250065
0.4094022211277529	0.6176361276225059
0.6368478995320599	0.6405115397566727
0.31842394976602995	0.5490098912200052
0.3639130854468914	0.4117574184150039
0.5003804924894757	0.5032590669516714
0.6368478995320599	0.5490098912200052
0.6368478995320599	0.6633869518908395
0.4094022211277529	0.6176361276225059
0.27293481408516856	0.5718853033541721
0.31842394976602995	0.6405115397566727
0.22744567840430713	0.5490098912200052
0.45489135680861426	0.6176361276225059
0.7733153065746442	0.6405115397566727
0.6368478995320599	0.5490098912200052
0.6823370352129214	0.5718853033541721
0.5913587638511986	0.4803836548175045
