condition1	condition1
0.12909749137728946	0.12119863897316761
0.12479424166471313	0.11572515205179876
0.12350326675094024	0.14387451336169574
0.1364130158886692	0.12549923583995745
0.1256548916072284	0.13605524633116883
0.12737619149225893	0.13058175940979996
0.12479424166471313	0.11767996880943049
0.1312491162335776	0.1301907960582736
0.13512204097489627	0.1301907960582736
0.1299581413198047	0.13801006308880054
0.13081879126232	0.14074680654948496
0.14588016525633707	0.13292753951895803
0.12221229183716735	0.1458293301193275
0.13210976617609288	0.1251082724884311
0.13770399080244208	0.13605524633116883
0.13727366583118447	0.13292753951895803
0.13942529068747261	0.1376190997372742
0.15491698965274733	0.14622029347085383
0.12221229183716735	0.13605524633116883
0.138994965716215	0.13253657616743167
0.14157691554376076	0.14465644006474845
0.1432982154287913	0.13214561281590534
0.15233503982520155	0.13566428297964245
0.1230729417796826	0.13253657616743167
0.1432982154287913	0.14270162330711672
0.1432982154287913	0.14113776990101132
0.14028594062998787	0.13722813638574785
0.14372854040004893	0.1493480002830646
0.13598269091741155	0.12979983270674725
0.1325400911473505	0.13879198979185325
0.13727366583118447	0.1434835500101694
0.13512204097489627	0.14387451336169574
0.14846211508388288	0.15286667044680172
0.15922023936532365	0.15560341390748617
0.14372854040004893	0.15052089033764365
0.1519047148539439	0.15443052385290712
0.13598269091741155	0.14113776990101132
0.14717114017011	0.14387451336169574
0.14415886537130654	0.1481751102284856
0.15620796456652025	0.15364859714985443
0.14846211508388288	0.1516937803922227
0.14415886537130654	0.1552124505559598
0.1622325141641271	0.15286667044680172
0.15061373994017105	0.15364859714985443
0.13856464074495733	0.14231065995559036
0.1570686145090355	0.15873112071969697
0.13297041611860813	0.1434835500101694
0.12780651646351657	0.14113776990101132
0.14588016525633707	0.15052089033764365
0.14372854040004893	0.1458293301193275
0.16352348907789996	0.15482148720443348
0.15018341496891338	0.15716726731359157
0.15061373994017105	0.15012992698611732
0.14803179011262524	0.1473931835254329
0.16481446399167285	0.1626407542349604
0.15922023936532365	0.1552124505559598
0.1527653647964592	0.15560341390748617
0.14157691554376076	0.1552124505559598
0.16137186422161182	0.14543836676780114
0.16051121427909656	0.15794919401664426
0.1678267387904763	0.16694135110175023
0.1639538140491576	0.1634226809380131
0.1729906384455679	0.1782792882960143
0.1721299885030526	0.1575582306651179
0.15922023936532365	0.16967809456243466
0.15018341496891338	0.16068593747732868
0.16309316410664235	0.1626407542349604
0.1519047148539439	0.16185882753190772
0.15233503982520155	0.1434835500101694
0.15448666468148972	0.1642046076410658
0.1747119383305984	0.17671543488990893
0.15965056433658129	0.1626407542349604
0.17858486307191707	0.17788832494448795
0.16481446399167285	0.16459557099259217
0.1570686145090355	0.16811424115632928
0.1764332382156289	0.17046002126548737
0.1583595894228084	0.1481751102284856
0.15534731462400497	0.1458293301193275
0.1476014651413676	0.1583401573681706
0.16352348907789996	0.1567763039620652
0.17944551301443235	0.15599437725901252
0.1622325141641271	0.16459557099259217
0.14286789045753367	0.16694135110175023
0.16997836364676444	0.16889616785938197
0.16868738873299155	0.16615942439869755
0.15405633971023205	0.1473931835254329
0.15878991439406603	0.159904010774276
0.14157691554376076	0.159904010774276
0.1622325141641271	0.16029497412580232
0.16309316410664235	0.17788832494448795
0.14975308999765577	0.14231065995559036
0.16352348907789996	0.1458293301193275
0.138994965716215	0.14191969660406403
0.12823684143477418	0.14309258665864305
0.11317546744075709	0.11220648188806163
0.08649531922278395	0.09344024101479696
0.1256548916072284	0.11846189551248319
0.1011263682455434	0.10243239809990295
0.1940765620371918	0.19665456581775262
0.2254902849389989	0.2240220004245969
0.2074166361461784	0.20525575955133227
0.2211870352264226	0.21112020982422747
0.19020363729587314	0.18257988516280413
0.09854441841799762	0.10047758134227122
0.1105935176132113	0.1219805656762203
0.10069604327428577	0.08835771744495446
0.12221229183716735	0.1286269426521682
0.14932276502639813	0.1450474034162748
0.15491698965274733	0.15873112071969697
0.16008088930783893	0.1575582306651179
0.15362601473897444	0.15482148720443348
0.15405633971023205	0.1708509846170137
0.15233503982520155	0.1634226809380131
0.16180218919286946	0.16303171758648677
0.16180218919286946	0.1583401573681706
0.16008088930783893	0.1493480002830646
0.1652447889629305	0.17476061813227717
0.15922023936532365	0.17046002126548737
0.16911771370424916	0.17046002126548737
0.16481446399167285	0.1673323144532766
0.1531956897677168	0.17397869142922448
0.16739641381921866	0.14973896363459094
0.1815971378707205	0.16811424115632928
0.15577763959526258	0.1626407542349604
0.16481446399167285	0.16655038775022388
0.15663828953777786	0.15560341390748617
0.16653576387670338	0.16772327780480295
0.17514226330185603	0.15951304742274963
0.17858486307191707	0.18218892181127777
0.17557258827311364	0.15716726731359157
0.1531956897677168	0.16811424115632928
0.16309316410664235	0.1591220840712233
0.17256031347431022	0.1516937803922227
0.1626628391353847	0.17280580137464543
0.16997836364676444	0.1731967647261718
0.17126933856053736	0.17124194796854006
0.16567511393418813	0.16146786418038137
0.1626628391353847	0.16967809456243466
0.15577763959526258	0.16615942439869755
0.15577763959526258	0.15560341390748617
0.16868738873299155	0.16459557099259217
0.1639538140491576	0.16303171758648677
0.1639538140491576	0.16850520450785564
0.1527653647964592	0.1642046076410658
0.15922023936532365	0.16928713121090833
0.1583595894228084	0.16772327780480295
0.15491698965274733	0.1591220840712233
0.1734209634168255	0.15286667044680172
0.15448666468148972	0.1583401573681706
0.16954803867550683	0.161076900828855
0.16008088930783893	0.1466112568223802
0.14458919034256418	0.1473931835254329
0.14458919034256418	0.15052089033764365
0.14114659057250314	0.13840102644032687
0.15577763959526258	0.1626407542349604
0.15534731462400497	0.170069057913961
0.1527653647964592	0.14543836676780114
0.1570686145090355	0.1532576337983281
0.1420072405150184	0.14074680654948496
0.16094153925035418	0.15208474374374903
0.14588016525633707	0.15208474374374903
0.14674081519885235	0.14191969660406403
0.13469171600363866	0.1493480002830646
0.14071626560124548	0.1434835500101694
0.14415886537130654	0.1481751102284856
0.14803179011262524	0.15208474374374903
0.16481446399167285	0.13840102644032687
0.1432982154287913	0.14113776990101132
0.1299581413198047	0.13566428297964245
0.13856464074495733	0.1286269426521682
0.13985561565873025	0.1481751102284856
0.14846211508388288	0.13292753951895803
0.14717114017011	0.13840102644032687
0.12866716640603182	0.14543836676780114
0.1463104902275947	0.13840102644032687
0.13813431577369972	0.1450474034162748
0.1531956897677168	0.13879198979185325
0.15620796456652025	0.14074680654948496
0.13210976617609288	0.1301907960582736
0.12350326675094024	0.13683717303422152
0.12651554154974365	0.13136368611285265
0.13856464074495733	0.13253657616743167
0.1368433408599268	0.13957391649490594
0.13512204097489627	0.13918295314337958
0.138994965716215	0.1481751102284856
0.1432982154287913	0.1376190997372742
0.14114659057250314	0.13253657616743167
0.138994965716215	0.14035584319795863
0.13727366583118447	0.14035584319795863
0.13469171600363866	0.13996487984643227
0.14157691554376076	0.13449139292506343
0.1269458665210013	0.13253657616743167
0.13210976617609288	0.13644620968269516
0.14071626560124548	0.13175464946437898
0.1269458665210013	0.13410042957353707
0.13426139103238102	0.1466112568223802
0.1312491162335776	0.13292753951895803
0.1368433408599268	0.13879198979185325
0.13512204097489627	0.12628116254301014
0.13770399080244208	0.14035584319795863
