WT	KO
0.10840507702990076	0.14413531568904508
0.28908020541306867	0.14413531568904508
0.3613502567663359	0.3363157366077719
0.10840507702990076	0.3363157366077719
0.28908020541306867	0.19218042091872678
0.21681015405980153	0.28827063137809017
0.21681015405980153	0.2402255261484085
0.3252152310897023	0.28827063137809017
0.3613502567663359	0.28827063137809017
0.21681015405980153	0.14413531568904508
0.14454010270653433	0.19218042091872678
0.18067512838316796	0.14413531568904508
0.46975533379623663	0.28827063137809017
0.5058903594728703	0.816766788904589
0.3613502567663359	0.38436084183745356
0.18067512838316796	0.09609021045936339
0.10840507702990076	0.09609021045936339
0.07227005135326717	0.3363157366077719
0.18067512838316796	0.4324059470671353
0.5420253851495038	0.28827063137809017
0.3252152310897023	0.6245863679858621
0.3974852824429695	0.480451052296817
0.25294517973643516	0.28827063137809017
0.3252152310897023	0.38436084183745356
0.14454010270653433	0.09609021045936339
0.25294517973643516	0.2402255261484085
0.21681015405980153	0.28827063137809017
0.3613502567663359	0.2402255261484085
0.21681015405980153	0.048045105229681695
0.3252152310897023	0.4324059470671353
0.3613502567663359	0.5284961575264987
0.28908020541306867	0.19218042091872678
0.10840507702990076	0.14413531568904508
0.25294517973643516	0.3363157366077719
0.3252152310897023	0.19218042091872678
0.3252152310897023	0.28827063137809017
0.28908020541306867	0.38436084183745356
0.25294517973643516	0.28827063137809017
0.3252152310897023	0.38436084183745356
0.3974852824429695	0.480451052296817
0.3252152310897023	0.28827063137809017
0.3613502567663359	0.38436084183745356
0.14454010270653433	0.4324059470671353
0.5781604108261373	0.3363157366077719
0.3974852824429695	0.6245863679858621
0.3252152310897023	0.480451052296817
0.3613502567663359	0.4324059470671353
0.5420253851495038	0.2402255261484085
0.3974852824429695	0.4324059470671353
0.25294517973643516	0.3363157366077719
0.43362030811960306	0.38436084183745356
0.43362030811960306	0.6245863679858621
0.5420253851495038	0.5284961575264987
0.3613502567663359	0.3363157366077719
0.5058903594728703	0.38436084183745356
0.6142954365027711	0.5284961575264987
0.5420253851495038	0.5765412627561803
0.14454010270653433	0.09609021045936339
0.25294517973643516	0.2402255261484085
0.3974852824429695	0.2402255261484085
0.43362030811960306	0.6245863679858621
0.5058903594728703	0.5765412627561803
0.3974852824429695	0.480451052296817
0.3613502567663359	0.3363157366077719
0.3613502567663359	0.28827063137809017
0.3613502567663359	0.28827063137809017
0.3252152310897023	0.19218042091872678
0.3252152310897023	0.480451052296817
0.3252152310897023	0.2402255261484085
0.25294517973643516	0.4324059470671353
0.3252152310897023	0.4324059470671353
0.5420253851495038	0.28827063137809017
0.3252152310897023	0.19218042091872678
0.3252152310897023	0.5284961575264987
0.6142954365027711	0.28827063137809017
0.6865654878560382	0.6726314732155438
0.25294517973643516	0.2402255261484085
0.3613502567663359	0.09609021045936339
0.28908020541306867	0.09609021045936339
0.18067512838316796	0.09609021045936339
0.5058903594728703	0.5284961575264987
0.3613502567663359	0.5765412627561803
0.6865654878560382	0.28827063137809017
0.25294517973643516	0.2402255261484085
0.28908020541306867	0.19218042091872678
0.3252152310897023	0.6726314732155438
0.28908020541306867	0.7206765784452255
0.46975533379623663	0.480451052296817
0.3974852824429695	0.2402255261484085
0.25294517973643516	0.2402255261484085
0.3613502567663359	0.19218042091872678
0.25294517973643516	0.19218042091872678
0.21681015405980153	0.14413531568904508
0.3252152310897023	0.480451052296817
0.10840507702990076	0.09609021045936339
0.3613502567663359	0.28827063137809017
0.21681015405980153	0.3363157366077719
0.43362030811960306	0.2402255261484085
0.6142954365027711	0.4324059470671353
0.5058903594728703	0.6245863679858621
0.6865654878560382	0.480451052296817
0.3252152310897023	0.480451052296817
0.25294517973643516	0.2402255261484085
0.28908020541306867	0.19218042091872678
0.14454010270653433	0.14413531568904508
0.14454010270653433	0.28827063137809017
0.28908020541306867	0.4324059470671353
0.5058903594728703	0.6245863679858621
0.5420253851495038	0.28827063137809017
0.21681015405980153	0.38436084183745356
0.3974852824429695	0.14413531568904508
0.3252152310897023	0.38436084183745356
0.5781604108261373	0.6726314732155438
0.5420253851495038	0.6245863679858621
0.5781604108261373	0.5284961575264987
0.8311055905625726	0.9128569993639523
0.6504304621794046	0.6245863679858621
0.5058903594728703	0.6245863679858621
0.6142954365027711	0.5765412627561803
0.3974852824429695	0.28827063137809017
0.3974852824429695	0.7687216836749071
0.3974852824429695	0.2402255261484085
0.18067512838316796	0.38436084183745356
0.3974852824429695	0.5284961575264987
0.3252152310897023	0.5284961575264987
0.5058903594728703	0.38436084183745356
0.3252152310897023	0.28827063137809017
0.6142954365027711	0.6245863679858621
0.5420253851495038	0.6726314732155438
0.5058903594728703	0.5765412627561803
0.25294517973643516	0.19218042091872678
0.25294517973643516	0.28827063137809017
0.46975533379623663	0.4324059470671353
0.46975533379623663	0.480451052296817
0.46975533379623663	0.4324059470671353
0.25294517973643516	0.4324059470671353
0.25294517973643516	0.480451052296817
0.3974852824429695	0.5284961575264987
0.3252152310897023	0.3363157366077719
0.3252152310897023	0.3363157366077719
0.3613502567663359	0.5284961575264987
0.3252152310897023	0.09609021045936339
0.5058903594728703	0.5765412627561803
0.3974852824429695	0.7687216836749071
0.43362030811960306	0.38436084183745356
0.3613502567663359	0.480451052296817
0.3974852824429695	0.3363157366077719
0.3613502567663359	0.5765412627561803
0.6142954365027711	0.6245863679858621
0.28908020541306867	0.14413531568904508
0.3613502567663359	0.38436084183745356
0.3613502567663359	0.5284961575264987
0.25294517973643516	0.4324059470671353
0.3252152310897023	0.3363157366077719
0.14454010270653433	0.2402255261484085
0.25294517973643516	0.09609021045936339
0.46975533379623663	0.5765412627561803
0.5420253851495038	0.38436084183745356
0.3613502567663359	0.4324059470671353
0.3974852824429695	0.480451052296817
0.3974852824429695	0.5765412627561803
0.5420253851495038	0.5765412627561803
0.3613502567663359	0.480451052296817
0.43362030811960306	0.38436084183745356
0.43362030811960306	0.14413531568904508
0.18067512838316796	0.480451052296817
0.3252152310897023	0.2402255261484085
0.5058903594728703	0.5284961575264987
0.3252152310897023	0.3363157366077719
0.43362030811960306	0.2402255261484085
0.3613502567663359	0.4324059470671353
0.18067512838316796	0.048045105229681695
0.21681015405980153	0.3363157366077719
0.5058903594728703	0.5284961575264987
0.5420253851495038	0.38436084183745356
0.25294517973643516	0.19218042091872678
0.21681015405980153	0.3363157366077719
0.3252152310897023	0.6245863679858621
0.43362030811960306	0.480451052296817
0.5058903594728703	0.28827063137809017
0.46975533379623663	0.6726314732155438
0.43362030811960306	0.480451052296817
0.3613502567663359	0.5765412627561803
0.5781604108261373	0.4324059470671353
0.3974852824429695	0.5284961575264987
0.3974852824429695	0.480451052296817
0.3613502567663359	0.28827063137809017
0.43362030811960306	0.38436084183745356
0.3974852824429695	0.480451052296817
0.46975533379623663	0.5284961575264987
0.28908020541306867	0.6726314732155438
0.6504304621794046	0.5284961575264987
0.3252152310897023	0.09609021045936339
0.3613502567663359	0.480451052296817
0.43362030811960306	0.6726314732155438
0.3252152310897023	0.09609021045936339
0.43362030811960306	0.38436084183745356
0.28908020541306867	0.4324059470671353
0.18067512838316796	0.28827063137809017
0.28908020541306867	0.19218042091872678
