WT	KO
0.33213470409161083	0.2208030368002393
0.2767789200763424	0.24533670755582143
0.2214231360610739	0.19626936604465714
0.20297120805598443	0.14720202453349285
0.20297120805598443	0.171735695289075
0.16606735204580542	0.12266835377791072
0.2767789200763424	0.4416060736004786
0.3505866320967003	0.3189377198225679
0.20297120805598443	0.09813468302232857
0.14761542404071593	0.14720202453349285
0.16606735204580542	0.171735695289075
0.25832699207125287	0.49067341511164286
0.40594241611196885	0.4416060736004786
0.2767789200763424	0.3680050613337322
0.4428462721221478	0.4416060736004786
0.2214231360610739	0.19626936604465714
0.33213470409161083	0.3189377198225679
0.2767789200763424	0.2944040490669857
0.40594241611196885	0.3189377198225679
0.20297120805598443	0.3925387320893143
0.4243943441170583	0.3680050613337322
0.2767789200763424	0.3189377198225679
0.33213470409161083	0.2698703783114036
0.29523084808143185	0.24533670755582143
0.2214231360610739	0.14720202453349285
0.16606735204580542	0.2208030368002393
0.18451928005089493	0.2208030368002393
0.3505866320967003	0.3925387320893143
0.3136827760865214	0.3189377198225679
0.4243943441170583	0.34347139057815
0.2767789200763424	0.2208030368002393
0.3874904881068793	0.2698703783114036
0.2767789200763424	0.3925387320893143
0.3136827760865214	0.24533670755582143
0.4612982001272373	0.3189377198225679
0.3505866320967003	0.2208030368002393
0.4243943441170583	0.3189377198225679
0.40594241611196885	0.3925387320893143
0.3505866320967003	0.2944040490669857
0.4243943441170583	0.4416060736004786
0.40594241611196885	0.3925387320893143
0.4243943441170583	0.4416060736004786
0.4428462721221478	0.34347139057815
0.4243943441170583	0.515207085867225
0.4797501281323268	0.49067341511164286
0.40594241611196885	0.5642744273783893
0.2767789200763424	0.2698703783114036
0.2398750640661634	0.14720202453349285
0.3136827760865214	0.24533670755582143
0.16606735204580542	0.171735695289075
0.2214231360610739	0.12266835377791072
0.3136827760865214	0.4416060736004786
0.25832699207125287	0.3189377198225679
0.33213470409161083	0.4416060736004786
0.3505866320967003	0.4661397443560607
0.33213470409161083	0.3680050613337322
0.4797501281323268	0.6133417688895536
0.40594241611196885	0.49067341511164286
0.29523084808143185	0.24533670755582143
0.36903856010178987	0.2944040490669857
0.36903856010178987	0.3189377198225679
0.36903856010178987	0.34347139057815
0.36903856010178987	0.2698703783114036
0.3874904881068793	0.19626936604465714
0.3136827760865214	0.3189377198225679
0.3505866320967003	0.4170724028448965
0.3505866320967003	0.4416060736004786
0.49820205613741636	0.6624091104007179
0.3505866320967003	0.5888080981339714
0.4243943441170583	0.2698703783114036
0.4612982001272373	0.4416060736004786
0.5535578401526848	0.3680050613337322
0.49820205613741636	0.5888080981339714
0.49820205613741636	0.34347139057815
0.3505866320967003	0.5397407566228072
0.2767789200763424	0.171735695289075
0.4428462721221478	0.5397407566228072
0.4428462721221478	0.4661397443560607
0.40594241611196885	0.34347139057815
0.40594241611196885	0.3189377198225679
0.4428462721221478	0.6133417688895536
0.40594241611196885	0.5397407566228072
0.7565290482086692	0.6869427811563
0.5535578401526848	0.6624091104007179
0.40594241611196885	0.5642744273783893
0.40594241611196885	0.4661397443560607
0.5166539841425057	0.4661397443560607
0.36903856010178987	0.4170724028448965
0.40594241611196885	0.3680050613337322
0.40594241611196885	0.3680050613337322
0.40594241611196885	0.3925387320893143
0.33213470409161083	0.2698703783114036
0.4612982001272373	0.5888080981339714
0.6273655521730428	0.6133417688895536
0.6827213361883112	0.7850774641786286
0.7011732641934006	0.6869427811563
0.4243943441170583	0.5888080981339714
0.6642694081832217	0.6378754396451358
0.4797501281323268	0.4170724028448965
0.33213470409161083	0.2944040490669857
0.2767789200763424	0.2944040490669857
0.49820205613741636	0.515207085867225
0.8672406162392061	0.7360101226674644
0.5720097681577743	0.5888080981339714
0.29523084808143185	0.2698703783114036
0.4243943441170583	0.4661397443560607
0.5720097681577743	0.6133417688895536
0.5535578401526848	0.4416060736004786
0.3136827760865214	0.2944040490669857
0.4243943441170583	0.3680050613337322
0.3874904881068793	0.3189377198225679
0.5166539841425057	0.7114764519118821
0.6273655521730428	0.7114764519118821
0.4612982001272373	0.4661397443560607
0.4243943441170583	0.3189377198225679
0.4612982001272373	0.49067341511164286
0.4797501281323268	0.4170724028448965
0.5351059121475953	0.49067341511164286
0.4243943441170583	0.2208030368002393
0.4612982001272373	0.4661397443560607
0.40594241611196885	0.6378754396451358
0.4797501281323268	0.4416060736004786
0.6273655521730428	0.515207085867225
0.33213470409161083	0.49067341511164286
0.3874904881068793	0.34347139057815
0.40594241611196885	0.3680050613337322
0.40594241611196885	0.34347139057815
0.3136827760865214	0.4661397443560607
0.3874904881068793	0.2698703783114036
0.4243943441170583	0.6378754396451358
0.4797501281323268	0.6378754396451358
0.3874904881068793	0.4170724028448965
0.49820205613741636	0.4416060736004786
0.3505866320967003	0.4170724028448965
0.3505866320967003	0.4416060736004786
0.5166539841425057	0.3925387320893143
0.2398750640661634	0.2208030368002393
0.2214231360610739	0.34347139057815
0.4243943441170583	0.5888080981339714
0.40594241611196885	0.49067341511164286
0.49820205613741636	0.515207085867225
0.4797501281323268	0.3680050613337322
0.36903856010178987	0.3680050613337322
0.40594241611196885	0.4416060736004786
0.4243943441170583	0.2698703783114036
0.5535578401526848	0.3925387320893143
0.3505866320967003	0.3189377198225679
0.3136827760865214	0.2944040490669857
0.49820205613741636	0.4416060736004786
0.3136827760865214	0.4661397443560607
0.3136827760865214	0.3925387320893143
0.3874904881068793	0.4170724028448965
0.29523084808143185	0.19626936604465714
0.2767789200763424	0.2698703783114036
0.3136827760865214	0.3925387320893143
0.4428462721221478	0.6133417688895536
0.4243943441170583	0.34347139057815
0.3874904881068793	0.3925387320893143
0.4428462721221478	0.3925387320893143
0.40594241611196885	0.3189377198225679
0.33213470409161083	0.2698703783114036
0.4428462721221478	0.24533670755582143
0.3136827760865214	0.34347139057815
0.5351059121475953	0.5397407566228072
0.33213470409161083	0.3680050613337322
0.36903856010178987	0.34347139057815
0.25832699207125287	0.24533670755582143
0.29523084808143185	0.19626936604465714
0.3136827760865214	0.3925387320893143
0.3136827760865214	0.3189377198225679
0.2767789200763424	0.2944040490669857
0.29523084808143185	0.171735695289075
0.3874904881068793	0.515207085867225
0.3505866320967003	0.34347139057815
0.25832699207125287	0.3925387320893143
0.2767789200763424	0.3925387320893143
0.36903856010178987	0.19626936604465714
0.33213470409161083	0.4170724028448965
0.36903856010178987	0.24533670755582143
0.29523084808143185	0.5397407566228072
0.5166539841425057	0.2698703783114036
0.4428462721221478	0.19626936604465714
0.4428462721221478	0.34347139057815
0.2214231360610739	0.2944040490669857
0.2398750640661634	0.3189377198225679
0.2398750640661634	0.19626936604465714
0.3505866320967003	0.2698703783114036
0.2767789200763424	0.3925387320893143
0.3136827760865214	0.2698703783114036
0.16606735204580542	0.34347139057815
0.36903856010178987	0.2944040490669857
0.4428462721221478	0.4416060736004786
0.3874904881068793	0.34347139057815
0.4612982001272373	0.4416060736004786
0.2767789200763424	0.2208030368002393
0.2398750640661634	0.24533670755582143
0.36903856010178987	0.3189377198225679
0.3874904881068793	0.3925387320893143
0.4797501281323268	0.4661397443560607
0.2767789200763424	0.2944040490669857
