WT	KO
0.0	0.405384218746769
0.5920309397883118	0.405384218746769
1.1840618795766236	1.0134605468669224
0.19734364659610396	0.405384218746769
0.0	0.405384218746769
0.0	0.0
0.3946872931922079	0.405384218746769
0.0	0.2026921093733845
0.5920309397883118	0.405384218746769
0.3946872931922079	0.405384218746769
0.19734364659610396	0.0
0.3946872931922079	0.2026921093733845
0.19734364659610396	0.2026921093733845
0.3946872931922079	0.0
0.3946872931922079	0.2026921093733845
0.19734364659610396	0.405384218746769
0.5920309397883118	0.405384218746769
0.19734364659610396	0.6080763281201534
0.3946872931922079	0.405384218746769
0.3946872931922079	0.810768437493538
0.5920309397883118	0.405384218746769
0.19734364659610396	0.6080763281201534
0.3946872931922079	0.810768437493538
0.19734364659610396	0.405384218746769
0.3946872931922079	0.2026921093733845
0.0	0.0
0.5920309397883118	0.405384218746769
0.7893745863844158	0.6080763281201534
0.7893745863844158	1.0134605468669224
0.7893745863844158	0.810768437493538
0.5920309397883118	0.6080763281201534
0.5920309397883118	0.810768437493538
0.9867182329805197	0.6080763281201534
0.3946872931922079	0.0
0.19734364659610396	1.2161526562403069
0.19734364659610396	0.6080763281201534
1.1840618795766236	1.0134605468669224
0.7893745863844158	0.6080763281201534
1.1840618795766236	0.405384218746769
0.9867182329805197	0.6080763281201534
0.0	0.6080763281201534
0.5920309397883118	0.2026921093733845
0.5920309397883118	0.810768437493538
0.7893745863844158	1.0134605468669224
0.5920309397883118	0.810768437493538
0.19734364659610396	0.810768437493538
0.7893745863844158	0.405384218746769
0.3946872931922079	0.810768437493538
0.7893745863844158	0.405384218746769
0.3946872931922079	0.405384218746769
0.0	0.0
0.3946872931922079	0.0
0.5920309397883118	0.0
0.19734364659610396	0.2026921093733845
0.5920309397883118	0.2026921093733845
1.1840618795766236	0.6080763281201534
0.7893745863844158	0.405384218746769
0.5920309397883118	1.0134605468669224
1.5787491727688316	1.0134605468669224
0.0	0.810768437493538
0.5920309397883118	0.0
0.5920309397883118	1.0134605468669224
0.0	0.2026921093733845
0.7893745863844158	0.405384218746769
0.5920309397883118	0.6080763281201534
0.19734364659610396	0.0
0.5920309397883118	0.6080763281201534
1.1840618795766236	0.810768437493538
0.9867182329805197	0.6080763281201534
1.3814055261727274	0.6080763281201534
1.5787491727688316	0.810768437493538
2.1707801125571433	1.621536874987076
2.5654674057493514	1.2161526562403069
0.9867182329805197	0.405384218746769
0.7893745863844158	0.405384218746769
0.5920309397883118	0.405384218746769
1.3814055261727274	0.0
1.1840618795766236	1.2161526562403069
1.5787491727688316	0.810768437493538
1.5787491727688316	1.4188447656136913
0.5920309397883118	0.6080763281201534
0.0	0.2026921093733845
1.5787491727688316	1.2161526562403069
0.7893745863844158	1.2161526562403069
1.3814055261727274	0.6080763281201534
1.3814055261727274	1.0134605468669224
0.7893745863844158	0.6080763281201534
0.5920309397883118	1.2161526562403069
1.1840618795766236	1.0134605468669224
0.7893745863844158	0.6080763281201534
0.3946872931922079	0.0
0.5920309397883118	0.405384218746769
0.0	0.6080763281201534
0.0	0.405384218746769
0.7893745863844158	1.4188447656136913
0.7893745863844158	1.2161526562403069
0.7893745863844158	1.0134605468669224
0.9867182329805197	0.6080763281201534
0.5920309397883118	1.2161526562403069
0.9867182329805197	0.6080763281201534
0.7893745863844158	0.6080763281201534
1.3814055261727274	2.2296132031072293
0.19734364659610396	0.810768437493538
0.3946872931922079	0.0
0.19734364659610396	0.6080763281201534
0.7893745863844158	0.810768437493538
0.7893745863844158	1.0134605468669224
1.1840618795766236	1.621536874987076
0.3946872931922079	0.810768437493538
0.5920309397883118	1.2161526562403069
1.3814055261727274	0.6080763281201534
0.19734364659610396	0.2026921093733845
0.5920309397883118	0.810768437493538
0.7893745863844158	1.2161526562403069
1.1840618795766236	1.2161526562403069
0.5920309397883118	1.8242289843604604
1.1840618795766236	0.405384218746769
0.3946872931922079	0.0
0.19734364659610396	0.810768437493538
1.3814055261727274	0.6080763281201534
1.5787491727688316	1.4188447656136913
0.5920309397883118	2.026921093733845
1.1840618795766236	1.4188447656136913
0.3946872931922079	0.6080763281201534
0.5920309397883118	1.0134605468669224
0.3946872931922079	0.810768437493538
0.7893745863844158	1.0134605468669224
0.9867182329805197	0.2026921093733845
0.7893745863844158	0.6080763281201534
1.3814055261727274	1.4188447656136913
0.5920309397883118	0.405384218746769
0.5920309397883118	1.0134605468669224
0.3946872931922079	0.2026921093733845
0.3946872931922079	0.2026921093733845
0.19734364659610396	0.6080763281201534
0.19734364659610396	0.810768437493538
0.5920309397883118	0.810768437493538
0.19734364659610396	0.2026921093733845
0.7893745863844158	0.6080763281201534
1.1840618795766236	1.0134605468669224
0.9867182329805197	0.405384218746769
0.3946872931922079	1.0134605468669224
0.19734364659610396	0.2026921093733845
0.3946872931922079	0.6080763281201534
0.9867182329805197	1.2161526562403069
0.7893745863844158	1.0134605468669224
1.1840618795766236	1.0134605468669224
0.3946872931922079	0.405384218746769
0.7893745863844158	0.810768437493538
0.0	0.0
0.3946872931922079	0.810768437493538
0.3946872931922079	0.2026921093733845
0.0	0.6080763281201534
0.19734364659610396	1.0134605468669224
0.7893745863844158	1.4188447656136913
0.5920309397883118	0.6080763281201534
0.9867182329805197	1.0134605468669224
0.19734364659610396	0.0
0.0	0.0
0.19734364659610396	0.405384218746769
0.0	0.0
1.1840618795766236	1.8242289843604604
0.3946872931922079	0.0
1.1840618795766236	0.6080763281201534
0.19734364659610396	0.2026921093733845
0.0	0.6080763281201534
0.7893745863844158	0.6080763281201534
1.5787491727688316	0.6080763281201534
0.9867182329805197	1.0134605468669224
0.7893745863844158	0.810768437493538
0.0	0.2026921093733845
1.5787491727688316	0.405384218746769
1.1840618795766236	1.0134605468669224
0.3946872931922079	0.6080763281201534
1.3814055261727274	1.2161526562403069
0.9867182329805197	0.810768437493538
0.5920309397883118	0.0
1.1840618795766236	0.6080763281201534
0.9867182329805197	0.6080763281201534
1.5787491727688316	1.2161526562403069
1.3814055261727274	1.4188447656136913
0.3946872931922079	1.4188447656136913
0.3946872931922079	0.2026921093733845
1.1840618795766236	0.6080763281201534
1.1840618795766236	0.405384218746769
1.5787491727688316	0.810768437493538
0.9867182329805197	0.405384218746769
0.9867182329805197	0.0
0.3946872931922079	0.0
0.19734364659610396	0.2026921093733845
0.5920309397883118	0.405384218746769
0.5920309397883118	0.2026921093733845
0.0	0.6080763281201534
0.5920309397883118	0.810768437493538
0.19734364659610396	0.810768437493538
0.7893745863844158	0.810768437493538
0.7893745863844158	0.6080763281201534
0.7893745863844158	1.4188447656136913
0.9867182329805197	1.0134605468669224
0.3946872931922079	0.2026921093733845
