WT	KO
0.6272062252327755	0.5612189194540622
0.5701874774843414	0.5612189194540622
0.4561499819874731	0.3367313516724373
0.1710562432453024	0.3367313516724373
0.2850937387421707	0.16836567583621864
0.5701874774843414	0.6173408113994684
0.5131687297359072	0.7857064872356871
0.5131687297359072	0.3367313516724373
0.31360311261638774	0.5050970275086559
0.7982624684780779	0.22448756778162487
0.6557155991069925	0.5612189194540622
0.5416781036101243	0.7295845952902809
0.427640608113256	0.44897513556324975
0.3421124864906048	0.2806094597270311
0.6557155991069925	0.6734627033448746
0.5701874774843414	0.3367313516724373
0.39913123423903896	0.6173408113994684
0.4846593558616902	0.5050970275086559
0.2850937387421707	0.2806094597270311
0.4846593558616902	0.3928532436178436
0.6557155991069925	0.8418283791810932
0.3421124864906048	0.44897513556324975
0.5131687297359072	0.7295845952902809
0.7412437207296437	0.7857064872356871
0.8267718423522948	0.7295845952902809
0.855281216226512	0.5612189194540622
0.2850937387421707	0.5050970275086559
0.427640608113256	0.44897513556324975
0.7412437207296437	0.6173408113994684
0.7412437207296437	0.5612189194540622
0.5416781036101243	0.6734627033448746
0.4561499819874731	0.22448756778162487
0.6272062252327755	0.6173408113994684
0.427640608113256	0.5050970275086559
0.4846593558616902	0.22448756778162487
0.5986968513585583	0.6173408113994684
0.7412437207296437	0.7857064872356871
0.7412437207296437	0.7295845952902809
0.6557155991069925	0.5612189194540622
0.7412437207296437	0.6173408113994684
0.6842249729812095	0.5612189194540622
0.5131687297359072	0.6173408113994684
0.6272062252327755	0.5050970275086559
0.6272062252327755	0.6173408113994684
0.9408093378491632	0.6173408113994684
0.6272062252327755	0.5050970275086559
0.7412437207296437	0.3928532436178436
0.4846593558616902	0.6173408113994684
0.4846593558616902	0.5612189194540622
0.4561499819874731	0.2806094597270311
0.31360311261638774	0.3928532436178436
0.5701874774843414	0.5612189194540622
0.4846593558616902	0.3928532436178436
0.6842249729812095	0.8418283791810932
1.0263374594718144	0.8418283791810932
0.6842249729812095	0.7295845952902809
0.5701874774843414	0.7857064872356871
0.6272062252327755	0.44897513556324975
0.5131687297359072	0.3928532436178436
0.6842249729812095	0.8418283791810932
0.7697530946038609	0.5050970275086559
0.7412437207296437	0.6734627033448746
0.7127343468554267	0.5050970275086559
0.4561499819874731	0.5612189194540622
0.5131687297359072	0.3928532436178436
0.7127343468554267	0.5050970275086559
0.7412437207296437	0.7295845952902809
0.8267718423522948	0.5050970275086559
0.855281216226512	0.6734627033448746
0.7697530946038609	0.9540721630719058
0.6842249729812095	0.5050970275086559
0.7982624684780779	0.7857064872356871
0.883790590100729	0.6734627033448746
0.7697530946038609	0.6173408113994684
0.5701874774843414	0.7295845952902809
0.855281216226512	1.1224378389081244
0.7982624684780779	0.7857064872356871
0.9122999639749462	0.7857064872356871
0.7697530946038609	0.6734627033448746
0.7697530946038609	0.7857064872356871
0.5986968513585583	0.5612189194540622
0.6272062252327755	0.7295845952902809
0.6842249729812095	1.0663159469627181
0.7412437207296437	0.5612189194540622
0.7127343468554267	0.6734627033448746
0.427640608113256	0.5050970275086559
0.5416781036101243	0.6734627033448746
0.6557155991069925	0.44897513556324975
0.8267718423522948	1.1224378389081244
1.0263374594718144	1.2346816227989368
0.5986968513585583	0.3928532436178436
1.1688843288428996	1.0663159469627181
1.0263374594718144	1.0101940550173119
0.6272062252327755	0.6173408113994684
0.6557155991069925	0.3367313516724373
0.4846593558616902	0.3367313516724373
0.9408093378491632	0.9540721630719058
0.9408093378491632	0.8979502711264995
0.8267718423522948	0.7295845952902809
0.8267718423522948	0.3367313516724373
0.22807499099373654	0.22448756778162487
0.5986968513585583	0.5050970275086559
0.883790590100729	0.8418283791810932
0.9978280855975973	1.2346816227989368
0.9693187117233804	0.8418283791810932
0.1710562432453024	0.11224378389081244
0.6842249729812095	0.44897513556324975
0.5986968513585583	0.5612189194540622
0.7982624684780779	0.8418283791810932
1.0263374594718144	0.7295845952902809
1.0263374594718144	0.7295845952902809
0.9408093378491632	0.8418283791810932
0.7412437207296437	0.7857064872356871
0.39913123423903896	0.7857064872356871
0.7412437207296437	0.7295845952902809
1.0548468333460315	0.8979502711264995
0.7412437207296437	0.5050970275086559
0.6557155991069925	0.5050970275086559
0.883790590100729	0.6734627033448746
0.7127343468554267	0.6734627033448746
0.855281216226512	0.5050970275086559
0.6842249729812095	0.8979502711264995
0.5701874774843414	1.0101940550173119
0.4846593558616902	0.3928532436178436
1.0548468333460315	1.1785597308535305
0.7697530946038609	0.6173408113994684
0.9122999639749462	1.0101940550173119
0.6842249729812095	0.6734627033448746
0.427640608113256	0.3367313516724373
0.5701874774843414	0.3928532436178436
0.7982624684780779	0.5050970275086559
0.7982624684780779	0.7295845952902809
0.6842249729812095	0.44897513556324975
0.4561499819874731	0.3367313516724373
0.37062186036482186	0.5050970275086559
0.6557155991069925	0.6173408113994684
0.855281216226512	0.6734627033448746
0.5701874774843414	0.8418283791810932
0.6557155991069925	0.7295845952902809
0.9408093378491632	0.3928532436178436
0.5986968513585583	0.3928532436178436
0.7412437207296437	0.5612189194540622
0.7697530946038609	0.44897513556324975
0.5986968513585583	0.7295845952902809
0.5131687297359072	0.5612189194540622
0.37062186036482186	0.44897513556324975
0.4561499819874731	0.6173408113994684
0.7412437207296437	0.2806094597270311
0.9122999639749462	0.5612189194540622
0.6272062252327755	0.6173408113994684
0.5701874774843414	0.3928532436178436
0.5131687297359072	0.3928532436178436
0.4846593558616902	0.5612189194540622
0.5986968513585583	0.22448756778162487
0.2565843648679536	0.3367313516724373
0.5701874774843414	0.6173408113994684
0.5986968513585583	0.7295845952902809
0.7697530946038609	1.0663159469627181
0.5701874774843414	0.3928532436178436
0.6272062252327755	0.5050970275086559
0.5416781036101243	0.22448756778162487
0.9122999639749462	0.5612189194540622
0.9408093378491632	0.8418283791810932
0.6557155991069925	0.6173408113994684
0.5701874774843414	0.3367313516724373
0.4561499819874731	0.16836567583621864
0.6842249729812095	0.22448756778162487
0.6272062252327755	0.2806094597270311
0.5701874774843414	0.5612189194540622
0.7127343468554267	0.44897513556324975
0.427640608113256	0.11224378389081244
0.7697530946038609	0.7857064872356871
0.6272062252327755	0.5050970275086559
0.5416781036101243	0.8979502711264995
0.7127343468554267	0.5612189194540622
0.4561499819874731	0.44897513556324975
0.5701874774843414	0.6734627033448746
0.5986968513585583	0.3367313516724373
0.6842249729812095	0.5050970275086559
0.6557155991069925	0.44897513556324975
0.3421124864906048	0.2806094597270311
0.6842249729812095	0.5050970275086559
0.4846593558616902	0.11224378389081244
0.6272062252327755	0.5050970275086559
0.3421124864906048	0.16836567583621864
0.37062186036482186	0.16836567583621864
0.5701874774843414	0.3928532436178436
0.6842249729812095	0.3367313516724373
0.4561499819874731	0.5612189194540622
0.4846593558616902	0.5050970275086559
0.4846593558616902	0.3367313516724373
0.4846593558616902	0.11224378389081244
0.2850937387421707	0.5050970275086559
0.4846593558616902	0.5050970275086559
0.5986968513585583	0.5050970275086559
0.3421124864906048	0.2806094597270311
0.37062186036482186	0.16836567583621864
0.31360311261638774	0.11224378389081244
0.1710562432453024	0.22448756778162487
0.5701874774843414	0.44897513556324975
