WT	KO
0.3959635260307926	0.37860006471107366
0.47515623123695105	0.44541184083655727
0.35071055162727344	0.37860006471107366
0.3620237952281532	0.2895176965437622
0.3393973080263936	0.2449765124601065
0.3393973080263936	0.33405888062741795
0.40727676963167236	0.31178828858559005
0.3054575772237543	0.33405888062741795
0.3393973080263936	0.42314124879472936
0.29414433362287445	0.3563294726692458
0.373337038829033	0.4008706567529015
0.40727676963167236	0.33405888062741795
0.3846502824299128	0.31178828858559005
0.42990325683343195	0.31178828858559005
0.5090959620395905	0.489953024920213
0.5090959620395905	0.6681177612548359
0.3620237952281532	0.4676824328783851
0.35071055162727344	0.2895176965437622
0.3959635260307926	0.44541184083655727
0.42990325683343195	0.42314124879472936
0.53172244924135	0.489953024920213
0.47515623123695105	0.5122236169620409
0.6561681288510277	0.5122236169620409
0.49778271843871064	0.5790353930875244
0.45252974403519153	0.5567648010456966
0.5543489364431097	0.489953024920213
0.373337038829033	0.42314124879472936
0.5204092056404702	0.6681177612548359
0.6222283980483884	0.6903883532966637
0.5882886672457489	0.7794707214639752
0.6561681288510277	0.645847169213008
0.7693005648598256	0.801741313505803
0.6222283980483884	0.6235765771711801
0.6109151544475085	0.6681177612548359
0.5204092056404702	0.7572001294221473
0.5769754236448692	0.801741313505803
0.6448548852501479	0.8240119055476309
0.7240475904563064	0.7349295373803195
0.5769754236448692	0.5344942090038687
0.7014211032545469	0.6235765771711801
0.5090959620395905	0.31178828858559005
0.6787946160527872	0.6903883532966637
0.746674077658066	0.6013059851293523
0.48646947483783093	0.42314124879472936
0.5996019108466288	0.489953024920213
0.6674813724519075	0.7126589453384916
0.7014211032545469	0.6013059851293523
0.5543489364431097	0.6681177612548359
0.6335416416492681	0.6903883532966637
0.6674813724519075	0.5344942090038687
0.6561681288510277	0.8462824975894587
0.6335416416492681	0.8240119055476309
0.7806138084607055	0.8685530896312867
0.5882886672457489	0.489953024920213
0.5769754236448692	0.6903883532966637
0.53172244924135	0.37860006471107366
0.7579873212589459	0.6903883532966637
0.49778271843871064	0.44541184083655727
0.5543489364431097	0.5122236169620409
0.6335416416492681	0.5122236169620409
0.5543489364431097	0.4676824328783851
0.7014211032545469	0.801741313505803
0.7353608340571863	0.7349295373803195
0.6448548852501479	0.5790353930875244
0.6674813724519075	0.6903883532966637
0.6335416416492681	0.5344942090038687
0.7919270520615852	1.0467178259659096
0.7693005648598256	0.979906049840426
0.6787946160527872	0.6903883532966637
0.7353608340571863	0.5344942090038687
0.6448548852501479	0.5344942090038687
0.7014211032545469	0.5790353930875244
0.7579873212589459	0.6903883532966637
0.6335416416492681	0.6235765771711801
0.8145535392633447	0.6235765771711801
0.7127343468554267	0.6903883532966637
0.690107859653667	0.6235765771711801
0.6222283980483884	0.7572001294221473
0.690107859653667	0.7126589453384916
0.5996019108466288	0.5344942090038687
0.7806138084607055	0.7572001294221473
0.6787946160527872	0.6903883532966637
0.6109151544475085	0.6013059851293523
0.5656621800439894	0.4676824328783851
0.5882886672457489	0.645847169213008
0.5543489364431097	0.4008706567529015
0.6109151544475085	0.6013059851293523
0.45252974403519153	0.6013059851293523
0.6561681288510277	0.44541184083655727
0.5430356928422299	0.6235765771711801
0.6787946160527872	0.489953024920213
0.6335416416492681	0.6681177612548359
0.690107859653667	0.645847169213008
0.5996019108466288	0.645847169213008
0.746674077658066	0.7349295373803195
0.5656621800439894	0.7349295373803195
0.8371800264651044	0.9353648657567702
0.8032402956624649	0.6681177612548359
0.6674813724519075	0.7349295373803195
0.5430356928422299	0.31178828858559005
0.6787946160527872	0.489953024920213
0.8598065136668639	0.8240119055476309
0.9729389496756619	1.0467178259659096
0.7127343468554267	0.7126589453384916
0.5090959620395905	0.6903883532966637
0.690107859653667	0.7126589453384916
0.7353608340571863	0.8462824975894587
0.7353608340571863	0.8240119055476309
0.6448548852501479	0.6013059851293523
0.46384298763607135	0.42314124879472936
0.53172244924135	0.5567648010456966
0.4185900132325522	0.4676824328783851
0.5656621800439894	0.5567648010456966
0.53172244924135	0.489953024920213
0.5204092056404702	0.5344942090038687
0.5204092056404702	0.31178828858559005
0.5204092056404702	0.645847169213008
0.5769754236448692	0.489953024920213
0.46384298763607135	0.44541184083655727
0.5204092056404702	0.31178828858559005
0.5882886672457489	0.5122236169620409
0.7127343468554267	0.645847169213008
0.7014211032545469	0.6681177612548359
0.7353608340571863	0.645847169213008
0.6787946160527872	0.7349295373803195
0.5656621800439894	0.6903883532966637
0.5204092056404702	0.489953024920213
0.7353608340571863	0.5790353930875244
0.746674077658066	0.801741313505803
0.6448548852501479	0.5790353930875244
0.6222283980483884	0.7126589453384916
0.6674813724519075	0.7126589453384916
0.5996019108466288	0.6235765771711801
0.690107859653667	0.6235765771711801
0.6109151544475085	0.44541184083655727
0.6335416416492681	0.6903883532966637
0.49778271843871064	0.5344942090038687
0.6222283980483884	0.5344942090038687
0.7806138084607055	0.7126589453384916
0.6335416416492681	0.6235765771711801
0.7014211032545469	0.6903883532966637
0.5769754236448692	0.4008706567529015
0.690107859653667	0.6235765771711801
0.5543489364431097	0.5790353930875244
0.6787946160527872	0.6013059851293523
0.6109151544475085	0.42314124879472936
0.5769754236448692	0.5567648010456966
0.5090959620395905	0.42314124879472936
0.5090959620395905	0.5344942090038687
0.6222283980483884	0.5790353930875244
0.6109151544475085	0.645847169213008
0.46384298763607135	0.4676824328783851
0.42990325683343195	0.3563294726692458
0.46384298763607135	0.44541184083655727
0.3846502824299128	0.42314124879472936
0.5543489364431097	0.5122236169620409
0.5996019108466288	0.5122236169620409
0.47515623123695105	0.4676824328783851
0.3846502824299128	0.31178828858559005
0.29414433362287445	0.5122236169620409
0.49778271843871064	0.33405888062741795
0.4185900132325522	0.37860006471107366
0.49778271843871064	0.31178828858559005
0.44121650043431176	0.2895176965437622
0.5882886672457489	0.42314124879472936
0.31677082082463404	0.3563294726692458
0.5769754236448692	0.5344942090038687
0.3959635260307926	0.42314124879472936
0.44121650043431176	0.42314124879472936
0.5204092056404702	0.42314124879472936
0.48646947483783093	0.5790353930875244
0.53172244924135	0.33405888062741795
0.45252974403519153	0.20043532837645076
0.35071055162727344	0.22270592041827864
0.48646947483783093	0.22270592041827864
0.5430356928422299	0.5567648010456966
0.49778271843871064	0.3563294726692458
0.4185900132325522	0.4676824328783851
0.32808406442551385	0.4008706567529015
0.35071055162727344	0.2895176965437622
0.3054575772237543	0.2895176965437622
0.40727676963167236	0.4676824328783851
0.27151784642111493	0.22270592041827864
0.3393973080263936	0.22270592041827864
0.32808406442551385	0.33405888062741795
0.3846502824299128	0.26724710450193434
0.35071055162727344	0.22270592041827864
0.40727676963167236	0.3563294726692458
0.40727676963167236	0.26724710450193434
0.32808406442551385	0.26724710450193434
0.3846502824299128	0.22270592041827864
0.45252974403519153	0.2895176965437622
0.49778271843871064	0.2449765124601065
0.32808406442551385	0.42314124879472936
0.32808406442551385	0.1781647363346229
0.31677082082463404	0.4008706567529015
0.5430356928422299	0.5122236169620409
0.4185900132325522	0.4008706567529015
0.42990325683343195	0.22270592041827864
0.1696986540131968	0.22270592041827864
