WT	KO
0.23261993052819796	0.2258341004524146
0.1794496606931813	0.1713224210328662
0.21268107934006675	0.18689718658130863
0.19938851188131254	0.17910980380708744
0.2193273630694438	0.18689718658130863
0.19274222815193548	0.18689718658130863
0.20603479561068963	0.1713224210328662
0.23261993052819796	0.202471952129751
0.19274222815193548	0.17910980380708744
0.1860959444225584	0.17910980380708744
0.23926621425757508	0.2180467176781934
0.2592050654457063	0.2180467176781934
0.19274222815193548	0.18689718658130863
0.23926621425757508	0.1946845693555298
0.2193273630694438	0.2258341004524146
0.20603479561068963	0.23362148322663576
0.19938851188131254	0.21025933490397222
0.20603479561068963	0.26477101432352057
0.23261993052819796	0.21025933490397222
0.21268107934006675	0.21025933490397222
0.2193273630694438	0.202471952129751
0.19274222815193548	0.202471952129751
0.1794496606931813	0.14796027271020268
0.1860959444225584	0.21025933490397222
0.21268107934006675	0.24919624877507818
0.19938851188131254	0.2258341004524146
0.23261993052819796	0.16353503825864504
0.2259736467988209	0.2180467176781934
0.23926621425757508	0.18689718658130863
0.23926621425757508	0.1946845693555298
0.23261993052819796	0.29592054542040536
0.23926621425757508	0.23362148322663576
0.19274222815193548	0.24919624877507818
0.2259736467988209	0.2725583970977417
0.23926621425757508	0.21025933490397222
0.1728033769638042	0.1713224210328662
0.21268107934006675	0.2258341004524146
0.2193273630694438	0.24919624877507818
0.21268107934006675	0.26477101432352057
0.23926621425757508	0.24140886600085695
0.25255878171632923	0.202471952129751
0.1860959444225584	0.2569836315492993
0.2259736467988209	0.2569836315492993
0.23926621425757508	0.18689718658130863
0.2259736467988209	0.2180467176781934
0.24591249798695217	0.202471952129751
0.25255878171632923	0.2258341004524146
0.25255878171632923	0.24140886600085695
0.2259736467988209	0.24919624877507818
0.25255878171632923	0.2803457798719629
0.2857902003632147	0.2803457798719629
0.2791439166338376	0.2881331626461841
0.2791439166338376	0.2180467176781934
0.21268107934006675	0.21025933490397222
0.23261993052819796	0.1946845693555298
0.33231418646885424	0.3270700765172901
0.31237533528072303	0.3037079281946265
0.25255878171632923	0.2569836315492993
0.20603479561068963	0.2881331626461841
0.24591249798695217	0.2569836315492993
0.2724976329044605	0.26477101432352057
0.2259736467988209	0.2569836315492993
0.2592050654457063	0.2258341004524146
0.2791439166338376	0.23362148322663576
0.2724976329044605	0.2725583970977417
0.2857902003632147	0.2258341004524146
0.19938851188131254	0.3114953109688477
0.2658513491750834	0.3037079281946265
0.20603479561068963	0.2881331626461841
0.25255878171632923	0.24919624877507818
0.2658513491750834	0.24140886600085695
0.21268107934006675	0.2180467176781934
0.23261993052819796	0.24140886600085695
0.1728033769638042	0.23362148322663576
0.19938851188131254	0.2803457798719629
0.2193273630694438	0.2725583970977417
0.23926621425757508	0.24140886600085695
0.3057290515513459	0.3348574592915113
0.2857902003632147	0.3037079281946265
0.2857902003632147	0.2881331626461841
0.24591249798695217	0.2569836315492993
0.2924364840925917	0.2881331626461841
0.23261993052819796	0.2569836315492993
0.20603479561068963	0.24919624877507818
0.2193273630694438	0.1713224210328662
0.2193273630694438	0.23362148322663576
0.1860959444225584	0.18689718658130863
0.2592050654457063	0.1946845693555298
0.25255878171632923	0.18689718658130863
0.25255878171632923	0.2180467176781934
0.15286452577567294	0.16353503825864504
0.21268107934006675	0.21025933490397222
0.14621824204629585	0.16353503825864504
0.3057290515513459	0.2881331626461841
0.2857902003632147	0.24140886600085695
0.25255878171632923	0.1713224210328662
0.1860959444225584	0.13238550716176029
0.1794496606931813	0.14796027271020268
0.2658513491750834	0.2803457798719629
0.3987770237626251	0.3971565214852808
0.3987770237626251	0.3971565214852808
0.3456067539276084	0.37379437316261727
0.2592050654457063	0.3348574592915113
0.19938851188131254	0.1946845693555298
0.23926621425757508	0.15574765548442385
0.23261993052819796	0.1946845693555298
0.2724976329044605	0.26477101432352057
0.24591249798695217	0.21025933490397222
0.21268107934006675	0.21025933490397222
0.25255878171632923	0.2258341004524146
0.1860959444225584	0.1713224210328662
0.1794496606931813	0.21025933490397222
0.16615709323442712	0.1946845693555298
0.2724976329044605	0.2881331626461841
0.2592050654457063	0.21025933490397222
0.20603479561068963	0.2258341004524146
0.23926621425757508	0.2569836315492993
0.2791439166338376	0.2180467176781934
0.23926621425757508	0.24919624877507818
0.23261993052819796	0.29592054542040536
0.23261993052819796	0.2569836315492993
0.2592050654457063	0.2180467176781934
0.24591249798695217	0.2881331626461841
0.23261993052819796	0.3348574592915113
0.2658513491750834	0.3114953109688477
0.3190216190101001	0.23362148322663576
0.2592050654457063	0.29592054542040536
0.25255878171632923	0.2881331626461841
0.23926621425757508	0.21025933490397222
0.19938851188131254	0.24140886600085695
0.2791439166338376	0.26477101432352057
0.21268107934006675	0.24140886600085695
0.2724976329044605	0.2725583970977417
0.2658513491750834	0.24140886600085695
0.2990827678219688	0.2881331626461841
0.23261993052819796	0.26477101432352057
0.2724976329044605	0.2258341004524146
0.23261993052819796	0.23362148322663576
0.20603479561068963	0.3192826937430689
0.2592050654457063	0.2569836315492993
0.2592050654457063	0.2881331626461841
0.2259736467988209	0.24140886600085695
0.2724976329044605	0.2180467176781934
0.21268107934006675	0.2803457798719629
0.23926621425757508	0.23362148322663576
0.2990827678219688	0.202471952129751
0.2658513491750834	0.24140886600085695
0.2658513491750834	0.26477101432352057
0.23926621425757508	0.23362148322663576
0.2259736467988209	0.24919624877507818
0.2791439166338376	0.2569836315492993
0.2592050654457063	0.2881331626461841
0.21268107934006675	0.24140886600085695
0.25255878171632923	0.26477101432352057
0.2791439166338376	0.23362148322663576
0.20603479561068963	0.26477101432352057
0.3057290515513459	0.2803457798719629
0.21268107934006675	0.23362148322663576
0.1860959444225584	0.23362148322663576
0.2658513491750834	0.24140886600085695
0.21268107934006675	0.2180467176781934
0.2791439166338376	0.24140886600085695
0.2259736467988209	0.24919624877507818
0.2259736467988209	0.26477101432352057
0.21268107934006675	0.3037079281946265
0.2791439166338376	0.18689718658130863
0.2193273630694438	0.202471952129751
0.14621824204629585	0.21025933490397222
0.20603479561068963	0.26477101432352057
0.2193273630694438	0.2258341004524146
0.2592050654457063	0.2258341004524146
0.21268107934006675	0.17910980380708744
0.2724976329044605	0.18689718658130863
0.2791439166338376	0.2881331626461841
0.2259736467988209	0.24140886600085695
0.2193273630694438	0.2258341004524146
0.2259736467988209	0.23362148322663576
0.24591249798695217	0.202471952129751
0.25255878171632923	0.16353503825864504
0.21268107934006675	0.21025933490397222
0.1728033769638042	0.2180467176781934
0.1728033769638042	0.1713224210328662
0.24591249798695217	0.2180467176781934
0.24591249798695217	0.24919624877507818
0.2592050654457063	0.23362148322663576
0.20603479561068963	0.2258341004524146
0.23261993052819796	0.1713224210328662
0.2193273630694438	0.24140886600085695
0.1728033769638042	0.2180467176781934
0.24591249798695217	0.202471952129751
0.15951080950505006	0.1946845693555298
0.1860959444225584	0.21025933490397222
0.19274222815193548	0.2180467176781934
0.20603479561068963	0.2180467176781934
0.21268107934006675	0.2569836315492993
0.19274222815193548	0.21025933490397222
0.20603479561068963	0.18689718658130863
0.20603479561068963	0.1713224210328662
0.1860959444225584	0.1713224210328662
0.24591249798695217	0.2569836315492993
