WT	KO
0.18011846911877902	0.11573324210996654
0.16268764952663908	0.22465864644875858
0.27889311347423845	0.18381161982171154
0.16849792272401903	0.21785080867758405
0.14525682993449918	0.24508215976228206
0.2149801083030588	0.18381161982171154
0.1975492887109189	0.23146648421993307
0.22660065469781873	0.2723135108469801
0.16268764952663908	0.15658026873701353
0.19173901551353895	0.19742729536406053
0.10458491755283941	0.22465864644875858
0.20916983510567883	0.23146648421993307
0.2614622938820985	0.21785080867758405
0.20916983510567883	0.21104297090640955
0.2614622938820985	0.14977243096583903
0.22660065469781873	0.19742729536406053
0.20335956190829887	0.23146648421993307
0.1975492887109189	0.23146648421993307
0.1975492887109189	0.21104297090640955
0.3021342062637583	0.17700378205053705
0.18592874231615897	0.21785080867758405
0.20916983510567883	0.14977243096583903
0.2149801083030588	0.24508215976228206
0.23822120109257866	0.14296459319466454
0.1975492887109189	0.31316053747402706
0.17430819592139904	0.24508215976228206
0.2614622938820985	0.15658026873701353
0.20335956190829887	0.19061945759288604
0.17430819592139904	0.18381161982171154
0.2149801083030588	0.2518899975334566
0.22660065469781873	0.2518899975334566
0.24403147428995864	0.22465864644875858
0.25565202068471854	0.18381161982171154
0.2672725670794785	0.21104297090640955
0.20916983510567883	0.23146648421993307
0.22079038150043875	0.19061945759288604
0.20916983510567883	0.22465864644875858
0.18592874231615897	0.20423513313523506
0.17430819592139904	0.15658026873701353
0.1975492887109189	0.24508215976228206
0.2847033866716184	0.23827432199110757
0.2324109278951987	0.22465864644875858
0.2498417474873386	0.34039188855872504
0.22660065469781873	0.24508215976228206
0.16849792272401903	0.2655056730758056
0.18592874231615897	0.2518899975334566
0.3195650258558982	0.18381161982171154
0.2847033866716184	0.29954486193167806
0.20335956190829887	0.23146648421993307
0.20916983510567883	0.22465864644875858
0.18592874231615897	0.19061945759288604
0.17430819592139904	0.2791213486181546
0.24403147428995864	0.28592918638932907
0.20335956190829887	0.11573324210996654
0.19173901551353895	0.20423513313523506
0.1975492887109189	0.18381161982171154
0.2498417474873386	0.18381161982171154
0.20335956190829887	0.2586978353046311
0.16268764952663908	0.16338810650818802
0.18592874231615897	0.21104297090640955
0.2149801083030588	0.23146648421993307
0.17430819592139904	0.18381161982171154
0.2614622938820985	0.21104297090640955
0.20335956190829887	0.22465864644875858
0.1975492887109189	0.19061945759288604
0.2847033866716184	0.15658026873701353
0.22660065469781873	0.2655056730758056
0.29632393306637833	0.2723135108469801
0.24403147428995864	0.3880467529569466
0.27889311347423845	0.23827432199110757
0.3021342062637583	0.29954486193167806
0.27889311347423845	0.2723135108469801
0.35442666504017806	0.28592918638932907
0.3892883042244578	0.21785080867758405
0.20335956190829887	0.2586978353046311
0.2847033866716184	0.2791213486181546
0.2730828402768585	0.20423513313523506
0.3137547526585182	0.31316053747402706
0.34280611864541805	0.2723135108469801
0.36023693823755804	0.31316053747402706
0.2847033866716184	0.24508215976228206
0.2324109278951987	0.39485459072812107
0.29051365986899835	0.3608154018722486
0.27889311347423845	0.2655056730758056
0.3195650258558982	0.28592918638932907
0.2672725670794785	0.30635269970285256
0.32537529905327817	0.29954486193167806
0.2324109278951987	0.24508215976228206
0.3137547526585182	0.29273702416050357
0.2730828402768585	0.2723135108469801
0.19173901551353895	0.17019594427936252
0.40090885061921777	0.29954486193167806
0.33699584544803807	0.3540075641010741
0.3486163918427981	0.2791213486181546
0.1568773763292591	0.19061945759288604
0.22660065469781873	0.19742729536406053
0.3137547526585182	0.3540075641010741
0.3892883042244578	0.3676232396434231
0.2149801083030588	0.20423513313523506
0.10458491755283941	0.15658026873701353
0.11039519075021938	0.12254107988114103
0.13363628353973925	0.18381161982171154
0.42414994340873763	0.4969721572957386
0.35442666504017806	0.3540075641010741
0.23822120109257866	0.2791213486181546
0.18592874231615897	0.15658026873701353
0.3776677578296979	0.34039188855872504
0.29051365986899835	0.2723135108469801
0.3137547526585182	0.29954486193167806
0.13944655673711923	0.23827432199110757
0.35442666504017806	0.3608154018722486
0.36604721143493796	0.3880467529569466
0.29632393306637833	0.29273702416050357
0.24403147428995864	0.20423513313523506
0.27889311347423845	0.19742729536406053
0.29632393306637833	0.2518899975334566
0.25565202068471854	0.18381161982171154
0.20335956190829887	0.21785080867758405
0.3486163918427981	0.2791213486181546
0.27889311347423845	0.22465864644875858
0.3137547526585182	0.23827432199110757
0.29051365986899835	0.29954486193167806
0.36023693823755804	0.29954486193167806
0.4299602166061176	0.3880467529569466
0.3079444794611383	0.29954486193167806
0.27889311347423845	0.29954486193167806
0.2847033866716184	0.34719972632989954
0.3776677578296979	0.31316053747402706
0.37185748463231794	0.28592918638932907
0.22079038150043875	0.2723135108469801
0.2324109278951987	0.24508215976228206
0.17430819592139904	0.28592918638932907
0.33118557225065814	0.30635269970285256
0.36023693823755804	0.31316053747402706
0.29051365986899835	0.23827432199110757
0.2847033866716184	0.19742729536406053
0.2498417474873386	0.32677621301637605
0.2847033866716184	0.31996837524520155
0.37185748463231794	0.33358405078755055
0.4299602166061176	0.29273702416050357
0.2730828402768585	0.21785080867758405
0.24403147428995864	0.21104297090640955
0.1975492887109189	0.21104297090640955
0.22079038150043875	0.2518899975334566
0.2498417474873386	0.24508215976228206
0.2730828402768585	0.2723135108469801
0.2614622938820985	0.21104297090640955
0.2149801083030588	0.19742729536406053
0.22660065469781873	0.2655056730758056
0.22079038150043875	0.13615675542349004
0.2324109278951987	0.29954486193167806
0.1568773763292591	0.23146648421993307
0.33118557225065814	0.29954486193167806
0.20916983510567883	0.17019594427936252
0.23822120109257866	0.21104297090640955
0.24403147428995864	0.24508215976228206
0.22079038150043875	0.2586978353046311
0.2672725670794785	0.22465864644875858
0.27889311347423845	0.21104297090640955
0.20916983510567883	0.22465864644875858
0.2149801083030588	0.18381161982171154
0.2498417474873386	0.2586978353046311
0.22660065469781873	0.23827432199110757
0.27889311347423845	0.21785080867758405
0.29632393306637833	0.30635269970285256
0.2498417474873386	0.19742729536406053
0.18592874231615897	0.21785080867758405
0.2614622938820985	0.21785080867758405
0.3137547526585182	0.17700378205053705
0.1975492887109189	0.2791213486181546
0.2324109278951987	0.20423513313523506
0.19173901551353895	0.23146648421993307
0.17430819592139904	0.20423513313523506
0.3137547526585182	0.23146648421993307
0.2149801083030588	0.21104297090640955
0.20916983510567883	0.21104297090640955
0.22660065469781873	0.2586978353046311
0.3137547526585182	0.24508215976228206
0.23822120109257866	0.18381161982171154
0.1975492887109189	0.17700378205053705
0.3021342062637583	0.19061945759288604
0.22079038150043875	0.18381161982171154
0.18011846911877902	0.16338810650818802
0.19173901551353895	0.14296459319466454
0.19173901551353895	0.17019594427936252
0.3021342062637583	0.17700378205053705
0.2324109278951987	0.18381161982171154
0.18011846911877902	0.20423513313523506
0.18011846911877902	0.17019594427936252
0.14525682993449918	0.21104297090640955
0.18011846911877902	0.20423513313523506
0.3021342062637583	0.17019594427936252
0.16849792272401903	0.19742729536406053
0.16268764952663908	0.08169405325409401
0.16849792272401903	0.17019594427936252
0.1568773763292591	0.21104297090640955
0.16849792272401903	0.08850189102526852
0.16268764952663908	0.14296459319466454
0.19173901551353895	0.10892540433879203
0.22079038150043875	0.22465864644875858
