WT	KO
0.4898031477472024	0.5024339903324053
0.46881158427232233	0.5582599892582281
0.5807665894716829	0.5805903888285572
0.5807665894716829	0.5861729887211395
0.5317862746969626	0.5191817900101522
0.6227497164214431	0.6699119871098737
0.6717300311961633	0.6308337878617978
0.601758152946563	0.5694251890433926
0.5947609651216029	0.6140859881840509
0.6087553407715229	0.6085033882914687
0.5527778381718428	0.6252511879692154
0.6157525285964831	0.6531641874321268
0.6717300311961633	0.7034075864653674
0.6647328433712033	0.5024339903324053
0.6157525285964831	0.597338188506304
0.6227497164214431	0.6308337878617978
0.5387834625219227	0.6699119871098737
0.6157525285964831	0.6475815875395445
0.6857244068460834	0.6699119871098737
0.5317862746969626	0.597338188506304
0.6507384677212833	0.6475815875395445
0.5107947112220825	0.6643293872172914
0.6507384677212833	0.63641638775438
0.5177918990470426	0.6252511879692154
0.6507384677212833	0.7424857857134434
0.6437412798963231	0.63641638775438
0.6857244068460834	0.7592335853911901
0.7207103459708836	0.7592335853911901
0.6787272190211233	0.7089901863579496
0.6297469042464031	0.6866597867876206
0.44082283297248215	0.5191817900101522
0.6437412798963231	0.7313205859282788
0.6857244068460834	0.8038943845318485
0.7486990972707236	0.7480683856060256
0.7277075337958436	0.8262247841021776
0.6787272190211233	0.6587467873247091
0.5247890868720025	0.5805903888285572
0.5527778381718428	0.6866597867876206
0.6857244068460834	0.7034075864653674
0.7067159703209634	0.7703987851763549
0.7207103459708836	0.7927291847466839
0.5527778381718428	0.6196685880766332
0.6367440920713631	0.6978249865727851
0.5807665894716829	0.714572786250532
0.6787272190211233	0.8206421842095952
0.7626934729206438	0.7034075864653674
0.6647328433712033	0.7871465848541016
0.6437412798963231	0.7536509854986079
0.6297469042464031	0.736903185820861
0.5387834625219227	0.675494587002456
0.6717300311961633	0.7871465848541016
0.7626934729206438	0.7759813850689371
0.6857244068460834	0.7201553861431143
0.6087553407715229	0.675494587002456
0.7417019094457636	0.7480683856060256
0.8536569146451242	0.8485551836725067
0.7556962850956838	0.7927291847466839
0.7067159703209634	0.7927291847466839
0.7556962850956838	0.7871465848541016
0.7486990972707236	0.7927291847466839
0.7696906607456038	0.8820507830280004
0.7696906607456038	0.8597203834576713
0.6717300311961633	0.7815639849615194
0.5667722138217628	0.6475815875395445
0.7976794120454439	0.7648161852837725
0.6857244068460834	0.8987985827057473
0.6717300311961633	0.8262247841021776
0.6997187824960035	0.8987985827057473
0.6927215946710434	0.7648161852837725
0.8396625389952042	0.854137783565089
0.7486990972707236	0.7927291847466839
0.7836850363955238	0.6978249865727851
0.6647328433712033	0.7648161852837725
0.6297469042464031	0.6866597867876206
0.6367440920713631	0.7034075864653674
0.7137131581459235	0.8262247841021776
0.6227497164214431	0.675494587002456
0.6087553407715229	0.7424857857134434
0.6507384677212833	0.7034075864653674
0.7277075337958436	0.7648161852837725
0.7696906607456038	0.815059584317013
0.6857244068460834	0.7034075864653674
0.6717300311961633	0.6810771868950383
0.6157525285964831	0.6531641874321268
0.6717300311961633	0.7536509854986079
0.6857244068460834	0.7480683856060256
0.7207103459708836	0.7257379860356965
0.7277075337958436	0.7424857857134434
0.6437412798963231	0.7592335853911901
0.6717300311961633	0.6978249865727851
0.4618143964473623	0.6810771868950383
0.6367440920713631	0.6308337878617978
0.5597750259968027	0.5861729887211395
0.6787272190211233	0.7592335853911901
0.7137131581459235	0.5917555886137218
0.5597750259968027	0.5247643899027344
0.6227497164214431	0.6475815875395445
0.5597750259968027	0.5024339903324053
0.8326653511702441	0.8318073839947598
1.007595046794245	1.1444329779793676
1.1825247424182457	1.2170067765829373
1.1545359911184057	1.0774417792683801
0.7626934729206438	0.915546382383494
0.28688470082336137	0.3684515929104305
0.5807665894716829	0.6252511879692154
0.6087553407715229	0.5917555886137218
0.7417019094457636	0.7480683856060256
0.6227497164214431	0.7257379860356965
0.5457806503468827	0.5638425891508103
0.6647328433712033	0.7201553861431143
0.43382564514752214	0.6085033882914687
0.6507384677212833	0.5526773893656458
0.7137131581459235	0.6699119871098737
0.6297469042464031	0.7592335853911901
0.7417019094457636	0.7703987851763549
0.5667722138217628	0.714572786250532
0.7626934729206438	0.815059584317013
0.811673787695364	0.9267115821686587
0.7137131581459235	0.8932159828131649
0.6157525285964831	0.6699119871098737
0.6997187824960035	0.7815639849615194
0.5947609651216029	0.7257379860356965
0.6297469042464031	0.7313205859282788
0.7417019094457636	0.9099637824909118
0.6577356555462432	0.7257379860356965
0.6577356555462432	0.714572786250532
0.6997187824960035	0.736903185820861
0.7976794120454439	0.8764681831354181
0.6927215946710434	0.8597203834576713
0.5807665894716829	0.6922423866802029
0.6857244068460834	0.7034075864653674
0.7277075337958436	0.7703987851763549
0.7486990972707236	0.8764681831354181
0.6927215946710434	0.8206421842095952
0.6437412798963231	0.6308337878617978
0.5807665894716829	0.63641638775438
0.7137131581459235	0.8262247841021776
0.6437412798963231	0.7871465848541016
0.7137131581459235	0.8038943845318485
0.6647328433712033	0.7257379860356965
0.7976794120454439	0.6978249865727851
0.7836850363955238	0.8597203834576713
0.7626934729206438	0.8597203834576713
0.8396625389952042	0.9211289822760763
0.7067159703209634	0.8318073839947598
0.6367440920713631	0.7536509854986079
0.6787272190211233	0.7871465848541016
0.7696906607456038	0.7983117846392662
0.7417019094457636	0.9043811825983294
0.6857244068460834	0.7257379860356965
0.6647328433712033	0.6922423866802029
0.601758152946563	0.736903185820861
0.4968003355721624	0.6419989876469623
0.5947609651216029	0.7201553861431143
0.7347047216208036	0.6643293872172914
0.5877637772966429	0.5917555886137218
0.6157525285964831	0.6252511879692154
0.5107947112220825	0.6029207883988864
0.5947609651216029	0.736903185820861
0.5457806503468827	0.6252511879692154
0.5807665894716829	0.6587467873247091
0.6367440920713631	0.597338188506304
0.5877637772966429	0.6922423866802029
0.6717300311961633	0.6810771868950383
0.5317862746969626	0.7201553861431143
0.7207103459708836	0.7201553861431143
0.6157525285964831	0.6587467873247091
0.4548172086224022	0.5303469897953167
0.5807665894716829	0.5638425891508103
0.5527778381718428	0.597338188506304
0.5597750259968027	0.6419989876469623
0.6087553407715229	0.736903185820861
0.5877637772966429	0.6531641874321268
0.6647328433712033	0.7927291847466839
0.7207103459708836	0.597338188506304
0.6087553407715229	0.714572786250532
0.6367440920713631	0.6866597867876206
0.5527778381718428	0.6419989876469623
0.601758152946563	0.6587467873247091
0.6157525285964831	0.7424857857134434
0.5107947112220825	0.6308337878617978
0.601758152946563	0.6866597867876206
0.5527778381718428	0.597338188506304
0.6717300311961633	0.6643293872172914
0.5877637772966429	0.6140859881840509
0.5597750259968027	0.5917555886137218
0.6717300311961633	0.6475815875395445
0.5457806503468827	0.6419989876469623
0.4828059599222424	0.5861729887211395
0.5667722138217628	0.6085033882914687
0.6157525285964831	0.6308337878617978
0.5247890868720025	0.4856861906546584
0.6437412798963231	0.6531641874321268
0.5877637772966429	0.63641638775438
0.6577356555462432	0.7424857857134434
0.5247890868720025	0.6419989876469623
0.5457806503468827	0.5247643899027344
0.5107947112220825	0.5750077889359749
0.46881158427232233	0.6140859881840509
0.6297469042464031	0.5750077889359749
