WT	KO
0.5666294140702329	0.517700692079467
0.5209334935806981	0.5578042668180173
0.5300726776786051	0.5505127077746444
0.6123253345597679	0.6088451801216267
0.584907782266047	0.6124909596433131
0.6900083993919772	0.6234282982083723
0.6808692152940703	0.6744692115119817
0.6580212550493029	0.6088451801216267
0.6580212550493029	0.6671776524686088
0.6077557425108143	0.5614500463397036
0.5894773743150005	0.5395753692095854
0.5666294140702329	0.5979078415565676
0.6717300311961633	0.583324723469822
0.6260341107066284	0.7036354476854728
0.548351045874419	0.5796789439481356
0.6443124789024424	0.5468669282529581
0.6214645186576749	0.6635318729469225
0.6488820709513958	0.6525945343818633
0.6534516630003493	0.6307198572517451
0.7448435039794191	0.6453029753384906
0.6123253345597679	0.5979078415565676
0.6625908470982563	0.648948754860177
0.7631218721752331	0.6635318729469225
0.6443124789024424	0.583324723469822
0.5894773743150005	0.6015536210782539
0.6123253345597679	0.648948754860177
0.7311347278325586	0.6270740777300586
0.6625908470982563	0.7036354476854728
0.6717300311961633	0.6270740777300586
0.6123253345597679	0.6088451801216267
0.6534516630003493	0.6416571958168041
0.6671604391472099	0.6635318729469225
0.6900083993919772	0.6999896681637864
0.6580212550493029	0.6671776524686088
0.7219955437346517	0.6562403139035498
0.7357043198815122	0.7218643452939048
0.6260341107066284	0.6051994005999404
0.6900083993919772	0.6380114162951178
0.7082867675877913	0.6380114162951178
0.7311347278325586	0.7182185657722183
0.6808692152940703	0.6781149910336681
0.6900083993919772	0.6051994005999404
0.6808692152940703	0.6562403139035498
0.6762996232451168	0.6234282982083723
0.6397428868534888	0.6671776524686088
0.6397428868534888	0.6088451801216267
0.584907782266047	0.6598860934252361
0.6762996232451168	0.6416571958168041
0.7082867675877913	0.5760331644264491
0.584907782266047	0.6525945343818633
0.6717300311961633	0.6416571958168041
0.7174259516856982	0.6453029753384906
0.7082867675877913	0.6963438886421001
0.7631218721752331	0.6999896681637864
0.7722610562731402	0.6926981091204136
0.6900083993919772	0.6817607705553546
0.6488820709513958	0.6562403139035498
0.7402739119304658	0.6854065500770409
0.6900083993919772	0.7510305814673958
0.6671604391472099	0.761967920032455
0.6306037027555819	0.6270740777300586
0.6534516630003493	0.6453029753384906
0.7311347278325586	0.6744692115119817
0.8042482006158145	0.7692594790758278
0.808817792664768	0.7400932429023367
0.7768306483220936	0.7255101248155911
0.8590833052032565	0.7510305814673958
0.836235344958489	0.7510305814673958
0.7174259516856982	0.714572786250532
0.9002096336438379	0.874987085204733
0.8499441211053494	0.8312377309444963
0.7082867675877913	0.6671776524686088
0.845374529056396	0.7583221405107685
0.7037171755388377	0.7255101248155911
0.6991475834898843	0.7729052585975142
0.7265651357836053	0.6963438886421001
0.8133873847137216	0.7911341562059461
0.7539826880773262	0.7109270067288456
0.7448435039794191	0.8057172742926917
0.7859698324200006	0.7692594790758278
0.7539826880773262	0.714572786250532
0.7265651357836053	0.7364474633806503
0.7996786085668611	0.7656136995541414
0.8773616733990705	0.8676955261613603
0.8590833052032565	0.7838425971625733
0.6306037027555819	0.7109270067288456
0.5940469663639539	0.5760331644264491
0.7311347278325586	0.6744692115119817
0.8225265688116286	0.7291559043372775
0.7951090165179076	0.8567581875963011
0.6808692152940703	0.6781149910336681
0.9596143302802332	0.9150906599432833
0.9047792256927915	0.8458208490312419
1.0327278030634892	1.0463387227239933
0.8133873847137216	0.7729052585975142
0.4066936923568608	0.34270327503852044
0.845374529056396	0.7984257152493188
0.7311347278325586	0.6744692115119817
0.9230575938886054	0.7838425971625733
0.6260341107066284	0.6015536210782539
0.48894634923802366	0.5031175739927215
0.86365289725221	0.7947799357276325
0.8956400415948844	0.809363053814378
0.845374529056396	0.780196817640887
0.7037171755388377	0.7400932429023367
0.40212410030790724	0.357286393125266
0.8133873847137216	0.761967920032455
0.9139184097906984	0.9114448804215969
0.9961710666718613	0.8348835104661827
0.872792081350117	0.8932159828131649
0.7585522801262796	0.5796789439481356
0.7402739119304658	0.714572786250532
0.603186150461861	0.7036354476854728
0.7311347278325586	0.7036354476854728
0.6762996232451168	0.6671776524686088
0.9184880018396518	0.8130088333360644
0.872792081350117	0.8567581875963011
0.7768306483220936	0.7984257152493188
0.7357043198815122	0.7364474633806503
0.7676914642241867	0.6926981091204136
0.7859698324200006	0.7109270067288456
0.7128563596367447	0.7729052585975142
0.7082867675877913	0.7765510381192006
0.7768306483220936	0.8203003923794372
0.7494130960283727	0.7692594790758278
0.8225265688116286	0.8494666285529283
0.7402739119304658	0.7473848019457094
0.7448435039794191	0.7072812272071591
0.7357043198815122	0.6854065500770409
0.6900083993919772	0.7583221405107685
0.7219955437346517	0.7729052585975142
0.8408049370074425	0.7765510381192006
0.6580212550493029	0.7036354476854728
0.6945779914409308	0.6416571958168041
0.6214645186576749	0.6854065500770409
0.7219955437346517	0.6708234319902953
0.8042482006158145	0.743739022424023
0.6625908470982563	0.5906162825131949
0.6808692152940703	0.5869705029915084
0.7265651357836053	0.6270740777300586
0.6306037027555819	0.6635318729469225
0.6488820709513958	0.6781149910336681
0.7174259516856982	0.6453029753384906
0.5209334935806981	0.6380114162951178
0.5529206379233725	0.5942620620348812
0.6168949266087214	0.6854065500770409
0.6717300311961633	0.6708234319902953
0.7037171755388377	0.6525945343818633
0.6762996232451168	0.5578042668180173
0.5894773743150005	0.5723873849047628
0.57576859816814	0.6270740777300586
0.603186150461861	0.6270740777300586
0.6534516630003493	0.5505127077746444
0.6443124789024424	0.6343656367734314
0.6854388073430238	0.6197825186866859
0.6397428868534888	0.6270740777300586
0.6488820709513958	0.6525945343818633
0.57576859816814	0.6380114162951178
0.5986165584129074	0.6234282982083723
0.5666294140702329	0.648948754860177
0.6762996232451168	0.583324723469822
0.7037171755388377	0.6416571958168041
0.6671604391472099	0.7109270067288456
0.6534516630003493	0.6453029753384906
0.6077557425108143	0.5614500463397036
0.557490229972326	0.6197825186866859
0.5711990061191865	0.5906162825131949
0.47523757309116316	0.5286380306445262
0.4935159412869771	0.6015536210782539
0.5026551253848841	0.5723873849047628
0.7357043198815122	0.6562403139035498
0.5986165584129074	0.5213464716011534
0.6671604391472099	0.6124909596433131
0.5209334935806981	0.5979078415565676
0.5803381902170934	0.6234282982083723
0.5894773743150005	0.5869705029915084
0.6168949266087214	0.6015536210782539
0.6717300311961633	0.6562403139035498
0.5894773743150005	0.5505127077746444
0.5255030856296516	0.6015536210782539
0.5529206379233725	0.5140549125577807
0.6260341107066284	0.6197825186866859
0.511794309482791	0.5395753692095854
0.5986165584129074	0.4958260149493487
0.6123253345597679	0.5869705029915084
0.5072247174338376	0.5687416053830764
0.5529206379233725	0.5395753692095854
0.4935159412869771	0.5395753692095854
0.5666294140702329	0.5796789439481356
0.5986165584129074	0.5760331644264491
0.6260341107066284	0.6088451801216267
0.5072247174338376	0.5031175739927215
0.4158328764547678	0.4374935426023665
0.47066798104220964	0.5723873849047628
0.5940469663639539	0.6270740777300586
0.539211861776512	0.5395753692095854
0.539211861776512	0.470305558297544
0.5026551253848841	0.49218023542766226
0.4615287969443027	0.45936821973248476
0.5255030856296516	0.5359295896878989
