WT	KO
0.6167756161113597	0.5737105268199441
0.5583134724041218	0.5713783702068549
0.6313911520381692	0.6226858156948174
0.552467258033398	0.550388960689052
0.5086206502529697	0.5480568040759628
0.5466210436626743	0.5550532739152304
0.5846214370723789	0.5993642495639253
0.5904676514431026	0.6203536590817281
0.5232361861797791	0.5340638643974276
0.5992369729991883	0.5993642495639253
0.5612365795894837	0.5340638643974276
0.5904676514431026	0.5643819003675873
0.6343142592235311	0.5783748400461225
0.5904676514431026	0.5643819003675873
0.552467258033398	0.6203536590817281
0.5992369729991883	0.5877034664984793
0.6781608670039595	0.6996469839267611
0.6723146526332356	0.6296822855340849
0.5933907586284646	0.5783748400461225
0.6255449376674453	0.6296822855340849
0.5992369729991883	0.653003851664977
0.7073919388575785	0.6506716950518877
0.6869301885600451	0.6809897310220474
0.6430835807796167	0.5946999363377469
0.7541616538233687	0.6833218876351367
0.6840070813746834	0.6110250326293712
0.7833927256769877	0.7136399236052963
0.7717002969355401	0.7066434537660287
0.6255449376674453	0.687986200861315
0.6460066879649786	0.6600003215042446
0.6956995101161308	0.7043112971529395
0.6693915454478738	0.6833218876351367
0.7687771897501782	0.687986200861315
0.6781608670039595	0.6903183574744042
0.7833927256769877	0.7416258029623668
0.7717002969355401	0.7812724653848832
0.7453923322672831	0.7696116823194371
0.7892389400477114	0.7999297182895968
0.7395461178965592	0.7346293331230991
0.7015457244868547	0.7299650198969206
0.7015457244868547	0.7159720802183854
0.7658540825648162	0.7369614897361884
0.6781608670039595	0.7999297182895968
0.7249305819697498	0.7532865860278127
0.6752377598185976	0.7299650198969206
0.7600078681940925	0.8022618749026861
0.7483154394526449	0.6576681648911554
0.7132381532283022	0.7253007066707422
0.6986226173014928	0.7462901161885451
0.803854475974521	0.7859367786110616
0.8477010837549493	0.7812724653848832
0.7833927256769877	0.7766081521587048
0.8447779765695874	0.8115905013550428
0.774623404120902	0.7019791405398503
0.7453923322672831	0.7742759955456155
0.800931368789159	0.7929332484503292
0.7336999035258355	0.7672795257063479
0.7424692250819211	0.7206363934445639
0.777546511306264	0.7322971765100099
0.8389317621988637	0.7579508992539912
0.8710859412378446	0.8045940315157751
0.8330855478281399	0.825583441033578
0.7483154394526449	0.7253007066707422
0.803854475974521	0.7859367786110616
0.8944707987207396	0.7859367786110616
0.8184700119013304	0.7836046219979724
0.7570847610087307	0.7276328632838315
0.7892389400477114	0.7392936463492775
0.8710859412378446	0.7672795257063479
0.8272393334574161	0.825583441033578
0.8126237975306065	0.825583441033578
0.777546511306264	0.7532865860278127
0.8126237975306065	0.7486222728016343
0.7980082616037971	0.8232512844204889
0.8184700119013304	0.7999297182895968
0.7950851544184352	0.7929332484503292
0.8272393334574161	0.8045940315157751
0.8272393334574161	0.8302477542597564
0.8827783699792922	0.8512371637775593
0.8213931190866923	0.7719438389325264
0.8360086550135017	0.8115905013550428
0.8389317621988637	0.8185869711943105
0.8623166196817588	0.778940308771794
0.7161612604136641	0.7113077669922071
0.777546511306264	0.7416258029623668
0.7600078681940925	0.7066434537660287
0.8213931190866923	0.8465728505513809
0.7980082616037971	0.7579508992539912
0.9324711921304444	0.9328626452356815
1.0026257645791299	0.9281983320095031
0.8827783699792922	0.8628979468430054
0.8798552627939302	0.8279155976466672
1.0435492651741962	1.077456355247212
0.8623166196817588	0.9235340187833246
1.160473552588672	1.135760270574442
0.9997026573937678	0.9281983320095031
0.6869301885600451	0.6366787553733526
0.689853295745407	0.6786575744089582
0.6255449376674453	0.687986200861315
1.160473552588672	1.1147708610566394
1.0055488717644916	1.0144881266938035
0.6196987232967216	0.6343465987602633
0.6840070813746834	0.7253007066707422
0.66354533107715	0.6110250326293712
1.0406261579888343	0.9701771510451087
1.2540129825202526	1.1800712462231369
0.9149325490182729	0.8419085373252025
1.1224731591789674	1.042474006050874
0.777546511306264	0.8092583447419536
0.8477010837549493	0.8115905013550428
0.9733946927255108	0.963180681205841
0.8477010837549493	0.8209191278073996
0.7132381532283022	0.7113077669922071
0.7395461178965592	0.7696116823194371
0.8184700119013304	0.8232512844204889
0.7600078681940925	0.8022618749026861
0.7863158328623495	0.7462901161885451
0.803854475974521	0.7952654050634184
0.8769321556085683	0.7859367786110616
0.9003170130914635	0.8419085373252025
0.8330855478281399	0.7975975616765076
0.7015457244868547	0.8092583447419536
0.8623166196817588	0.8605657902299161
0.8097006903452446	0.881555199747719
0.8184700119013304	0.9072089224917003
0.8126237975306065	0.7602830558670803
0.774623404120902	0.7975975616765076
0.8564704053110351	0.8372442240990241
0.8564704053110351	0.7975975616765076
0.800931368789159	0.7859367786110616
0.8330855478281399	0.7486222728016343
0.7424692250819211	0.778940308771794
0.7804696184916258	0.7836046219979724
0.7863158328623495	0.7906010918372399
0.7687771897501782	0.7929332484503292
0.7658540825648162	0.7975975616765076
0.7629309753794543	0.7276328632838315
0.8067775831598829	0.7649473690932587
0.7073919388575785	0.8325799108728457
0.7892389400477114	0.7299650198969206
0.660622223891788	0.7206363934445639
0.7278536891551117	0.6856540442482257
0.7044688316722165	0.7206363934445639
0.7600078681940925	0.7392936463492775
0.8272393334574161	0.7836046219979724
0.7249305819697498	0.7416258029623668
0.7629309753794543	0.7322971765100099
0.7424692250819211	0.7602830558670803
0.7658540825648162	0.7882689352241508
0.6489297951503405	0.6996469839267611
0.6489297951503405	0.6506716950518877
0.660622223891788	0.7532865860278127
0.6284680448528073	0.6576681648911554
0.7249305819697498	0.6506716950518877
0.7249305819697498	0.7019791405398503
0.689853295745407	0.6903183574744042
0.7073919388575785	0.6856540442482257
0.6167756161113597	0.6436752252126202
0.6840070813746834	0.6203536590817281
0.6986226173014928	0.7019791405398503
0.6927764029307689	0.6296822855340849
0.7220074747843879	0.7089756103791178
0.6723146526332356	0.7019791405398503
0.6781608670039595	0.6063607194031929
0.6167756161113597	0.6763254177958691
0.5904676514431026	0.5993642495639253
0.7044688316722165	0.6903183574744042
0.637237366408893	0.6809897310220474
0.6518529023357025	0.5737105268199441
0.5846214370723789	0.5807069966592117
0.6430835807796167	0.5877034664984793
0.6664684382625119	0.6693289479566014
0.66354533107715	0.6809897310220474
0.66354533107715	0.6833218876351367
0.581698329887017	0.6413430685995309
0.5846214370723789	0.6156893458555497
0.5583134724041218	0.5597175871414088
0.66354533107715	0.6320144421471742
0.6080062945552741	0.6739932611827798
0.5992369729991883	0.6250179723079066
0.6518529023357025	0.653003851664977
0.6781608670039595	0.6600003215042446
0.6664684382625119	0.5853713098853901
0.5963138658138264	0.5993642495639253
0.526159293365141	0.5597175871414088
0.6752377598185976	0.6600003215042446
0.6050831873699122	0.5597175871414088
0.6401604735942548	0.6086928760162821
0.5641596867748455	0.5643819003675873
0.5407748292919504	0.5993642495639253
0.5115437574383315	0.5737105268199441
0.5466210436626743	0.5643819003675873
0.6284680448528073	0.6320144421471742
0.4881588999554364	0.4944172019749111
0.5378517221065886	0.5107422982665355
0.5320055077358647	0.5433924908497845
0.6080062945552741	0.5410603342366952
0.6050831873699122	0.5597175871414088
0.5144668646236934	0.5177387681058032
0.4881588999554364	0.4501062263262162
