WT	KO
0.6617807084719832	0.5913346385320549
0.6954476085992594	0.6638984145146325
0.6728355114988499	0.6290196934622333
0.6859002787124199	0.6049654030812683
0.6668056189387408	0.5929382578907858
0.6773579309189318	0.6246097402257231
0.6647956547520377	0.6177943579511163
0.6788654040589592	0.6077717369590476
0.6859002787124199	0.6125825950352405
0.6532383606784952	0.6005554498447581
0.6703230562654712	0.6294205983019161
0.6979600638326382	0.6254115499050886
0.6874077518524472	0.6482631257670053
0.6919301712725291	0.6530739838431983
0.6864027697590956	0.6478622209273226
0.6944426265059078	0.6462586015685915
0.7150447594196142	0.6470604112479571
0.6974575727859625	0.6739210355067011
0.7165522325596416	0.6578848419193912
0.7195671788396961	0.6626956999955842
0.7260995624464811	0.663096604835267
0.7195671788396961	0.6470604112479571
0.7080098847661536	0.6723174161479701
0.7326319460532661	0.6903581339336938
0.7597664625737575	0.6775291790638459
0.7592639715270816	0.6955698968495696
0.7356468923333207	0.6927635629717903
0.7678063193205696	0.7035879936432247
0.7713237566473	0.6991780404067144
0.7783586313007608	0.7220296162686312
0.75825898943373	0.6935653726511559
0.7205721609330477	0.7156151388337071
0.7532340789669725	0.7112051855971968
0.7858959970008973	0.7633228147559543
0.8205678792215251	0.765327338954368
0.7718262476939758	0.7180205678718036
0.7416767848934299	0.6907590387733766
0.7984582731677914	0.731651332421017
0.8265977717816342	0.7753499599464367
0.8381550658551767	0.765327338954368
0.8105180582880097	0.7152142339940243
0.7994632552611429	0.7533001937638855
0.8075031120079552	0.7452820969702306
0.8255927896882826	0.7785571986638987
0.8391600479485283	0.7512956695654718
0.8210703702682007	0.7873771051369192
0.8376525748085011	0.7537010986035683
0.8341351374817707	0.7709400067099265
0.865792073422344	0.75249838408452
0.8145379866614159	0.7577101470003957
0.8431799763219345	0.7484893356876925
0.8522248151620982	0.779759913182947
0.8265977717816342	0.7484893356876925
0.8823742779626441	0.8102286809988358
0.8964440272695656	0.8366884004178974
0.886896697382726	0.8082241568004221
0.9024739198296748	0.8262648745861458
0.8577522166755317	0.78457077125914
0.8703144928424259	0.771741816389292
0.8708169838891016	0.806620537441691
0.8632796181889651	0.7861743906178709
0.8979515004095929	0.8326793520210698
0.8914191168028079	0.7905843438543811
0.8703144928424259	0.8190485874718564
0.8843842421493473	0.8014087745258154
0.9100112855298114	0.7945933922512086
0.8909166257561323	0.8110304906782013
0.9265934900701116	0.8310757326623388
0.9034789019230264	0.7745481502670712
0.8843842421493473	0.8419001633337732
0.9004639556429718	0.803814203563912
0.8959415362228899	0.8230576358686839
0.901971428782999	0.825863969746463
0.9125237407631902	0.8238594455480494
0.9647828096174698	0.8366884004178974
0.9064938482030809	0.8443055923718695
0.9034789019230264	0.8214540165099529
0.9572454439173332	0.8607426907988623
0.9421707125170603	0.8382920197766284
0.9331258736768966	0.8374902100972629
0.8843842421493473	0.8126341100369323
0.9004639556429718	0.8142377293956634
0.8547372703954771	0.7757508647861194
0.769313792460597	0.7007816597654454
0.7271045445398326	0.653474888682881
0.664293163705362	0.6298215031415988
0.7250945803531296	0.6486640306066881
0.7668013372272181	0.6987771355670317
0.786398488047573	0.728444093703555
0.6547458338185225	0.6386414096146192
0.7346419102399692	0.7156151388337071
0.8215728613148766	0.7545029082829338
1.0657835099992987	0.9613698055592322
0.9029764108763505	0.8282693987845595
0.9326233826302207	0.8439046875321868
0.8135330045680643	0.7436784776114995
0.8904141347094564	0.851521879486159
1.0381465024321315	0.9870277152989283
0.9743301395043092	0.8976259360496752
0.7245920893064538	0.6783309887432114
0.7356468923333207	0.6775291790638459
0.9622703543840909	0.9080494618814267
1.0557336890657834	0.9393200393766812
0.8642846002823166	0.8150395390750289
0.777856140254085	0.7148133291543416
0.9014689377363233	0.8334811617004353
0.8894091526161049	0.8174449681131254
1.0341265740587253	0.9465363264909706
0.7657963551338666	0.7027861839638592
0.6738404935922014	0.6779300839035287
0.6351486829981675	0.5973482111272961
0.7869009790942488	0.7260386646654586
0.7833835417675183	0.7332549517797481
0.72861201767986	0.6947680871702041
0.6612782174253073	0.5773029691431586
0.6416810666049525	0.6258124547447713
0.7502191326869179	0.6795337032622597
0.7904184164209792	0.7516965744051545
0.8255927896882826	0.7765526744654849
0.8597621808622347	0.8078232519607393
0.8964440272695656	0.8282693987845595
0.8853892242426988	0.8222558261893184
0.9115187586698387	0.8354856858988491
0.8853892242426988	0.8286703036242423
0.8954390451762141	0.8354856858988491
0.9009664466896475	0.8174449681131254
0.9180511422766235	0.8346838762194836
0.9095087944831355	0.8495173552877453
0.9220710706500297	0.829071208463925
0.9024739198296748	0.8511209746464763
0.8884041705227534	0.8278684939448768
0.8466974136486648	0.8162422535940771
0.8477023957420164	0.7849716760988227
0.8622746360956136	0.7998051551670844
0.8723244570291289	0.8122332051972496
0.8778518585425623	0.8070214422813738
0.8286077359683373	0.7761517696258022
0.86981200179575	0.8078232519607393
0.8622746360956136	0.8254630649067803
0.859259689815559	0.7945933922512086
0.8386575569018526	0.7785571986638987
0.7999657463078187	0.7472866211686443
0.8054931478212521	0.7537010986035683
0.8095130761946582	0.7853725809385055
0.7783586313007608	0.7436784776114995
0.7858959970008973	0.7292459033829205
0.8080056030546309	0.757309242160713
0.7964483089810883	0.739669429214672
0.7522290968736209	0.7260386646654586
0.7748411939740304	0.7124079001162451
0.7260995624464811	0.6847454661781355
0.8276027538749857	0.7468857163289615
0.8004682373544943	0.7083988517194176
0.7889109432809518	0.7352594759781618
0.7522290968736209	0.7059934226813211
0.743686749080133	0.7240341404670448
0.7472041864068634	0.7015834694448109
0.7527315879202966	0.7067952323606866
0.7401693117534025	0.687150895216232
0.720069669886372	0.6771282742241632
0.747706677453539	0.6707137967892391
0.7497166416402421	0.7204259969099001
0.7954433268877368	0.7164169485130726
0.7683088103672454	0.7212278065892656
0.7753436850207062	0.7184214727114864
0.7341394191932934	0.6967726113686179
0.7497166416402421	0.6919617532924248
0.7642888819938394	0.7075970420400521
0.7597664625737575	0.6847454661781355
0.7441892401268086	0.685547275857501
0.7587614804804059	0.7071961372003694
0.7170547236063173	0.685547275857501
0.7145422683729385	0.6947680871702041
0.7105223399995325	0.6847454661781355
0.7250945803531296	0.6903581339336938
0.7155472504662901	0.7083988517194176
0.7185621967463447	0.6779300839035287
0.6768554398722562	0.6586866515987567
0.6753479667322289	0.6566821274003429
0.6773579309189318	0.6542766983622464
0.6904226981325018	0.6578848419193912
0.7291145087265357	0.6634975096749497
0.6838903145257168	0.640645933813033
0.6778604219656077	0.6470604112479571
0.6889152249924744	0.6350332660574745
0.6833878234790411	0.6222043111876265
0.7054974295327747	0.6278169789431851
0.6919301712725291	0.632627837019378
0.6688155831254439	0.6354341708971573
0.6848952966190683	0.6410468386527157
0.6632881816120104	0.6358350757368401
0.6688155831254439	0.65187126932415
0.7065024116261263	0.6402450289733502
0.6562533069585498	0.6446549822098605
0.6562533069585498	0.6161907385923853
0.7075073937194778	0.6474613160876398
0.666303127892065	0.6133844047146061
0.6537408517251709	0.6302224079812816
0.6658006368453893	0.61979888214953
0.6703230562654712	0.6017581643638064
