WT	KO
0.6190636884070934	0.6344558622896398
0.6127143172439438	0.6240811123402494
0.64723902294357	0.669570400579884
0.6373181305011487	0.6404412949527496
0.6289845808495147	0.6492199295253106
0.6131111529416405	0.6432344968622008
0.6424769945712078	0.6464267276158593
0.6432706659666015	0.658397592942079
0.6825574000385901	0.699497563895433
0.663906122246838	0.6719645736451278
0.650016872827448	0.6348548911338471
0.6468421872458733	0.6428354680179935
0.6496200371297511	0.6687723428914693
0.6591440938744757	0.6532102179673839
0.6710491648053813	0.66717622751464
0.680176385852409	0.6815412659061035
0.6758111931777435	0.670767487112506
0.6627156151537474	0.6639839967609815
0.6877162641086493	0.7086752273122013
0.6988276636441612	0.7082761984679941
0.7012086778303422	0.7014927081164697
0.7071612132957952	0.6875266985692134
0.6781922073639247	0.7014927081164697
0.6900972782948304	0.7142616311311039
0.7083517203888857	0.7154587176637259
0.7063675419004013	0.7338140444972625
0.7504163043447523	0.7382033617835431
0.7190662842267007	0.7154587176637259
0.71033589887737	0.7146606599753111
0.7198599556220945	0.7118674580658599
0.7095422274819762	0.7354101598740919
0.7123200773658542	0.7258334676131162
0.7301776837622127	0.7282276406783601
0.7603371967871737	0.7745149866064093
0.7885125313236503	0.7621450924359824
0.7035896920165234	0.7250354099247016
0.7178757771336103	0.7409965636929944
0.7111295702727637	0.7046849388701282
0.7408922476000278	0.7378043329393358
0.7432732617862089	0.7417946213814091
0.7571625112055989	0.7453858809792749
0.7071612132957952	0.7302227848993967
0.7329555336460907	0.7437897656024456
0.7131137487612479	0.7098723138448234
0.7694644178342013	0.7713227558527507
0.7277966695760315	0.7354101598740919
0.7476384544608744	0.7378043329393358
0.7424795903908151	0.7390014194719579
0.7861315171374692	0.7876829384652508
0.7762106246950479	0.8008508903240924
0.7774011317881383	0.7777072173600679
0.74565427597239	0.7350111310298845
0.783750502951288	0.7725198423853726
0.7777979674858353	0.8100285537408608
0.8309739509772138	0.8363644574585439
0.8222435656278829	0.8491333804731782
0.8285929367910326	0.8032450633893363
0.7877188599282566	0.8120236979618974
0.8234340727209736	0.8032450633893363
0.8246245798140641	0.8303790247954342
0.8198625514417018	0.8327731978606782
0.8305771152795169	0.838758630523788
0.8428790219081195	0.8227974767554951
0.8341486365587887	0.8000528326356778
0.8444663646989068	0.8291819382628122
0.8341486365587887	0.8331722267048854
0.8512125715597534	0.8435469766542757
0.84406952900121	0.85631589966891
0.8246245798140641	0.8212013613786657
0.835735979349576	0.8020479768567144
0.827799265395639	0.8255906786649463
0.8246245798140641	0.794067399972568
0.8670859994676275	0.8551188131362881
0.8670859994676275	0.8926275244917762
0.871451192142293	0.8798586014771419
0.9024043765626476	0.8794595726329346
0.8960550053994979	0.8842479187634225
0.8647049852814465	0.8507294958500076
0.8643081495837496	0.868685793839337
0.8662923280722339	0.8742721976582395
0.8833562630731986	0.8786615149445199
0.8710543564445961	0.8523256112268368
0.7873220242305597	0.7836926500231777
0.7258124910875473	0.7018917369606769
0.6889067712017398	0.6887237851018354
0.6766048645731374	0.648421871836896
0.723828312599063	0.709473285000616
0.742876426088512	0.7665344097222629
0.7535909899263271	0.765337323189641
0.6246193881748494	0.5981442374667736
0.7373207263207561	0.7214441503268356
0.7996239308591622	0.7797023615811044
1.010343686336192	1.0051536585582406
0.8793879060962301	0.867488707306715
0.8710543564445961	0.8519265823826295
0.7345428764368781	0.7621450924359824
0.8805784131893206	0.8958197552454347
0.9988354511029833	0.9780196971521428
0.9662949238918412	0.9512847645902522
0.680176385852409	0.6911179581670792
0.7035896920165234	0.7022907658048843
0.9262145184244589	0.9437032165503132
1.0147088790108576	1.0055526874024479
0.8587524498159936	0.8487343516289709
0.7531941542286302	0.7601499482149457
0.8480378859781785	0.8507294958500076
0.873832206328474	0.8906323802707395
0.9797873376135342	0.9508857357460451
0.7631150466710517	0.7797023615811044
0.6690649863168971	0.6687723428914693
0.6230320453840619	0.6057257855067127
0.7166852700405196	0.7505732559539701
0.7710517606249887	0.7785052750484824
0.707558048993492	0.6967043619859817
0.655572572595204	0.6627869102283596
0.680176385852409	0.6899208716344574
0.7079548846911888	0.7413955925372017
0.7547814970194177	0.720646092638421
0.7984334237660717	0.823994563288117
0.8512125715597534	0.8367634863027513
0.8571651070252062	0.8646955053972638
0.9186746401682186	0.8966178129338495
0.8670859994676275	0.8587100727341539
0.8758163848169584	0.8459411497195196
0.8619271353975685	0.8363644574585439
0.8575619427229031	0.8682867649951296
0.8682765065607182	0.868685793839337
0.8750227134215647	0.9038003321295812
0.873832206328474	0.8718780245929956
0.8448632003966037	0.8419508612774464
0.8254182512094578	0.7852887654000069
0.8151005230693397	0.8271867940417756
0.8158941944647333	0.8359654286143368
0.8202593871393987	0.8004518614798851
0.832958129465698	0.8148168998713486
0.8075606448130994	0.7649382943454336
0.8107353303946742	0.8100285537408608
0.7857346814397724	0.7916732269073241
0.7607340324848705	0.7745149866064093
0.8091479876038867	0.8012499191682998
0.8119258374877648	0.7892790538420801
0.8012112736499497	0.7832936211789704
0.7686707464388076	0.7805004192695192
0.7508131400424491	0.7421936502256163
0.7317650265530001	0.7374053040951285
0.7234314769013661	0.7334150156530553
0.7674802393457171	0.7701256693201287
0.800020766556859	0.7645392655012263
0.7444637688792995	0.7346121021856773
0.7404954119023309	0.7282276406783601
0.7333523693437876	0.7366072464067138
0.7381143977161498	0.7509722847981773
0.742876426088512	0.7342130733414699
0.7246219839944567	0.7378043329393358
0.7139074201566417	0.7266315253015309
0.7123200773658542	0.699497563895433
0.7150979272497322	0.6983004773628111
0.7289871766691222	0.721843179171043
0.7000181707372517	0.7146606599753111
0.71033589887737	0.6963053331417745
0.7000181707372517	0.7170548330405551
0.7353365478322718	0.7238383233920797
0.7285903409714253	0.7134635734426892
0.7281935052737284	0.6819402947503109
0.7182726128313071	0.6947092177649452
0.7317650265530001	0.7050839677143355
0.7198599556220945	0.7210451214826283
0.7095422274819762	0.7190499772615917
0.6885099355040429	0.6955072754533598
0.6730333432938657	0.6799451505292743
0.6821605643408932	0.7022907658048843
0.6845415785270744	0.6827383524387255
0.7166852700405196	0.7062810542469574
0.6904941139925271	0.6763538909314084
0.6690649863168971	0.6835364101271403
0.6682713149215033	0.6719645736451278
0.6567630796882945	0.6631859390725668
0.6591440938744757	0.6699694294240912
0.6734301789915625	0.6607917660073229
0.6559694082929008	0.6556043910326278
0.6484295300366606	0.6344558622896398
0.6262067309656367	0.6284704296265299
0.6234288810817588	0.6200908238981762
0.655572572595204	0.6264752854054934
0.6357307877103613	0.6460276987716521
0.6333497735241801	0.6440325545506155
0.6277940737564243	0.6252781988728714
0.6297782522449085	0.617297621988725
0.600809246313038	0.6093170451045785
0.6396991446873298	0.6272733430939079
0.614698495732428	0.6061248143509199
0.6504137085251449	0.6192927662097616
0.622635209686365	0.6288694584707373
0.6059681103830972	0.5993413239993955
0.5813642971258921	0.5949520067131151
0.6178731813140028	0.5965481220899442
0.6361276234080582	0.6212879104307982
0.6206510311978808	0.6436335257064081
0.603587096196916	0.5949520067131151
0.5924756966614041	0.584976285607932
