WT	KO
0.5224711503915285	0.5799943265828534
0.3755261393439111	0.4710256955278931
0.4489986448677198	0.4780559297895034
0.444916839005286	0.49914663257433445
0.555125597290999	0.5518733895364121
0.5428801797036976	0.5448431552748018
0.49798031521692554	0.530782686751581
0.5143075386666609	0.5518733895364121
0.5510437914285652	0.6538117863297621
0.5673710148783004	0.6362362006757362
0.5796164324656019	0.6010850293676845
0.5347165679788299	0.530782686751581
0.555125597290999	0.5940547951060741
0.555125597290999	0.5624187409288276
0.5020621210793593	0.5413280381439965
0.5673710148783004	0.5799943265828534
0.6490071321269768	0.6010850293676845
0.689825190751315	0.6046001464984896
0.6000254617777709	0.7170838946842552
0.5796164324656019	0.5694489751904379
0.5796164324656019	0.5624187409288276
0.5877800441904695	0.6362362006757362
0.710234220063484	0.6643571377221775
0.6857433848888811	0.674902489114593
0.6326799086772416	0.7381745974690861
0.6816615790264473	0.6538117863297621
0.555125597290999	0.590539677975269
0.6326799086772416	0.6502966691989569
0.5796164324656019	0.674902489114593
0.6081890735026387	0.5870245608444637
0.644925326264543	0.6186606150217103
0.6694161614391458	0.7311443632074758
0.6694161614391458	0.6784176062453983
0.6408435204021092	0.671387371983788
0.6939069966137488	0.7381745974690861
0.7918703373121604	0.671387371983788
0.6694161614391458	0.7205990118150603
0.6285981028148078	0.6995083090302293
0.6000254617777709	0.6643571377221775
0.6122708793650725	0.6116303807600999
0.5347165679788299	0.5870245608444637
0.6571707438518445	0.6643571377221775
0.5469619855661314	0.6924780747686189
0.5959436559153372	0.5764792094520482
0.6000254617777709	0.671387371983788
0.6041072676402047	0.7276292460766707
0.6081890735026387	0.6995083090302293
0.689825190751315	0.6678722548529827
0.6612525497142783	0.5940547951060741
0.6163526852275063	0.6538117863297621
0.6408435204021092	0.6362362006757362
0.6775797731640135	0.7733257687771379
0.6367617145396753	0.6784176062453983
0.689825190751315	0.7030234261610344
0.7061524142010502	0.755750183123112
0.624516296952374	0.7065385432918396
0.6612525497142783	0.6643571377221775
0.7469704728253884	0.7205990118150603
0.7551340845502561	0.7311443632074758
0.7877885314497266	0.7627804173847225
0.6939069966137488	0.7416897145998913
0.6939069966137488	0.6784176062453983
0.7061524142010502	0.7135687775534499
0.6775797731640135	0.7416897145998913
0.800033949037028	0.7100536604226447
0.6734979673015797	0.7381745974690861
0.7347250552380868	0.7416897145998913
0.7388068611005207	0.7381745974690861
0.6857433848888811	0.734659480338281
0.7265614435132193	0.7487199488615016
0.6571707438518445	0.6959931918994241
0.644925326264543	0.7100536604226447
0.6939069966137488	0.7662955345155276
0.7632976962751237	0.8119920572159948
0.8326883959364985	0.7592653002539173
0.7510522786878222	0.8190222914776051
0.7510522786878222	0.6784176062453983
0.7061524142010502	0.7592653002539173
0.7224796376507855	0.7698106516463328
0.8612610369735352	0.7803560030387483
0.6734979673015797	0.7733257687771379
0.7877885314497266	0.755750183123112
0.7918703373121604	0.7873862373003586
0.7306432493756531	0.7100536604226447
0.7755431138624251	0.7627804173847225
0.7592158904126899	0.8506583456548517
0.7265614435132193	0.7065385432918396
0.7265614435132193	0.7592653002539173
0.6041072676402047	0.5659338580596327
0.5265529562539624	0.5624187409288276
0.555125597290999	0.49914663257433445
0.6612525497142783	0.6819327233762035
0.7877885314497266	0.7733257687771379
0.5755346266031681	0.530782686751581
0.444916839005286	0.4710256955278931
0.4285896155555507	0.4639954612662827
0.8775882604232705	0.8928397512245138
0.9959606304338511	0.8998699854861241
0.7265614435132193	0.674902489114593
0.5836982383280357	0.6292059664141257
0.5510437914285652	0.5026617497051395
0.7918703373121604	0.8260525257392155
0.9306517366349101	0.9701723281022275
0.7632976962751237	0.8084769400851897
0.39185336279364635	0.4464198756122569
0.3959351686560802	0.3936931186501793
0.6081890735026387	0.530782686751581
0.7877885314497266	0.8190222914776051
0.5265529562539624	0.5237524524899707
0.4081805862433816	0.5518733895364121
0.5714528207407342	0.5975699122368793
0.6979888024761826	0.734659480338281
0.6285981028148078	0.7311443632074758
0.6367617145396753	0.7205990118150603
0.6857433848888811	0.6854478405070086
0.8735064545608366	0.7768408859079431
0.7632976962751237	0.8295676428700206
0.7265614435132193	0.8541734627856569
0.7020706083386163	0.7522350659923068
0.6816615790264473	0.6995083090302293
0.7551340845502561	0.7135687775534499
0.710234220063484	0.6362362006757362
0.7632976962751237	0.7592653002539173
0.6939069966137488	0.7909013544311637
0.7714613079999914	0.7909013544311637
0.7551340845502561	0.7662955345155276
0.7183978317883516	0.7662955345155276
0.8122793666243294	0.7944164715619689
0.7877885314497266	0.7979315886927741
0.8612610369735352	0.8471432285240464
0.7551340845502561	0.7803560030387483
0.710234220063484	0.7452048317306965
0.6857433848888811	0.7205990118150603
0.6979888024761826	0.632721083544931
0.8326883959364985	0.8471432285240464
0.689825190751315	0.7909013544311637
0.7347250552380868	0.7241141289458655
0.7592158904126899	0.7065385432918396
0.6694161614391458	0.6854478405070086
0.7428886669629546	0.7065385432918396
0.8367702017989324	0.7416897145998913
0.6367617145396753	0.6889629576378138
0.665334355576712	0.7768408859079431
0.6530889379894106	0.7733257687771379
0.710234220063484	0.671387371983788
0.7020706083386163	0.7276292460766707
0.6694161614391458	0.7838711201695534
0.5510437914285652	0.6924780747686189
0.665334355576712	0.7487199488615016
0.665334355576712	0.6995083090302293
0.6285981028148078	0.7100536604226447
0.7020706083386163	0.7487199488615016
0.6979888024761826	0.7944164715619689
0.7020706083386163	0.6819327233762035
0.6122708793650725	0.6854478405070086
0.6939069966137488	0.6608420205913724
0.7143160259259178	0.6854478405070086
0.6979888024761826	0.674902489114593
0.7183978317883516	0.6502966691989569
0.689825190751315	0.6432664349373466
0.6734979673015797	0.6397513178065414
0.6979888024761826	0.7170838946842552
0.6612525497142783	0.6362362006757362
0.5918618500529034	0.6643571377221775
0.665334355576712	0.6362362006757362
0.5714528207407342	0.6046001464984896
0.644925326264543	0.7311443632074758
0.6367617145396753	0.7311443632074758
0.6204344910899401	0.6854478405070086
0.624516296952374	0.5870245608444637
0.5877800441904695	0.6221757321525154
0.6285981028148078	0.6573269034605672
0.6490071321269768	0.6502966691989569
0.6530889379894106	0.6256908492833206
0.624516296952374	0.6678722548529827
0.5959436559153372	0.6678722548529827
0.49798031521692554	0.6151454978909051
0.7061524142010502	0.6081152636292948
0.6775797731640135	0.7170838946842552
0.6571707438518445	0.6502966691989569
0.6530889379894106	0.6959931918994241
0.6367617145396753	0.6854478405070086
0.5469619855661314	0.5342978038823862
0.5673710148783004	0.6221757321525154
0.5714528207407342	0.6256908492833206
0.6122708793650725	0.5799943265828534
0.6041072676402047	0.6397513178065414
0.6163526852275063	0.6256908492833206
0.6326799086772416	0.6292059664141257
0.6000254617777709	0.590539677975269
0.5592074031534329	0.5483582724056069
0.5714528207407342	0.530782686751581
0.5265529562539624	0.5764792094520482
0.5143075386666609	0.5624187409288276
0.5877800441904695	0.5659338580596327
0.5673710148783004	0.5975699122368793
0.555125597290999	0.5694489751904379
0.5347165679788299	0.6432664349373466
0.47348948004232266	0.5026617497051395
0.4816530917671903	0.5799943265828534
