WT	KO
0.6943784513942123	0.6628506589518325
0.7238567818779288	0.612079119117224
0.622320310211794	0.612079119117224
0.5731897594055997	0.6290029657287602
0.5338853187606443	0.5641282203845382
0.5830158695668386	0.5782314258941517
0.6321464203730329	0.705160275480673
0.7795380727916157	0.6995189932768274
0.7107553016629437	0.6797745055633686
0.6780016011254808	0.6346442479326055
0.6485232706417643	0.6233616835249147
0.6780016011254808	0.612079119117224
0.772987332684123	0.705160275480673
0.6550740107492569	0.6684919411556778
0.6157695701043014	0.6459268123402963
0.6288710503192866	0.5472043737730021
0.6747262310717346	0.6825951466652913
0.7271321519316751	0.7305460453979771
0.772987332684123	0.7333666864998998
0.7271321519316751	0.7502905331114359
0.7107553016629437	0.7164428398883637
0.7042045615554511	0.7249047631941317
0.6616247508567494	0.6600300178499098
0.7336828920391676	0.8151652784556578
0.7598858524691379	0.7136221987864408
0.6485232706417643	0.7249047631941317
0.8581469540815265	0.7841382263345081
0.8286686235978099	0.840551048372962
0.7893641829528545	0.8377304072710393
0.7697119626303768	0.7023396343787501
0.7369582620929139	0.7108015576845182
0.7336828920391676	0.7559318153152813
0.7762627027378693	0.758752456417204
0.8253932535440636	0.7982414318441217
0.8122917733290784	0.8010620729460444
0.8909006546189893	0.9251702814306428
0.8286686235978099	0.7926001496402763
0.7926395530066008	0.7643937386210494
0.7205814118241824	0.7643937386210494
0.7533351123616454	0.8151652784556578
0.9629587958014075	0.8659368182902663
0.8221178834903173	0.832089125067194
0.8024656631678396	0.8010620729460444
0.8221178834903173	0.7531111742133586
0.8450454738665414	0.7700350208248947
0.9072775048877207	0.8969638704114158
0.8483208439202876	0.9449147691441017
0.8581469540815265	0.832089125067194
0.8581469540815265	0.8997845115133386
0.9138282449952133	0.8715781004941117
0.8679730642427653	0.8377304072710393
0.8319439936515562	0.8885019471056478
0.7991902931140933	0.868757459392189
0.8777991744040041	0.8123446373537351
0.9302050952639447	0.9026051526152613
0.8253932535440636	0.8264478428633486
0.887625284565243	0.8095239962518125
0.9858863861776316	0.9223496403287201
0.8777991744040041	0.913887717022952
0.864697694189019	0.8377304072710393
0.8941760246727356	0.8631161771883435
0.8352193637053025	0.8490129716787301
0.8974513947264818	0.9533766924498698
0.9400312054251836	0.8856813060037251
0.9040021348339744	0.9392734869402561
0.9367558353714373	1.0041482322844781
0.8810745444577505	0.8546542538825755
0.8090164032753322	0.8800400237998798
0.8974513947264818	0.8885019471056478
0.933480465317691	0.9364528458383335
0.9989878663926167	0.9477354102460243
0.9040021348339744	0.9223496403287201
0.7795380727916157	0.7926001496402763
0.9138282449952133	0.840551048372962
0.8777991744040041	0.7982414318441217
0.9269297252101985	0.9900450267748647
0.8941760246727356	0.950556051347947
0.8352193637053025	0.913887717022952
0.9433065754789298	0.9110670759210294
0.8221178834903173	0.8490129716787301
0.9072775048877207	0.8715781004941117
1.0120893466076017	0.9759418212652513
0.9727849059626464	0.9646592568575605
0.9531326856401687	0.8067033551498897
0.9498573155864224	0.8800400237998798
0.8745238043502579	0.832089125067194
0.9498573155864224	0.8715781004941117
0.8384947337590487	0.8941432293094932
1.0120893466076017	0.9477354102460243
1.1365534086499605	1.114153235259463
0.9989878663926167	0.9844037445710192
0.933480465317691	0.795420790742199
1.0874228578437664	1.1395390051767673
1.0186400867150944	1.0182514377940917
1.254466730584827	1.2354408026421388
0.979335646070139	0.9815831034690966
0.7238567818779288	0.6431061712383737
0.8155671433828248	0.7700350208248947
0.7369582620929139	0.795420790742199
1.326524871767245	1.2580059314575205
1.2511913605310805	1.2410820848459843
0.7271321519316751	0.705160275480673
0.7238567818779288	0.6995189932768274
0.7042045615554511	0.6600300178499098
1.0874228578437664	1.0915881064440816
1.2610174706923194	1.2410820848459843
1.0906982278975126	0.9985069500806328
1.1627563690799307	1.207234391622912
0.9367558353714373	0.8518336127806527
0.8941760246727356	0.9026051526152613
1.0874228578437664	1.052099131017164
1.0088139765538555	1.032354643303705
0.910552874941467	0.8772193826979571
0.9040021348339744	1.0379959255075504
0.9367558353714373	0.8969638704114158
0.9760602760163927	0.9533766924498698
0.887625284565243	0.8236272017614259
0.9826110161238852	0.9054257937171839
1.08414748779002	0.9985069500806328
0.9596834257476613	0.9703005390614058
0.9072775048877207	0.9308115636344882
0.8941760246727356	0.9364528458383335
0.9040021348339744	0.9561973335517924
1.0743213776287812	0.950556051347947
0.9531326856401687	0.9759418212652513
1.0317415669300796	0.9054257937171839
0.956408055693915	0.9336322047364108
0.9400312054251836	0.8941432293094932
0.9727849059626464	0.8828606649018024
0.8483208439202876	0.9082464348191066
0.910552874941467	0.8292684839652712
0.887625284565243	0.7897795085383535
0.910552874941467	0.8631161771883435
0.9269297252101985	0.8574748949844982
0.8810745444577505	0.8828606649018024
0.8155671433828248	0.8574748949844982
0.8941760246727356	0.9590179746537151
0.9433065754789298	0.950556051347947
0.887625284565243	0.8264478428633486
0.8679730642427653	0.8828606649018024
0.8188425134365711	0.7502905331114359
0.7959149230603471	0.8067033551498897
0.8483208439202876	0.8377304072710393
0.7598858524691379	0.832089125067194
0.8614223241352728	0.7728556619268174
0.7304075219854214	0.7982414318441217
0.8122917733290784	0.7841382263345081
0.7598858524691379	0.7728556619268174
0.8024656631678396	0.8743987415960343
0.7762627027378693	0.7531111742133586
0.8548715840277802	0.7784969441306628
0.8122917733290784	0.8010620729460444
0.7991902931140933	0.7446492509075905
0.7107553016629437	0.7700350208248947
0.772987332684123	0.7164428398883637
0.7009291915017049	0.7700350208248947
0.7205814118241824	0.7277254042960545
0.6976538214479585	0.7700350208248947
0.7304075219854214	0.7333666864998998
0.6911030813404659	0.6656713000537552
0.6911030813404659	0.6769538644614459
0.8155671433828248	0.7615730975191266
0.7762627027378693	0.7926001496402763
0.7173060417704362	0.6713125822576006
0.7304075219854214	0.7559318153152813
0.6845523412329734	0.640285530136451
0.7598858524691379	0.7615730975191266
0.7828134428453619	0.7136221987864408
0.7042045615554511	0.7305460453979771
0.7402336321466603	0.7982414318441217
0.7074799316091974	0.6769538644614459
0.6452479005880181	0.6572093767479871
0.6321464203730329	0.6966983521749048
0.576465129459346	0.6233616835249147
0.6485232706417643	0.6459268123402963
0.7009291915017049	0.6543887356460644
0.7205814118241824	0.685415787767214
0.6812769711792271	0.6656713000537552
0.5961173497818237	0.603617195811456
0.6059434599430626	0.6543887356460644
0.6878277112867197	0.7023396343787501
0.6452479005880181	0.6797745055633686
0.6878277112867197	0.6261823246268375
0.6616247508567494	0.6938777110729821
0.6092188299968089	0.7023396343787501
0.6616247508567494	0.612079119117224
0.6649001209104957	0.612079119117224
0.668175490964242	0.5923346314037652
0.6255956802655402	0.6064378369133786
0.5469867989756294	0.5556662970787702
0.6354217904267792	0.6205410424229921
0.6386971604805254	0.7023396343787501
0.6386971604805254	0.5725901436903064
0.5731897594055997	0.5472043737730021
0.530609948706898	0.5105360394480072
0.5797404995130924	0.6177204013210694
0.6288710503192866	0.6233616835249147
0.6026680898893163	0.6177204013210694
0.5895666096743312	0.6233616835249147
0.540436058868137	0.5697695025883837
