WT	KO
0.6546689918716431	0.7034769896617835
0.6749463500269595	0.6436066075629083
0.6112175101102508	0.647348506444088
0.6314948682655672	0.6810255963747053
0.7256397454152503	0.6897566937641246
0.6561173745970228	0.709713487797083
0.6517722264208836	0.684767495255885
0.6401851646178457	0.6635634015958667
0.7068107699853137	0.6810255963747053
0.7039140045345542	0.6610688023417469
0.7314332763167692	0.7284229822029815
0.6445303127939849	0.6498431056982078
0.6532206091462633	0.7147026863053226
0.6952237081822757	0.7670892706418384
0.7299848935913895	0.7433905777277002
0.8024040298603766	0.7945298624371562
0.7401235726690477	0.7745730684041978
0.7285365108660098	0.7047242892888433
0.7575041653736048	0.7733257687771379
0.8241297707410727	0.7795622669124375
0.8168878571141741	0.7733257687771379
0.7444687208451871	0.7296702818300413
0.7430203381198073	0.7022296900347236
0.7256397454152503	0.7870460646747968
0.7922653507827185	0.7496270758629997
0.795162116233478	0.8356907501301328
0.8255781534664525	0.8119920572159948
0.7734363753527819	0.7483797762359399
0.8009556471349969	0.8282069523677734
0.828474918917212	0.8581421434172111
0.8357168325441107	0.7683365702688983
0.767642844451263	0.7907879635559765
0.7705396099020224	0.7695838698959583
0.828474918917212	0.809497457961875
0.8429587461710094	0.8556475441630912
0.7908169680573387	0.7882933643018567
0.8487522770725283	0.8107447575889349
0.7850234371558198	0.8394326490113125
0.8473038943471486	0.8406799486383725
0.9008940551861991	0.8880773344666487
0.822681388015693	0.8244650534865938
0.8371652152694904	0.8718624393148701
0.8067491780365159	0.8893246340937087
0.8704780179532244	0.9142706266349065
0.9660712778282874	0.9491950161925838
0.8733747834039839	0.9392166191761047
0.9356552405953129	0.9180125255160863
0.9197230306161357	0.9055395292454873
0.8893069933831612	0.8893246340937087
0.8907553761085409	0.909281428126667
0.8893069933831612	0.9279909225325654
0.9530358332998697	1.0115599975455787
0.9573809814760089	0.984119405750261
0.9486906851237306	0.9167652258890264
0.9805551050820848	0.9866140050043808
1.013867907765819	0.9055395292454873
0.9385520060460724	0.9566788139549433
0.9588293642013888	0.9903559038855604
0.9921421668851227	1.0427424882220762
1.041387179548034	0.9891086042585006
0.9342068578699331	0.9467004169384641
1.0269033522942366	0.9691518102255422
0.9342068578699331	0.9716464094796621
1.0254549695688568	1.0165491960538184
1.0283517350196163	1.071430379644454
0.979106722356705	0.9990870012749798
0.9602777469267685	0.9666572109714224
0.9139294997146168	0.9367220199219849
0.9950389323358823	1.058957383373855
1.0775967476825274	1.0888925744232925
1.0008324632374013	1.0390005893408965
1.0254549695688568	1.0539681848656153
0.9877970187089835	0.9940978027667402
1.1355320566977172	1.0676884807632743
1.057319389527211	1.0776668777797536
1.068906451330249	1.072677679271514
1.0341452659211352	1.1038601699480113
1.057319389527211	1.0614519826279747
1.0211098213927177	1.1462683572680479
1.131186908521578	1.072677679271514
1.1152546985424008	1.1300534621162692
1.013867907765819	1.0452370874761963
1.0703548340556288	1.0701830800173942
1.148567501226135	1.1774508479445454
1.0529742413510719	1.0614519826279747
0.9472423023983508	0.8868300348395888
0.8603393388755662	0.8793462370772294
0.8835134624816422	0.8980557314831279
0.7879202026065792	0.7795622669124375
0.9313100924191736	0.9516896154467036
1.0384904140972746	1.081408776660933
0.9863486359836038	0.9978397016479198
0.7357784244929085	0.7384013792194607
0.5605241147219598	0.5937146224805123
0.8458555116217689	0.8232177538595339
0.828474918917212	0.8593894430442709
0.918274647890756	0.9417112184302244
0.9211714133415154	0.8943138326019482
0.6633592882239215	0.6386174090546688
0.6836366463792378	0.709713487797083
0.576456324701137	0.6673053004770464
0.6763947327523392	0.7009823904076637
0.9153778824399965	0.9205071247702061
1.0066259941389202	0.8681205404336902
0.8922037588339207	0.9292382221596255
0.8777199315801233	0.8880773344666487
0.5677660283488586	0.6298863116652493
0.7546073999228452	0.74588517698182
0.9776583396313253	0.9978397016479198
1.0718032167810085	1.083903375915053
0.9718648087298064	0.8818408363313492
0.7719879926274021	0.733412180711221
0.850200659797908	0.8244650534865938
0.7850234371558198	0.8419272482654323
0.9356552405953129	0.9554315143278832
1.0457323277241732	1.082656076287993
1.080493513133287	1.0539681848656153
1.047180710449553	1.0963763721856519
1.029800117744996	1.0439897878491362
1.0341452659211352	1.047731686730316
1.0906321922109452	1.1200750650997902
1.1210482294439197	1.107602068829191
1.1673964766560714	1.147515656895108
1.06456130315411	1.0789141774068134
0.9762099569059456	1.0290221923244174
0.9805551050820848	1.0065707990373391
1.0587677722525908	1.0414951885950163
1.0978741058378438	1.0577100837467952
0.9877970187089835	1.0165491960538184
1.0442839449987935	1.085150675542113
1.0326968831957555	1.0427424882220762
0.9689680432790468	1.0327640912055969
0.9718648087298064	1.0028289001561594
0.9646228951029077	0.9616680124631828
0.9993840805120214	0.9654099113443624
0.9733131914551861	0.9666572109714224
0.9762099569059456	0.982872106123201
0.9371036233206926	0.9566788139549433
0.9892454014343632	0.9803775068690812
0.8719264006786042	0.9292382221596255
0.8574425734248068	0.8918192333478284
0.8444071288963891	0.921754424397266
0.918274647890756	0.9467004169384641
0.9095843515384775	0.9317328214137452
0.9211714133415154	0.9753883083608417
0.8212330052903133	0.8780989374501695
0.8371652152694904	0.8381853493842527
0.9501390678491103	0.9292382221596255
0.8429587461710094	0.884335435585469
0.9269649442430344	0.8830881359584091
0.8139910916634145	0.8731097389419299
0.8444071288963891	0.8643786415525105
0.8864102279324017	0.8918192333478284
0.879168314305503	0.9329801210408051
0.9008940551861991	0.9317328214137452
0.84006198072025	0.845669147146612
0.795162116233478	0.8369380497571928
0.8212330052903133	0.821970454232474
0.822681388015693	0.8282069523677734
0.8038524125857565	0.8481637464007319
0.7719879926274021	0.8294542519948334
0.8342684498187309	0.8356907501301328
0.8067491780365159	0.8556475441630912
0.8632361043263257	0.8756043381960498
0.8907553761085409	0.8955611322290081
0.8777199315801233	0.8581421434172111
0.8357168325441107	0.8294542519948334
0.8342684498187309	0.8868300348395888
0.7937137335080983	0.8207231546054141
0.7647460790005034	0.7957771620642161
0.8197846225649336	0.8207231546054141
0.7082591527106934	0.7633473717606587
0.7183978317883516	0.7433905777277002
0.699568856358415	0.7271756825759216
0.7604009308243642	0.7446378773547602
0.7473654862959466	0.8020136601995156
0.7734363753527819	0.8294542519948334
0.756055782648225	0.7957771620642161
0.711155918161453	0.7009823904076637
0.7053623872599339	0.709713487797083
0.7473654862959466	0.7309175814571013
0.7444687208451871	0.7683365702688983
0.7632976962751237	0.7583581732524192
0.7024656218091745	0.7184445851865022
0.6706012018508202	0.6573269034605672
0.7169494490629719	0.7246810833218018
0.6952237081822757	0.7072188885429632
0.6314948682655672	0.6922512930182444
0.6314948682655672	0.6610688023417469
0.5894917692295546	0.5899727235993326
0.6314948682655672	0.7022296900347236
0.6836366463792378	0.6910039933911845
0.699568856358415	0.6785309971205855
0.6706012018508202	0.709713487797083
0.6633592882239215	0.6461012068170282
0.6445303127939849	0.6273917124111296
0.6546689918716431	0.6411120083087886
0.6648076709493013	0.6411120083087886
0.6343916337163267	0.6535850045793875
0.5923885346803142	0.597456521361692
