WT	KO
0.5698828954090289	0.5710713369431173
0.4973523450842435	0.5755328317629853
0.5647021418144015	0.5933788110424577
0.47144857711110577	0.5621483473033809
0.580244402598284	0.602301800682194
0.5543406346251463	0.602301800682194
0.6009674169767942	0.5799943265828534
0.5543406346251463	0.5666098421232492
0.5543406346251463	0.5666098421232492
0.6268711849499319	0.5487638628437767
0.5698828954090289	0.6067632955020621
0.5336176202466363	0.5264563887444361
0.6838594744908347	0.5933788110424577
0.6009674169767942	0.6424552540610069
0.5750636490036565	0.5621483473033809
0.5750636490036565	0.5621483473033809
0.5957866633821667	0.5219948939245681
0.6320519385445594	0.6603012333404793
0.5387983738412637	0.4996874198252275
0.5698828954090289	0.5086104094649638
0.580244402598284	0.6424552540610069
0.647594199328442	0.6781472126199517
0.6734979673015797	0.6603012333404793
0.6527749529230695	0.7049161815391602
0.6631364601123246	0.7450696349179733
0.5750636490036565	0.5799943265828534
0.580244402598284	0.6156862851417982
0.6579557065176971	0.687070202259688
0.6424134457338144	0.6647627281603474
0.6838594744908347	0.6379937592411388
0.5906059097875391	0.6469167488808749
0.580244402598284	0.6603012333404793
0.6424134457338144	0.6647627281603474
0.6320519385445594	0.7272236556385008
0.6786787208962072	0.6469167488808749
0.6320519385445594	0.6692242229802154
0.6165096777606768	0.602301800682194
0.6579557065176971	0.6424552540610069
0.7097632424639724	0.691531697079556
0.7149439960585999	0.77630009865705
0.6942209816800898	0.7138391711788965
0.6942209816800898	0.6826087074398198
0.5854251561929116	0.5130719042848318
0.6268711849499319	0.6603012333404793
0.5957866633821667	0.6959931918994241
0.6734979673015797	0.7004546867192922
0.637232692139187	0.6781472126199517
0.6786787208962072	0.6469167488808749
0.6734979673015797	0.6603012333404793
0.7356670104371101	0.7272236556385008
0.6579557065176971	0.7227621608186328
0.8081975607618956	0.771838603837182
0.7926552999780131	0.7272236556385008
0.6994017352747174	0.736146645278237
0.7097632424639724	0.6959931918994241
0.6320519385445594	0.6067632955020621
0.7874745463833854	0.7896845831166542
0.6890402280854623	0.7495311297378413
0.7460285176263651	0.825376541675599
0.8237398215457782	0.8387610261352034
0.7097632424639724	0.7673771090173137
0.7563900248156202	0.7584541193775776
0.7045824888693449	0.7495311297378413
0.7615707784102479	0.7316851504583689
0.7408477640317377	0.8387610261352034
0.8081975607618956	0.8164535520358629
0.7408477640317377	0.7272236556385008
0.7408477640317377	0.7941460779365224
0.7771130391941304	0.8833759743338844
0.7719322855995029	0.7673771090173137
0.7356670104371101	0.7138391711788965
0.7408477640317377	0.7941460779365224
0.7201247496532275	0.7539926245577094
0.7460285176263651	0.7539926245577094
0.7512092712209927	0.77630009865705
0.7460285176263651	0.7049161815391602
0.6579557065176971	0.7406081400981052
0.7771130391941304	0.8342995313153353
0.8185590679511506	0.7406081400981052
0.7149439960585999	0.7807615934769181
0.7512092712209927	0.6781472126199517
0.9428971542222115	0.8387610261352034
0.7615707784102479	0.7629156141974456
0.8859088646813086	0.7941460779365224
0.647594199328442	0.6290707696014026
0.7045824888693449	0.6246092747815345
0.7874745463833854	0.8164535520358629
0.7615707784102479	0.6959931918994241
0.7356670104371101	0.8432225209550716
0.7460285176263651	0.6112247903219301
0.4818100843003609	0.5264563887444361
0.5906059097875391	0.5889173162225896
0.6942209816800898	0.5889173162225896
0.8392820823296608	0.9056834484332249
0.6786787208962072	0.7183006659987646
0.5647021418144015	0.5889173162225896
0.4818100843003609	0.5264563887444361
0.3781950124078101	0.3970730389682612
0.7874745463833854	0.8521455105948077
1.1086812692502925	1.0841432412279493
1.1708503123858232	1.1867576220849154
1.0724159940879	1.1822961272650472
0.8392820823296608	0.7941460779365224
0.3471104908400449	0.4283035027073379
0.5595213882197739	0.5309178835643042
0.5284368666520086	0.5309178835643042
0.6890402280854623	0.7673771090173137
0.6113289241660492	0.7495311297378413
0.5336176202466363	0.4863029353656233
0.5387983738412637	0.4996874198252275
0.4662678235164783	0.4863029353656233
0.4973523450842435	0.736146645278237
0.6994017352747174	0.7183006659987646
0.7719322855995029	0.7004546867192922
0.7045824888693449	0.691531697079556
0.6268711849499319	0.687070202259688
0.7460285176263651	0.7673771090173137
0.9066318790598188	0.9324524173524336
0.7926552999780131	0.8298380364954673
0.6527749529230695	0.7673771090173137
0.6527749529230695	0.7004546867192922
0.6631364601123246	0.691531697079556
0.8133783143565232	0.8342995313153353
0.860005096708171	0.771838603837182
0.7822937927887579	0.8699914898742801
0.6734979673015797	0.7138391711788965
0.8081975607618956	0.9012219536133569
0.7926552999780131	0.7495311297378413
0.8237398215457782	0.8789144795140164
0.8133783143565232	0.9190679328928293
0.9221741398437013	0.8922989639736206
0.7719322855995029	0.8119920572159948
0.7719322855995029	0.6647627281603474
0.7304862568424826	0.7584541193775776
0.7563900248156202	0.7539926245577094
0.7408477640317377	0.6959931918994241
0.9428971542222115	0.7986075727563905
0.6942209816800898	0.7941460779365224
0.6994017352747174	0.691531697079556
0.8548243431135434	0.8476840157749396
0.7615707784102479	0.7495311297378413
0.7822937927887579	0.7986075727563905
0.7045824888693449	0.687070202259688
0.6268711849499319	0.651378243700743
0.6579557065176971	0.771838603837182
0.7667515320048753	0.8387610261352034
0.7460285176263651	0.9146064380729612
0.6838594744908347	0.7227621608186328
0.8030168071672681	0.8164535520358629
0.6009674169767942	0.7183006659987646
0.6734979673015797	0.7183006659987646
0.6838594744908347	0.6736857178000836
0.6994017352747174	0.7049161815391602
0.7304862568424826	0.7138391711788965
0.8081975607618956	0.861068500234544
0.8237398215457782	0.8521455105948077
0.7149439960585999	0.8164535520358629
0.7304862568424826	0.7227621608186328
0.637232692139187	0.6469167488808749
0.6527749529230695	0.7004546867192922
0.7978360535726406	0.8075305623961267
0.6683172137069522	0.691531697079556
0.6268711849499319	0.6647627281603474
0.6786787208962072	0.6736857178000836
0.6268711849499319	0.7183006659987646
0.6424134457338144	0.7004546867192922
0.5750636490036565	0.6424552540610069
0.5854251561929116	0.602301800682194
0.6216904313553042	0.6603012333404793
0.6527749529230695	0.6826087074398198
0.6216904313553042	0.7272236556385008
0.647594199328442	0.691531697079556
0.6165096777606768	0.6959931918994241
0.7253055032478551	0.7450696349179733
0.637232692139187	0.7004546867192922
0.5906059097875391	0.5710713369431173
0.6216904313553042	0.6647627281603474
0.5906059097875391	0.6692242229802154
0.6216904313553042	0.6736857178000836
0.7563900248156202	0.7495311297378413
0.6994017352747174	0.7495311297378413
0.637232692139187	0.6067632955020621
0.5647021418144015	0.6246092747815345
0.5750636490036565	0.5621483473033809
0.6113289241660492	0.5799943265828534
0.5698828954090289	0.6558397385206112
0.6009674169767942	0.691531697079556
0.6734979673015797	0.6246092747815345
0.5906059097875391	0.691531697079556
0.6683172137069522	0.7004546867192922
0.5854251561929116	0.602301800682194
0.5543406346251463	0.5799943265828534
0.5180753594627536	0.5889173162225896
0.5957866633821667	0.5443023680239086
0.5336176202466363	0.6558397385206112
0.5698828954090289	0.602301800682194
0.5647021418144015	0.5978403058623258
0.5439791274358913	0.5532253576636448
0.5232561130573812	0.4907644301854914
0.5906059097875391	0.5666098421232492
