WT	KO
0.8718949823982272	0.8182826681333794
0.8531948219178364	0.8303606410947576
0.798263100506688	0.8072111929187825
0.8695574623381783	0.7699707762878661
0.9303329838994489	0.8625685689917664
0.9490331443798399	0.8917570036484306
0.9829271852505485	0.9209454383050948
0.8555323419778852	0.8806855284338339
0.8777387825483494	0.8202956636269423
0.9256579437793511	0.8877310126613045
0.857869862037934	0.8736400442063632
0.8882576228185693	0.8917570036484306
0.9163078635391557	0.9279909225325654
0.9840959452805729	0.9159129495711872
0.9396830641396444	0.8988024878759012
0.963058264740133	0.8957829946355567
0.9677333048602308	0.8998089856226827
1.0191587461813059	0.956172859442448
1.0191587461813059	0.9601988504295743
0.9934460255207683	0.9833482986055494
1.0027961057609638	0.9752963166312971
1.0074711458810615	0.9924067783265831
1.008639905911086	0.9209454383050948
1.0495465069619412	0.9924067783265831
1.0285088264215014	0.9893872850862384
1.0401964267217456	0.971270325644171
1.016821226121257	0.9803288053652048
1.0133149460311837	0.9873742895926754
1.1103220285232116	1.0527966431334745
1.0764279876525031	1.0497771498931299
1.0296775864515257	0.9944197738201461
1.0401964267217456	1.0185757197429026
1.0916218680428207	1.0759460913094496
1.0951281481328938	1.0678941093351972
1.1044782283730894	1.1021150327257692
1.0904531080127964	1.0236082084768103
1.0811030277726008	1.0759460913094496
1.0472089869018921	1.034679683691407
1.0998031882529917	1.0487706521463482
1.105646988403114	1.0668876115884158
1.140709789303847	1.092050055257954
1.086946827922723	1.0648746160948528
1.1126595485832607	1.0779590868030127
1.0916218680428207	1.0115302355154319
1.1559036696941645	1.0457511589060038
1.0892843479827719	1.1212384899146182
1.0834405478326496	1.032666688197844
1.1804476303246778	1.1071475214596767
1.1991477908050685	1.136335956116341
1.1605787098142621	1.113186507940366
1.2073291110152398	1.1836413502150727
1.1453848294239446	1.1333164628759964
1.1161658286733338	1.1011085349789878
1.1196721087634072	1.0668876115884158
1.1103220285232116	1.0689006070819789
1.2014853108651173	1.1453944358373749
1.1886289505348486	1.1474074313309377
1.1430473093638958	1.15545941330519
1.2166791912554349	1.132309965129215
1.2470669520360704	1.216855775858863
1.2552482722462412	1.2198752690992074
1.2236917514355816	1.1755893682408205
1.2634295924564125	1.218868771352426
1.2073291110152398	1.1625048975326606
1.1208408687934315	1.115199503433929
1.1769413502346042	1.1041280282193322
1.2447294319760214	1.1443879380905932
1.2435606719459968	1.163511395279442
1.235379351735826	1.161498399785879
1.1769413502346042	1.1494204268245007
1.2049915909551907	1.136335956116341
1.1909664705948975	1.1866608434554171
1.2727796726966079	1.2480572060090902
1.2903110731469745	1.2993885910949479
1.2949861132670721	1.2702001564382839
1.3417365144680495	1.2369857307944936
1.284467272996852	1.2178622736056446
1.3861493956089779	1.3164990527902338
1.3814743554888802	1.3195185460305785
1.338230234377976	1.2510766992494349
1.2388856318258994	1.1755893682408205
1.1792788702946533	1.1383489516099041
1.1453848294239446	1.1604919020390976
1.0483777469319167	1.0668876115884158
0.8976077030587647	0.8967894923823383
0.9279954638394	0.8967894923823383
0.9677333048602308	1.0226017107300287
0.9829271852505485	0.9601988504295743
0.7468376591856128	0.8162696726398163
0.7246312186151487	0.7367563506440759
1.0179899861512813	1.03669267918497
1.4609500375305415	1.3829279040778144
1.3604366749484404	1.3054275775756372
1.1477223494839934	1.0870175665240465
0.7141123783449287	0.7146134002148823
1.006302385851037	0.9340299090132547
1.5556195999625206	1.5359155615886062
1.6596392426346953	1.654682295708826
1.0378589066616968	0.9994522625540536
0.4114035305686005	0.42272905364824026
0.37166568954776974	0.37542365954950857
1.0635716273222342	1.059842127360945
1.653795442484573	1.5469870368032028
1.5415944796022274	1.4694867103010256
0.973577105010353	1.0125367332622135
0.7199561784950509	0.7115939069745377
1.0998031882529917	1.0175692219961212
1.2903110731469745	1.2812716316528805
1.3803055954588557	1.3889668905585038
0.9525394244699131	0.9360429045068177
0.8087819407769078	0.7186393912020084
0.8894263828485938	0.7941267222106227
0.9396830641396444	0.9350364067600362
0.9268267038093757	0.9058479721033719
0.833325901407421	0.8263346501076314
0.9443581042597421	0.9018219811162458
1.103309468343065	1.0356861814381886
1.192135230624922	1.1816283547215096
1.2236917514355816	1.2027648074039217
1.2447294319760214	1.218868771352426
1.3732930352787092	1.2832846271464438
1.2856360330268766	1.2812716316528805
1.340567754438025	1.2772456406657544
1.311348753687414	1.2500702015026532
1.2634295924564125	1.3104600663095447
1.3066737135673163	1.2903301113739143
1.3019986734472189	1.240005224034838
1.2645983524864368	1.2389987262880566
1.275117192756657	1.2007518119103586
1.2318730716457527	1.166530888519787
1.2131729111653617	1.117212498927492
1.1991477908050685	1.1584789065455345
1.2225229914055573	1.2047778028974847
1.210835391105313	1.163511395279442
1.2236917514355816	1.1584789065455345
1.17577259020458	1.1796153592279466
1.1944727506849708	1.113186507940366
1.16525374993436	1.166530888519787
1.1523973896040913	1.1272774763953073
1.200316550835093	1.1182189966742735
1.1149970686433095	1.0799720822965757
1.2236917514355816	1.1383489516099041
1.1266846689435537	1.1675373862665683
1.1430473093638958	1.0467576566527852
1.109153268493187	1.09607604624508
1.1535661496341159	1.1101670147000215
1.1675912699944089	1.140361947103467
1.1079845084631628	1.1383489516099041
1.1103220285232116	1.0950695484982984
1.068246667442332	0.9813353031119864
1.1044782283730894	1.0497771498931299
1.1547349096641402	1.0507836476399115
1.1278534289735782	1.0779590868030127
1.0962969081629184	1.0376991769317516
1.1185033487333826	1.0417251679188777
1.113828308613285	1.0507836476399115
1.068246667442332	1.0236082084768103
0.9852647053105973	0.9803288053652048
1.06240286729221	1.030653692704281
1.0612341072621856	0.9934132760733646
1.0857780678926987	1.0407186701720963
1.0670779074123076	1.0387056746785333
1.0109774259711348	0.9994522625540536
0.9794209051604751	0.9612053481763558
1.0214962662413547	0.956172859442448
1.006302385851037	1.009517240021869
1.0846093078626742	1.030653692704281
1.0542215470820389	1.0085107422750874
1.0378589066616968	0.9843547963523308
1.086946827922723	0.9843547963523308
1.0285088264215014	0.9591923526827928
1.0121461860011591	0.9410753932407253
0.9455268642897665	0.9440948864810698
1.025002546331428	0.950133872961759
0.9876022253706462	0.9732833211377341
0.9618895047101086	0.9451013842278513
0.9104640633890335	0.9118869585840611
0.9548769445299621	0.9642248414167003
0.9443581042597421	0.9038349766098089
0.9455268642897665	0.9189324428115317
0.9583832246200352	0.8977959901291198
0.9408518241696688	0.9551663616956666
0.9256579437793511	0.9048414743565905
0.9163078635391557	0.8927635013952121
0.8450135017076652	0.8243216546140685
0.8742325024582761	0.8333801343351022
0.8298196213173477	0.8384126230690099
0.8835825826984716	0.869614053219237
0.9139703434791069	0.8957829946355567
0.9057890232689357	0.8877310126613045
0.8730637424282517	0.8223086591205054
0.9373455440795955	0.846464605043262
0.8777387825483494	0.8595490757514218
0.9233204237193023	0.8374061253222282
0.8707262223682027	0.8635750667385479
0.7830692201163703	0.7689642785410846
0.8286508612873232	0.7790292560088998
0.8648824222180805	0.8434451118029174
0.787744260236468	0.7961397177041858
0.8835825826984716	0.8374061253222282
