WT	KO
0.6868199051163362	0.6672844426237511
0.6569581701112781	0.6699447128269023
0.6518095951104059	0.6344744434515535
0.5884821225996795	0.6092018765216173
0.6569581701112781	0.6123055250919602
0.6698296076134583	0.6468890377329255
0.6734336101140689	0.6726049830300534
0.6430570176089235	0.6601903887486813
0.6399678726084003	0.680585793639507
0.6157695701043014	0.6442287675297743
0.7058696326195629	0.6752652532332046
0.6749781826143304	0.6708314695612859
0.7697119626303768	0.7293574140306117
0.6801267576152026	0.6814725503738907
0.7141073526209583	0.6876798475145767
0.7027804876190397	0.7275839005618442
0.745513660126278	0.7200464683195826
0.7068993476197374	0.6947739013896465
0.6893941926167723	0.6646241724205999
0.7171964976214815	0.7031980903662919
0.718741070121743	0.7302441707649954
0.733157080124185	0.724923630358693
0.7547810951278477	0.757290251163699
0.740365085125406	0.7196030899523908
0.7903062626338652	0.7293574140306117
0.7655931026296792	0.7603938997340419
0.7671376751299407	0.7510829540230128
0.75066223512715	0.7408852515776001
0.7563256676281094	0.7595071429996583
0.7728011076309	0.7564034944293152
0.7594148126286326	0.7701482238122629
0.7686822476302024	0.7466491703510942
0.7223450726223536	0.7590637646324663
0.7697119626303768	0.7608372781012338
0.7846428301329058	0.7781290344217164
0.7779496826317721	0.7812326829920594
0.7583850976284583	0.801628087882885
0.7712565351306384	0.7337911977025302
0.7563256676281094	0.7790157911561001
0.8191382826387488	0.802071466250077
0.7964845526349116	0.7976376825781583
0.8268611451400569	0.8149294388986409
0.7954548376347372	0.7967509258437746
0.7969994101349989	0.7812326829920594
0.7743456801311617	0.7754687642185653
0.8186234251386616	0.801628087882885
0.8186234251386616	0.8158161956330245
0.8268611451400569	0.8122691686954897
0.8510594476441558	0.8211367360393269
0.8680497451470337	0.8561636270474839
0.8278908601402313	0.8322211952191235
0.829435432640493	0.8313344384847398
0.8078114176368303	0.7785724127889082
0.8268611451400569	0.8300043033831642
0.8634160276462487	0.8295609250159723
0.8737131776479928	0.8481828164380305
0.8701091751473824	0.8433056543989199
0.832009720140929	0.8269006548128212
0.8134748501377895	0.8189198442033676
0.878861752648865	0.8450791678676874
0.9092383451540103	0.8707951131648154
0.8737131776479928	0.8419755192973444
0.863930885146336	0.8379851139926177
0.8582674526453766	0.8206933576721351
0.9046046276532255	0.8619275458209781
0.8824657551494755	0.8920772747900247
0.9164463501552311	0.8783325454070771
0.8896737601506964	0.8730120050007747
0.8484851601437197	0.840202005828577
0.9020303401527894	0.8610407890865944
0.9190206376556672	0.8681348429616642
0.9051194851533126	0.8747855184695422
0.9164463501552311	0.907152139274548
0.9092383451540103	0.8920772747900247
0.9246840701566266	0.9138028147824259
0.9251989276567137	0.8920772747900247
0.9674172426638649	0.9448393004858563
0.9128423476546207	0.955037002931269
0.9632983826631673	0.9474995706890074
0.9231394976563649	0.9044918690713968
0.9246840701566266	0.9044918690713968
0.9020303401527894	0.8823229507118038
0.8881291876504347	0.8876434911181061
0.7887616901336034	0.7971943042109664
0.745513660126278	0.7302441707649954
0.6893941926167723	0.7138391711788965
0.8139897076378767	0.8158161956330245
0.7928805501343011	0.8060618715548037
0.8479703026436325	0.8605974107194025
0.735731367624621	0.7329044409681466
0.8160491376382255	0.8282307899143967
0.8762874651484289	0.8508430866411817
1.113121915188545	1.0800697024793737
0.9483675151606381	0.9191233551887282
1.0013978376696206	0.9568105164000364
0.8968817651519173	0.8747855184695422
1.0353784326753763	0.9944976776113447
1.1229042076902018	1.1035687559405425
0.9766846776654345	0.9661214621110654
0.7599296701287198	0.7439889001479432
0.7691971051302896	0.7763555209529489
1.0878938976842716	1.0366186224945715
1.1177556326893299	1.1288413228704788
0.9844075401667428	0.9608009217047632
0.814504565137964	0.7869966017655536
0.91850578015558	0.9151329498840015
0.9128423476546207	0.9040484907042049
1.1167259176891555	1.0774094322762227
0.8170788526384	0.8291175466487805
0.7686822476302024	0.7728084940154141
0.6955724826178188	0.7018679552647163
0.809870847637179	0.7985244393125419
0.8031777001360453	0.7719217372810303
0.7537513801276733	0.7275839005618442
0.6734336101140689	0.6539830916079953
0.6996913426185164	0.718716333218007
0.7413948001255803	0.7178295764836232
0.869079460147208	0.8521732217427572
0.8500297326439814	0.8592672756178269
0.94064465265933	0.9049352474385887
0.9396149376591556	0.9182365984543446
0.920565210155929	0.9075955176417398
0.930862360157673	0.9186799768215363
0.9046046276532255	0.9067087609073561
0.8896737601506964	0.871681869899199
0.9385852226589813	0.9337548413060596
0.9226246401562778	0.891190518055641
0.9349812201583708	0.9013882205010537
0.9169612076553185	0.9027183556026294
0.906149200153487	0.8694649780632399
0.9112977751543592	0.8872001127509143
0.8932777626513069	0.8845398425477631
0.878861752648865	0.8845398425477631
0.906149200153487	0.9036051123370131
0.881436040149301	0.8672480862272804
0.9020303401527894	0.8738987617351583
0.8865846151501732	0.8827663290789957
0.8948223351515684	0.8907471396884492
0.8783468951487778	0.875228896836734
0.871138890147557	0.8699083564304316
0.856722880145115	0.8251271413440536
0.8634160276462487	0.8703517347976235
0.8798914676490394	0.8428622760317281
0.866505172646772	0.875228896836734
0.8556931651449405	0.8211367360393269
0.8211977126390976	0.8344380870550827
0.8114154201374407	0.8233536278752863
0.7933954076343884	0.8060618715548037
0.8011182701356966	0.795420790742199
0.8227422851393593	0.7967509258437746
0.7769199676315978	0.769704845445071
0.8031777001360453	0.7816760613592513
0.8078114176368303	0.7816760613592513
0.7764051101315105	0.7847797099295943
0.814504565137964	0.8002979527813094
0.8052371301363942	0.8091655201251466
0.7928805501343011	0.7763555209529489
0.7434542301259291	0.7417720083119838
0.7887616901336034	0.7546299809605478
0.7655931026296792	0.7701482238122629
0.7882468326335162	0.7652710617731525
0.785157687632993	0.7905436287030885
0.7511770926272373	0.7204898466867744
0.7347016526244466	0.7182729548508151
0.7516919501273245	0.7679313319763036
0.7583850976284583	0.7386683597416408
0.7717713926307256	0.791873763804664
0.7264639326230513	0.7448756568823268
0.7666228176298535	0.7657144401403443
0.7743456801311617	0.7581770078980826
0.8170788526384	0.7368948462728733
0.7439690876260164	0.7213766034211582
0.7099884926202606	0.7244802519915011
0.7372759401248827	0.7368948462728733
0.7244045026227024	0.731130927499379
0.7151370676211326	0.7227067385227338
0.7367610826247954	0.7160560630148558
0.7223450726223536	0.6850195773114255
0.6816713301154641	0.6969907932256058
0.6914536226171212	0.6885666042489604
0.6806416151152898	0.6792556585379314
0.7182262126216559	0.7067451173038267
0.7542662376277605	0.6978775499599895
0.7383056551250571	0.7031980903662919
0.7002062001186036	0.6761520099675883
0.6512947376103188	0.6739351181316291
0.6796119001151153	0.6566433618111465
0.6574730276113653	0.6473324161001174
0.6672553201130224	0.6584168752799138
0.6621067451121502	0.6575301185455301
0.7274936476232257	0.6828026854754662
0.6811564726153769	0.651766199772036
0.6672553201130224	0.6304840381468266
0.6461461626094468	0.6508794430376522
0.6718890376138071	0.638908227123472
0.6899090501168594	0.6845761989442337
0.7032953451191268	0.680585793639507
0.6744633251142432	0.6637374156862161
0.6821861876155513	0.657973496912722
0.6317301526070049	0.6362479569203208
