WT	KO
0.23543673308858565	0.3026290717905578
0.44609065216784655	0.47916269700171654
0.28500236110723526	0.416114973712017
0.24782814009324805	0.3404577057643776
0.3841336171445345	0.5169913309755363
0.3593508031352097	0.4665531523437767
0.44609065216784655	0.6809154115287552
0.34695939613054727	0.5043817863175964
0.26021954709791045	0.3404577057643776
0.3717422101398721	0.44133406302789685
0.29739376811189766	0.3404577057643776
0.34695939613054727	0.3026290717905578
0.22304532608392327	0.3656767950802574
0.39652502414919694	0.3908958843961372
0.3345679891258849	0.4665531523437767
0.4956562801864961	0.4665531523437767
0.4956562801864961	0.4665531523437767
0.4336992451631841	0.4539436076858368
0.4336992451631841	0.4917722416596565
0.3593508031352097	0.3908958843961372
0.4832648731818337	0.4917722416596565
0.4832648731818337	0.5296008756334762
0.3593508031352097	0.3782863397381973
0.3841336171445345	0.42872451836995695
0.3717422101398721	0.5422104202914161
0.5080476871911584	0.44133406302789685
0.5452219082051458	0.6935249561866951
0.34695939613054727	0.3908958843961372
0.4089164311538593	0.4665531523437767
0.3841336171445345	0.5548199649493561
0.5700047222144705	0.4539436076858368
0.5080476871911584	0.6178676882390557
0.3717422101398721	0.5043817863175964
0.3717422101398721	0.5043817863175964
0.3717422101398721	0.42872451836995695
0.5452219082051458	0.5800390542652358
0.4956562801864961	0.5548199649493561
0.45848205917250895	0.4539436076858368
0.39652502414919694	0.4539436076858368
0.5204390941958209	0.7691822241343345
0.5947875362237953	0.6052581435811156
0.5204390941958209	0.40350542905407716
0.3593508031352097	0.4665531523437767
0.5700047222144705	0.6430867775549354
0.6567445712471074	0.7187440455025749
0.5328305012004833	0.5043817863175964
0.3841336171445345	0.3908958843961372
0.3345679891258849	0.4539436076858368
0.5204390941958209	0.5800390542652358
0.6939187922610945	0.8700585813978539
0.6319617572377825	0.8574490367399139
0.6319617572377825	0.8196204027660942
0.5700047222144705	0.8826681260557937
0.4956562801864961	0.416114973712017
0.7310930132750818	0.8070108581081543
0.7930500482983939	0.6935249561866951
0.5452219082051458	0.5548199649493561
0.4956562801864961	0.7313535901605148
0.5947875362237953	0.6304772328969955
0.4832648731818337	0.42872451836995695
0.768267234289069	0.8070108581081543
0.5204390941958209	0.7313535901605148
0.4336992451631841	0.4665531523437767
0.5576133152098082	0.567429509607296
0.3717422101398721	0.4917722416596565
0.5947875362237953	0.6304772328969955
0.7187016062704193	0.9583253940034331
0.6195703502331201	0.7061345008446349
0.4708734661771713	0.6304772328969955
0.6195703502331201	0.6683058668708152
0.7434844202797442	0.7817917687922744
0.6691359782517698	0.8448394920819741
0.5700047222144705	0.6556963222128753
0.5080476871911584	0.6052581435811156
0.7310930132750818	0.7187440455025749
0.4832648731818337	0.7944013134502144
0.7930500482983939	0.7691822241343345
0.6815273852564322	0.5800390542652358
0.4708734661771713	0.567429509607296
0.5452219082051458	0.416114973712017
0.39652502414919694	0.5548199649493561
0.5080476871911584	0.5296008756334762
0.4336992451631841	0.6809154115287552
0.4213078381585217	0.3908958843961372
0.39652502414919694	0.6556963222128753
0.4832648731818337	0.6430867775549354
0.6567445712471074	0.6809154115287552
0.7558758272844065	0.6052581435811156
0.5947875362237953	0.5926485989231758
0.5947875362237953	0.6683058668708152
0.3593508031352097	0.416114973712017
0.9417469323543426	1.0592017512669525
1.0037039673776547	1.2357353764781114
0.6691359782517698	0.7061345008446349
0.30978517511656006	0.3782863397381973
0.582396129219133	0.5926485989231758
0.8178328623077186	1.0592017512669525
0.9045727113403554	1.0213731172931326
0.4956562801864961	0.5169913309755363
0.3345679891258849	0.416114973712017
0.26021954709791045	0.31523861644849777
0.4213078381585217	0.4539436076858368
0.706310199265757	0.983544483319313
0.8178328623077186	1.134859019214592
0.7930500482983939	0.5800390542652358
0.26021954709791045	0.35306725042231746
0.5328305012004833	0.6935249561866951
0.9665297463636674	0.8952776707137335
0.7434844202797442	0.8952776707137335
0.3717422101398721	0.3404577057643776
0.5452219082051458	0.44133406302789685
0.45848205917250895	0.7061345008446349
0.6319617572377825	0.6809154115287552
0.6319617572377825	0.6683058668708152
0.45848205917250895	0.5296008756334762
0.5947875362237953	0.6178676882390557
0.4089164311538593	0.5043817863175964
0.5947875362237953	0.6430867775549354
0.6815273852564322	0.832229947424034
0.4213078381585217	0.6052581435811156
0.32217658212122247	0.5548199649493561
0.4089164311538593	0.567429509607296
0.4336992451631841	0.3404577057643776
0.4708734661771713	0.6304772328969955
0.8054414553030562	0.8196204027660942
0.6691359782517698	0.8196204027660942
0.5700047222144705	0.6809154115287552
0.5328305012004833	0.5422104202914161
0.39652502414919694	0.416114973712017
0.4708734661771713	0.6683058668708152
0.4832648731818337	0.7313535901605148
0.4213078381585217	0.4917722416596565
0.4832648731818337	0.3782863397381973
0.39652502414919694	0.5043817863175964
0.3841336171445345	0.5422104202914161
0.45848205917250895	0.6178676882390557
0.4956562801864961	0.7313535901605148
0.5452219082051458	0.6052581435811156
0.4213078381585217	0.5422104202914161
0.6815273852564322	0.567429509607296
0.3841336171445345	0.5422104202914161
0.5080476871911584	0.4665531523437767
0.5576133152098082	0.44133406302789685
0.4956562801864961	0.47916269700171654
0.44609065216784655	0.5800390542652358
0.44609065216784655	0.5800390542652358
0.5576133152098082	0.5043817863175964
0.4089164311538593	0.3656767950802574
0.30978517511656006	0.3782863397381973
0.45848205917250895	0.5926485989231758
0.3717422101398721	0.4539436076858368
0.5452219082051458	0.5422104202914161
0.4336992451631841	0.5043817863175964
0.44609065216784655	0.4917722416596565
0.6567445712471074	0.6935249561866951
0.4336992451631841	0.44133406302789685
0.32217658212122247	0.42872451836995695
0.34695939613054727	0.5296008756334762
0.32217658212122247	0.5169913309755363
0.4832648731818337	0.5043817863175964
0.5080476871911584	0.6178676882390557
0.3593508031352097	0.3404577057643776
0.26021954709791045	0.4917722416596565
0.32217658212122247	0.4539436076858368
0.34695939613054727	0.4917722416596565
0.45848205917250895	0.6430867775549354
0.3345679891258849	0.4539436076858368
0.34695939613054727	0.3026290717905578
0.3717422101398721	0.44133406302789685
0.3345679891258849	0.5926485989231758
0.5947875362237953	0.6809154115287552
0.4956562801864961	0.5169913309755363
0.32217658212122247	0.5043817863175964
0.3593508031352097	0.44133406302789685
0.19826251207459847	0.416114973712017
0.21065391907926084	0.44133406302789685
0.4708734661771713	0.416114973712017
0.32217658212122247	0.40350542905407716
0.3593508031352097	0.3782863397381973
0.23543673308858565	0.3908958843961372
0.34695939613054727	0.4665531523437767
0.39652502414919694	0.4665531523437767
0.45848205917250895	0.35306725042231746
0.28500236110723526	0.2521908931587982
0.4089164311538593	0.4665531523437767
0.24782814009324805	0.32784816110643766
0.4336992451631841	0.42872451836995695
0.26021954709791045	0.4539436076858368
0.34695939613054727	0.47916269700171654
0.32217658212122247	0.3026290717905578
0.3841336171445345	0.3404577057643776
0.32217658212122247	0.416114973712017
0.34695939613054727	0.44133406302789685
0.34695939613054727	0.3908958843961372
0.2726109541025729	0.32784816110643766
0.3345679891258849	0.2900195271326179
0.30978517511656006	0.40350542905407716
0.39652502414919694	0.5800390542652358
0.24782814009324805	0.5296008756334762
0.3841336171445345	0.416114973712017
