WT	KO
0.2964375180536601	0.34706656679088627
0.2996250182477854	0.27570708576846104
0.3028125184419108	0.23029650693600864
0.3187500194125377	0.29192514963719407
0.34425002096554075	0.3373357284696465
0.32831251999491384	0.27246347299471446
0.3856875234891706	0.37301546898085913
0.32193751960666306	0.3373357284696465
0.3729375227126691	0.34706656679088627
0.3601875219361676	0.34057934124339306
0.32193751960666306	0.31463043905342025
0.2996250182477854	0.3632846306596193
0.3856875234891706	0.34382295401713964
0.3697500225185437	0.3048996007321804
0.34106252077141536	0.3665282434333659
0.3729375227126691	0.29192514963719407
0.3060000186360362	0.30814321350592705
0.3984375242656721	0.4022079839445785
0.3984375242656721	0.3697718562071125
0.37931252310091984	0.3340921156958999
0.3570000217420422	0.37301546898085913
0.363375022130293	0.37625908175460565
0.40162502445979753	0.37301546898085913
0.4048125246539229	0.3567974051121261
0.2868750174712839	0.32111766460091345
0.3697500225185437	0.4119388222658183
0.4207500256245497	0.3859899200758455
0.39206252387742135	0.37625908175460565
0.3729375227126691	0.4022079839445785
0.40162502445979753	0.3957207583970853
0.33468752038316457	0.4184260478133115
0.3729375227126691	0.3859899200758455
0.3729375227126691	0.4119388222658183
0.388875023683296	0.38274630730209885
0.39525002407154675	0.3924771456233387
0.3538125215479168	0.31463043905342025
0.39525002407154675	0.35355379233837947
0.4303125262069259	0.34706656679088627
0.42712502601280056	0.35355379233837947
0.414375025236299	0.4670802394195105
0.5259375320306873	0.4541057883245241
0.41118752504217365	0.4022079839445785
0.4335000264010513	0.38923353284959206
0.4558125277599289	0.3957207583970853
0.39525002407154675	0.41518243503956487
0.47493752892468116	0.38274630730209885
0.42712502601280056	0.42166966058705807
0.4303125262069259	0.4022079839445785
0.45900002795405426	0.4768110777407503
0.4366875265951766	0.4184260478133115
0.46537502834230504	0.4443749500032843
0.5100000310600603	0.4670802394195105
0.44306252698342735	0.4249132733608047
0.42712502601280056	0.3989643711708319
0.4335000264010513	0.3697718562071125
0.4366875265951766	0.4605930138720173
0.439875026789302	0.43464411168204453
0.4845000295070573	0.45086217555077746
0.5355000326130633	0.4768110777407503
0.45900002795405426	0.4378877244557911
0.45262502756580353	0.4184260478133115
0.4876875297011827	0.4930291416094833
0.47493752892468116	0.5092472054782162
0.5259375320306873	0.48978552883573667
0.5514375335836902	0.4670802394195105
0.5355000326130633	0.48005469051449695
0.5131875312541857	0.43464411168204453
0.41118752504217365	0.3859899200758455
0.5131875312541857	0.48978552883573667
0.532312532418938	0.5481705587631756
0.5227500318365618	0.5060035927044697
0.5036250306718096	0.4605930138720173
0.5068125308659349	0.4930291416094833
0.6056250368838216	0.6292608781068405
0.6215625378544485	0.6454789419755735
0.5705625347484425	0.5643886226319085
0.541875033001314	0.6065555886906143
0.6438750392133261	0.5481705587631756
0.5801250353308186	0.5903375248218814
0.5928750361073202	0.5481705587631756
0.583312535524944	0.577363073726895
0.5546250337778156	0.5254652693469494
0.5610000341660664	0.48005469051449695
0.5291250322248126	0.4703238521932571
0.4366875265951766	0.4443749500032843
0.4366875265951766	0.4638366266457639
0.46856252853643043	0.4119388222658183
0.5291250322248126	0.4605930138720173
0.5960625363014455	0.5351961076681891
0.6151875374661978	0.6325044908805871
0.5928750361073202	0.6065555886906143
0.42712502601280056	0.3795026945283523
0.5546250337778156	0.4995163671569765
0.6980625425134576	0.6616970058443066
0.8255625502784727	0.7752234529254376
0.7745625471724665	0.723325648545492
0.4494375273716782	0.4703238521932571
0.3474375211596661	0.34382295401713964
0.45262502756580353	0.5351961076681891
0.7618125463959651	0.626017265333094
0.9881250601788669	0.8725318361378356
0.6438750392133261	0.6065555886906143
0.4494375273716782	0.43464411168204453
0.4558125277599289	0.43464411168204453
0.4558125277599289	0.4443749500032843
0.8765625533844787	0.804415967889157
0.8638125526079771	0.7946851295679171
0.6566250399898277	0.577363073726895
0.5514375335836902	0.5222216565732027
0.5355000326130633	0.45086217555077746
0.6406875390192007	0.561145009858162
0.5546250337778156	0.5870939120481347
0.5546250337778156	0.5870939120481347
0.4972500302835588	0.48329830328824347
0.414375025236299	0.4605930138720173
0.5131875312541857	0.5222216565732027
0.49406253008943346	0.47356746496700375
0.5100000310600603	0.5254652693469494
0.5100000310600603	0.577363073726895
0.6279375382426993	0.5546577843106687
0.6151875374661978	0.6487225547493202
0.6247500380485739	0.6487225547493202
0.6024375366896962	0.6227736525593474
0.5546250337778156	0.6000683631431212
0.6311250384368247	0.5579013970844153
0.6916875421252068	0.5838502992743881
0.6056250368838216	0.5254652693469494
0.6502500396015769	0.5481705587631756
0.583312535524944	0.5319524948944425
0.5896875359131948	0.48005469051449695
0.5928750361073202	0.5319524948944425
0.6151875374661978	0.4476185627770309
0.5992500364955708	0.5449269459894289
0.5355000326130633	0.4995163671569765
0.532312532418938	0.5708758481794017
0.6311250384368247	0.5741194609531483
0.6406875390192007	0.5968247503693745
0.5801250353308186	0.5514141715369221
0.6247500380485739	0.6357481036543338
0.5546250337778156	0.5351961076681891
0.5673750345543171	0.5806066865006415
0.5610000341660664	0.5319524948944425
0.5195625316424364	0.49627275438322993
0.4813125293129319	0.5060035927044697
0.5163750314483111	0.561145009858162
0.532312532418938	0.5676322354056552
0.5801250353308186	0.6097992014643608
0.5737500349425678	0.5157344310257095
0.49087502989530807	0.5157344310257095
0.49087502989530807	0.48005469051449695
0.5100000310600603	0.5287088821206959
0.5641875343601918	0.5514141715369221
0.5450625331954394	0.5319524948944425
0.4558125277599289	0.4865419160619901
0.5291250322248126	0.5222216565732027
0.5100000310600603	0.4865419160619901
0.4303125262069259	0.4930291416094833
0.5514375335836902	0.4703238521932571
0.39525002407154675	0.4314004989082979
0.4462500271775528	0.44113133722953773
0.4494375273716782	0.4378877244557911
0.4462500271775528	0.48329830328824347
0.4335000264010513	0.4249132733608047
0.46537502834230504	0.4314004989082979
0.44306252698342735	0.3924771456233387
0.5004375304776841	0.4086952094920717
0.4845000295070573	0.47356746496700375
0.4494375273716782	0.4703238521932571
0.44306252698342735	0.4022079839445785
0.39525002407154675	0.4119388222658183
0.4303125262069259	0.4119388222658183
0.5227500318365618	0.4605930138720173
0.4048125246539229	0.49627275438322993
0.3570000217420422	0.32760489014840666
0.4048125246539229	0.3308485029221533
0.4048125246539229	0.3795026945283523
0.44306252698342735	0.38923353284959206
0.42712502601280056	0.37301546898085913
0.37612502290679445	0.3697718562071125
0.4366875265951766	0.4281568861345513
0.439875026789302	0.3697718562071125
0.4335000264010513	0.43464411168204453
0.363375022130293	0.4281568861345513
0.3570000217420422	0.3957207583970853
0.439875026789302	0.4476185627770309
0.4175625254304244	0.41518243503956487
0.363375022130293	0.3697718562071125
0.414375025236299	0.37301546898085913
0.32831251999491384	0.3113868262796737
0.3601875219361676	0.34706656679088627
0.34106252077141536	0.4086952094920717
0.388875023683296	0.3503101795646329
0.40800002484804826	0.37301546898085913
0.34106252077141536	0.3632846306596193
0.4494375273716782	0.34382295401713964
0.3697500225185437	0.3924771456233387
0.37612502290679445	0.38274630730209885
0.3187500194125377	0.36004101788587267
0.414375025236299	0.4119388222658183
0.42712502601280056	0.4086952094920717
