WT	KO
0.0	0.0
0.2751969783271415	0.1483167685151386
0.13759848916357076	0.4449503055454158
0.2751969783271415	0.2966335370302772
0.13759848916357076	0.0
0.13759848916357076	0.1483167685151386
0.13759848916357076	0.2966335370302772
0.550393956654283	0.0
0.13759848916357076	0.5932670740605543
0.0	0.1483167685151386
0.13759848916357076	0.0
0.13759848916357076	0.0
0.550393956654283	0.2966335370302772
0.2751969783271415	0.4449503055454158
0.6879924458178538	0.1483167685151386
0.0	0.0
0.4127954674907123	0.1483167685151386
0.0	0.1483167685151386
0.4127954674907123	0.0
0.13759848916357076	0.2966335370302772
0.550393956654283	0.0
0.0	0.1483167685151386
0.13759848916357076	0.1483167685151386
0.2751969783271415	0.4449503055454158
0.13759848916357076	0.1483167685151386
0.0	0.0
0.13759848916357076	0.741583842575693
0.2751969783271415	0.2966335370302772
0.13759848916357076	0.1483167685151386
0.4127954674907123	0.0
0.2751969783271415	0.1483167685151386
0.4127954674907123	0.0
0.2751969783271415	0.4449503055454158
0.13759848916357076	0.0
0.0	0.0
0.4127954674907123	0.2966335370302772
0.4127954674907123	0.1483167685151386
0.550393956654283	0.0
0.4127954674907123	0.2966335370302772
0.8255909349814246	0.4449503055454158
0.0	0.4449503055454158
0.13759848916357076	0.4449503055454158
0.13759848916357076	0.0
0.2751969783271415	0.1483167685151386
0.13759848916357076	0.2966335370302772
0.13759848916357076	0.2966335370302772
0.4127954674907123	0.0
0.13759848916357076	0.2966335370302772
0.0	0.2966335370302772
0.2751969783271415	0.1483167685151386
0.550393956654283	0.5932670740605543
0.8255909349814246	0.4449503055454158
0.4127954674907123	0.5932670740605543
0.13759848916357076	0.1483167685151386
0.550393956654283	0.5932670740605543
0.0	0.1483167685151386
0.4127954674907123	0.4449503055454158
0.550393956654283	0.1483167685151386
0.4127954674907123	0.1483167685151386
0.550393956654283	0.0
0.13759848916357076	0.1483167685151386
0.0	0.1483167685151386
0.4127954674907123	0.1483167685151386
0.13759848916357076	0.2966335370302772
0.550393956654283	0.1483167685151386
0.13759848916357076	0.5932670740605543
0.0	0.0
0.13759848916357076	0.0
0.0	0.0
0.0	0.4449503055454158
0.13759848916357076	0.4449503055454158
0.4127954674907123	0.1483167685151386
0.13759848916357076	0.2966335370302772
0.4127954674907123	0.4449503055454158
0.2751969783271415	0.0
0.13759848916357076	0.2966335370302772
0.2751969783271415	0.0
0.4127954674907123	0.2966335370302772
0.2751969783271415	0.5932670740605543
0.2751969783271415	0.4449503055454158
0.6879924458178538	0.4449503055454158
0.550393956654283	0.8899006110908316
0.0	0.4449503055454158
0.13759848916357076	0.8899006110908316
0.13759848916357076	0.4449503055454158
0.13759848916357076	0.2966335370302772
0.4127954674907123	0.2966335370302772
0.4127954674907123	0.0
0.13759848916357076	0.1483167685151386
0.2751969783271415	0.1483167685151386
0.0	0.0
0.2751969783271415	0.2966335370302772
0.550393956654283	0.741583842575693
0.2751969783271415	0.1483167685151386
0.4127954674907123	0.1483167685151386
0.550393956654283	0.1483167685151386
0.6879924458178538	0.5932670740605543
0.2751969783271415	0.2966335370302772
0.2751969783271415	0.2966335370302772
0.4127954674907123	0.5932670740605543
0.4127954674907123	0.1483167685151386
0.0	0.0
0.13759848916357076	0.0
0.0	0.0
0.550393956654283	0.4449503055454158
0.4127954674907123	0.5932670740605543
0.2751969783271415	0.5932670740605543
0.13759848916357076	0.4449503055454158
0.13759848916357076	0.2966335370302772
0.13759848916357076	0.2966335370302772
0.2751969783271415	0.1483167685151386
0.2751969783271415	0.2966335370302772
0.4127954674907123	0.2966335370302772
0.0	0.1483167685151386
0.13759848916357076	0.0
0.2751969783271415	0.0
0.0	0.1483167685151386
0.2751969783271415	0.2966335370302772
0.0	0.0
0.0	0.1483167685151386
0.0	0.1483167685151386
0.0	0.1483167685151386
0.2751969783271415	0.1483167685151386
0.13759848916357076	0.2966335370302772
0.6879924458178538	0.1483167685151386
0.4127954674907123	0.0
0.4127954674907123	0.2966335370302772
0.2751969783271415	0.4449503055454158
0.2751969783271415	0.4449503055454158
0.13759848916357076	0.4449503055454158
0.2751969783271415	0.2966335370302772
0.2751969783271415	0.1483167685151386
0.0	0.2966335370302772
0.2751969783271415	0.4449503055454158
0.0	0.1483167685151386
0.13759848916357076	0.0
0.0	0.4449503055454158
0.0	0.1483167685151386
0.2751969783271415	0.0
0.13759848916357076	0.2966335370302772
0.2751969783271415	0.4449503055454158
0.2751969783271415	0.2966335370302772
0.0	0.0
0.13759848916357076	0.1483167685151386
0.13759848916357076	0.5932670740605543
0.6879924458178538	0.1483167685151386
0.13759848916357076	0.5932670740605543
0.2751969783271415	0.5932670740605543
0.2751969783271415	0.2966335370302772
0.550393956654283	0.8899006110908316
0.13759848916357076	0.1483167685151386
0.4127954674907123	0.4449503055454158
0.13759848916357076	0.2966335370302772
0.4127954674907123	0.4449503055454158
0.4127954674907123	0.1483167685151386
0.4127954674907123	0.0
0.550393956654283	0.2966335370302772
0.13759848916357076	0.5932670740605543
0.2751969783271415	0.5932670740605543
0.550393956654283	0.5932670740605543
0.2751969783271415	0.2966335370302772
0.2751969783271415	0.5932670740605543
0.0	0.1483167685151386
0.0	0.0
0.4127954674907123	0.2966335370302772
0.550393956654283	0.8899006110908316
0.6879924458178538	0.5932670740605543
0.4127954674907123	0.4449503055454158
0.550393956654283	0.5932670740605543
0.4127954674907123	0.1483167685151386
0.550393956654283	0.1483167685151386
0.8255909349814246	0.2966335370302772
0.13759848916357076	0.1483167685151386
0.8255909349814246	0.1483167685151386
0.4127954674907123	0.4449503055454158
0.13759848916357076	0.741583842575693
0.4127954674907123	0.0
0.0	0.2966335370302772
0.2751969783271415	0.1483167685151386
0.0	0.1483167685151386
0.0	0.0
0.13759848916357076	0.2966335370302772
0.0	0.1483167685151386
0.8255909349814246	0.5932670740605543
0.4127954674907123	0.741583842575693
0.6879924458178538	0.4449503055454158
0.6879924458178538	0.4449503055454158
0.13759848916357076	0.4449503055454158
0.0	0.2966335370302772
0.0	0.1483167685151386
0.13759848916357076	0.0
0.4127954674907123	0.2966335370302772
0.13759848916357076	0.4449503055454158
0.13759848916357076	0.0
0.0	0.0
0.13759848916357076	0.1483167685151386
0.2751969783271415	0.1483167685151386
0.550393956654283	0.1483167685151386
0.4127954674907123	0.1483167685151386
0.2751969783271415	0.0
