WT	KO
0.32416448450122454	0.33143055968711393
0.468237588723991	0.5608824856243466
0.7924020732252156	0.6883557778116982
0.6843472450581408	0.7393450946866388
0.7203655211138323	0.48439851031193576
0.6123106929467574	0.5608824856243466
0.6843472450581408	0.43340919343699513
0.5042558647796826	0.509893168749406
0.5762924168910659	0.509893168749406
0.7203655211138323	0.6373664609367575
0.5042558647796826	0.7393450946866388
0.36018276055691617	0.30593590124964365
0.6843472450581408	0.6118718024992873
0.7203655211138323	0.7138504362491684
0.468237588723991	0.40791453499952485
0.6123106929467574	0.509893168749406
0.36018276055691617	0.6628611193742279
0.6483289690024491	0.43340919343699513
0.43221931266829944	0.6373664609367575
0.6483289690024491	0.586377144061817
1.1165665577264403	0.6883557778116982
0.6123106929467574	0.6118718024992873
0.7924020732252156	0.6628611193742279
0.43221931266829944	0.6628611193742279
0.756383797169524	0.7393450946866388
0.6483289690024491	0.7138504362491684
0.5402741408353743	0.5608824856243466
0.8644386253365989	0.6883557778116982
0.7924020732252156	0.7903344115615794
1.0085117295593653	0.6373664609367575
0.8644386253365989	0.7393450946866388
0.936475177447982	0.764839753124109
1.4047127661719732	1.0452809959362823
1.3326762140605897	1.1217649712486932
0.936475177447982	0.8413237284365199
0.8644386253365989	0.5608824856243466
0.7924020732252156	0.7903344115615794
1.0085117295593653	0.9687970206238715
0.8644386253365989	0.9178077037489308
0.756383797169524	0.6373664609367575
0.9004569013922904	0.6883557778116982
0.8284203492809072	0.764839753124109
1.1525848337821318	0.8413237284365199
0.9724934535036738	0.8923130453114605
1.0445300056150568	0.8923130453114605
1.1165665577264403	0.8158290699990497
1.0445300056150568	0.7903344115615794
0.936475177447982	0.8923130453114605
0.7924020732252156	0.8158290699990497
1.0085117295593653	0.8158290699990497
0.8644386253365989	0.9687970206238715
0.8644386253365989	0.764839753124109
0.5762924168910659	0.6883557778116982
1.2966579380048981	0.9433023621864011
1.1165665577264403	0.8668183868739903
0.936475177447982	0.8923130453114605
0.936475177447982	0.8668183868739903
1.1525848337821318	1.0452809959362823
1.512767594339048	1.019786337498812
0.9724934535036738	1.0707756543737526
0.7924020732252156	0.7903344115615794
0.756383797169524	0.6628611193742279
0.6483289690024491	1.019786337498812
1.2246213858935149	0.8158290699990497
0.9724934535036738	1.0452809959362823
0.756383797169524	0.8413237284365199
1.0805482816707486	1.019786337498812
1.0805482816707486	0.764839753124109
1.2246213858935149	0.7393450946866388
1.3326762140605897	1.0452809959362823
1.1525848337821318	0.8923130453114605
0.9724934535036738	0.9942916790613419
0.936475177447982	0.8923130453114605
0.936475177447982	0.9178077037489308
0.8644386253365989	1.019786337498812
0.756383797169524	0.7393450946866388
1.1886031098378234	0.8668183868739903
1.5487858703947395	1.2492382634360448
1.4047127661719732	1.096270312811223
1.2246213858935149	1.0707756543737526
1.0805482816707486	0.8668183868739903
0.8644386253365989	0.6373664609367575
1.0445300056150568	0.9942916790613419
1.1165665577264403	1.0452809959362823
0.7924020732252156	0.8158290699990497
0.5402741408353743	0.509893168749406
0.756383797169524	0.764839753124109
0.9724934535036738	0.9687970206238715
0.8644386253365989	0.6628611193742279
0.6483289690024491	0.5608824856243466
0.5762924168910659	0.6883557778116982
1.0445300056150568	0.9942916790613419
1.512767594339048	1.3767115556233964
1.6208224225061227	1.5806688231231587
0.936475177447982	0.6883557778116982
0.5042558647796826	0.586377144061817
0.756383797169524	0.7393450946866388
1.2966579380048981	0.9942916790613419
1.5487858703947395	1.1982489465611041
0.8644386253365989	0.6628611193742279
0.5762924168910659	0.33143055968711393
0.7924020732252156	0.7903344115615794
1.5487858703947395	1.1217649712486932
1.4047127661719732	1.1982489465611041
0.756383797169524	0.9178077037489308
0.5402741408353743	0.6373664609367575
0.7203655211138323	0.8923130453114605
1.4047127661719732	1.0707756543737526
1.3326762140605897	1.529679506248218
0.9004569013922904	0.9433023621864011
0.7924020732252156	0.43340919343699513
0.9724934535036738	0.764839753124109
0.9724934535036738	0.7393450946866388
0.5042558647796826	0.6118718024992873
0.8284203492809072	0.6118718024992873
0.7924020732252156	0.5353878271868763
0.9004569013922904	0.7138504362491684
1.0445300056150568	0.9942916790613419
1.2246213858935149	1.0707756543737526
1.1886031098378234	1.1217649712486932
1.0445300056150568	0.9942916790613419
1.3326762140605897	1.172754288123634
1.0085117295593653	1.0707756543737526
1.1165665577264403	0.9942916790613419
1.0445300056150568	0.8668183868739903
1.1525848337821318	0.7138504362491684
1.2246213858935149	1.019786337498812
1.3686944901162816	0.9942916790613419
1.3326762140605897	1.0452809959362823
0.9004569013922904	1.1982489465611041
1.0805482816707486	0.8413237284365199
0.8644386253365989	0.8923130453114605
1.0805482816707486	1.0452809959362823
1.4047127661719732	0.9433023621864011
1.3686944901162816	1.3257222387484557
0.9724934535036738	0.6373664609367575
0.9004569013922904	1.019786337498812
1.0805482816707486	0.9942916790613419
1.1165665577264403	1.096270312811223
1.0445300056150568	1.172754288123634
0.9004569013922904	0.8158290699990497
1.4047127661719732	0.7138504362491684
0.936475177447982	0.9178077037489308
0.6843472450581408	0.764839753124109
0.5042558647796826	0.48439851031193576
0.7924020732252156	0.8923130453114605
1.0805482816707486	0.9687970206238715
1.1525848337821318	0.9687970206238715
1.0085117295593653	1.096270312811223
0.8644386253365989	0.8158290699990497
0.9004569013922904	0.6628611193742279
0.756383797169524	0.586377144061817
1.1525848337821318	0.8158290699990497
0.7924020732252156	0.8158290699990497
0.8284203492809072	0.8668183868739903
0.9724934535036738	0.7903344115615794
0.8644386253365989	0.8413237284365199
0.9004569013922904	0.764839753124109
0.6483289690024491	0.6373664609367575
0.9004569013922904	0.5608824856243466
0.756383797169524	0.9687970206238715
1.0445300056150568	0.8923130453114605
0.6843472450581408	0.7138504362491684
0.7924020732252156	0.6628611193742279
0.6123106929467574	1.0707756543737526
1.1165665577264403	0.9942916790613419
0.936475177447982	0.6883557778116982
0.7924020732252156	0.6883557778116982
0.6483289690024491	0.6118718024992873
0.6843472450581408	0.5608824856243466
0.8284203492809072	0.6628611193742279
0.756383797169524	0.8413237284365199
0.8644386253365989	0.9178077037489308
0.9004569013922904	0.9178077037489308
0.5042558647796826	0.6628611193742279
0.8644386253365989	0.9178077037489308
0.3962010366126078	0.43340919343699513
0.5402741408353743	0.48439851031193576
0.8284203492809072	0.586377144061817
0.7924020732252156	0.6118718024992873
0.9724934535036738	0.7138504362491684
0.7203655211138323	0.8158290699990497
0.6843472450581408	0.6373664609367575
0.936475177447982	0.6373664609367575
0.756383797169524	0.6883557778116982
0.5402741408353743	0.48439851031193576
0.5402741408353743	0.5353878271868763
0.21610965633414972	0.5353878271868763
0.6483289690024491	0.764839753124109
0.8644386253365989	0.6628611193742279
0.936475177447982	0.7903344115615794
0.3962010366126078	0.509893168749406
0.5402741408353743	0.5608824856243466
0.7924020732252156	0.7138504362491684
0.7924020732252156	0.6883557778116982
0.6843472450581408	0.6628611193742279
0.7924020732252156	0.7393450946866388
0.7203655211138323	0.6883557778116982
0.6483289690024491	0.5608824856243466
0.6843472450581408	0.6883557778116982
