WT	KO
0.3410774141273754	0.3292136328664643
0.3514130933433565	0.4170039349641882
0.3824201309912997	0.4096880764560445
0.4651055647191483	0.504794237061912
0.3824201309912997	0.5121100955700557
0.3720844517753187	0.336529491374608
0.28939901804747004	0.3072660573420334
0.4134271686392429	0.5121100955700557
0.2997346972634511	0.504794237061912
0.44443420628718616	0.49747837855376836
0.39275581020728073	0.482846661537481
0.44443420628718616	0.4535832275049064
0.4754412439351294	0.526741812586343
0.40309148942326184	0.46089908601305
0.4134271686392429	0.38774050093161355
0.3514130933433565	0.5413735296026302
0.4134271686392429	0.4316356519804755
0.4961126023670915	0.6291638317003541
0.6304764321748455	0.5340576710944865
0.4961126023670915	0.526741812586343
0.4857769231511105	0.5706369636352048
0.4961126023670915	0.5779528221433485
0.6201407529588644	0.6584272657329286
0.4134271686392429	0.4755308030293373
0.4857769231511105	0.5413735296026302
0.43409852707120505	0.49016252004562466
0.4651055647191483	0.5779528221433485
0.5374553192310157	0.548689388110774
0.4651055647191483	0.5194259540781992
0.6924905074707318	0.5999003976677795
0.44443420628718616	0.5560052466189175
0.6511477906068075	0.6584272657329286
0.6408121113908265	0.673058982749216
0.39275581020728073	0.548689388110774
0.43409852707120505	0.4389515104886191
0.4754412439351294	0.49016252004562466
0.5064482815830725	0.6145321146840668
0.6718191490387697	0.5852686806514922
0.5787980360949401	0.6072162561759231
0.7441689035506374	0.6803748412573596
0.5684623568789591	0.6364796902084977
0.4857769231511105	0.5121100955700557
0.6201407529588644	0.7023224167817905
0.6821548282547508	0.7681651433550833
0.558126677662978	0.7608492848469398
0.6408121113908265	0.6145321146840668
0.558126677662978	0.5560052466189175
0.44443420628718616	0.4535832275049064
0.5477909984469969	0.5121100955700557
0.5787980360949401	0.5999003976677795
0.5167839607990536	0.6437955487166414
0.6718191490387697	0.6072162561759231
0.6408121113908265	0.482846661537481
0.5994693945269022	0.6145321146840668
0.7855116204145615	0.651111407224785
0.8061829788465237	0.6950065582736469
0.7855116204145615	0.6657431242410723
0.5994693945269022	0.6364796902084977
0.6408121113908265	0.6437955487166414
0.6511477906068075	0.6437955487166414
0.8165186580625048	0.7023224167817905
0.4754412439351294	0.6218479731922104
0.5787980360949401	0.6950065582736469
0.6098050737428834	0.5194259540781992
0.6201407529588644	0.6803748412573596
0.6201407529588644	0.6950065582736469
0.7338332243346561	0.7389017093225089
0.6408121113908265	0.5999003976677795
0.6718191490387697	0.7169541337980778
0.7545045827666184	0.6584272657329286
0.9095397710063344	0.7901127188795144
0.6511477906068075	0.7754810018632271
0.837190016494467	0.6803748412573596
0.5891337153109212	0.6072162561759231
0.5684623568789591	0.6437955487166414
0.713161865902694	0.5779528221433485
0.7855116204145615	0.8266920114202326
0.8888684125743723	0.8486395869446636
0.8785327333583911	0.6950065582736469
0.7751759411985805	0.7389017093225089
0.6408121113908265	0.673058982749216
0.7855116204145615	0.6364796902084977
0.713161865902694	0.7535334263387962
0.7751759411985805	0.6657431242410723
0.5684623568789591	0.49747837855376836
0.4961126023670915	0.49016252004562466
0.6098050737428834	0.5413735296026302
0.5374553192310157	0.5779528221433485
0.6614834698227887	0.6072162561759231
0.6821548282547508	0.651111407224785
0.8165186580625048	0.7023224167817905
0.7441689035506374	0.7827968603713708
0.8681970541424101	0.9144823135179564
0.7855116204145615	0.6950065582736469
0.847525695710448	0.7681651433550833
1.116253355325956	0.863271303960951
0.9198754502223154	0.9583774645668185
0.9405468086542776	0.9071664550098129
0.8681970541424101	0.8047444358958017
0.5787980360949401	0.651111407224785
0.6304764321748455	0.6657431242410723
1.0645749592460505	0.9144823135179564
1.002560883950164	1.1705373613029844
0.9508824878702588	0.8925347379935256
0.5891337153109212	0.7608492848469398
0.6718191490387697	0.8779030209772382
0.8785327333583911	0.8340078699283764
1.012896563166145	1.0900629177134042
0.6408121113908265	0.6803748412573596
0.6821548282547508	0.7681651433550833
0.5684623568789591	0.4682149445211937
0.6304764321748455	0.7023224167817905
0.847525695710448	0.7169541337980778
0.6614834698227887	0.797428577387658
0.6924905074707318	0.5779528221433485
0.5787980360949401	0.6584272657329286
0.7338332243346561	0.6291638317003541
0.7338332243346561	0.7535334263387962
0.713161865902694	0.6803748412573596
0.6924905074707318	0.7169541337980778
0.8268543372784858	0.7827968603713708
0.8061829788465237	0.7681651433550833
0.6718191490387697	0.7901127188795144
0.7338332243346561	0.8047444358958017
0.7545045827666184	0.7608492848469398
0.6304764321748455	0.7023224167817905
0.9405468086542776	0.651111407224785
0.7234975451186751	0.797428577387658
0.7234975451186751	0.7169541337980778
0.7648402619825994	0.7754810018632271
0.6098050737428834	0.6584272657329286
0.6201407529588644	0.6950065582736469
0.7648402619825994	0.7023224167817905
0.7441689035506374	0.7315858508143651
0.7338332243346561	0.7389017093225089
0.7545045827666184	0.8266920114202326
0.6614834698227887	0.7023224167817905
0.702826186686713	0.797428577387658
0.713161865902694	0.7901127188795144
0.7441689035506374	0.673058982749216
0.7855116204145615	0.7535334263387962
0.6821548282547508	0.651111407224785
0.6614834698227887	0.5925845391596358
0.6924905074707318	0.7389017093225089
0.5684623568789591	0.6950065582736469
0.6614834698227887	0.651111407224785
0.713161865902694	0.7169541337980778
0.7234975451186751	0.673058982749216
0.5891337153109212	0.6145321146840668
0.7234975451186751	0.482846661537481
0.713161865902694	0.7535334263387962
0.713161865902694	0.5852686806514922
0.6098050737428834	0.6218479731922104
0.4857769231511105	0.504794237061912
0.7338332243346561	0.651111407224785
0.7441689035506374	0.5779528221433485
0.9198754502223154	0.8047444358958017
0.6718191490387697	0.6218479731922104
0.558126677662978	0.6364796902084977
0.558126677662978	0.5779528221433485
0.558126677662978	0.548689388110774
0.6408121113908265	0.6218479731922104
0.713161865902694	0.6803748412573596
0.5064482815830725	0.526741812586343
0.5891337153109212	0.7096382752899343
0.6098050737428834	0.5560052466189175
0.6098050737428834	0.6657431242410723
0.5891337153109212	0.5779528221433485
0.4651055647191483	0.504794237061912
0.5684623568789591	0.5121100955700557
0.7338332243346561	0.6437955487166414
0.43409852707120505	0.504794237061912
0.4547698855031672	0.6584272657329286
0.5167839607990536	0.5852686806514922
0.44443420628718616	0.5925845391596358
0.4857769231511105	0.5413735296026302
0.5477909984469969	0.5340576710944865
0.6201407529588644	0.49016252004562466
0.5477909984469969	0.6218479731922104
0.39275581020728073	0.37310878391532626
0.5374553192310157	0.504794237061912
0.4651055647191483	0.4535832275049064
0.7545045827666184	0.6291638317003541
0.6821548282547508	0.5999003976677795
0.5891337153109212	0.5340576710944865
0.33074173491139436	0.4755308030293373
0.3824201309912997	0.4462673689967628
0.3410774141273754	0.37310878391532626
0.5167839607990536	0.4389515104886191
0.5787980360949401	0.548689388110774
0.5994693945269022	0.504794237061912
0.4651055647191483	0.4389515104886191
0.4651055647191483	0.40237221794790085
0.43409852707120505	0.504794237061912
0.4857769231511105	0.5779528221433485
0.5064482815830725	0.5121100955700557
0.5167839607990536	0.4682149445211937
0.3720844517753187	0.4170039349641882
0.4651055647191483	0.49747837855376836
0.5064482815830725	0.4389515104886191
