condition1	condition1
0.1435889666451207	0.13887713799681237
0.14443431800467985	0.14585839448498247
0.14866107480247567	0.14623239036827732
0.14491737592442794	0.13999912564669686
0.1510763644012161	0.14411308036293996
0.1468496076034203	0.14909969214020433
0.14552119832411306	0.1436144191852135
0.15228400920058638	0.14860103096247787
0.1385168584877657	0.14124577859101295
0.1489026037623497	0.14448707624623477
0.14878183928241268	0.15483429568405832
0.15892605559712264	0.15196699391213134
0.15083483544134207	0.1529643162675842
0.16399816375447762	0.15732760157269052
0.14902336824228674	0.14673105154600374
0.15155942232096423	0.15869891981143822
0.16411892823441462	0.15907291569473303
0.15071407096140504	0.15121900214554165
0.1530085960802085	0.15807559333928017
0.1545785343193898	0.15558228745064798
0.15904682007705964	0.1658048415940399
0.16363587031466656	0.16243887864438647
0.16001293591655585	0.16181555217222843
0.16484351511403678	0.1588235851058698
0.1582014687175005	0.1629375398221129
0.16520580855384784	0.15657960980610083
0.16375663479460356	0.1695448004269882
0.17221014839019522	0.16493218453301864
0.16991562327139176	0.17303542867107324
0.1835620095042754	0.17316009396550483
0.1717270904704471	0.17041745748800946
0.16605115991340702	0.1616908868777968
0.1681041560723364	0.17203810631562036
0.1638773992745406	0.17478074279311578
0.171123268070762	0.1669268292439244
0.18283742262465325	0.17029279219357782
0.18211283574503112	0.1781467057427692
0.17257244183000628	0.17303542867107324
0.1747462024688727	0.169918796310283
0.17498773142874674	0.17129011454903073
0.17402161558925056	0.17303542867107324
0.17969754614629063	0.17577806514856864
0.18175054230522003	0.1792686933926537
0.1836827739842124	0.1782713710372008
0.18090519094566088	0.1808893422202646
0.1819920712650941	0.17877003221492724
0.18911717558137844	0.1850032969365077
0.1841658319039605	0.1823853257534439
0.18537347670333074	0.18363197869776
0.1909286427804338	0.19672183461307893
0.19732916021709604	0.19148589224695137
0.18923794006131547	0.19011457400820367
0.18392430294408646	0.1826346563423071
0.19261934549955215	0.19285721048569904
0.1923778165396781	0.20133445050704846
0.18960023350112654	0.1974698263796686
0.2017974459747659	0.2060717316954496
0.19938215637602544	0.19983846697386914
0.19744992469703307	0.20644572757874444
0.20215973941457696	0.20158378109591168
0.20155591701489184	0.19510118578546803
0.19769145365690713	0.20544840522329155
0.20203897493463996	0.2048250787511335
0.20312585525407317	0.21093367817828235
0.20868102133117622	0.20632106228431282
0.2079564344515541	0.20781704581749214
0.20300509077413612	0.20532373992885997
0.2100094306104835	0.20931302935067142
0.20312585525407317	0.20694438875647087
0.2112170754098537	0.2055730705177232
0.2106132530101686	0.20981169052839788
0.20517885141300254	0.20407708698454388
0.2043335000534434	0.2032044299235226
0.19624227989766282	0.197345161085237
0.20010674325564756	0.19958913638500594
0.20143515253495484	0.205947066401018
0.20686955413212088	0.21330231877248293
0.2079564344515541	0.2019577769792065
0.20699031861205788	0.2032044299235226
0.20711108309199494	0.21467363701123063
0.2042127355735064	0.20569773581215478
0.21025095957035753	0.2074430499341973
0.20046903669545862	0.20956235993953465
0.2137531294885312	0.21093367817828235
0.21773835732645297	0.2141749758335042
0.21133783988979074	0.21429964112793579
0.20626573173243576	0.2003371281515956
0.18489041878358262	0.1851279622309393
0.1955176930180407	0.18126333810355943
0.20095209461520674	0.20133445050704846
0.2183421797261381	0.20507440933999674
0.22111976276468961	0.22439752997689613
0.18283742262465325	0.1892419169471824
0.2153230677277125	0.2115570046504404
0.23162627251921064	0.22738949704325473
0.24937865106995305	0.2559378494680932
0.18307895158452728	0.17727404868174793
0.1353769820094031	0.14261709682976065
0.186822650462575	0.18250999104787552
0.21665147700701975	0.21342698406691452
0.2659233848213252	0.2632931018395581
0.26169662802352944	0.2672823912613696
0.21761759284651597	0.20906369876180825
0.16774186263252533	0.17041745748800946
0.13924144536738786	0.13114788974205263
0.17848990134692042	0.18188666457571748
0.2626627438630256	0.2564365106458196
0.2405628440345504	0.2348694147091513
0.212666249169098	0.20769238052306052
0.17969754614629063	0.18587595399752893
0.22474269716280032	0.21579562466111513
0.2132700715687831	0.21542162877782028
0.19527616405816664	0.1896159128304772
0.18513194774345668	0.18712260694184504
0.19068711382055975	0.18425530516991803
0.19201552309986702	0.1963478387297841
0.20843949237130216	0.20781704581749214
0.20988866613054646	0.20569773581215478
0.20880178581111325	0.21205566582816684
0.21351160052865714	0.2160449552499783
0.20940560821079837	0.2055730705177232
0.2055411448528136	0.2099363558228295
0.20819796341142816	0.2058224011065864
0.20723184757193194	0.21405031053907259
0.21097554644997965	0.2144243064223674
0.20771490549168004	0.21380097995020936
0.20215973941457696	0.2075677152286289
0.2049373224531285	0.2075677152286289
0.20650726069230982	0.2103103517061243
0.20240126837445102	0.2113076740615772
0.21206242676941287	0.20270576874579616
0.2090433147709873	0.21093367817828235
0.2013143880550178	0.2113076740615772
0.21133783988979074	0.21205566582816684
0.20119362357508078	0.21754093878315764
0.20348814869388424	0.20507440933999674
0.20469579349325445	0.19659716931864732
0.2153230677277125	0.20494974404556515
0.2101301950904205	0.20519907463442832
0.18911717558137844	0.20058645874045883
0.1935854613390483	0.1988411446184163
0.18259589366477919	0.18861859047502436
0.1835620095042754	0.18363197869776
0.19322316789923724	0.1962231734353525
0.18815105974188226	0.18998990871377203
0.19008329142087466	0.19447785931331
0.18875488214156738	0.1903639045970669
0.1899625269409376	0.1852526275253709
0.1923778165396781	0.18437997046434965
0.17498773142874674	0.1823853257534439
0.18839258870175632	0.18562662340866576
0.18126748438547194	0.19559984696319446
0.19322316789923724	0.192233884013541
0.18923794006131547	0.18450463575878126
0.17679919862780208	0.186499280469687
0.1717270904704471	0.1780220404483376
0.17510849590868377	0.1781467057427692
0.17812760790710935	0.1806400116314014
0.17764454998736126	0.17590273044300023
0.16834568503221045	0.17602739573743184
0.17510849590868377	0.17328475925993644
0.17221014839019522	0.17727404868174793
0.17510849590868377	0.17640139162072668
0.1769199631077391	0.1740327510265261
0.17341779318956543	0.16617883747733472
0.16737956919271427	0.16642816806619795
0.17184785495038415	0.17627672632629507
0.17812760790710935	0.17129011454903073
0.16786262711246236	0.1684228127771037
0.16423969271435168	0.17839603633163242
0.1665342178331551	0.16767482101051404
0.1633943413547925	0.16019490334461753
0.16206593207548525	0.16343620099983935
0.16846644951214748	0.16119222570007039
0.16254898999523335	0.15907291569473303
0.15699382391813027	0.15682894039496406
0.160858287276115	0.15944691157802784
0.14757419448304246	0.15221632450099454
0.15433700535951575	0.15620561392280602
0.160858287276115	0.158449589222575
0.16665498231309211	0.16031956863904911
0.1566315304783192	0.15620561392280602
0.15312936056014553	0.1492243574346359
0.15771841079775242	0.14511040271839282
0.15312936056014553	0.1544602998007635
0.15276706712033444	0.15458496509519512
0.15856376215731158	0.15782626275041695
0.14395126008493175	0.15159299802883647
0.14878183928241268	0.14448707624623477
0.14817801688272755	0.14947368802349914
0.15482006327926387	0.15246565508985774
0.14552119832411306	0.14860103096247787
0.14757419448304246	0.14573372919055086
0.14854031032253862	0.14585839448498247
0.14950642616203483	0.1477283739014566
0.14419278904480579	0.15109433685111007
0.1482987813626646	0.14573372919055086
0.14177749944606535	0.13264387327523194
0.13936220984732486	0.13738115446363308
0.1352562175294661	0.1353865097527273
