WT	KO
0.45011615287486817	0.46367972525907525
0.41632364890528345	0.4556390363817503
0.3838828450944822	0.4221361660595627
0.4001032469998828	0.4221361660595627
0.45011615287486817	0.4355373141884378
0.42713725017555054	0.4730605289492878
0.49337055795593654	0.4891419067039378
0.4230821496992004	0.46367972525907525
0.46363315446270204	0.4891419067039378
0.4541712533512183	0.48110121782661275
0.4298406504931173	0.4609994956333002
0.439302551604601	0.46367972525907525
0.4717433554154023	0.47172041413640026
0.4974256584322867	0.49852271039415025
0.44470935223973457	0.4945023659554878
0.41632364890528345	0.45429892156886276
0.4528195531924349	0.5213046622132378
0.4690399550978356	0.49718259558126277
0.5177011608140375	0.49316225114260026
0.4541712533512183	0.5146040881488003
0.47309505557418574	0.4596593808204128
0.4568746536687851	0.4918221363297128
0.5082392597025539	0.49048202151682524
0.512294360178904	0.5387261547807752
0.4528195531924349	0.5347058103421128
0.4757984558917525	0.5239848918390129
0.47309505557418574	0.4784209882008378
0.523107961449171	0.5454267288452128
0.5285147620843047	0.5052232844585878
0.46768825493905214	0.4998628252070378
0.4717433554154023	0.5494470732838753
0.5204045611316043	0.5494470732838753
0.5433834638309218	0.5521273029096503
0.5690657668478062	0.5400662695936628
0.5393283633545717	0.5360459251550004
0.5420317636721386	0.5494470732838753
0.5028324590674202	0.5588278769740878
0.5704174670065896	0.5494470732838753
0.5258113617667378	0.6057318954251504
0.6217820730403585	0.6231533879926878
0.5636589662126726	0.5990313213607128
0.5947480698646906	0.5869702880447253
0.5258113617667378	0.5708889102900753
0.5920446695471239	0.5856301732318379
0.613671872087658	0.6512957990633254
0.5879895690707737	0.5936708621091629
0.6069133712937411	0.5856301732318379
0.5663623665302395	0.5976912065478253
0.5528453649424057	0.5923307472962753
0.638002474945759	0.6445952249988879
0.6744983792329106	0.6687172916308629
0.6366507747869756	0.6593364879406504
0.6096167716113079	0.6566562583148753
0.5947480698646906	0.6593364879406504
0.6461126758984593	0.6526359138762129
0.6582779773275098	0.6660370620050878
0.6501677763748095	0.6526359138762129
0.6501677763748095	0.6700574064437503
0.6069133712937411	0.6338743064957879
0.6298922739930587	0.6834585545726254
0.7096425833612785	0.6713975212566379
0.6690915785977769	0.6620167175664254
0.6285405738342753	0.6486155694375504
0.6352990746281922	0.655316143501988
0.58258276843564	0.6499556842504378
0.6393541751045424	0.6646969471922004
0.6528711766923763	0.6606766027535379
0.6920704812970946	0.7008800471401629
0.6582779773275098	0.6486155694375504
0.6177269725640082	0.6794382101339629
0.6285405738342753	0.6700574064437503
0.655574577009943	0.6365545361215628
0.7191044844727623	0.6888190138241754
0.6501677763748095	0.6646969471922004
0.6758500793916938	0.6874788990112879
0.6799051798680441	0.6834585545726254
0.7272146854254626	0.7196416545205879
0.693422181455878	0.7477840655912255
0.7123459836788454	0.6968597027015003
0.6582779773275098	0.6727376360695254
0.7164010841551955	0.6914992434499504
0.6826085801856108	0.6914992434499504
0.6461126758984593	0.6981998175143879
0.5839344685944236	0.6084121250509253
0.5460868641484887	0.5052232844585878
0.5244596616079544	0.5132639733359128
0.5028324590674202	0.5507871880967627
0.6285405738342753	0.6338743064957879
0.6055616711349577	0.6365545361215628
0.7326214860605962	0.7424236063396754
0.5960997700234739	0.6754178656953004
0.5920446695471239	0.6030516657993754
0.6744983792329106	0.6606766027535379
0.9610588128949887	1.0546703577424632
0.969169013847689	0.982304157846538
0.7637105897126141	0.818810150674263
0.4176753490640668	0.47708087338795024
0.4136202485877167	0.42079605124667524
0.6690915785977769	0.6928393582628379
1.052974423692259	1.1256964428255007
0.9637622132125555	1.025187831858938
0.638002474945759	0.5950109769220504
0.37171754366543164	0.3832728364858252
0.47309505557418574	0.5119238585230252
0.8772534030504187	0.8469525617449005
1.0881186278206272	1.0962139169419756
0.9421350106720212	0.947461172711463
0.5325698625606547	0.5816098287931754
0.4974256584322867	0.5749092547287379
0.6258371735167085	0.7035602767659379
0.6744983792329106	0.7022201619530505
0.6461126758984593	0.6526359138762129
0.5163494606552541	0.6191330435540253
0.5190528609728209	0.5440866140323253
0.5447351639897052	0.5561476473483129
0.5244596616079544	0.5494470732838753
0.5596038657363226	0.5507871880967627
0.6042099709761743	0.6646969471922004
0.7055874828849285	0.6941794730757255
0.6839602803443942	0.7303625730236879
0.6393541751045424	0.6700574064437503
0.6650364781214267	0.6955195878886129
0.6961255817734446	0.6593364879406504
0.7393799868545131	0.7102608508303754
0.7515452882835636	0.7611852137201005
0.6582779773275098	0.6928393582628379
0.6812568800268275	0.7102608508303754
0.6596296774862933	0.6311940768700128
0.6244854733579251	0.6405748805602254
0.6731466790741272	0.7102608508303754
0.6528711766923763	0.6874788990112879
0.6799051798680441	0.6620167175664254
0.7272146854254626	0.7022201619530505
0.6704432787565603	0.6620167175664254
0.6569262771687264	0.6633568323793129
0.6244854733579251	0.6633568323793129
0.6123201719288747	0.6084121250509253
0.6298922739930587	0.6727376360695254
0.6474643760572428	0.6405748805602254
0.5650106663714561	0.5963510917349378
0.5731208673241565	0.5896505176705004
0.589341269229557	0.5789295991674003
0.6150235722464414	0.5976912065478253
0.589341269229557	0.6030516657993754
0.554197065101189	0.6017115509864879
0.5379766631957883	0.5909906324833878
0.5177011608140375	0.5682086806643003
0.5514936647836222	0.5641883362256378
0.5474385643072721	0.5655284510385253
0.5366249630370049	0.5641883362256378
0.5663623665302395	0.5708889102900753
0.5677140666890229	0.5775894843545127
0.5379766631957883	0.5789295991674003
0.5690657668478062	0.5601679917869753
0.523107961449171	0.5414063844065503
0.5177011608140375	0.5481069584709878
0.5663623665302395	0.5481069584709878
0.529866462243088	0.5360459251550004
0.554197065101189	0.5427464992194379
0.4771501560505359	0.4824413326395003
0.5163494606552541	0.5199645474003503
0.5420317636721386	0.49316225114260026
0.5082392597025539	0.5574877621612002
0.5244596616079544	0.5440866140323253
0.5379766631957883	0.5213046622132378
0.481205256526886	0.5387261547807752
0.45011615287486817	0.4945023659554878
0.5244596616079544	0.5360459251550004
0.4852603570032362	0.5320255807163378
0.5474385643072721	0.5427464992194379
0.4757984558917525	0.5440866140323253
0.4852603570032362	0.4945023659554878
0.4406542517633844	0.49852271039415025
0.5136460603376873	0.5038831696457003
0.5339215627194382	0.5333656955292253
0.5095909598613372	0.5186244325874627
0.43659915128703425	0.47976110301372527
0.4136202485877167	0.4703802993235128
0.40686174779379974	0.47976110301372527
0.5109426600201206	0.5092436288972503
0.4528195531924349	0.4784209882008378
0.4203787493816336	0.45831926600752526
0.4595780539863519	0.48110121782661275
0.4528195531924349	0.48646167707816274
0.47444675573296907	0.5306854659034503
0.45552295351000166	0.46770006969773775
0.4028066473174496	0.42883674012400025
0.4230821496992004	0.4650198400719628
0.4176753490640668	0.4274966253111127
0.43659915128703425	0.45429892156886276
0.4298406504931173	0.46367972525907525
0.42713725017555054	0.45429892156886276
0.4055100476350163	0.4609994956333002
0.4244338498579837	0.46233961044618777
0.4947222581147199	0.4556390363817503
0.4568746536687851	0.46233961044618777
0.41632364890528345	0.4891419067039378
0.4136202485877167	0.41007513274357527
0.439302551604601	0.47976110301372527
0.44741275255730134	0.45027857713020025
