WT	KO
0.4960575408626679	0.3466828190845568
0.48385940461194654	0.4958370552023312
0.4594631321105038	0.3466828190845568
0.43506685960906116	0.2821836899525462
0.463529177527411	0.3547452102260581
0.36594408752164026	0.2338093431035383
0.37814222377236156	0.35071401465530744
0.4310008141921541	0.38296357922131274
0.6180389033698813	0.34265162351380607
0.5855105400346243	0.49986825077308183
0.45133104127668966	0.38296357922131274
0.5367179950317391	0.3950571659335647
0.3537459512709189	0.4071507526458166
0.4472649958597825	0.32249564566005284
0.4716612683612252	0.3023396678062995
0.5285859041979247	0.41924433935806865
0.5407840404486461	0.4474627083533233
0.4716612683612252	0.3184644500893022
0.5041896316964821	0.3345892323723048
0.4960575408626679	0.41924433935806865
0.4716612683612252	0.5522737931928404
0.4716612683612252	0.3144332545185515
0.4594631321105038	0.3869947747920634
0.5082556771133893	0.3547452102260581
0.37001013293854734	0.43536912164107133
0.47572731377813227	0.4676186862070766
0.463529177527411	0.35071401465530744
0.463529177527411	0.391025970362814
0.4228687233583398	0.41118194821656734
0.47572731377813227	0.3104020589478008
0.5651803129500889	0.4434315127825726
0.45539708669359674	0.4434315127825726
0.5611142675331817	0.41924433935806865
0.5814444946177173	0.4313379260703206
0.4431989504428754	0.34265162351380607
0.40660454169071136	0.45955629506557527
0.47979335919503946	0.33862042794305547
0.5407840404486461	0.42730673049956996
0.5367179950317391	0.4071507526458166
0.500123586279575	0.39908836150431537
0.5814444946177173	0.5563049887635911
0.42693476877524694	0.32249564566005284
0.5367179950317391	0.3950571659335647
0.5448500858655533	0.45955629506557527
0.5895765854515315	0.5563049887635911
0.5773784492008102	0.4474627083533233
0.6586993575389524	0.49986825077308183
0.5611142675331817	0.4918058596315805
0.5204538133641106	0.5240554241975858
0.60584076711916	0.439400317211822
0.4879254500288536	0.36683879693831006
0.5773784492008102	0.4313379260703206
0.4879254500288536	0.4434315127825726
0.642435175871324	0.568398575475843
0.6749635392065809	0.41118194821656734
0.7278221296263734	0.5522737931928404
0.6221049487867883	0.45955629506557527
0.4188026779414327	0.4434315127825726
0.60584076711916	0.5482425976220897
0.6017747217022529	0.45955629506557527
0.7034258571249307	0.5361490109098378
0.7115579479587449	0.5764609666173445
0.6952937662911165	0.3749011880798114
0.6830956300403951	0.47164988177782724
0.7684825837954445	0.5724297710465938
0.6180389033698813	0.5079306419145833
0.6343030850375098	0.5159930330560845
0.573312403783903	0.4635874906363259
0.8050769925476086	0.568398575475843
0.6790295846234881	0.5563049887635911
0.6302370396206027	0.5038994463438325
0.5651803129500889	0.4313379260703206
0.5529821766993674	0.3345892323723048
0.5367179950317391	0.5119618374853339
0.748152356710909	0.47971227291932855
0.5651803129500889	0.5563049887635911
0.6383691304544169	0.5885545533295964
0.6708974937896738	0.4877746640608299
0.6343030850375098	0.4877746640608299
0.7318881750432805	0.5966169444710977
0.6952937662911165	0.7054592248813656
0.7115579479587449	0.6369289001786044
0.5977086762853457	0.39908836150431537
0.5041896316964821	0.4071507526458166
0.5041896316964821	0.39908836150431537
0.5489161312824604	0.37893238365056203
0.5936426308684386	0.5442114020513392
0.6952937662911165	0.5603361843343417
0.6627654029558596	0.45955629506557527
0.573312403783903	0.42730673049956996
0.2968213154342193	0.2660589076695436
0.8213411742152369	0.782051940725628
0.8782658100519366	0.7135216160228668
0.748152356710909	0.5966169444710977
0.3903403600230829	0.32652684123080344
0.5855105400346243	0.5200242286268352
0.8050769925476086	0.6691784647446096
0.9311244004717291	0.7538335717303735
0.4675952229443181	0.3104020589478008
0.3171515425187549	0.2862148855232969
0.3456138604371046	0.21365336524978498
0.4960575408626679	0.3547452102260581
0.8620016283843082	0.6732096603153603
0.7562844475447231	0.6893344425983629
0.5489161312824604	0.4958370552023312
0.39440640543999	0.2862148855232969
0.6505672667051382	0.5482425976220897
0.8254072196321441	0.6490224868908563
0.7196900387925591	0.628866509037103
0.5082556771133893	0.39908836150431537
0.6871616754573022	0.5079306419145833
0.7806807200461658	0.6087105311833497
0.573312403783903	0.43536912164107133
0.6139728579529742	0.5804921621880951
0.5895765854515315	0.4635874906363259
0.6668314483727668	0.439400317211822
0.48385940461194654	0.415213143787318
0.5041896316964821	0.403119557075066
0.500123586279575	0.45149390392407396
0.6302370396206027	0.4918058596315805
0.8010109471307014	0.6490224868908563
0.7196900387925591	0.640960095749355
0.7278221296263734	0.6369289001786044
0.569246358366996	0.6127417267541004
0.6749635392065809	0.4918058596315805
0.5936426308684386	0.49986825077308183
0.5529821766993674	0.5240554241975858
0.7115579479587449	0.5643673799050924
0.6586993575389524	0.5119618374853339
0.6749635392065809	0.5200242286268352
0.5529821766993674	0.6651472691738589
0.60584076711916	0.6772408558861109
0.752218402127816	0.5845233577588457
0.532651949614832	0.5764609666173445
0.6465012212882311	0.5038994463438325
0.5773784492008102	0.47164988177782724
0.569246358366996	0.45955629506557527
0.5936426308684386	0.38296357922131274
0.5285859041979247	0.4756810773485779
0.6749635392065809	0.5482425976220897
0.6343030850375098	0.5361490109098378
0.573312403783903	0.5321178153390872
0.5407840404486461	0.4474627083533233
0.6383691304544169	0.3950571659335647
0.6546333121220453	0.5361490109098378
0.6180389033698813	0.6208041178956016
0.4391329050259683	0.37893238365056203
0.5489161312824604	0.36683879693831006
0.500123586279575	0.403119557075066
0.573312403783903	0.5724297710465938
0.6261709942036955	0.5804921621880951
0.5651803129500889	0.5079306419145833
0.6302370396206027	0.4313379260703206
0.5448500858655533	0.3628076013675594
0.4310008141921541	0.4232755349288193
0.569246358366996	0.5119618374853339
0.6912277208742093	0.45955629506557527
0.642435175871324	0.4474627083533233
0.500123586279575	0.41118194821656734
0.463529177527411	0.3547452102260581
0.532651949614832	0.35877640579680875
0.6180389033698813	0.403119557075066
0.609906812536067	0.4918058596315805
0.6993598117080236	0.4313379260703206
0.5570482221162746	0.403119557075066
0.5651803129500889	0.42730673049956996
0.4431989504428754	0.3708699925090608
0.4879254500288536	0.3708699925090608
0.5936426308684386	0.4071507526458166
0.47979335919503946	0.391025970362814
0.4391329050259683	0.439400317211822
0.463529177527411	0.38296357922131274
0.41067058710761845	0.37893238365056203
0.5123217225302964	0.35877640579680875
0.5285859041979247	0.47971227291932855
0.5773784492008102	0.4555250994948246
0.6017747217022529	0.6570848780323576
0.5489161312824604	0.45955629506557527
0.5489161312824604	0.415213143787318
0.4310008141921541	0.3063708633770502
0.4960575408626679	0.4555250994948246
0.4879254500288536	0.5159930330560845
0.4675952229443181	0.47164988177782724
0.41067058710761845	0.41924433935806865
0.463529177527411	0.29024608109404754
0.39440640543999	0.3184644500893022
0.5245198587810177	0.4434315127825726
0.36594408752164026	0.4313379260703206
0.5245198587810177	0.4434315127825726
0.5123217225302964	0.4474627083533233
0.4879254500288536	0.34265162351380607
0.48385940461194654	0.34265162351380607
0.5407840404486461	0.37893238365056203
0.45539708669359674	0.3144332545185515
0.40660454169071136	0.4232755349288193
0.47572731377813227	0.3869947747920634
0.5204538133641106	0.4071507526458166
0.463529177527411	0.35877640579680875
0.357811996687826	0.29024608109404754
0.37814222377236156	0.22574695196203698
