WT	KO
0.4258796557240242	0.4348333298247057
0.368671940776021	0.2835869542335037
0.4322360684960246	0.378115938978005
0.47673095790002706	0.47894685603880627
0.41952324295202387	0.4474371944573059
0.47673095790002706	0.378115938978005
0.41952324295202387	0.4222294651921055
0.48944378344402784	0.42853139750840563
0.37502835354802133	0.36551207434540484
0.4958001962160282	0.3970217359269052
0.47673095790002706	0.4474371944573059
0.4640181323560264	0.5167584499366068
0.4513053068120257	0.49785265298770653
0.508513021760029	0.4159275328758055
0.4322360684960246	0.38441787129430505
0.4322360684960246	0.4411352621410058
0.4449488940400253	0.34030434508020446
0.457661719584026	0.5293623145692069
0.457661719584026	0.38441787129430505
0.4449488940400253	0.47894685603880627
0.457661719584026	0.4348333298247057
0.4830873706720275	0.4033236682432053
0.508513021760029	0.46004105908990606
0.4640181323560264	0.4474371944573059
0.37502835354802133	0.47264492372250616
0.41316683018002354	0.5230603822529069
0.52758226007603	0.4852487883551064
0.5339386728480303	0.49785265298770653
0.4640181323560264	0.4411352621410058
0.47037454512802673	0.5419661792018071
0.6102156261120347	0.6364951639463083
0.5530079111640315	0.46004105908990606
0.5530079111640315	0.46004105908990606
0.4958001962160282	0.5167584499366068
0.5212258473040297	0.5104565176203066
0.597502800568034	0.5734758407833075
0.4449488940400253	0.47264492372250616
0.5339386728480303	0.5293623145692069
0.6038592133400343	0.5545700438344072
0.597502800568034	0.604985502364808
0.5021566089880286	0.5734758407833075
0.6165720388840351	0.611287434681108
0.5657207367080321	0.5041545853040067
0.5466514983920311	0.6301932316300083
0.6610669282880376	0.6175893669974081
0.597502800568034	0.6301932316300083
0.667423341060038	0.5230603822529069
0.667423341060038	0.5608719761507074
0.5593643239360317	0.5986835700485078
0.6610669282880376	0.4915507206714065
0.7691259454120437	0.6175893669974081
0.6610669282880376	0.604985502364808
0.6165720388840351	0.5608719761507074
0.6292848644280358	0.6427970962626084
0.48944378344402784	0.4474371944573059
0.597502800568034	0.6617028932115087
0.6610669282880376	0.6427970962626084
0.7691259454120437	0.604985502364808
0.7119182304640405	0.7688357425886101
0.6292848644280358	0.5860797054159077
0.6928489921480394	0.5734758407833075
0.686492579376039	0.5419661792018071
0.6547105155160373	0.5041545853040067
0.6356412772000362	0.6490990285789086
0.6992054049200398	0.7121183517419094
0.6610669282880376	0.6490990285789086
0.686492579376039	0.6680048255278088
0.6292848644280358	0.5671739084670074
0.6292848644280358	0.5608719761507074
0.7437002943240423	0.7247222163745095
0.6102156261120347	0.7310241486908097
0.686492579376039	0.6364951639463083
0.8009080092720455	0.6995144871093092
0.6992054049200398	0.6427970962626084
0.667423341060038	0.6490990285789086
0.6610669282880376	0.7436280133234098
0.667423341060038	0.6617028932115087
0.7818387709560445	0.6932125547930091
0.7627695326400434	0.5419661792018071
0.7754823581840441	0.6995144871093092
0.7500567070960427	0.8066473364864106
0.7309874687800416	0.5293623145692069
0.6292848644280358	0.535664246885507
0.5339386728480303	0.6238912993137082
0.5657207367080321	0.5230603822529069
0.5593643239360317	0.4663429914062061
0.5720771494800325	0.5167584499366068
0.597502800568034	0.4411352621410058
0.41316683018002354	0.31509661581500414
0.35595911523202023	0.26468115728460345
0.6229284516560354	0.6301932316300083
0.9598183285720546	0.7625338102723099
0.6165720388840351	0.6427970962626084
0.5847899750240333	0.4915507206714065
0.5784335622520329	0.5734758407833075
0.6102156261120347	0.5545700438344072
0.8454028986760481	0.6995144871093092
0.7945515965000451	0.7184202840582093
0.6292848644280358	0.47264492372250616
0.40681041740802315	0.4159275328758055
0.28603857474001626	0.2205676310705029
0.368671940776021	0.2583792249683034
0.5466514983920311	0.4663429914062061
0.9407490902560535	0.7877415395375104
0.8644721369920492	0.7247222163745095
0.6292848644280358	0.4474371944573059
0.597502800568034	0.6743067578441088
0.6928489921480394	0.6301932316300083
0.7627695326400434	0.5860797054159077
0.7945515965000451	0.6617028932115087
0.5212258473040297	0.5419661792018071
0.4958001962160282	0.49785265298770653
0.5021566089880286	0.47264492372250616
0.5720771494800325	0.5293623145692069
0.5784335622520329	0.3970217359269052
0.5339386728480303	0.5671739084670074
0.6356412772000362	0.6806086901604089
0.6928489921480394	0.604985502364808
0.6928489921480394	0.6680048255278088
0.6229284516560354	0.5608719761507074
0.7881951837280448	0.6617028932115087
0.7945515965000451	0.6806086901604089
0.7691259454120437	0.7184202840582093
0.737343881552042	0.7751376749049103
0.6419976899720364	0.604985502364808
0.8136208348160463	0.5671739084670074
0.756413119868043	0.6806086901604089
0.7309874687800416	0.7499299456397098
0.6547105155160373	0.6175893669974081
0.756413119868043	0.5734758407833075
0.7627695326400434	0.6490990285789086
0.6547105155160373	0.6427970962626084
0.7500567070960427	0.7310241486908097
0.7119182304640405	0.6995144871093092
0.6229284516560354	0.6175893669974081
0.6547105155160373	0.5734758407833075
0.7182746432360408	0.6301932316300083
0.6419976899720364	0.6301932316300083
0.6547105155160373	0.5482681115181073
0.7437002943240423	0.6238912993137082
0.5530079111640315	0.5230603822529069
0.5720771494800325	0.535664246885507
0.6038592133400343	0.5293623145692069
0.6038592133400343	0.46004105908990606
0.6038592133400343	0.49785265298770653
0.6038592133400343	0.5734758407833075
0.41952324295202387	0.5419661792018071
0.667423341060038	0.5860797054159077
0.6356412772000362	0.5860797054159077
0.5593643239360317	0.5293623145692069
0.5466514983920311	0.5230603822529069
0.47673095790002706	0.5041545853040067
0.47673095790002706	0.3529082097128046
0.508513021760029	0.36551207434540484
0.4449488940400253	0.4915507206714065
0.5657207367080321	0.49785265298770653
0.6547105155160373	0.5293623145692069
0.5720771494800325	0.5104565176203066
0.5720771494800325	0.4915507206714065
0.5148694345320293	0.3970217359269052
0.47037454512802673	0.4915507206714065
0.5466514983920311	0.45373912677360595
0.5657207367080321	0.47264492372250616
0.5847899750240333	0.5167584499366068
0.5593643239360317	0.4222294651921055
0.4449488940400253	0.42853139750840563
0.6038592133400343	0.5104565176203066
0.6229284516560354	0.5860797054159077
0.47673095790002706	0.5230603822529069
0.508513021760029	0.5293623145692069
0.47037454512802673	0.4222294651921055
0.47673095790002706	0.4033236682432053
0.5847899750240333	0.3592101420291047
0.5466514983920311	0.47894685603880627
0.5466514983920311	0.46004105908990606
0.4513053068120257	0.4663429914062061
0.40681041740802315	0.3340024127639044
0.5212258473040297	0.3970217359269052
0.4449488940400253	0.3970217359269052
0.47673095790002706	0.5104565176203066
0.48944378344402784	0.4915507206714065
0.597502800568034	0.46004105908990606
0.4449488940400253	0.45373912677360595
0.4513053068120257	0.38441787129430505
0.47673095790002706	0.45373912677360595
0.368671940776021	0.378115938978005
0.38774117909202205	0.34030434508020446
0.48944378344402784	0.38441787129430505
0.368671940776021	0.4411352621410058
0.47037454512802673	0.4411352621410058
0.4513053068120257	0.3718140066617049
0.40681041740802315	0.38441787129430505
0.5148694345320293	0.49785265298770653
0.4322360684960246	0.4663429914062061
0.47673095790002706	0.4096256005595054
0.41316683018002354	0.25207729265200335
0.3496027024600199	0.34030434508020446
0.508513021760029	0.3970217359269052
0.4958001962160282	0.3340024127639044
0.4640181323560264	0.4852487883551064
