WT	KO
0.4063573397680902	0.35068866122404485
0.41267377510127295	0.33607663367304297
0.3853025553241477	0.34233893119490094
0.4316230811008212	0.31728974110746916
0.38319707687975346	0.3235520386293271
0.4758381284331004	0.3444263637021869
0.4147792535456672	0.36738812128233267
0.4610997793223407	0.39661217638433643
0.43372855954521544	0.33607663367304297
0.43372855954521544	0.37365041880419064
0.46320525776673493	0.30267771355646733
0.49689291287704296	0.35277609373133084
0.49689291287704296	0.3882624463551925
0.5011038697658314	0.38617501384790653
0.4358340379896097	0.35486352623861683
0.4695216930999177	0.32981433615118505
0.42530664576763844	0.3903498788624785
0.45478334398915793	0.4153990689499103
0.46320525776673493	0.4028744739061944
0.4926819559882544	0.36112582376047475
0.5600572662088704	0.3590383912531888
0.4737326499887062	0.3820001488333346
0.47162717154431194	0.38617501384790653
0.5305805679873509	0.36112582376047475
0.45478334398915793	0.3820001488333346
0.5305805679873509	0.4153990689499103
0.5305805679873509	0.4216613664717682
0.4610997793223407	0.35277609373133084
0.5158422188765911	0.3444263637021869
0.4442559517671867	0.33607663367304297
0.48004908532188895	0.35695095874590277
0.4905764775438602	0.4133116364426243
0.5705846584308417	0.3986996088916224
0.5726901368752358	0.41748650145719624
0.5600572662088704	0.38408758134062054
0.5053148266546199	0.3590383912531888
0.4926819559882544	0.4112242039353383
0.5705846584308417	0.38408758134062054
0.5368970033205337	0.39661217638433643
0.5726901368752358	0.40496190641348034
0.5558463093200819	0.42792366399362614
0.4926819559882544	0.35277609373133084
0.5074203050990143	0.3903498788624785
0.5242641326541682	0.37365041880419064
0.4884709990994659	0.36738812128233267
0.5663737015420531	0.3778252838187626
0.5179476973209854	0.35068866122404485
0.5347915248761393	0.3820001488333346
0.5474243955425049	0.39243731136976445
0.5305805679873509	0.4300110965009121
0.5874284859859956	0.4759346116612037
0.5832175290972071	0.440448259037342
0.5642682230976589	0.38617501384790653
0.623221619540698	0.4091367714280523
0.5642682230976589	0.5072460992704935
0.6505928393178231	0.4759346116612037
0.6358544902070634	0.47175974664663173
0.5474243955425049	0.39661217638433643
0.5642682230976589	0.36321325626776074
0.5811120506528129	0.4153990689499103
0.7032298004276794	0.4884592067049196
0.6442764039846404	0.5176832618069234
0.5853230075416014	0.4341859615154841
0.6105887488743325	0.4216613664717682
0.6063777919855439	0.4467105565592
0.7032298004276794	0.4926340717194916
0.6716476237617657	0.47175974664663173
0.6548037962066117	0.4112242039353383
0.6337490117626692	0.450885421573772
0.6021668350967554	0.4133116364426243
0.648487360873429	0.4988963692413495
0.7453393693155643	0.5114209642850653
0.6400654470958519	0.5322952893579252
0.6358544902070634	0.43627339402277004
0.6948078866501024	0.5135083967923514
0.7432338908711702	0.5197706943142093
0.7221791064272276	0.5009838017486355
0.6463818824290347	0.46758488163205986
0.7116517142052564	0.5072460992704935
0.7369174555379874	0.4947215042267776
0.7221791064272276	0.5135083967923514
0.7137571926496507	0.5155958292996374
0.7116517142052564	0.5093335317777795
0.665331188428583	0.4988963692413495
0.6611202315397945	0.5218581268214953
0.7411284124267759	0.5176832618069234
0.7053352788720737	0.5135083967923514
0.665331188428583	0.4821969091830617
0.5242641326541682	0.39661217638433643
0.5832175290972071	0.442535691544628
0.6211161410963036	0.4258362314863402
0.7284955417604104	0.5761313720109308
0.6295380548738807	0.4383608265300561
0.5158422188765911	0.33398920116575703
0.4779436068774947	0.32772690364389906
0.34529846488065696	0.24005473833788785
0.42530664576763844	0.3131148760928972
0.3537203786582339	0.2630164959180336
0.6000613566523612	0.4592351516029159
0.5663737015420531	0.44879798906648594
0.3768806415465707	0.2692787934398916
0.5705846584308417	0.34860122871675886
0.5621627446532647	0.4320985290081981
0.36635324932459945	0.2776285234690355
0.3768806415465707	0.2818033884836075
0.30318889599277193	0.21709298075774205
0.4316230811008212	0.331901768658471
0.5474243955425049	0.4091367714280523
0.6211161410963036	0.4780220441684897
0.7306010202048047	0.5469073169089271
0.4863655206550717	0.33607663367304297
0.5263696110985625	0.38617501384790653
0.5074203050990143	0.3778252838187626
0.6611202315397945	0.450885421573772
0.6884914513169196	0.48637177419763367
0.6632257099841886	0.4738471791539178
0.7158626710940449	0.5302078568506392
0.7116517142052564	0.5322952893579252
0.724284584871622	0.4842843416903476
0.6611202315397945	0.4821969091830617
0.6400654470958519	0.5114209642850653
0.7011243219832851	0.4592351516029159
0.6463818824290347	0.5030712342559215
0.7053352788720737	0.4801094766757757
0.5832175290972071	0.4550602865883439
0.724284584871622	0.4968089367340635
0.6821750159837369	0.47175974664663173
0.6337490117626692	0.4988963692413495
0.665331188428583	0.5072460992704935
0.6274325764294865	0.450885421573772
0.6463818824290347	0.43627339402277004
0.6379599686514577	0.4550602865883439
0.6295380548738807	0.5030712342559215
0.6358544902070634	0.4216613664717682
0.5937449213191784	0.43627339402277004
0.6632257099841886	0.46758488163205986
0.7011243219832851	0.5239455593287813
0.6884914513169196	0.4884592067049196
0.6190106626519094	0.4947215042267776
0.5747956153196302	0.4571477190956299
0.5874284859859956	0.4300110965009121
0.5769010937640244	0.42374879897905415
0.5874284859859956	0.450885421573772
0.5642682230976589	0.442535691544628
0.5600572662088704	0.37156298629690465
0.5853230075416014	0.444623124051914
0.5874284859859956	0.4654974491247738
0.5790065722084187	0.44879798906648594
0.597955878207967	0.4529728540810579
0.5200531757653797	0.41748650145719624
0.6063777919855439	0.4028744739061944
0.5811120506528129	0.41748650145719624
0.5390024817649279	0.3590383912531888
0.5242641326541682	0.36112582376047475
0.5347915248761393	0.3882624463551925
0.5811120506528129	0.38617501384790653
0.5516353524312935	0.4112242039353383
0.4884709990994659	0.35695095874590277
0.4821545637662832	0.3235520386293271
0.4842600422106775	0.3820001488333346
0.597955878207967	0.4028744739061944
0.5663737015420531	0.39243731136976445
0.6126942273187267	0.4341859615154841
0.5495298739868991	0.37991271632604856
0.5221586542097739	0.35695095874590277
0.5558463093200819	0.43627339402277004
0.5411079602093222	0.4195739339644822
0.5600572662088704	0.4133116364426243
0.5642682230976589	0.44879798906648594
0.5747956153196302	0.3945247438770505
0.5432134386537164	0.3945247438770505
0.48004908532188895	0.34233893119490094
0.4842600422106775	0.36738812128233267
0.5305805679873509	0.4383608265300561
0.5116312619878027	0.4529728540810579
0.5621627446532647	0.4550602865883439
0.5179476973209854	0.37991271632604856
0.4589943008779464	0.32981433615118505
0.4379395164340039	0.32772690364389906
0.4926819559882544	0.37365041880419064
0.5116312619878027	0.32981433615118505
0.4926819559882544	0.3986996088916224
0.5053148266546199	0.4091367714280523
0.58953396443039	0.4028744739061944
0.5053148266546199	0.3590383912531888
0.39582994754611894	0.37365041880419064
0.46531073621112923	0.36530068877504673
0.4610997793223407	0.3005902810491813
0.5705846584308417	0.37991271632604856
0.4737326499887062	0.3590383912531888
0.5011038697658314	0.3465137962094729
0.45057238710036945	0.3590383912531888
0.43372855954521544	0.2651039284253196
0.4168847319900615	0.3005902810491813
0.4842600422106775	0.3986996088916224
0.4989983913214372	0.34860122871675886
0.45478334398915793	0.4070493389207664
0.4589943008779464	0.33816406618032896
0.4379395164340039	0.30476514606375327
0.4000409044349075	0.36321325626776074
