condition1	condition1
0.13591638936597583	0.13944975808674304
0.12912056989767703	0.11472462367419993
0.12742161503060234	0.12263666668621372
0.11722788582815415	0.12164766130971198
0.1316690021982891	0.13747174733373957
0.1282710924641397	0.12362567206271544
0.13081952476475175	0.13054870969822752
0.12742161503060234	0.14142776883974645
0.13676586679951316	0.1265926881922206
0.14950802830257343	0.15626284948727234
0.12997004733121437	0.13252672045123096
0.15120698316964812	0.14241677421624818
0.13846482166658788	0.13054870969822752
0.1350669119324385	0.14340577959274992
0.14695959600196137	0.15131782260476367
0.13251847963182642	0.1335157258277327
0.16394914467270835	0.13648274195723784
0.13421743449890114	0.15527384411077058
0.1410132539671999	0.14043876346324474
0.14016377653366258	0.1384607527102413
0.15120698316964812	0.14835080647525853
0.14356168626781196	0.1384607527102413
0.14186273140073727	0.15329583335776714
0.14186273140073727	0.15626284948727234
0.15885228007148425	0.16615290325228957
0.1529059380367228	0.15032881722826197
0.1350669119324385	0.16911991938179474
0.15885228007148425	0.15131782260476367
0.15205646060318545	0.15626284948727234
0.15120698316964812	0.1345047312042344
0.14441116370134932	0.13648274195723784
0.14186273140073727	0.14637279572225506
0.14865855086903607	0.15032881722826197
0.1614007123720963	0.1819769892763171
0.16734705440685774	0.15329583335776714
0.15545437033733486	0.16813091400529298
0.16394914467270835	0.16120787636978096
0.1478090734354987	0.13648274195723784
0.13591638936597583	0.16219688174628266
0.14865855086903607	0.1384607527102413
0.1282710924641397	0.14439478496925165
0.1529059380367228	0.14933981185176026
0.146110118568424	0.1592298656167775
0.15375541547026017	0.16021887099327922
0.12997004733121437	0.14637279572225506
0.16055123493855897	0.14835080647525853
0.15885228007148425	0.14637279572225506
0.13591638936597583	0.14241677421624818
0.15120698316964812	0.16516389787578784
0.15120698316964812	0.14241677421624818
0.14526064113488668	0.16219688174628266
0.1563038477708722	0.16516389787578784
0.15205646060318545	0.16516389787578784
0.16055123493855897	0.15428483873426888
0.14865855086903607	0.15428483873426888
0.17074496414100712	0.14835080647525853
0.15205646060318545	0.15032881722826197
0.15375541547026017	0.14538379034575336
0.15970175750502158	0.15329583335776714
0.17074496414100712	0.16813091400529298
0.16394914467270835	0.16021887099327922
0.1698954867074698	0.16219688174628266
0.17923973847638064	0.16120787636978096
0.1698954867074698	0.14637279572225506
0.18178817077699266	0.14933981185176026
0.17244391900808184	0.15824086024027575
0.17923973847638064	0.17406494626430336
0.17244391900808184	0.17505395164080506
0.15885228007148425	0.14439478496925165
0.17074496414100712	0.15131782260476367
0.15120698316964812	0.14736180109875682
0.16649757697332038	0.1641748924992861
0.15715332520440956	0.16813091400529298
0.13421743449890114	0.1592298656167775
0.15970175750502158	0.16714190862879127
0.18178817077699266	0.18692201615882575
0.163099667239171	0.16813091400529298
0.18178817077699266	0.1641748924992861
0.163099667239171	0.1592298656167775
0.14950802830257343	0.16813091400529298
0.1766913061757686	0.15824086024027575
0.17923973847638064	0.16714190862879127
0.15545437033733486	0.16516389787578784
0.1563038477708722	0.16615290325228957
0.16734705440685774	0.18296599465281888
0.17074496414100712	0.15131782260476367
0.1681965318403951	0.14933981185176026
0.17074496414100712	0.1592298656167775
0.17244391900808184	0.18593301078232402
0.17584182874223123	0.17505395164080506
0.15120698316964812	0.14637279572225506
0.1563038477708722	0.16516389787578784
0.1529059380367228	0.15428483873426888
0.13336795706536378	0.1335157258277327
0.11213102122693007	0.11966965055670856
0.09684042742325777	0.09395551076766374
0.11552893096107945	0.11571362905070166
0.10958258892631802	0.09098849463815856
0.19028294511236618	0.1760429570173068
0.21746622298556134	0.21560317207737573
0.21661674555202395	0.21560317207737573
0.2081219712166505	0.19780107530034471
0.1860355579446794	0.16219688174628266
0.11977631812876621	0.09296650539116201
0.10958258892631802	0.11670263442720337
0.0883456530878843	0.09593352152066718
0.11722788582815415	0.10780158603868786
0.126572137597065	0.13054870969822752
0.15545437033733486	0.14340577959274992
0.17414287387515653	0.1592298656167775
0.1563038477708722	0.14538379034575336
0.16225018980563363	0.15428483873426888
0.16394914467270835	0.15329583335776714
0.16394914467270835	0.16318588712278437
0.17414287387515653	0.15824086024027575
0.14865855086903607	0.15626284948727234
0.16394914467270835	0.16516389787578784
0.15715332520440956	0.16318588712278437
0.16649757697332038	0.14736180109875682
0.17244391900808184	0.16021887099327922
0.16649757697332038	0.14241677421624818
0.163099667239171	0.16911991938179474
0.15545437033733486	0.17109793013479818
0.15205646060318545	0.1641748924992861
0.15545437033733486	0.16714190862879127
0.16904600927393243	0.15626284948727234
0.16225018980563363	0.1641748924992861
0.16734705440685774	0.16516389787578784
0.18093869334345533	0.15428483873426888
0.15970175750502158	0.16021887099327922
0.15715332520440956	0.14538379034575336
0.15545437033733486	0.16120787636978096
0.1563038477708722	0.14043876346324474
0.17414287387515653	0.17010892475829645
0.16055123493855897	0.1730759408878016
0.17499235130869387	0.16120787636978096
0.18263764821053002	0.18692201615882575
0.1715944415745445	0.14538379034575336
0.17584182874223123	0.15230682798126544
0.16055123493855897	0.14637279572225506
0.1681965318403951	0.1641748924992861
0.15715332520440956	0.15329583335776714
0.16564809953978304	0.16219688174628266
0.16055123493855897	0.14637279572225506
0.18093869334345533	0.16219688174628266
0.15885228007148425	0.16219688174628266
0.17754078360930592	0.18395500002932058
0.1529059380367228	0.15725185486377405
0.16225018980563363	0.15131782260476367
0.15885228007148425	0.14637279572225506
0.1563038477708722	0.15131782260476367
0.1647986221062457	0.13747174733373957
0.16564809953978304	0.16021887099327922
0.1647986221062457	0.15032881722826197
0.16055123493855897	0.14835080647525853
0.14865855086903607	0.16615290325228957
0.16055123493855897	0.15230682798126544
0.14950802830257343	0.16219688174628266
0.14186273140073727	0.13252672045123096
0.13081952476475175	0.12758169356872234
0.1316690021982891	0.13944975808674304
0.14186273140073727	0.14439478496925165
0.1529059380367228	0.16714190862879127
0.15035750573611076	0.15032881722826197
0.146110118568424	0.1592298656167775
0.13761534423305055	0.16714190862879127
0.13081952476475175	0.14933981185176026
0.14186273140073727	0.14142776883974645
0.14695959600196137	0.1384607527102413
0.13676586679951316	0.14933981185176026
0.14526064113488668	0.16120787636978096
0.14016377653366258	0.14835080647525853
0.15205646060318545	0.1335157258277327
0.14016377653366258	0.12758169356872234
0.12232475042937824	0.13549373658073613
0.15205646060318545	0.14736180109875682
0.14186273140073727	0.15230682798126544
0.13251847963182642	0.14538379034575336
0.13761534423305055	0.14736180109875682
0.13421743449890114	0.12955970432172578
0.14186273140073727	0.14538379034575336
0.12997004733121437	0.13054870969822752
0.1316690021982891	0.14736180109875682
0.12147527299584089	0.14835080647525853
0.14016377653366258	0.1265926881922206
0.13336795706536378	0.13153771507472922
0.13761534423305055	0.13153771507472922
0.13761534423305055	0.1345047312042344
0.13761534423305055	0.12857069894522408
0.12232475042937824	0.1335157258277327
0.11722788582815415	0.11670263442720337
0.11298049866046742	0.13153771507472922
0.1231742278629156	0.12758169356872234
0.12742161503060234	0.14933981185176026
0.1350669119324385	0.13747174733373957
0.12912056989767703	0.13252672045123096
0.1350669119324385	0.14439478496925165
0.13336795706536378	0.12560368281571888
0.1231742278629156	0.1087905914151896
0.13931429910012522	0.1335157258277327
