WT	KO
0.143735644990499	0.11590531434034211
0.08624138699429941	0.0
0.17248277398859882	0.2028343000955987
0.12936208049144912	0.11590531434034211
0.18685633848764874	0.028976328585085528
0.12936208049144912	0.2028343000955987
0.20122990298669863	0.1738579715105132
0.18685633848764874	0.2028343000955987
0.18685633848764874	0.23181062868068422
0.143735644990499	0.057952657170171056
0.10061495149334931	0.0869289857552566
0.2299770319847984	0.23181062868068422
0.17248277398859882	0.2028343000955987
0.143735644990499	0.11590531434034211
0.21560346748574855	0.23181062868068422
0.1149885159923992	0.14488164292542766
0.15810920948954893	0.23181062868068422
0.21560346748574855	0.0869289857552566
0.15810920948954893	0.23181062868068422
0.17248277398859882	0.0869289857552566
0.1149885159923992	0.2607869572657698
0.21560346748574855	0.2028343000955987
0.24435059648384833	0.1738579715105132
0.17248277398859882	0.11590531434034211
0.18685633848764874	0.11590531434034211
0.21560346748574855	0.057952657170171056
0.1149885159923992	0.0869289857552566
0.18685633848764874	0.11590531434034211
0.15810920948954893	0.11590531434034211
0.12936208049144912	0.0
0.17248277398859882	0.057952657170171056
0.0574942579961996	0.028976328585085528
0.21560346748574855	0.11590531434034211
0.10061495149334931	0.11590531434034211
0.15810920948954893	0.2028343000955987
0.20122990298669863	0.14488164292542766
0.17248277398859882	0.1738579715105132
0.25872416098289824	0.2607869572657698
0.143735644990499	0.23181062868068422
0.2299770319847984	0.14488164292542766
0.2730977254819481	0.14488164292542766
0.0718678224952495	0.14488164292542766
0.21560346748574855	0.057952657170171056
0.31621841897909786	0.11590531434034211
0.34496554797719764	0.1738579715105132
0.25872416098289824	0.23181062868068422
0.21560346748574855	0.11590531434034211
0.25872416098289824	0.23181062868068422
0.17248277398859882	0.2028343000955987
0.2299770319847984	0.0869289857552566
0.25872416098289824	0.2028343000955987
0.31621841897909786	0.028976328585085528
0.38808624147434734	0.2897632858508553
0.30184485448004794	0.46362125736136844
0.20122990298669863	0.2607869572657698
0.17248277398859882	0.2028343000955987
0.0143735644990499	0.14488164292542766
0.17248277398859882	0.1738579715105132
0.2730977254819481	0.1738579715105132
0.18685633848764874	0.3766922716061119
0.18685633848764874	0.2607869572657698
0.18685633848764874	0.31873961443594084
0.24435059648384833	0.14488164292542766
0.31621841897909786	0.23181062868068422
0.2730977254819481	0.23181062868068422
0.4312069349714971	0.5795265717017106
0.18685633848764874	0.1738579715105132
0.17248277398859882	0.028976328585085528
0.31621841897909786	0.2028343000955987
0.2299770319847984	0.2607869572657698
0.24435059648384833	0.49259758594645403
0.20122990298669863	0.46362125736136844
0.30184485448004794	0.23181062868068422
0.47432762846864673	0.46362125736136844
0.21560346748574855	0.028976328585085528
0.3737126769752975	0.46362125736136844
0.40245980597339726	0.4056686001911974
0.3737126769752975	0.31873961443594084
0.48870119296769665	0.3766922716061119
0.24435059648384833	0.2028343000955987
0.38808624147434734	0.46362125736136844
0.34496554797719764	0.2607869572657698
0.40245980597339726	0.2607869572657698
0.31621841897909786	0.31873961443594084
0.143735644990499	0.0869289857552566
0.15810920948954893	0.3766922716061119
0.2730977254819481	0.2028343000955987
0.30184485448004794	0.2897632858508553
0.40245980597339726	0.43464492877628297
0.3737126769752975	0.3766922716061119
0.1149885159923992	0.0869289857552566
0.5030747574667466	0.4056686001911974
0.24435059648384833	0.2897632858508553
0.3737126769752975	0.46362125736136844
0.2730977254819481	0.2028343000955987
0.15810920948954893	0.3477159430210264
0.47432762846864673	0.5795265717017106
0.4168333704724472	0.23181062868068422
0.21560346748574855	0.46362125736136844
0.24435059648384833	0.23181062868068422
0.18685633848764874	0.0869289857552566
0.2299770319847984	0.1738579715105132
0.5174483219657965	0.43464492877628297
0.38808624147434734	0.31873961443594084
0.24435059648384833	0.3477159430210264
0.12936208049144912	0.3477159430210264
0.445580499470547	0.43464492877628297
0.30184485448004794	0.0869289857552566
0.3737126769752975	0.43464492877628297
0.18685633848764874	0.057952657170171056
0.31621841897909786	0.1738579715105132
0.4168333704724472	0.5215739145315396
0.38808624147434734	0.43464492877628297
0.4168333704724472	0.6374792288718817
0.15810920948954893	0.0869289857552566
0.15810920948954893	0.31873961443594084
0.143735644990499	0.0869289857552566
0.287471289980998	0.23181062868068422
0.287471289980998	0.2028343000955987
0.31621841897909786	0.31873961443594084
0.2730977254819481	0.057952657170171056
0.2730977254819481	0.0869289857552566
0.5030747574667466	0.4056686001911974
0.3305919834781478	0.31873961443594084
0.31621841897909786	0.2028343000955987
0.3737126769752975	0.14488164292542766
0.143735644990499	0.23181062868068422
0.4168333704724472	0.6664555574569673
0.18685633848764874	0.028976328585085528
0.31621841897909786	0.11590531434034211
0.574942579961996	0.2897632858508553
0.40245980597339726	0.46362125736136844
0.35933911247624756	0.2607869572657698
0.15810920948954893	0.0869289857552566
0.24435059648384833	0.2897632858508553
0.4168333704724472	0.6085029002867961
0.4168333704724472	0.49259758594645403
0.25872416098289824	0.3477159430210264
0.17248277398859882	0.2897632858508553
0.2730977254819481	0.550550243116625
0.4599540639695968	0.4056686001911974
0.38808624147434734	0.2897632858508553
0.2299770319847984	0.31873961443594084
0.15810920948954893	0.11590531434034211
0.20122990298669863	0.2607869572657698
0.17248277398859882	0.2897632858508553
0.445580499470547	0.4056686001911974
0.4168333704724472	0.3766922716061119
0.35933911247624756	0.3766922716061119
0.21560346748574855	0.31873961443594084
0.2730977254819481	0.3766922716061119
0.34496554797719764	0.2897632858508553
0.3305919834781478	0.23181062868068422
0.35933911247624756	0.31873961443594084
0.25872416098289824	0.2028343000955987
0.2299770319847984	0.31873961443594084
0.2299770319847984	0.2607869572657698
0.287471289980998	0.3477159430210264
0.17248277398859882	0.2028343000955987
0.30184485448004794	0.3477159430210264
0.2299770319847984	0.23181062868068422
0.31621841897909786	0.2607869572657698
0.31621841897909786	0.3477159430210264
0.4168333704724472	0.3477159430210264
0.5174483219657965	0.3477159430210264
0.2730977254819481	0.49259758594645403
0.15810920948954893	0.057952657170171056
0.2299770319847984	0.2607869572657698
0.17248277398859882	0.2897632858508553
0.287471289980998	0.2607869572657698
0.12936208049144912	0.2607869572657698
0.4312069349714971	0.49259758594645403
0.4312069349714971	0.43464492877628297
0.35933911247624756	0.4056686001911974
0.18685633848764874	0.3766922716061119
0.21560346748574855	0.23181062868068422
0.17248277398859882	0.1738579715105132
0.043120693497149705	0.057952657170171056
0.2299770319847984	0.11590531434034211
0.35933911247624756	0.1738579715105132
0.18685633848764874	0.3477159430210264
0.38808624147434734	0.2028343000955987
0.0718678224952495	0.0869289857552566
0.17248277398859882	0.028976328585085528
0.25872416098289824	0.23181062868068422
0.1149885159923992	0.11590531434034211
0.25872416098289824	0.057952657170171056
0.10061495149334931	0.4056686001911974
0.10061495149334931	0.057952657170171056
0.1149885159923992	0.14488164292542766
0.31621841897909786	0.3766922716061119
0.17248277398859882	0.2897632858508553
0.2299770319847984	0.14488164292542766
0.18685633848764874	0.1738579715105132
0.35933911247624756	0.1738579715105132
0.0718678224952495	0.0
0.12936208049144912	0.057952657170171056
0.10061495149334931	0.057952657170171056
0.21560346748574855	0.14488164292542766
0.143735644990499	0.1738579715105132
