WT	KO
0.12248776703538176	0.18519653486989446
0.15310970879422722	0.2469287131598593
0.27559747582960903	0.3703930697397889
0.30621941758845445	0.43212524802975383
0.33684135934729986	0.3086608914498241
0.36746330110614533	0.2469287131598593
0.03062194175884544	0.3086608914498241
0.15310970879422722	0.12346435657992964
0.09186582527653633	0.0
0.30621941758845445	0.18519653486989446
0.2143535923119181	0.2469287131598593
0.27559747582960903	0.2469287131598593
0.24497553407076353	0.18519653486989446
0.18373165055307267	0.12346435657992964
0.18373165055307267	0.18519653486989446
0.18373165055307267	0.3703930697397889
0.12248776703538176	0.18519653486989446
0.12248776703538176	0.12346435657992964
0.18373165055307267	0.43212524802975383
0.18373165055307267	0.12346435657992964
0.12248776703538176	0.12346435657992964
0.15310970879422722	0.2469287131598593
0.30621941758845445	0.3086608914498241
0.15310970879422722	0.18519653486989446
0.15310970879422722	0.12346435657992964
0.15310970879422722	0.18519653486989446
0.15310970879422722	0.18519653486989446
0.24497553407076353	0.18519653486989446
0.30621941758845445	0.06173217828996482
0.09186582527653633	0.06173217828996482
0.18373165055307267	0.2469287131598593
0.18373165055307267	0.18519653486989446
0.09186582527653633	0.12346435657992964
0.09186582527653633	0.2469287131598593
0.2143535923119181	0.2469287131598593
0.27559747582960903	0.18519653486989446
0.39808524286499075	0.3086608914498241
0.39808524286499075	0.18519653486989446
0.2143535923119181	0.43212524802975383
0.18373165055307267	0.4938574263197186
0.18373165055307267	0.2469287131598593
0.15310970879422722	0.3086608914498241
0.24497553407076353	0.5555896046096834
0.09186582527653633	0.2469287131598593
0.09186582527653633	0.2469287131598593
0.36746330110614533	0.12346435657992964
0.2143535923119181	0.2469287131598593
0.30621941758845445	0.12346435657992964
0.27559747582960903	0.12346435657992964
0.39808524286499075	0.43212524802975383
0.2143535923119181	0.3703930697397889
0.12248776703538176	0.12346435657992964
0.06124388351769088	0.43212524802975383
0.2143535923119181	0.4938574263197186
0.30621941758845445	0.06173217828996482
0.27559747582960903	0.2469287131598593
0.24497553407076353	0.18519653486989446
0.12248776703538176	0.3086608914498241
0.2143535923119181	0.2469287131598593
0.15310970879422722	0.12346435657992964
0.15310970879422722	0.06173217828996482
0.12248776703538176	0.06173217828996482
0.03062194175884544	0.12346435657992964
0.18373165055307267	0.18519653486989446
0.24497553407076353	0.18519653486989446
0.15310970879422722	0.18519653486989446
0.18373165055307267	0.12346435657992964
0.2143535923119181	0.06173217828996482
0.27559747582960903	0.2469287131598593
0.12248776703538176	0.3086608914498241
0.2143535923119181	0.0
0.18373165055307267	0.3703930697397889
0.33684135934729986	0.2469287131598593
0.2143535923119181	0.0
0.30621941758845445	0.06173217828996482
0.18373165055307267	0.2469287131598593
0.15310970879422722	0.3703930697397889
0.27559747582960903	0.43212524802975383
0.15310970879422722	0.06173217828996482
0.06124388351769088	0.3703930697397889
0.18373165055307267	0.18519653486989446
0.12248776703538176	0.06173217828996482
0.24497553407076353	0.12346435657992964
0.2143535923119181	0.12346435657992964
0.2143535923119181	0.12346435657992964
0.2143535923119181	0.3086608914498241
0.33684135934729986	0.18519653486989446
0.30621941758845445	0.3086608914498241
0.15310970879422722	0.3703930697397889
0.15310970879422722	0.3086608914498241
0.2143535923119181	0.06173217828996482
0.18373165055307267	0.12346435657992964
0.24497553407076353	0.18519653486989446
0.15310970879422722	0.18519653486989446
0.15310970879422722	0.3703930697397889
0.2143535923119181	0.18519653486989446
0.15310970879422722	0.12346435657992964
0.03062194175884544	0.06173217828996482
0.18373165055307267	0.18519653486989446
0.18373165055307267	0.18519653486989446
0.33684135934729986	0.43212524802975383
0.36746330110614533	0.3086608914498241
0.09186582527653633	0.2469287131598593
0.06124388351769088	0.0
0.15310970879422722	0.12346435657992964
0.30621941758845445	0.06173217828996482
0.09186582527653633	0.06173217828996482
0.15310970879422722	0.06173217828996482
0.18373165055307267	0.12346435657992964
0.09186582527653633	0.18519653486989446
0.12248776703538176	0.18519653486989446
0.06124388351769088	0.2469287131598593
0.06124388351769088	0.18519653486989446
0.24497553407076353	0.18519653486989446
0.33684135934729986	0.06173217828996482
0.2143535923119181	0.3703930697397889
0.30621941758845445	0.18519653486989446
0.15310970879422722	0.18519653486989446
0.2143535923119181	0.12346435657992964
0.27559747582960903	0.12346435657992964
0.30621941758845445	0.3086608914498241
0.2143535923119181	0.18519653486989446
0.36746330110614533	0.2469287131598593
0.24497553407076353	0.3703930697397889
0.09186582527653633	0.06173217828996482
0.24497553407076353	0.18519653486989446
0.24497553407076353	0.12346435657992964
0.15310970879422722	0.06173217828996482
0.2143535923119181	0.3703930697397889
0.2143535923119181	0.18519653486989446
0.15310970879422722	0.2469287131598593
0.06124388351769088	0.06173217828996482
0.27559747582960903	0.2469287131598593
0.24497553407076353	0.12346435657992964
0.09186582527653633	0.12346435657992964
0.12248776703538176	0.06173217828996482
0.18373165055307267	0.12346435657992964
0.27559747582960903	0.43212524802975383
0.18373165055307267	0.0
0.2143535923119181	0.12346435657992964
0.12248776703538176	0.18519653486989446
0.03062194175884544	0.06173217828996482
0.15310970879422722	0.12346435657992964
0.12248776703538176	0.06173217828996482
0.18373165055307267	0.18519653486989446
0.12248776703538176	0.3086608914498241
0.06124388351769088	0.18519653486989446
0.12248776703538176	0.2469287131598593
0.15310970879422722	0.06173217828996482
0.09186582527653633	0.3703930697397889
0.18373165055307267	0.3086608914498241
0.09186582527653633	0.06173217828996482
0.39808524286499075	0.3086608914498241
0.33684135934729986	0.3086608914498241
0.2143535923119181	0.18519653486989446
0.30621941758845445	0.3086608914498241
0.15310970879422722	0.06173217828996482
0.2143535923119181	0.2469287131598593
0.15310970879422722	0.2469287131598593
0.18373165055307267	0.18519653486989446
0.18373165055307267	0.06173217828996482
0.18373165055307267	0.0
0.06124388351769088	0.06173217828996482
0.06124388351769088	0.0
0.15310970879422722	0.06173217828996482
0.18373165055307267	0.12346435657992964
0.06124388351769088	0.06173217828996482
0.2143535923119181	0.2469287131598593
0.24497553407076353	0.3086608914498241
0.30621941758845445	0.2469287131598593
0.33684135934729986	0.6173217828996482
0.12248776703538176	0.12346435657992964
0.18373165055307267	0.18519653486989446
0.27559747582960903	0.06173217828996482
0.2143535923119181	0.3703930697397889
0.2143535923119181	0.12346435657992964
0.03062194175884544	0.0
0.12248776703538176	0.18519653486989446
0.15310970879422722	0.3086608914498241
0.2143535923119181	0.12346435657992964
0.27559747582960903	0.2469287131598593
0.15310970879422722	0.43212524802975383
0.09186582527653633	0.2469287131598593
0.27559747582960903	0.06173217828996482
0.15310970879422722	0.3086608914498241
0.06124388351769088	0.06173217828996482
0.06124388351769088	0.18519653486989446
0.06124388351769088	0.06173217828996482
0.27559747582960903	0.18519653486989446
0.18373165055307267	0.12346435657992964
0.03062194175884544	0.2469287131598593
0.15310970879422722	0.06173217828996482
0.18373165055307267	0.12346435657992964
0.12248776703538176	0.12346435657992964
0.12248776703538176	0.3086608914498241
0.15310970879422722	0.12346435657992964
0.12248776703538176	0.3086608914498241
0.09186582527653633	0.0
0.03062194175884544	0.18519653486989446
0.24497553407076353	0.12346435657992964
