WT	KO
0.45690940566036475	0.4049590214309466
0.41818826958745253	0.5119293289787438
0.5343516778061893	0.5577737464992284
0.5498401322353541	0.5042885927253297
0.6427708588103436	0.5883366915128847
0.5111189961624419	0.48136638396508746
0.41818826958745253	0.39731828517753254
0.5111189961624419	0.49664785647191567
0.5266074505916069	0.5042885927253297
0.6272824043811788	0.6036181640197128
0.6040497227374313	0.5730552190060565
0.47239786008952966	0.4737256477116734
0.5420959050207718	0.5348515377389861
0.5885612683082665	0.5654144827526424
0.4801420873041121	0.5348515377389861
0.7589342670290804	0.6036181640197128
0.6117939499520137	0.6265403727799551
0.5730728138791015	0.48136638396508746
0.5653285866645191	0.4737256477116734
0.5730728138791015	0.49664785647191567
0.596305495522849	0.5959774277662988
0.6195381771665963	0.6800255265538537
0.6117939499520137	0.519570065232158
0.6737477676686734	0.7335106803277524
0.6660035404540909	0.6953069990606818
0.6272824043811788	0.6571033177936114
0.6505150860249261	0.618899636526541
0.6350266315957611	0.48900712021850157
0.6505150860249261	0.6723847903004397
0.5266074505916069	0.6265403727799551
0.6117939499520137	0.611258900273127
0.6660035404540909	0.6876662628072678
0.6427708588103436	0.7717143615948228
0.681491994883256	0.5424922739924001
0.5343516778061893	0.5959774277662988
0.5575843594499367	0.5577737464992284
0.49563054173327703	0.5501330102458143
0.7124689037415858	0.7411514165811665
0.6117939499520137	0.7487921528345806
0.6737477676686734	0.6418218452867833
0.6040497227374313	0.5883366915128847
0.681491994883256	0.6418218452867833
0.5730728138791015	0.7411514165811665
0.751190039814498	0.6800255265538537
0.7047246765270032	0.6418218452867833
0.7279573581707506	0.7335106803277524
0.7434458125999156	0.8175587791153073
0.6195381771665963	0.6418218452867833
0.6505150860249261	0.5577737464992284
0.6969804493124208	0.6036181640197128
0.6195381771665963	0.5883366915128847
0.8053996303165752	0.8328402516221355
0.7589342670290804	0.6265403727799551
0.5808170410936839	0.6876662628072678
0.6660035404540909	0.618899636526541
0.8441207663894874	0.7258699440743382
0.7744227214582454	0.7564328890879946
0.8131438575311576	0.8710439328892059
0.7434458125999156	0.6341811090333692
0.8131438575311576	0.6418218452867833
0.7434458125999156	0.7717143615948228
0.8286323119603225	1.0009364491972454
0.9757726290373891	0.9474512954233468
0.7976554031019927	0.9780142404370031
0.7976554031019927	0.8634031966357918
0.751190039814498	0.8404809878755496
0.8750976752478172	0.8481217241289636
0.9370514929644769	0.9627327679301749
0.7899111758874102	0.9168883504096905
0.8441207663894874	0.8481217241289636
0.7434458125999156	0.7793550978482369
0.7666784942436629	0.7487921528345806
0.9293072657498944	0.9321698229165186
0.8131438575311576	0.6647440540470255
0.9757726290373891	0.9321698229165186
0.8053996303165752	0.8328402516221355
0.7589342670290804	0.5959774277662988
0.7589342670290804	0.702947735314096
0.6117939499520137	0.6723847903004397
0.8673534480332348	0.8939661416494482
0.9525399473936418	0.9474512954233468
0.82088808474574	0.7640736253414088
0.9602841746082242	0.9550920316767609
0.8673534480332348	0.7869958341016509
0.9138188113207295	0.7335106803277524
0.9680284018228067	0.9856549766904172
0.8363765391749051	0.8251995153687214
0.735701585385333	0.7717143615948228
0.6582593132395086	0.7182292078209241
0.8363765391749051	0.7564328890879946
0.8053996303165752	0.7640736253414088
0.7976554031019927	0.702947735314096
0.7434458125999156	0.8022773066084792
0.9138188113207295	0.9168883504096905
0.7434458125999156	0.7105884715675101
0.681491994883256	0.6265403727799551
0.681491994883256	0.702947735314096
0.5885612683082665	0.48900712021850157
0.4878863145186946	0.5042885927253297
0.8363765391749051	0.9398105591699326
0.9680284018228067	1.1002660204916286
1.0454706739686312	0.8404809878755496
0.5808170410936839	0.45844417520484526
0.4491651784457823	0.45844417520484526
0.8131438575311576	0.6800255265538537
0.6272824043811788	0.9168883504096905
0.6969804493124208	0.702947735314096
1.0919360372561258	0.970373504183589
0.6969804493124208	0.7182292078209241
0.6969804493124208	0.49664785647191567
0.6117939499520137	0.7487921528345806
0.8441207663894874	0.8328402516221355
0.7821669486728278	0.6953069990606818
0.6505150860249261	0.6647440540470255
0.7821669486728278	0.7411514165811665
1.1306571733290383	0.9932957129438313
1.1848667638311154	1.146110438012113
1.1229129461144558	0.8481217241289636
1.146145627758203	0.9627327679301749
0.9370514929644769	0.7411514165811665
0.5808170410936839	0.6800255265538537
0.7821669486728278	0.7640736253414088
0.7434458125999156	0.8328402516221355
0.9912610834665541	0.8022773066084792
0.9757726290373891	0.8939661416494482
0.8286323119603225	0.7946365703550651
0.9138188113207295	1.0085771854506593
0.6892362220978384	0.8557624603823778
0.8596092208186523	0.8328402516221355
0.8596092208186523	0.7182292078209241
0.681491994883256	0.7182292078209241
0.8363765391749051	0.8175587791153073
0.8286323119603225	0.9168883504096905
0.9138188113207295	0.8022773066084792
0.8673534480332348	0.9780142404370031
0.7202131309561681	0.8328402516221355
0.7821669486728278	0.7564328890879946
0.7744227214582454	0.7487921528345806
0.7047246765270032	0.5806959552594706
0.7744227214582454	0.7946365703550651
0.7666784942436629	0.8710439328892059
0.8518649936040699	0.8404809878755496
0.8286323119603225	0.8481217241289636
0.8828419024623997	0.8404809878755496
0.8983303568915646	0.9321698229165186
0.7279573581707506	0.8557624603823778
0.7976554031019927	0.8175587791153073
0.7124689037415858	0.702947735314096
0.7744227214582454	0.8328402516221355
0.6969804493124208	0.7182292078209241
0.6505150860249261	0.7793550978482369
0.7124689037415858	0.7564328890879946
0.7821669486728278	0.8634031966357918
0.7899111758874102	0.8481217241289636
0.751190039814498	0.702947735314096
0.7202131309561681	0.7717143615948228
0.6505150860249261	0.8022773066084792
0.7047246765270032	0.6571033177936114
0.6969804493124208	0.702947735314096
0.6272824043811788	0.7411514165811665
0.6117939499520137	0.7258699440743382
0.4878863145186946	0.5730552190060565
0.5653285866645191	0.6341811090333692
0.4646536328749472	0.527210801485572
0.6660035404540909	0.7564328890879946
0.6660035404540909	0.6800255265538537
0.7124689037415858	0.702947735314096
0.5808170410936839	0.6571033177936114
0.6505150860249261	0.7105884715675101
0.6582593132395086	0.5119293289787438
0.6350266315957611	0.6876662628072678
0.6505150860249261	0.6341811090333692
0.5885612683082665	0.6647440540470255
0.45690940566036475	0.5883366915128847
0.6350266315957611	0.618899636526541
0.6582593132395086	0.7946365703550651
0.7744227214582454	0.6800255265538537
0.5266074505916069	0.5424922739924001
0.6195381771665963	0.5577737464992284
0.6350266315957611	0.6723847903004397
0.7589342670290804	0.6036181640197128
0.6350266315957611	0.6571033177936114
0.7279573581707506	0.7487921528345806
0.6350266315957611	0.5959774277662988
0.6272824043811788	0.6723847903004397
0.6350266315957611	0.6647440540470255
0.6040497227374313	0.48900712021850157
0.49563054173327703	0.6341811090333692
0.5885612683082665	0.5883366915128847
0.596305495522849	0.6265403727799551
0.6040497227374313	0.6723847903004397
0.7124689037415858	0.5806959552594706
0.6660035404540909	0.7487921528345806
0.5808170410936839	0.611258900273127
0.7047246765270032	0.7105884715675101
0.6350266315957611	0.6341811090333692
0.6040497227374313	0.527210801485572
0.5885612683082665	0.4737256477116734
0.47239786008952966	0.5654144827526424
0.596305495522849	0.6265403727799551
