WT	KO
0.4026998151582876	0.32447659956165154
0.35571817005648737	0.4436720851149113
0.5167980961198023	0.49664785647191567
0.510086432533831	0.4701599707934135
0.6241847134953458	0.5628675706681711
0.496663105361888	0.49664785647191567
0.36914149722843026	0.4238061708560347
0.42283480591620193	0.4834039136326646
0.45639312384605923	0.4171841994364091
0.5637797412216027	0.5165137707307923
0.5570680776356312	0.5628675706681711
0.496663105361888	0.5098917993111667
0.5033747689478595	0.5430016564092944
0.5704914048075741	0.5827334849270477
0.44968146026008776	0.5430016564092944
0.684589685769089	0.5430016564092944
0.5503564140496596	0.5297577135700433
0.5167980961198023	0.4105622280167836
0.5235097597057738	0.4171841994364091
0.5637797412216027	0.4436720851149113
0.5503564140496596	0.6224653134448009
0.5302214232917453	0.6092213706055498
0.5772030683935455	0.476781942213039
0.6040497227374313	0.6555751705429287
0.6040497227374313	0.5694895420877967
0.5503564140496596	0.5893554563466733
0.5906263955654885	0.6025993991859243
0.6174730499093742	0.5297577135700433
0.6107613863234028	0.6224653134448009
0.5839147319795169	0.6290872848644264
0.6644546950111745	0.5827334849270477
0.5302214232917453	0.5827334849270477
0.5906263955654885	0.5827334849270477
0.6711663585971459	0.4569160279541624
0.510086432533831	0.5893554563466733
0.5033747689478595	0.54962362782892
0.4631047874320307	0.5363796849896689
0.6980130129410318	0.6489531991233031
0.5637797412216027	0.6357092562840521
0.6308963770813173	0.5231357421504178
0.6510313678392315	0.5628675706681711
0.6040497227374313	0.5430016564092944
0.5235097597057738	0.6555751705429287
0.6308963770813173	0.5694895420877967
0.6040497227374313	0.5562455992485456
0.6241847134953458	0.6423312277036776
0.6577430314252031	0.7217948847391841
0.5167980961198023	0.5827334849270477
0.5704914048075741	0.5165137707307923
0.5906263955654885	0.5628675706681711
0.6577430314252031	0.6092213706055498
0.7181480036989463	0.7549047418373118
0.6980130129410318	0.5959774277662988
0.6040497227374313	0.6754410848018053
0.6577430314252031	0.5827334849270477
0.7584179852147749	0.6555751705429287
0.7315713308708891	0.6357092562840521
0.744994658042832	0.7284168561588096
0.6778780221831174	0.6025993991859243
0.8188229574885181	0.6621971419625542
0.744994658042832	0.8078805131943162
0.8188229574885181	0.9469419130064526
0.8456696118324039	0.7217948847391841
0.7517063216288035	0.8145024846139416
0.744994658042832	0.8078805131943162
0.744994658042832	0.8343683988728182
0.8053996303165752	0.7946365703550651
0.8590929390043469	0.8939661416494482
0.6510313678392315	0.7880145989354395
0.7248596672849176	0.7416607989980607
0.744994658042832	0.7482827704176862
0.7315713308708891	0.7747706560961884
0.91949791127809	0.9072100844886992
0.7651296488007464	0.6555751705429287
0.9329212384500328	0.854234313131695
0.8658046025903183	0.8409903702924438
0.7785529759726892	0.7019289704803074
0.7986879667306037	0.7681486846765628
0.6040497227374313	0.6423312277036776
0.7315713308708891	0.8012585417746906
0.9262095748640614	0.9072100844886992
0.744994658042832	0.7482827704176862
0.8859395933482327	0.8145024846139416
0.7919763031446322	0.6688191133821797
0.8926512569342042	0.6621971419625542
0.9329212384500328	0.9999176843634567
0.8188229574885181	0.8012585417746906
0.6711663585971459	0.6555751705429287
0.6107613863234028	0.6224653134448009
0.6778780221831174	0.7151729133195585
0.7852646395586608	0.8145024846139416
0.6980130129410318	0.7151729133195585
0.7181480036989463	0.7549047418373118
0.8993629205201755	0.8211244560335672
0.6510313678392315	0.6423312277036776
0.744994658042832	0.6688191133821797
0.7047246765270032	0.7549047418373118
0.6107613863234028	0.49664785647191567
0.5167980961198023	0.4635379993737879
0.832246284660461	0.8939661416494482
0.9329212384500328	1.1456010555952187
0.9799028835518332	0.8277464274531928
0.6174730499093742	0.5165137707307923
0.44968146026008776	0.5297577135700433
0.744994658042832	0.6820630562214308
0.6510313678392315	0.7946365703550651
0.6241847134953458	0.6555751705429287
0.9127862476921185	0.8608562845513205
0.6577430314252031	0.6820630562214308
0.6711663585971459	0.4834039136326646
0.59733805915146	0.7284168561588096
0.7517063216288035	0.8012585417746906
0.6913013493550603	0.7482827704176862
0.6107613863234028	0.6820630562214308
0.7852646395586608	0.7350388275784352
0.9127862476921185	0.8145024846139416
0.993326210723776	0.9800517701045802
1.0738661737554336	0.9005881130690737
1.0403078558255763	0.9204540273279503
0.9262095748640614	0.8277464274531928
0.5772030683935455	0.5959774277662988
0.6107613863234028	0.6423312277036776
0.6308963770813173	0.7615267132569373
0.8859395933482327	0.8277464274531928
0.8456696118324039	0.8873441702298226
0.832246284660461	0.7217948847391841
0.7986879667306037	0.8873441702298226
0.5839147319795169	0.781392627515814
0.7517063216288035	0.7615267132569373
0.7382829944568605	0.6025993991859243
0.684589685769089	0.8476123417120695
0.8255346210744895	0.7946365703550651
0.7986879667306037	0.8476123417120695
0.8053996303165752	0.8277464274531928
0.8053996303165752	0.9005881130690737
0.6711663585971459	0.7350388275784352
0.7114363401129747	0.7217948847391841
0.7517063216288035	0.7019289704803074
0.6644546950111745	0.6158433420251754
0.7852646395586608	0.7946365703550651
0.7718413123867179	0.867478255970946
0.7584179852147749	0.7880145989354395
0.6510313678392315	0.7350388275784352
0.8053996303165752	0.7615267132569373
0.8456696118324039	0.940319941586827
0.7315713308708891	0.8078805131943162
0.7114363401129747	0.7946365703550651
0.7181480036989463	0.7151729133195585
0.684589685769089	0.8145024846139416
0.6443197042532601	0.7151729133195585
0.5704914048075741	0.7946365703550651
0.6107613863234028	0.6158433420251754
0.7584179852147749	0.6953069990606818
0.7651296488007464	0.781392627515814
0.6711663585971459	0.7085509418999331
0.6711663585971459	0.6886850276410564
0.5369330868777168	0.7085509418999331
0.7114363401129747	0.6820630562214308
0.5906263955654885	0.7217948847391841
0.5704914048075741	0.6224653134448009
0.496663105361888	0.6092213706055498
0.5369330868777168	0.476781942213039
0.496663105361888	0.5562455992485456
0.47652811460397365	0.5628675706681711
0.5839147319795169	0.7615267132569373
0.5503564140496596	0.6224653134448009
0.59733805915146	0.6224653134448009
0.5637797412216027	0.5827334849270477
0.6308963770813173	0.7085509418999331
0.5839147319795169	0.5297577135700433
0.5235097597057738	0.5761115135074221
0.5302214232917453	0.5363796849896689
0.496663105361888	0.5959774277662988
0.5167980961198023	0.5562455992485456
0.5369330868777168	0.5761115135074221
0.59733805915146	0.6820630562214308
0.5704914048075741	0.5694895420877967
0.4631047874320307	0.5231357421504178
0.5369330868777168	0.5098917993111667
0.5503564140496596	0.5032698278915413
0.59733805915146	0.5098917993111667
0.5436447504636882	0.5628675706681711
0.6107613863234028	0.6025993991859243
0.59733805915146	0.5165137707307923
0.5637797412216027	0.5959774277662988
0.5436447504636882	0.6025993991859243
0.4631047874320307	0.4370501136952858
0.3892764879863446	0.5165137707307923
0.5369330868777168	0.5297577135700433
0.6376080406672886	0.6158433420251754
0.5906263955654885	0.6290872848644264
0.6308963770813173	0.5165137707307923
0.496663105361888	0.5959774277662988
0.510086432533831	0.54962362782892
0.6107613863234028	0.5893554563466733
0.5503564140496596	0.5827334849270477
0.4698164510180022	0.4635379993737879
0.4698164510180022	0.4238061708560347
0.40941147874425904	0.5032698278915413
0.5436447504636882	0.6423312277036776
