WT	KO
0.25511090649274903	0.30002162147401684
0.25511090649274903	0.4138229261710577
0.19133317986956178	0.2586393288569111
0.27333311409937394	0.34140391409112264
0.1639998684596244	0.35174948724539906
0.25511090649274903	0.3931317798625048
0.1639998684596244	0.34140391409112264
0.2915553217059989	0.36209506039967554
0.18222207606624932	0.35174948724539906
0.35533304832918616	0.4034773530167813
0.3462219445258737	0.37244063355395196
0.2824442179026864	0.444859645633887
0.33711084072256126	0.3827862067082284
0.2642220102960615	0.1965658899312524
0.22777759508281165	0.30002162147401684
0.3462219445258737	0.4034773530167813
0.3279997369192488	0.28967604831974036
0.27333311409937394	0.33105834093684616
0.24599980268943658	0.2586393288569111
0.30977752931262387	0.2379481825483582
0.3006664255093114	0.4138229261710577
0.3006664255093114	0.33105834093684616
0.2824442179026864	0.36209506039967554
0.27333311409937394	0.4241684993253341
0.2368886988861241	0.3827862067082284
0.2095553874761867	0.37244063355395196
0.33711084072256126	0.5276242308680986
0.2824442179026864	0.4965875114052693
0.39177746354243603	0.5069330845595457
0.3188886331159363	0.4345140724796106
0.2915553217059989	0.28967604831974036
0.19133317986956178	0.4241684993253341
0.2642220102960615	0.4345140724796106
0.3462219445258737	0.5069330845595457
0.38266635973912355	0.4034773530167813
0.2915553217059989	0.36209506039967554
0.38266635973912355	0.4655507919424399
0.36444415213249864	0.4862419382509928
0.37355525593581107	0.45520521878816345
0.4464440863623108	0.444859645633887
0.33711084072256126	0.4345140724796106
0.35533304832918616	0.4655507919424399
0.33711084072256126	0.31036719462829326
0.36444415213249864	0.5172786577138222
0.4373329825589984	0.5586609503309279
0.35533304832918616	0.4965875114052693
0.36444415213249864	0.444859645633887
0.30977752931262387	0.45520521878816345
0.33711084072256126	0.5483153771766515
0.40088856734574846	0.45520521878816345
0.3462219445258737	0.5069330845595457
0.3462219445258737	0.4034773530167813
0.3462219445258737	0.4655507919424399
0.3188886331159363	0.4034773530167813
0.40999967114906094	0.4862419382509928
0.33711084072256126	0.4345140724796106
0.40088856734574846	0.444859645633887
0.39177746354243603	0.5483153771766515
0.4828885015755607	0.5276242308680986
0.40088856734574846	0.444859645633887
0.4373329825589984	0.5896976697937573
0.528444020592123	0.5690065234852043
0.38266635973912355	0.4034773530167813
0.36444415213249864	0.4862419382509928
0.38266635973912355	0.4862419382509928
0.3462219445258737	0.5793520966394807
0.39177746354243603	0.5793520966394807
0.4282218787556859	0.6103888161023101
0.3006664255093114	0.3827862067082284
0.40088856734574846	0.5690065234852043
0.40088856734574846	0.37244063355395196
0.3188886331159363	0.34140391409112264
0.33711084072256126	0.4345140724796106
0.38266635973912355	0.5172786577138222
0.35533304832918616	0.4345140724796106
0.40088856734574846	0.537969804022375
0.3279997369192488	0.4034773530167813
0.2642220102960615	0.37244063355395196
0.40999967114906094	0.4241684993253341
0.4373329825589984	0.3827862067082284
0.39177746354243603	0.4758963650967164
0.33711084072256126	0.3931317798625048
0.3462219445258737	0.35174948724539906
0.40088856734574846	0.5276242308680986
0.2915553217059989	0.3827862067082284
0.3279997369192488	0.4138229261710577
0.4373329825589984	0.4862419382509928
0.37355525593581107	0.36209506039967554
0.2915553217059989	0.35174948724539906
0.19133317986956178	0.28967604831974036
0.2095553874761867	0.4138229261710577
0.3279997369192488	0.36209506039967554
0.3006664255093114	0.34140391409112264
0.40999967114906094	0.537969804022375
0.3279997369192488	0.35174948724539906
0.2368886988861241	0.1965658899312524
0.2186664912794992	0.3207127677825697
0.18222207606624932	0.22760260939408172
0.4828885015755607	0.5586609503309279
0.5011107091821856	0.6724622550279689
0.6742216814451225	0.7862635597250096
0.5922217472153103	0.7138445476450745
0.37355525593581107	0.537969804022375
0.30977752931262387	0.30002162147401684
0.30977752931262387	0.4138229261710577
0.2642220102960615	0.3827862067082284
0.40088856734574846	0.444859645633887
0.2642220102960615	0.30002162147401684
0.3188886331159363	0.36209506039967554
0.39177746354243603	0.5793520966394807
0.35533304832918616	0.4138229261710577
0.3462219445258737	0.27933047516546394
0.2642220102960615	0.4758963650967164
0.3279997369192488	0.45520521878816345
0.5011107091821856	0.6000432429480337
0.4282218787556859	0.5069330845595457
0.4373329825589984	0.5483153771766515
0.4191107749523734	0.4655507919424399
0.36444415213249864	0.5172786577138222
0.27333311409937394	0.4655507919424399
0.40999967114906094	0.5586609503309279
0.38266635973912355	0.4758963650967164
0.3188886331159363	0.3207127677825697
0.36444415213249864	0.5069330845595457
0.17311097226293684	0.33105834093684616
0.36444415213249864	0.4034773530167813
0.33711084072256126	0.4655507919424399
0.49199960537887316	0.45520521878816345
0.40999967114906094	0.5276242308680986
0.3006664255093114	0.37244063355395196
0.36444415213249864	0.3931317798625048
0.39177746354243603	0.5586609503309279
0.4373329825589984	0.5069330845595457
0.38266635973912355	0.37244063355395196
0.39177746354243603	0.4138229261710577
0.3462219445258737	0.4034773530167813
0.36444415213249864	0.631079962410863
0.25511090649274903	0.4965875114052693
0.4737773977722482	0.537969804022375
0.37355525593581107	0.5276242308680986
0.4282218787556859	0.4034773530167813
0.3188886331159363	0.4862419382509928
0.5466662281987479	0.6724622550279689
0.4646662939689358	0.6000432429480337
0.36444415213249864	0.4965875114052693
0.38266635973912355	0.45520521878816345
0.2824442179026864	0.4965875114052693
0.36444415213249864	0.6414255355651394
0.38266635973912355	0.537969804022375
0.2368886988861241	0.36209506039967554
0.37355525593581107	0.5069330845595457
0.3006664255093114	0.3931317798625048
0.4464440863623108	0.5483153771766515
0.40088856734574846	0.45520521878816345
0.3188886331159363	0.3827862067082284
0.2915553217059989	0.27933047516546394
0.25511090649274903	0.28967604831974036
0.25511090649274903	0.4034773530167813
0.40088856734574846	0.5276242308680986
0.3462219445258737	0.444859645633887
0.2915553217059989	0.34140391409112264
0.3188886331159363	0.3207127677825697
0.2642220102960615	0.3207127677825697
0.22777759508281165	0.35174948724539906
0.25511090649274903	0.4138229261710577
0.39177746354243603	0.4034773530167813
0.35533304832918616	0.4345140724796106
0.3006664255093114	0.4138229261710577
0.2915553217059989	0.2689849020111875
0.27333311409937394	0.34140391409112264
0.2824442179026864	0.4034773530167813
0.3462219445258737	0.37244063355395196
0.2915553217059989	0.4034773530167813
0.30977752931262387	0.5069330845595457
0.33711084072256126	0.3931317798625048
0.3006664255093114	0.37244063355395196
0.40088856734574846	0.4241684993253341
0.4191107749523734	0.4758963650967164
0.2824442179026864	0.4138229261710577
0.25511090649274903	0.4034773530167813
0.2186664912794992	0.33105834093684616
0.33711084072256126	0.4138229261710577
0.4191107749523734	0.34140391409112264
0.39177746354243603	0.4034773530167813
0.2915553217059989	0.31036719462829326
0.2642220102960615	0.31036719462829326
0.40088856734574846	0.35174948724539906
0.3188886331159363	0.4345140724796106
0.33711084072256126	0.3931317798625048
0.2368886988861241	0.4138229261710577
0.3188886331159363	0.3827862067082284
0.2915553217059989	0.28967604831974036
0.37355525593581107	0.4138229261710577
0.2642220102960615	0.37244063355395196
0.36444415213249864	0.4965875114052693
0.2824442179026864	0.45520521878816345
0.25511090649274903	0.33105834093684616
0.2095553874761867	0.3931317798625048
0.2368886988861241	0.31036719462829326
0.35533304832918616	0.30002162147401684
