WT	KO
0.4621124239634618	0.274471190805122
0.29148629819233746	0.23410778039260405
0.24172034484242616	0.23410778039260405
0.234610922935296	0.16145364165007176
0.33414282963511854	0.23410778039260405
0.15640728195686399	0.2018170520625897
0.2559391886566865	0.23410778039260405
0.2985957200994676	0.23410778039260405
0.4194558925206807	0.12109023123755382
0.3270334077279884	0.2663985087226184
0.27015803247094694	0.2663985087226184
0.3696899391707694	0.23410778039260405
0.22039207912103564	0.16145364165007176
0.22750150102816583	0.24218046247510763
0.21328265721390544	0.17759900581507893
0.31281456391372797	0.2502531445576112
0.19195439149251492	0.274471190805122
0.24882976674955634	0.19374436998008612
0.4407841582420713	0.23410778039260405
0.3199239858208581	0.3390526474651507
0.3483616734493789	0.3632706937126614
0.19195439149251492	0.16952632373257534
0.17062612577112438	0.21796241622759688
0.2985957200994676	0.16952632373257534
0.29148629819233746	0.3471253295476543
0.20617323530677525	0.3713433757951651
0.2772674543780771	0.2018170520625897
0.29148629819233746	0.274471190805122
0.3483616734493789	0.30676191913513634
0.33414282963511854	0.274471190805122
0.29148629819233746	0.25832582664011483
0.22750150102816583	0.23410778039260405
0.469221845870592	0.24218046247510763
0.2630486105638167	0.14530827748506459
0.22039207912103564	0.23410778039260405
0.21328265721390544	0.2663985087226184
0.36258051726363927	0.25832582664011483
0.28437687628520725	0.3471253295476543
0.3696899391707694	0.274471190805122
0.31281456391372797	0.3309799653826471
0.3270334077279884	0.3229072833001435
0.2559391886566865	0.17759900581507893
0.39101820489216	0.2502531445576112
0.34125225154224875	0.25832582664011483
0.28437687628520725	0.3632706937126614
0.4834406896848523	0.29868923705263273
0.4976595334991127	0.48436092495021527
0.4336747363349411	0.5247243353627332
0.45500300205633165	0.4036341041251794
0.36258051726363927	0.20988973414509327
0.2985957200994676	0.2663985087226184
0.44789358014920144	0.38748873996017225
0.3483616734493789	0.38748873996017225
0.5047689554062429	0.411706786207683
0.45500300205633165	0.28254387288762556
0.44789358014920144	0.29061655497012917
0.47633126777772217	0.29868923705263273
0.20617323530677525	0.29061655497012917
0.33414282963511854	0.44399751453769737
0.39101820489216	0.3632706937126614
0.4407841582420713	0.24218046247510763
0.511878377313373	0.30676191913513634
0.47633126777772217	0.17759900581507893
0.4123464706135505	0.31483460121763995
0.39101820489216	0.3229072833001435
0.27015803247094694	0.2663985087226184
0.3696899391707694	0.29061655497012917
0.3270334077279884	0.29061655497012917
0.4621124239634618	0.3229072833001435
0.4336747363349411	0.2502531445576112
0.3981276267992902	0.28254387288762556
0.5189877992205032	0.274471190805122
0.4194558925206807	0.30676191913513634
0.37679936107789963	0.31483460121763995
0.4123464706135505	0.3229072833001435
0.4407841582420713	0.29868923705263273
0.4336747363349411	0.3471253295476543
0.3696899391707694	0.3229072833001435
0.3696899391707694	0.18567168789758254
0.4336747363349411	0.2663985087226184
0.3696899391707694	0.4520701966202009
0.35547109535650906	0.4762882428677117
0.35547109535650906	0.3229072833001435
0.4336747363349411	0.30676191913513634
0.44789358014920144	0.274471190805122
0.42656531442781087	0.3632706937126614
0.4407841582420713	0.3229072833001435
0.4194558925206807	0.274471190805122
0.5616443306632843	0.4682155607852081
0.4123464706135505	0.3713433757951651
0.2985957200994676	0.2663985087226184
0.5047689554062429	0.6538872486827907
0.4976595334991127	0.43592483245519376
0.49055011159198253	0.5247243353627332
0.234610922935296	0.17759900581507893
0.3981276267992902	0.37941605787766863
0.511878377313373	0.5247243353627332
0.6469573935488466	0.5327970174452368
0.3483616734493789	0.2502531445576112
0.234610922935296	0.14530827748506459
0.22039207912103564	0.22603509831010046
0.3483616734493789	0.19374436998008612
0.6896139249916277	0.6619599307652942
0.44789358014920144	0.5166516532802297
0.4834406896848523	0.31483460121763995
0.3270334077279884	0.12916291332005742
0.4407841582420713	0.2663985087226184
0.6043008621060654	0.4520701966202009
0.5545349087561542	0.41977946829018653
0.33414282963511854	0.20988973414509327
0.3483616734493789	0.3390526474651507
0.5189877992205032	0.3471253295476543
0.45500300205633165	0.274471190805122
0.33414282963511854	0.4520701966202009
0.4194558925206807	0.29061655497012917
0.4621124239634618	0.3471253295476543
0.3199239858208581	0.22603509831010046
0.40523704870642036	0.4036341041251794
0.3199239858208581	0.31483460121763995
0.40523704870642036	0.24218046247510763
0.4621124239634618	0.24218046247510763
0.49055011159198253	0.3955614220426758
0.511878377313373	0.46014287870270454
0.3696899391707694	0.29868923705263273
0.3270334077279884	0.30676191913513634
0.4336747363349411	0.21796241622759688
0.38390878298502984	0.31483460121763995
0.5616443306632843	0.411706786207683
0.45500300205633165	0.28254387288762556
0.4123464706135505	0.2663985087226184
0.1990638133996451	0.3471253295476543
0.2985957200994676	0.3713433757951651
0.547425486849024	0.42785215037269014
0.2985957200994676	0.3309799653826471
0.5687537525704145	0.4036341041251794
0.5189877992205032	0.3309799653826471
0.4336747363349411	0.3471253295476543
0.29148629819233746	0.29061655497012917
0.39101820489216	0.28254387288762556
0.33414282963511854	0.20988973414509327
0.3270334077279884	0.28254387288762556
0.39101820489216	0.30676191913513634
0.3199239858208581	0.22603509831010046
0.33414282963511854	0.3309799653826471
0.28437687628520725	0.3632706937126614
0.28437687628520725	0.4036341041251794
0.24882976674955634	0.22603509831010046
0.3981276267992902	0.25832582664011483
0.3057051420065978	0.3471253295476543
0.44789358014920144	0.37941605787766863
0.35547109535650906	0.37941605787766863
0.20617323530677525	0.16145364165007176
0.4123464706135505	0.24218046247510763
0.33414282963511854	0.16952632373257534
0.469221845870592	0.29868923705263273
0.37679936107789963	0.41977946829018653
0.3483616734493789	0.29061655497012917
0.42656531442781087	0.3229072833001435
0.1990638133996451	0.22603509831010046
0.17062612577112438	0.19374436998008612
0.3696899391707694	0.24218046247510763
0.4123464706135505	0.3229072833001435
0.4621124239634618	0.30676191913513634
0.47633126777772217	0.18567168789758254
0.27015803247094694	0.18567168789758254
0.37679936107789963	0.25832582664011483
0.2559391886566865	0.24218046247510763
0.35547109535650906	0.31483460121763995
0.34125225154224875	0.30676191913513634
0.2559391886566865	0.3390526474651507
0.3483616734493789	0.4036341041251794
0.2772674543780771	0.3390526474651507
0.22039207912103564	0.18567168789758254
0.27015803247094694	0.3309799653826471
0.28437687628520725	0.2663985087226184
0.33414282963511854	0.38748873996017225
0.36258051726363927	0.30676191913513634
0.22039207912103564	0.31483460121763995
0.42656531442781087	0.35519801163015785
0.34125225154224875	0.17759900581507893
0.29148629819233746	0.274471190805122
0.34125225154224875	0.37941605787766863
0.24882976674955634	0.25832582664011483
0.2630486105638167	0.2502531445576112
0.2630486105638167	0.2018170520625897
0.31281456391372797	0.2663985087226184
0.3057051420065978	0.22603509831010046
0.22039207912103564	0.3955614220426758
0.234610922935296	0.30676191913513634
0.24882976674955634	0.274471190805122
0.2772674543780771	0.21796241622759688
0.31281456391372797	0.12109023123755382
0.2772674543780771	0.12916291332005742
0.2985957200994676	0.137235595402561
0.24882976674955634	0.2663985087226184
0.3057051420065978	0.3309799653826471
0.34125225154224875	0.22603509831010046
0.3270334077279884	0.21796241622759688
0.1635167038639942	0.21796241622759688
0.34125225154224875	0.08879950290753946
