WT	KO
0.3229556844396094	0.209929996898622
0.360399821765941	0.24979012289203123
0.3323167187711923	0.260419489823607
0.35805956318304527	0.2046153134328341
0.3229556844396094	0.21258733863151594
0.34635827026856664	0.23650341422756146
0.376781631846211	0.1993006299670462
0.34167775310277526	0.23384607249466752
0.3791218904291067	0.2551048063578191
0.3229556844396094	0.24181809769334936
0.34167775310277526	0.24713278115913725
0.360399821765941	0.1727272126381067
0.35805956318304527	0.24713278115913725
0.3299764601882966	0.24713278115913725
0.34167775310277526	0.24713278115913725
0.3510387874343581	0.2657341732893949
0.3861426661777939	0.2577621480907131
0.3323167187711923	0.26307683155650097
0.39082318334358535	0.260419489823607
0.360399821765941	0.24181809769334936
0.34635827026856664	0.20727265516572801
0.3791218904291067	0.2524474646249252
0.3440180116856709	0.2869929071525465
0.35805956318304527	0.23650341422756146
0.360399821765941	0.22853138902887962
0.3299764601882966	0.2551048063578191
0.35805956318304527	0.3029369575499102
0.4118855105896468	0.2763635402209707
0.34869852885146235	0.23916075596045544
0.36742059751462813	0.24713278115913725
0.44932964791597835	0.21790202209730383
0.39082318334358535	0.3374824000775315
0.45635042366466555	0.32153834968016787
0.41422576917254256	0.26839151502228886
0.4095452520067511	0.32153834968016787
0.4727322337449356	0.2763635402209707
0.4095452520067511	0.27902088195386465
0.42826732066991685	0.28433556541965255
0.4446491307501869	0.24713278115913725
0.39784395909227255	0.2763635402209707
0.4399686135843955	0.31356632448148597
0.42592706208702114	0.31622366621438
0.45635042366466555	0.3295103748788497
0.49145430240810134	0.3401397418104255
0.46805171657914413	0.29230759061833445
0.36976085609752385	0.30027961581701623
0.45166990649887406	0.32685303314595576
0.33465697735408806	0.24181809769334936
0.4399686135843955	0.28965024888544044
0.4118855105896468	0.28167822368675866
0.4025244762580639	0.2524474646249252
0.4399686135843955	0.2577621480907131
0.42826732066991685	0.3348250583446376
0.4727322337449356	0.24979012289203123
0.47975300949362276	0.2869929071525465
0.418906286338334	0.3720278426051529
0.4423088721672912	0.3029369575499102
0.4633711994133527	0.26839151502228886
0.42592706208702114	0.2710488567551828
0.4306075792528126	0.2949649323512284
0.5312386983173286	0.32153834968016787
0.49379456099099706	0.2976222740841223
0.5008153367396841	0.31356632448148597
0.45635042366466555	0.3507691087420013
0.5476205083975986	0.27370619848807676
0.4446491307501869	0.38531455126962266
0.4844335266594142	0.32685303314595576
0.45401016508176983	0.28433556541965255
0.4750724923278313	0.31622366621438
0.5171971468199542	0.3029369575499102
0.5265581811515372	0.35874113394068313
0.48911404382520557	0.32153834968016787
0.5312386983173286	0.310908982748592
0.5382594740660158	0.35342645047489524
0.5405997326489115	0.35342645047489524
0.5593218013120772	0.36139847567357714
0.48911404382520557	0.3374824000775315
0.5171971468199542	0.366713159139365
0.51953740540285	0.3720278426051529
0.4984750781567885	0.32419569141306176
0.603786714387096	0.35342645047489524
0.5499607669804943	0.36139847567357714
0.5125166296541628	0.32419569141306176
0.51953740540285	0.28167822368675866
0.4984750781567885	0.2976222740841223
0.5031555953225799	0.28167822368675866
0.48911404382520557	0.34279708354331945
0.43762835500149977	0.27902088195386465
0.36742059751462813	0.23650341422756146
0.4446491307501869	0.32685303314595576
0.44932964791597835	0.26307683155650097
0.4633711994133527	0.2710488567551828
0.43762835500149977	0.260419489823607
0.31827516727381805	0.20195797169994012
0.34869852885146235	0.18069923783678857
0.2808310299474865	0.1514684787749551
0.15679732505401328	0.10895101104865192
0.17551939371717906	0.1302097449118035
0.2293453411237806	0.15412582050784907
0.6693139547081761	0.40391594339988024
0.6833555062055505	0.4544054363248653
0.3042336157764437	0.12755240317890956
0.1614778422198047	0.08769227718550032
0.13339473922505607	0.09034961891839428
0.2293453411237806	0.1514684787749551
0.4025244762580639	0.22321670556309173
0.376781631846211	0.22321670556309173
0.4072049934238554	0.29230759061833445
0.4306075792528126	0.23650341422756146
0.34869852885146235	0.30027961581701623
0.39082318334358535	0.29230759061833445
0.44932964791597835	0.2869929071525465
0.45401016508176983	0.32685303314595576
0.4633711994133527	0.27370619848807676
0.45401016508176983	0.310908982748592
0.55230102556339	0.310908982748592
0.6318698173818446	0.3454544252762134
0.5148568882370586	0.3374824000775315
0.5546412841462859	0.3720278426051529
0.5429399912318073	0.3799998678038347
0.5827243871410344	0.3746851843380469
0.5382594740660158	0.3746851843380469
0.5452802498147029	0.38531455126962266
0.477412750910727	0.2976222740841223
0.45401016508176983	0.31356632448148597
0.5054958539054757	0.32153834968016787
0.603786714387096	0.3055942992828042
0.578043869975243	0.366713159139365
0.5452802498147029	0.3693705008722589
0.5476205083975986	0.33216771661174366
0.5429399912318073	0.3188810079472739
0.5148568882370586	0.3055942992828042
0.4727322337449356	0.26839151502228886
0.47975300949362276	0.28167822368675866
0.46805171657914413	0.2657341732893949
0.4727322337449356	0.32153834968016787
0.5054958539054757	0.3799998678038347
0.5382594740660158	0.35342645047489524
0.477412750910727	0.3055942992828042
0.47975300949362276	0.2657341732893949
0.44932964791597835	0.2976222740841223
0.44932964791597835	0.3029369575499102
0.44932964791597835	0.260419489823607
0.4423088721672912	0.24713278115913725
0.45635042366466555	0.260419489823607
0.41422576917254256	0.27902088195386465
0.5265581811515372	0.366713159139365
0.49145430240810134	0.3507691087420013
0.4633711994133527	0.3188810079472739
0.37210111468041956	0.26839151502228886
0.4095452520067511	0.2258740472959857
0.4095452520067511	0.27902088195386465
0.43294783783570834	0.2524474646249252
0.4399686135843955	0.3374824000775315
0.39316344192648106	0.2577621480907131
0.34869852885146235	0.23384607249466752
0.4072049934238554	0.2657341732893949
0.44698938933308263	0.2869929071525465
0.360399821765941	0.2657341732893949
0.4025244762580639	0.2976222740841223
0.3510387874343581	0.2710488567551828
0.39082318334358535	0.24447543942624334
0.34869852885146235	0.24181809769334936
0.37444137326331534	0.2524474646249252
0.35805956318304527	0.24713278115913725
0.39316344192648106	0.26839151502228886
0.301893357193548	0.23384607249466752
0.3323167187711923	0.23650341422756146
0.3299764601882966	0.23118873076177357
0.37210111468041956	0.29230759061833445
0.3159349086909223	0.22853138902887962
0.34635827026856664	0.28167822368675866
0.3229556844396094	0.23118873076177357
0.3814621490120025	0.2577621480907131
0.41422576917254256	0.2976222740841223
0.2995530986106522	0.3055942992828042
0.33465697735408806	0.29230759061833445
0.3323167187711923	0.26839151502228886
0.37444137326331534	0.21524468036440988
0.3252959430225052	0.28433556541965255
0.33465697735408806	0.23916075596045544
0.4001842176751682	0.28167822368675866
0.3229556844396094	0.28433556541965255
0.34869852885146235	0.24447543942624334
0.3791218904291067	0.2551048063578191
0.33465697735408806	0.2046153134328341
0.3814621490120025	0.22055936383019778
0.33465697735408806	0.2763635402209707
0.34635827026856664	0.27370619848807676
0.36742059751462813	0.24181809769334936
0.31359465010802656	0.2046153134328341
0.3323167187711923	0.2046153134328341
0.31827516727381805	0.22321670556309173
0.3229556844396094	0.2657341732893949
0.3229556844396094	0.23650341422756146
0.34167775310277526	0.24447543942624334
0.3510387874343581	0.23384607249466752
0.2808310299474865	0.260419489823607
0.29253232286196507	0.2258740472959857
0.3369972359369838	0.19664328823415222
