WT	KO
0.25692343659307665	0.2419589000116452
0.26082804809145166	0.29101585912053546
0.28503663938137686	0.2818696464053186
0.3069024637722769	0.2818696464053186
0.28659848398072685	0.31013975843417063
0.2694181933878767	0.27272343369010177
0.2701991156875517	0.28852143747093084
0.2756655717852768	0.29434175465334156
0.29050309547910186	0.3126341800837752
0.317054453668052	0.291847333003737
0.2530188250947016	0.29600470241974464
0.2928458623781269	0.2951732285365431
0.2928458623781269	0.30847681066776755
0.317054453668052	0.305982389018163
0.32408275436512707	0.32676923609820124
0.317054453668052	0.30348796736855843
0.27644649408495175	0.30681386290136453
0.31393076446935203	0.29600470241974464
0.30534061917292693	0.3259377622149997
0.2990932407755269	0.3192859711493875
0.318616298267402	0.3234433405653951
0.3225209097657771	0.3242748144485966
0.3318919773618771	0.3167915494997829
0.33111105506220206	0.3001620718357523
0.3014360076745519	0.32510628833179817
0.3420439672576522	0.3600281914262624
0.36469071394822733	0.3375783965798211
0.317835375967727	0.3292636577478058
0.311587997570327	0.3616911391926655
0.30846430837162697	0.32676923609820124
0.33579658886025215	0.35088197871104565
0.3318919773618771	0.35753376977665785
0.33813935575927717	0.38414093403910676
0.3685953254466024	0.35919671754306093
0.33970120035862716	0.36085966530946395
0.3443867341566772	0.3400728182294257
0.31627353136837705	0.3209489189157905
0.3389202780589522	0.3567022958934563
0.31939722056707703	0.31429712785017827
0.32330183206545204	0.3400728182294257
0.35688149095147725	0.3758261952070915
0.3443867341566772	0.3450616615286349
0.311587997570327	0.3500505048278441
0.318616298267402	0.3517134525942471
0.35922425785050227	0.36917440414147923
0.3607861024498523	0.36751145637507615
0.3475104233553772	0.36085966530946395
0.3389202780589522	0.37166882579108385
0.32798736586350213	0.34090429211262724
0.33579658886025215	0.36085966530946395
0.310807075270652	0.32261186668219355
0.32330183206545204	0.32261186668219355
0.33970120035862716	0.3616911391926655
0.37093809234562736	0.3725002996742854
0.38499469373977746	0.3600281914262624
0.3365775111599271	0.37166882579108385
0.3342347442609021	0.3525449264774486
0.3818710045410775	0.3708373519078823
0.35922425785050227	0.3683429302582777
0.4068605181306776	0.38247798627270374
0.34516765645635217	0.38414093403910676
0.3436058118570022	0.35088197871104565
0.36547163624790235	0.3783206168566961
0.3771854707430274	0.34423018764543334
0.34907226795472723	0.3799835646230991
0.3685953254466024	0.40825367665195117
0.38889930523815247	0.39162419898792056
0.3521959571534273	0.4007704117031374
0.3639097916485523	0.38247798627270374
0.3779663930427024	0.431534945381594
0.3904611498375025	0.3616911391926655
0.3420439672576522	0.37166882579108385
0.39670852823490255	0.4182313632503695
0.37015717004595233	0.38247798627270374
0.3256445989644771	0.3600281914262624
0.3920229944368525	0.41074809830155573
0.3600051801501773	0.35088197871104565
0.3576624132511523	0.37915209073989764
0.3389202780589522	0.3708373519078823
0.3521959571534273	0.37748914297349456
0.37874731534237743	0.39495009452072666
0.3615670247495273	0.3833094601559052
0.36547163624790235	0.3641855608422701
0.3771854707430274	0.39162419898792056
0.40217498433262755	0.38829830345511446
0.37015717004595233	0.3616911391926655
0.34985319025440226	0.38996125122151754
0.36547163624790235	0.35919671754306093
0.34985319025440226	0.3849724079223083
0.3272064435638271	0.33258955328061196
0.313149842169677	0.3151286017333798
0.23818130140087654	0.24611626942765286
0.2975313961761769	0.3001620718357523
0.4115460519287276	0.3974445161703313
0.36937624774627736	0.34838755706144103
0.2616089703911267	0.2552624821428697
0.25067605819567657	0.24279037389484673
0.2459905243976266	0.26191427320848193
0.4256026533228777	0.4140739938343619
0.46386784600695297	0.4963899082713133
0.4256026533228777	0.4481644230456246
0.462306001407603	0.45647916187763987
0.4427829439157278	0.4431755797464154
0.3779663930427024	0.376657669090293
0.2741037271859268	0.2735549075733033
0.2717609602869017	0.25110511272686203
0.2514569804953516	0.3001620718357523
0.3272064435638271	0.3334210271638135
0.36469071394822733	0.39328714675432364
0.3639097916485523	0.33009513163100734
0.23818130140087654	0.2394644783620406
0.29831231847585193	0.30348796736855843
0.3545387240524523	0.33425250104701504
0.3779663930427024	0.3799835646230991
0.38421377144010244	0.4198943110167726
0.37952823764205246	0.38996125122151754
0.37015717004595233	0.3783206168566961
0.3639097916485523	0.403264833352742
0.3764045484433524	0.403264833352742
0.3506341125540772	0.38414093403910676
0.3920229944368525	0.3567022958934563
0.320959065166427	0.34921903094464257
0.3561005686518023	0.38081503850630066
0.36469071394822733	0.35919671754306093
0.3303301327625271	0.36917440414147923
0.3248636766648021	0.3733317735574869
0.33345382196122714	0.3525449264774486
0.36781440314692737	0.37499472132389
0.3600051801501773	0.37748914297349456
0.3248636766648021	0.3417357659958288
0.35844333555082725	0.35088197871104565
0.3717190146453023	0.34838755706144103
0.3600051801501773	0.37499472132389
0.36703348084725235	0.3758261952070915
0.33735843345960215	0.3192859711493875
0.3623479470492023	0.37166882579108385
0.3482913456550522	0.3500505048278441
0.33735843345960215	0.3475560831782395
0.35141503485375225	0.3641855608422701
0.3225209097657771	0.34672460929503796
0.35688149095147725	0.35088197871104565
0.3779663930427024	0.3833094601559052
0.35141503485375225	0.3849724079223083
0.3404821226583022	0.3758261952070915
0.3521959571534273	0.3783206168566961
0.36547163624790235	0.36085966530946395
0.3561005686518023	0.37000587802468077
0.36547163624790235	0.37000587802468077
0.32798736586350213	0.3558708220102548
0.3685953254466024	0.3799835646230991
0.3467295010557022	0.3833094601559052
0.30846430837162697	0.34672460929503796
0.32330183206545204	0.3725002996742854
0.33501566656057713	0.34339871376223186
0.3303301327625271	0.3458931354118364
0.3295492104628521	0.3641855608422701
0.33111105506220206	0.33009513163100734
0.317054453668052	0.3234433405653951
0.2998741630752019	0.34090429211262724
0.3295492104628521	0.3458931354118364
0.30612154147260195	0.31346565396697673
0.31393076446935203	0.32510628833179817
0.33111105506220206	0.3350839749302166
0.32173998746610205	0.3458931354118364
0.30768338607195195	0.3242748144485966
0.310807075270652	0.33258955328061196
0.32017814286675206	0.3259377622149997
0.28503663938137686	0.28852143747093084
0.31471168676902705	0.320117445032589
0.2998741630752019	0.3276007099814028
0.3264255212641521	0.3276007099814028
0.309245230671302	0.32843218386460427
0.3029978522739019	0.3384098704630226
0.32173998746610205	0.3176230233829844
0.317054453668052	0.3317580793974104
0.3326728996615521	0.3209489189157905
0.3326728996615521	0.3234433405653951
0.28816032858007684	0.33009513163100734
0.31393076446935203	0.30681386290136453
0.2772274163846267	0.30847681066776755
0.29596955157682686	0.3525449264774486
0.2928458623781269	0.31429712785017827
0.29362678467780184	0.31429712785017827
0.27878926098397677	0.305982389018163
0.2928458623781269	0.29267880688693854
0.30612154147260195	0.3001620718357523
0.28659848398072685	0.30681386290136453
0.2858175616810518	0.2968361763029461
0.27098003798722675	0.27438638145650485
0.30768338607195195	0.3009935457189538
0.29206494007845185	0.29600470241974464
0.28503663938137686	0.31596007561658135
0.2756655717852768	0.3151286017333798
0.29596955157682686	0.30764533678456607
0.2819129501826768	0.320117445032589
0.2623898926908017	0.2660716426244895
0.30534061917292693	0.31596007561658135
0.2912840177787768	0.30348796736855843
0.2678563487885267	0.27854375087251254
0.30065508537487695	0.31346565396697673
