DKO	Prdm1KO
0.27607668399533697	0.2714053043565382
0.2632854862812673	0.26444619398842184
0.2430327565673237	0.2574870836203055
0.27607668399533697	0.2519197953258124
0.3112524777090286	0.2894989913136407
0.2824722828523718	0.2964581016817571
0.31658214342322427	0.31594361071248295
0.28886788170940664	0.3284700093750924
0.28140634970953265	0.3089845003443666
0.2941975474236023	0.33682094181683203
0.30592281199483284	0.32707818730146915
0.31018654456618944	0.29506627960813386
0.3133843439947069	0.30620085619712006
0.3251096085659374	0.2894989913136407
0.3123184108518677	0.3020253899762502
0.29739534685211977	0.30759267827074327
0.31658214342322427	0.3034172120498735
0.3357689399943288	0.3354291197432087
0.3091206114233503	0.3451718742585717
0.3091206114233503	0.31315996656523637
0.3229777422802591	0.3382127638904553
0.3229777422802591	0.2630543719147986
0.30165907942347636	0.30759267827074327
0.306988745137672	0.27558077057740804
0.30059314628063716	0.29506627960813386
0.3496260708512376	0.31733543278610626
0.34109860570852446	0.290890813387264
0.314450277137546	0.32707818730146915
0.31658214342322427	0.3034172120498735
0.2824722828523718	0.32151089900697605
0.31764807656606336	0.3020253899762502
0.3261755417087765	0.36187373914205095
0.33896673942284616	0.32151089900697605
0.3155162102803851	0.35630645084755785
0.30592281199483284	0.2964581016817571
0.2846041491380501	0.31176814449161316
0.29846127999495886	0.3089845003443666
0.31018654456618944	0.31176814449161316
0.31871400970890257	0.36604920536292074
0.3251096085659374	0.34099640803770187
0.3240436754230982	0.3229027210805993
0.29313161428076323	0.31037632241798985
0.30272501256631545	0.27836441472465456
0.3293733411372939	0.35769827292118117
0.3560216697082724	0.3284700093750924
0.33896673942284616	0.3590900949948044
0.3496260708512376	0.32011907693335273
0.34856013770839844	0.3590900949948044
0.3432304719942027	0.3841428923200233
0.3432304719942027	0.34656369633219497
0.352823870279755	0.38831835854089314
0.3496260708512376	0.39666929098263276
0.38373593142209006	0.37857560402553025
0.4061205274217119	0.36744102743654405
0.39972492856467706	0.3702246715837906
0.39226339656480314	0.3702246715837906
0.4071864605645511	0.37161649365741384
0.42104359142145986	0.3952774689090095
0.4125161262787468	0.4008447572035026
0.4199776582786207	0.37718378195190694
0.40931832685022934	0.42172208830785174
0.4189117251357816	0.42728937660234473
0.45302158570663403	0.4050202234243724
0.46794464970638194	0.4551258180748103
0.4626149839921863	0.4300730207495913
0.4519556525637949	0.41754662208698184
0.4668787165635428	0.4258975545287215
0.46581278342070376	0.46626039466379643
0.4487578531352775	0.4551258180748103
0.46474685027786455	0.4982723023571317
0.44982378627811664	0.43981577526495425
0.47434024856341683	0.43424848697046114
0.48393364684896906	0.4954886582098852
0.4732743154205777	0.5233250996823506
0.4849995799918082	0.46069310636930333
0.5009885771343953	0.4940968361362619
0.49352704513452134	0.5052314127252481
0.49032924570600384	0.4871377257681455
0.47220838227773854	0.5344596762713367
0.4860655131346474	0.5288923879768437
0.49779077770587793	0.48574590369452225
0.44023038799256436	0.4356403090440844
0.40079086170751627	0.46069310636930333
0.3506920039940767	0.3535228067003113
0.34642827142272015	0.3744001378046604
0.2941975474236023	0.33125365352233893
0.337900806280007	0.32151089900697605
0.32724147485161564	0.37718378195190694
0.3624172685653072	0.3744001378046604
0.3240436754230982	0.3354291197432087
0.3123184108518677	0.3744001378046604
0.36987880056518124	0.3702246715837906
0.44236225427824266	0.48574590369452225
0.4519556525637949	0.4258975545287215
0.44236225427824266	0.4760031491791593
0.35815353599395067	0.3911020026881397
0.3666810011366638	0.37579195987828373
0.39013153027912484	0.3869265364672699
0.3304392742801331	0.36187373914205095
0.3091206114233503	0.3284700093750924
0.3240436754230982	0.31176814449161316
0.38160406513641176	0.37161649365741384
0.4071864605645511	0.3911020026881397
0.3549557365654332	0.3688328495101673
0.36881286742234204	0.37579195987828373
0.43063698970701214	0.47321950503191273
0.44662598684959925	0.4203302662342284
0.44342818742108175	0.4453830635594473
0.3954611959933206	0.3980611130562561
0.31658214342322427	0.36744102743654405
0.3613513354224681	0.37579195987828373
0.38373593142209006	0.38831835854089314
0.3442964051370419	0.3437800521849484
0.3442964051370419	0.34099640803770187
0.35815353599395067	0.31872725485972947
0.3666810011366638	0.35630645084755785
0.3560216697082724	0.3799674260991535
0.3954611959933206	0.4050202234243724
0.4061205274217119	0.3813592481727767
0.44236225427824266	0.44259941941220077
0.4487578531352775	0.5010559465043782
0.5009885771343953	0.47182768295828953
0.4636809171350254	0.4551258180748103
0.4572853182779906	0.46765221673741975
0.4881973794203256	0.4871377257681455
0.44023038799256436	0.46486857259017317
0.4370325885640469	0.46626039466379643
0.3965271291361597	0.4453830635594473
0.4263732571356556	0.4300730207495913
0.43383478913552953	0.4412075973385775
0.39972492856467706	0.4050202234243724
0.39865899542183797	0.44816670770669387
0.4178457919929425	0.39388564683538624
0.4242413908499773	0.42450573245509826
0.37947219885073347	0.41197933379248874
0.3954611959933206	0.39388564683538624
0.38053813199357256	0.40223657927712586
0.414647992564425	0.4050202234243724
0.4263732571356556	0.45790946222205675
0.4167798588501033	0.3869265364672699
0.36881286742234204	0.3604819170684277
0.34109860570852446	0.3604819170684277
0.4135820594215859	0.3702246715837906
0.38586779770776825	0.41337115586611206
0.42317545770713816	0.37857560402553025
0.3592194691367898	0.37579195987828373
0.3624172685653072	0.3646573832892975
0.36774693427950295	0.35630645084755785
0.3784062657078943	0.36187373914205095
0.3741425331365377	0.3688328495101673
0.3442964051370419	0.3646573832892975
0.35388980342259413	0.35769827292118117
0.35815353599395067	0.35769827292118117
0.36774693427950295	0.38831835854089314
0.34642827142272015	0.35630645084755785
0.30379094570915455	0.32429454315422257
0.34642827142272015	0.3382127638904553
0.3261755417087765	0.2992417458290037
0.292065681137924	0.3229027210805993
0.3208458759945808	0.2616625498411753
0.2846041491380501	0.27001348228291494
0.34856013770839844	0.3340372976695855
0.33896673942284616	0.3020253899762502
0.31764807656606336	0.3034172120498735
0.37307659999369863	0.2714053043565382
0.3133843439947069	0.2616625498411753
0.3347030068514896	0.28114805887190114
0.31977994285174166	0.29506627960813386
0.28353821599521095	0.27279712643016146
0.292065681137924	0.2769725926510313
0.28353821599521095	0.2825398809455244
0.2600876868527499	0.28671534716639424
0.29739534685211977	0.2978499237553804
0.3091206114233503	0.2936744575345106
0.30272501256631545	0.26444619398842184
0.2941975474236023	0.25470343947305896
0.29952721313779807	0.2463525070313193
0.2963294137092806	0.3034172120498735
0.292065681137924	0.3284700093750924
0.28780194856656754	0.32568636522784583
0.28353821599521095	0.27279712643016146
0.3155162102803851	0.31176814449161316
0.29846127999495886	0.2741889485037848
0.2707470182811413	0.2714053043565382
0.2750107508524978	0.2894989913136407
0.2824722828523718	0.24913615117856586
0.28673601542372834	0.27558077057740804
0.30805467828051114	0.2936744575345106
0.29313161428076323	0.2853235250927709
0.2824722828523718	0.3089845003443666
0.2462305559958411	0.2477443291049426
0.2355712245674497	0.2616625498411753
0.3283074079944548	0.2769725926510313
0.2632854862812673	0.26444619398842184
0.30805467828051114	0.26444619398842184
0.26435141942410645	0.2797562367982779
0.261153619995589	0.2407852187368262
0.25902175370991076	0.25470343947305896
0.2771426171381761	0.27279712643016146
0.2558239542813933	0.2254751759269702
