DKO	Prdm1KO
0.35429267131349745	0.4803765914383752
0.43548474182284064	0.4953883599208245
0.4723902284179966	0.3903059805436799
0.5166768123321838	0.3602824435787814
0.4428658391418718	0.4053177490261291
0.4797713257370278	0.600470739297969
0.5166768123321838	0.45035305447347673
0.524057909651215	0.5104001284032736
0.450246936460903	0.45035305447347673
0.3838170605896223	0.43534128599102756
0.450246936460903	0.45035305447347673
0.524057909651215	0.5404236653681721
0.6273932721176517	0.5254118968857229
0.5535822989273398	0.4803765914383752
0.3985792552276846	0.5554354338506213
0.5683444935654022	0.45035305447347673
0.560963396246371	0.6304942762628675
0.5683444935654022	0.6154825077804182
0.6938231479889325	0.5854589708155198
0.597868882841527	0.4053177490261291
0.450246936460903	0.4953883599208245
0.5831066882034646	0.4953883599208245
0.5904877855224957	0.465364822955926
0.6421554667557141	0.5854589708155198
0.6052499801605582	0.6905413501926644
0.5683444935654022	0.465364822955926
0.6200121747986205	0.5104001284032736
0.4576280337799342	0.45035305447347673
0.46500913109896536	0.5554354338506213
0.4428658391418718	0.4053177490261291
0.5757255908844333	0.4953883599208245
0.5314390069702462	0.43534128599102756
0.6200121747986205	0.3903059805436799
0.5831066882034646	0.8106354980522582
0.6569176613937765	0.5854589708155198
0.5388201042892773	0.5704472023330706
0.6273932721176517	0.6154825077804182
0.6052499801605582	0.43534128599102756
0.4797713257370278	0.43534128599102756
0.5092957150131526	0.7055531186751136
0.5388201042892773	0.5254118968857229
0.524057909651215	0.4953883599208245
0.524057909651215	0.465364822955926
0.48715242305605905	0.4953883599208245
0.5831066882034646	0.4203295175085783
0.5166768123321838	0.5104001284032736
0.560963396246371	0.5854589708155198
0.524057909651215	0.600470739297969
0.6864420506699014	0.6605178132277659
0.6642987587128076	0.7656001926049105
0.6790609533508701	0.5104001284032736
0.4945335203750902	0.5854589708155198
0.5019146176941214	0.465364822955926
0.4428658391418718	0.5854589708155198
0.560963396246371	0.6154825077804182
0.560963396246371	0.5554354338506213
0.597868882841527	0.6455060447453167
0.560963396246371	0.5104001284032736
0.6273932721176517	0.5854589708155198
0.6273932721176517	0.5704472023330706
0.560963396246371	0.5404236653681721
0.5019146176941214	0.6304942762628675
0.46500913109896536	0.45035305447347673
0.5757255908844333	0.5254118968857229
0.7085853426269949	0.7055531186751136
0.6200121747986205	0.600470739297969
0.5166768123321838	0.5704472023330706
0.5757255908844333	0.465364822955926
0.5757255908844333	0.6304942762628675
0.7307286345840884	0.7055531186751136
0.6126310774795893	0.6905413501926644
0.5831066882034646	0.6905413501926644
0.634774369436683	0.5854589708155198
0.7454908292221508	0.6755295817102152
0.7528719265411821	0.6755295817102152
0.7085853426269949	0.8406590350171566
0.634774369436683	0.8106354980522582
0.7381097319031197	0.7656001926049105
0.9300182621979307	0.9757649513591997
0.5904877855224957	0.8406590350171566
0.5831066882034646	0.5704472023330706
0.6052499801605582	0.6154825077804182
0.7159664399460262	0.6905413501926644
0.7676341211792446	0.7956237295698089
0.8488261916885876	0.930729645911852
0.6938231479889325	0.6755295817102152
0.6716798560318389	0.7806119610873598
0.4723902284179966	0.6905413501926644
0.5166768123321838	0.4803765914383752
0.5166768123321838	0.6905413501926644
0.5388201042892773	0.5854589708155198
0.7233475372650574	0.8406590350171566
0.560963396246371	0.4203295175085783
0.4945335203750902	0.3903059805436799
0.48715242305605905	0.45035305447347673
0.31000608739931024	0.2401882957191876
0.34691157399446626	0.3002353696489845
0.3911981579086534	0.27021183268408605
0.5388201042892773	0.5404236653681721
0.6790609533508701	0.7656001926049105
0.4797713257370278	0.3452706750963322
0.597868882841527	0.6755295817102152
0.7897774131363381	0.7505884241224613
0.29524389276124785	0.3903059805436799
0.5166768123321838	0.4953883599208245
0.33953047667543507	0.31524713813143374
0.4576280337799342	0.5104001284032736
0.524057909651215	0.5704472023330706
0.6200121747986205	0.6154825077804182
0.7454908292221508	0.7656001926049105
0.48715242305605905	0.45035305447347673
0.5092957150131526	0.5404236653681721
0.4576280337799342	0.5554354338506213
0.7012042453079637	0.7055531186751136
0.8414450943695564	0.9157178774294028
0.7971585104553692	0.9457414143943011
0.7159664399460262	0.8556708034996058
0.6790609533508701	0.8406590350171566
0.6790609533508701	0.5854589708155198
0.6273932721176517	0.6755295817102152
0.7381097319031197	0.7505884241224613
0.6495365640747454	0.7656001926049105
0.5683444935654022	0.5254118968857229
0.597868882841527	0.5254118968857229
0.634774369436683	0.5854589708155198
0.6126310774795893	0.6605178132277659
0.7233475372650574	0.5404236653681721
0.5535822989273398	0.7806119610873598
0.8045396077744005	0.6605178132277659
0.6790609533508701	0.7505884241224613
0.5904877855224957	0.4953883599208245
0.5388201042892773	0.6455060447453167
0.5166768123321838	0.4203295175085783
0.5535822989273398	0.4803765914383752
0.6569176613937765	0.5254118968857229
0.5831066882034646	0.5554354338506213
0.560963396246371	0.6905413501926644
0.524057909651215	0.7055531186751136
0.5757255908844333	0.45035305447347673
0.6938231479889325	0.5554354338506213
0.6938231479889325	0.6905413501926644
0.597868882841527	0.600470739297969
0.6790609533508701	0.6455060447453167
0.524057909651215	0.45035305447347673
0.634774369436683	0.6755295817102152
0.560963396246371	0.6304942762628675
0.6864420506699014	0.4953883599208245
0.6200121747986205	0.5404236653681721
0.5019146176941214	0.43534128599102756
0.6273932721176517	0.5404236653681721
0.6790609533508701	0.7505884241224613
0.5831066882034646	0.7055531186751136
0.4945335203750902	0.43534128599102756
0.46500913109896536	0.31524713813143374
0.5388201042892773	0.5854589708155198
0.6716798560318389	0.7505884241224613
0.7159664399460262	0.7055531186751136
0.6716798560318389	0.5854589708155198
0.5166768123321838	0.6154825077804182
0.560963396246371	0.5254118968857229
0.4945335203750902	0.5404236653681721
0.597868882841527	0.7806119610873598
0.6421554667557141	0.5704472023330706
0.6642987587128076	0.6455060447453167
0.5166768123321838	0.5404236653681721
0.4945335203750902	0.4203295175085783
0.5462012016083085	0.5854589708155198
0.5388201042892773	0.6154825077804182
0.5462012016083085	0.6455060447453167
0.7085853426269949	0.6905413501926644
0.5904877855224957	0.6304942762628675
0.5462012016083085	0.6455060447453167
0.597868882841527	0.5104001284032736
0.5314390069702462	0.5704472023330706
0.560963396246371	0.5554354338506213
0.5092957150131526	0.5704472023330706
0.43548474182284064	0.4053177490261291
0.4576280337799342	0.4203295175085783
0.4797713257370278	0.3903059805436799
0.4797713257370278	0.5704472023330706
0.40596035254671586	0.45035305447347673
0.46500913109896536	0.4953883599208245
0.36905486595155984	0.4053177490261291
0.6052499801605582	0.5554354338506213
0.413341449865747	0.465364822955926
0.5166768123321838	0.5254118968857229
0.450246936460903	0.33025890661388296
0.34691157399446626	0.3903059805436799
0.3911981579086534	0.3452706750963322
0.5019146176941214	0.5254118968857229
0.6052499801605582	0.5854589708155198
0.5757255908844333	0.4803765914383752
0.33953047667543507	0.21016475875428914
0.3026249900802791	0.2852236011665353
0.2804816981231855	0.22517652723673837
0.37643596327059103	0.37529421206123065
0.43548474182284064	0.4053177490261291
0.5388201042892773	0.465364822955926
0.4207225471847782	0.4803765914383752
0.48715242305605905	0.5404236653681721
