DKO	Prdm1KO
0.4207225471847782	0.4936562327882341
0.4171266279780707	0.41320855040792936
0.39375315313447196	0.47902938144636054
0.43151030480490077	0.43880554025620816
0.4476919412350845	0.44611896592714495
0.4476919412350845	0.47171595577542375
0.46387357766526827	0.4863428071172974
0.40993478956465573	0.4351488274207398
0.4279143855981933	0.3802981348887137
0.444096022028377	0.45343239159808174
0.4782572544920983	0.5302233611429181
0.5034286889390509	0.4753726686108921
0.4728633756820371	0.5521636381557286
0.5124184869558196	0.47902938144636054
0.5142164465591733	0.5265666483074498
0.5034286889390509	0.5229099354719813
0.5142164465591733	0.4351488274207398
0.49983276973234336	0.500969658459171
0.46207561806191455	0.5082830841301078
0.49443889092228216	0.5302233611429181
0.5070246081457583	0.5521636381557286
0.5016307293356971	0.46440253010448695
0.47466133528539084	0.45343239159808174
0.45128786044179203	0.41320855040792936
0.42611642599483945	0.4241786889143345
0.4710654160786833	0.5119397969655761
0.539387881006126	0.45708910443355016
0.4710654160786833	0.4424622530916765
0.4710654160786833	0.4863428071172974
0.4458939816317307	0.4753726686108921
0.48904501211222084	0.49731294562370254
0.5052266485424046	0.5704472023330706
0.49803481012898965	0.4680592429399553
0.49264093131892833	0.5631337766621337
0.4728633756820371	0.4936562327882341
0.4458939816317307	0.4680592429399553
0.4710654160786833	0.4936562327882341
0.4710654160786833	0.4497756787626133
0.49443889092228216	0.5338800739783865
0.46746949687197575	0.5155965098010445
0.48904501211222084	0.500969658459171
0.4548837796484996	0.4680592429399553
0.4710654160786833	0.41686526324339773
0.46746949687197575	0.4936562327882341
0.5088225677491122	0.4680592429399553
0.5501756386262484	0.647238171877907
0.5501756386262484	0.6179844691941598
0.5411858406094797	0.5667904894976021
0.5573674770396634	0.5594770638266654
0.5034286889390509	0.5046263712946394
0.5286001233860034	0.5119397969655761
0.5250042041792959	0.5448502124847917
0.5789429922799084	0.6070143306877546
0.6184981035536911	0.555820350991197
0.5825389114866161	0.6070143306877546
0.5951246287100923	0.5814173408394758
0.568155234659786	0.5887307665104126
0.6274879015704599	0.5594770638266654
0.6095083055369224	0.5594770638266654
0.6184981035536911	0.665521736055249
0.6023164671235073	0.7313425670936802
0.6436695380006435	0.5960441921813494
0.6544572956207662	0.6252978948650966
0.6850226088777799	0.6911187259035279
0.6634470936375348	0.6728351617261858
0.7048001645146712	0.7130590029163382
0.6994062857046099	0.7130590029163382
0.7317695585649776	0.7349992799291486
0.7371634373750388	0.7276858542582118
0.6778307704643649	0.7313425670936802
0.7227797605482087	0.7459694184355539
0.692214447291195	0.7532828441064906
0.7101940433247325	0.7642529826128958
0.6958103664979025	0.756939556941959
0.7065981241180249	0.7825365467902379
0.7227797605482087	0.7349992799291486
0.7533450738052225	0.7788798339547693
0.7137899625314399	0.7130590029163382
0.6742348512576575	0.7057455772454014
0.6598511744308274	0.702088864409933
0.6688409724475962	0.6179844691941598
0.6238919823637523	0.5997009050168178
0.596922588313446	0.610671043523223
0.5142164465591733	0.48268609428182896
0.43510622401160826	0.45343239159808174
0.43510622401160826	0.4314921145852713
0.46567153726862204	0.39858169906605573
0.43870214321831574	0.500969658459171
0.5411858406094797	0.5411934996493234
0.43330826440825454	0.42052197607886616
0.48904501211222084	0.4278354017498029
0.5142164465591733	0.5850740536749441
0.5987205479167997	0.7167157157518066
0.6274879015704599	0.647238171877907
0.6598511744308274	0.6362680333715018
0.49983276973234336	0.5485069253202602
0.5142164465591733	0.5338800739783865
0.5645593154530785	0.5155965098010445
0.47466133528539084	0.610671043523223
0.49084297171557456	0.5338800739783865
0.49803481012898965	0.4680592429399553
0.49803481012898965	0.4936562327882341
0.5357919617994183	0.6216411820296281
0.46387357766526827	0.5448502124847917
0.49983276973234336	0.537536786813855
0.6095083055369224	0.7130590029163382
0.6059123863302148	0.7167157157518066
0.6814266896710724	0.720372428587275
0.560963396246371	0.5631337766621337
0.46567153726862204	0.47171595577542375
0.4800552140954521	0.44611896592714495
0.5483776790228947	0.5704472023330706
0.5124184869558196	0.500969658459171
0.5268021637826497	0.48999951995276575
0.5088225677491122	0.5265666483074498
0.5124184869558196	0.4753726686108921
0.5106205273524659	0.5119397969655761
0.5861348306933235	0.5411934996493234
0.575347073073201	0.5997009050168178
0.5933266691067385	0.6033576178522861
0.6346797399838748	0.6947754387389962
0.7299715989616238	0.6691784488907174
0.6886185280844874	0.7130590029163382
0.6292858611738136	0.683805300232591
0.6976083261012562	0.665521736055249
0.6346797399838748	0.702088864409933
0.6328817803805211	0.647238171877907
0.5951246287100923	0.647238171877907
0.6328817803805211	0.610671043523223
0.6382756591905824	0.647238171877907
0.5987205479167997	0.6801485873971227
0.6184981035536911	0.7240291414227434
0.6077103459335685	0.6070143306877546
0.5915287095033848	0.5850740536749441
0.568155234659786	0.5521636381557286
0.5717511538664934	0.5960441921813494
0.596922588313446	0.6362680333715018
0.6184981035536911	0.6179844691941598
0.6023164671235073	0.6764918745616542
0.589730749900031	0.5485069253202602
0.5645593154530785	0.5119397969655761
0.5717511538664934	0.5960441921813494
0.6184981035536911	0.5997009050168178
0.5789429922799084	0.6399247462069703
0.6256899419671061	0.665521736055249
0.5196103253692347	0.5631337766621337
0.5555695174363097	0.6508948847133754
0.546579719419541	0.5411934996493234
0.589730749900031	0.6033576178522861
0.5915287095033848	0.6216411820296281
0.5303980829893572	0.5777606280040074
0.6041144267268611	0.6691784488907174
0.5663572750564322	0.647238171877907
0.5861348306933235	0.6545515975488437
0.5303980829893572	0.5814173408394758
0.49084297171557456	0.5667904894976021
0.5339940021960646	0.5448502124847917
0.5142164465591733	0.5667904894976021
0.49264093131892833	0.500969658459171
0.49803481012898965	0.44611896592714495
0.4458939816317307	0.45708910443355016
0.4782572544920983	0.5155965098010445
0.5052266485424046	0.4863428071172974
0.5519735982296022	0.5485069253202602
0.589730749900031	0.5411934996493234
0.5196103253692347	0.5485069253202602
0.5303980829893572	0.4278354017498029
0.4872470525088671	0.43880554025620816
0.49264093131892833	0.44611896592714495
0.47466133528539084	0.4607458172690186
0.4962368505256359	0.5594770638266654
0.45847969885520706	0.5448502124847917
0.47466133528539084	0.4680592429399553
0.46746949687197575	0.49731294562370254
0.5034286889390509	0.4095518375724609
0.49983276973234336	0.519253222636513
0.4962368505256359	0.4936562327882341
0.43870214321831574	0.5155965098010445
0.444096022028377	0.5485069253202602
0.49084297171557456	0.592387479345881
0.5250042041792959	0.5448502124847917
0.539387881006126	0.5777606280040074
0.49443889092228216	0.47902938144636054
0.4458939816317307	0.4497756787626133
0.4494899008384383	0.48268609428182896
0.444096022028377	0.45708910443355016
0.46746949687197575	0.49731294562370254
0.46567153726862204	0.48999951995276575
0.5268021637826497	0.5411934996493234
0.4818531736988058	0.5229099354719813
0.4800552140954521	0.5302233611429181
0.39375315313447196	0.4351488274207398
0.49803481012898965	0.47902938144636054
0.4243184663914857	0.4278354017498029
0.4872470525088671	0.41320855040792936
0.4764592948887446	0.4753726686108921
0.4692674564753295	0.4424622530916765
0.4405001028216695	0.44611896592714495
0.4728633756820371	0.4753726686108921
0.436904183614962	0.4424622530916765
