DKO	Prdm1KO
0.35819622772638243	0.3150471195301619
0.4547884689110249	0.33004936331731244
0.40246767160267694	0.38255721657233943
0.4225910551828107	0.5325796544438451
0.40246767160267694	0.36755497278518884
0.4467391154789714	0.48007180118881815
0.42661573189883756	0.35255272899803836
0.4386897620469178	0.39755946035949
0.3783196113065163	0.36755497278518884
0.4467391154789714	0.35255272899803836
0.4829612059232123	0.4875729230823934
0.4225910551828107	0.502575166869544
0.40246767160267694	0.37505609467876416
0.4105170250347304	0.43506506982736637
0.47893652920718555	0.5175774106566945
0.5312573265155335	0.5550830201245709
0.5071092662193729	0.5175774106566945
0.4829612059232123	0.5400807763374204
0.43466508533089104	0.39755946035949
0.4105170250347304	0.45756843550809223
0.5191832963674532	0.6000897514860226
0.4547884689110249	0.46506955740166755
0.5071092662193729	0.5475818982309957
0.4547884689110249	0.41256170414664056
0.470887175775132	0.502575166869544
0.47491185249115875	0.5550830201245709
0.4467391154789714	0.5400807763374204
0.49503523607129263	0.5175774106566945
0.4507637921949982	0.43506506982736637
0.4507637921949982	0.43506506982736637
0.5473560333796406	0.7051054579960767
0.5433313566636139	0.5550830201245709
0.5795534471078547	0.6300942390603238
0.5513807100956674	0.5100762887631193
0.4427144387629446	0.4950740449759687
0.5433313566636139	0.5850875076988721
0.4467391154789714	0.4950740449759687
0.4628378223430784	0.48007180118881815
0.5393066799475871	0.6225931171667485
0.5554053868116942	0.5925886295924474
0.5312573265155335	0.5250785325502698
0.5393066799475871	0.4875729230823934
0.5151586196514265	0.6225931171667485
0.6761456882924972	0.6225931171667485
0.5191832963674532	0.5850875076988721
0.6037015074040153	0.6000897514860226
0.5191832963674532	0.48007180118881815
0.49905991278731937	0.5775863858052968
0.5151586196514265	0.4875729230823934
0.5513807100956674	0.5250785325502698
0.45881314562705167	0.46506955740166755
0.5473560333796406	0.5475818982309957
0.5191832963674532	0.4425661917209417
0.52320797308348	0.6600987266346249
0.52320797308348	0.5850875076988721
0.5352820032315603	0.5700852639117215
0.46686249905910515	0.46506955740166755
0.5191832963674532	0.6000897514860226
0.643948274564283	0.6525976047410497
0.5151586196514265	0.5925886295924474
0.52320797308348	0.6075908733795979
0.4628378223430784	0.6225931171667485
0.5513807100956674	0.6826020923153507
0.5272326497995068	0.5550830201245709
0.6479729512803097	0.6075908733795979
0.6399235978482563	0.5775863858052968
0.5715040936758012	0.6600987266346249
0.5352820032315603	0.4875729230823934
0.6037015074040153	0.5175774106566945
0.6560223047123633	0.7276088236768025
0.6600469814283901	0.6075908733795979
0.5433313566636139	0.502575166869544
0.5996768306879886	0.5925886295924474
0.5513807100956674	0.6525976047410497
0.643948274564283	0.6000897514860226
0.6238248909841492	0.6225931171667485
0.5795534471078547	0.6675998485282002
0.5996768306879886	0.48007180118881815
0.5594300635277208	0.5775863858052968
0.6721210115764704	0.6901032142089261
0.5634547402437476	0.7201077017832271
0.7284664856008453	0.6150919952731733
0.8049353432053539	0.7501121893575283
0.5996768306879886	0.5925886295924474
0.7807872829091932	0.7801166769318294
0.5473560333796406	0.5775863858052968
0.627849567700176	0.5400807763374204
0.7043184253046846	0.6450964828474743
0.5151586196514265	0.502575166869544
0.591627477255935	0.5250785325502698
0.49905991278731937	0.43506506982736637
0.4507637921949982	0.41256170414664056
0.40246767160267694	0.33755048521088776
0.38636896473856985	0.39755946035949
0.5433313566636139	0.5400807763374204
0.5795534471078547	0.5775863858052968
0.3903936414545966	0.4725706792952428
0.5030845895033461	0.5175774106566945
0.4507637921949982	0.41256170414664056
0.2736780166898203	0.21753253491368318
0.26562866325776674	0.3000448757430113
0.32599881399816827	0.39755946035949
0.4628378223430784	0.41256170414664056
0.5352820032315603	0.5775863858052968
0.4145417017507572	0.38255721657233943
0.5111339429353996	0.4200628260402159
0.5594300635277208	0.4425661917209417
0.3380728441462486	0.30754599763658663
0.3541715510103557	0.43506506982736637
0.4507637921949982	0.42756394793379116
0.4829612059232123	0.4875729230823934
0.6358989211322296	0.5925886295924474
0.6399235978482563	0.5775863858052968
0.696269071872631	0.6976043361025013
0.6077261841200422	0.5775863858052968
0.6560223047123633	0.6300942390603238
0.680170365008524	0.6525976047410497
0.6037015074040153	0.5400807763374204
0.5835781238238815	0.6600987266346249
0.47893652920718555	0.46506955740166755
0.5594300635277208	0.5325796544438451
0.6238248909841492	0.6000897514860226
0.5634547402437476	0.5850875076988721
0.5433313566636139	0.4725706792952428
0.4829612059232123	0.4725706792952428
0.52320797308348	0.6075908733795979
0.643948274564283	0.7276088236768025
0.5513807100956674	0.5850875076988721
0.5755287703918279	0.5625841420181462
0.6358989211322296	0.7276088236768025
0.5876028005399083	0.6000897514860226
0.49905991278731937	0.5175774106566945
0.5111339429353996	0.502575166869544
0.6077261841200422	0.4725706792952428
0.5352820032315603	0.5625841420181462
0.5433313566636139	0.637595360953899
0.5473560333796406	0.5475818982309957
0.5352820032315603	0.5775863858052968
0.5151586196514265	0.5325796544438451
0.4910105593552658	0.48007180118881815
0.5433313566636139	0.5400807763374204
0.49905991278731937	0.46506955740166755
0.5433313566636139	0.4950740449759687
0.5715040936758012	0.502575166869544
0.4145417017507572	0.4725706792952428
0.4386897620469178	0.48007180118881815
0.5191832963674532	0.45006731361451696
0.643948274564283	0.4875729230823934
0.6399235978482563	0.6450964828474743
0.5352820032315603	0.502575166869544
0.4547884689110249	0.5250785325502698
0.49503523607129263	0.502575166869544
0.5433313566636139	0.4875729230823934
0.6560223047123633	0.6600987266346249
0.5594300635277208	0.5925886295924474
0.4829612059232123	0.4950740449759687
0.41856637846678396	0.5100762887631193
0.5312573265155335	0.48007180118881815
0.5352820032315603	0.5550830201245709
0.46686249905910515	0.4950740449759687
0.49905991278731937	0.5175774106566945
0.52320797308348	0.502575166869544
0.45881314562705167	0.43506506982736637
0.5111339429353996	0.4200628260402159
0.46686249905910515	0.4725706792952428
0.52320797308348	0.45756843550809223
0.4547884689110249	0.45006731361451696
0.4467391154789714	0.502575166869544
0.4145417017507572	0.45756843550809223
0.5071092662193729	0.5250785325502698
0.40246767160267694	0.42756394793379116
0.43466508533089104	0.4725706792952428
0.43466508533089104	0.39755946035949
0.5111339429353996	0.5550830201245709
0.5795534471078547	0.42756394793379116
0.5111339429353996	0.5100762887631193
0.41856637846678396	0.37505609467876416
0.3742949345904895	0.3900583384659147
0.43466508533089104	0.4875729230823934
0.48698588263923903	0.5625841420181462
0.3984429948866501	0.4050605822530653
0.4427144387629446	0.36755497278518884
0.39441831817062334	0.41256170414664056
0.47491185249115875	0.45756843550809223
0.38636896473856985	0.24003590059440907
0.36222090444240923	0.39755946035949
0.38636896473856985	0.42756394793379116
0.42661573189883756	0.48007180118881815
0.40246767160267694	0.43506506982736637
0.3823442880225431	0.36005385089161357
0.34209752086227535	0.33755048521088776
0.38636896473856985	0.42756394793379116
0.3783196113065163	0.33004936331731244
0.42661573189883756	0.38255721657233943
0.3219741372821415	0.37505609467876416
0.3742949345904895	0.4050605822530653
0.33002349071419507	0.36755497278518884
0.33002349071419507	0.27754151006228545
0.33002349071419507	0.28504263195586077
0.34612219757830215	0.21753253491368318
