DKO	Prdm1KO
0.3325016062651868	0.35280557580343974
0.34896208182286936	0.36507707409225504
0.35307720071229	0.36661101137835694
0.35307720071229	0.30371958264817855
0.3432009153776805	0.34206801480072635
0.37941396160458196	0.35894132494784736
0.3456699867113328	0.3696788859505607
0.35801534337959473	0.38501825881157986
0.33414765382095507	0.34820376394513397
0.359661390935363	0.3282625792258091
0.3506081293786376	0.3712128232366626
0.37447581893727727	0.33439832837021677
0.3761218664930455	0.3804164469532741
0.38352908049400264	0.35433951308954165
0.3818830329382344	0.38501825881157986
0.3687146524920884	0.33133045379801296
0.37200674760362484	0.35587345037564355
0.3645995336026677	0.3804164469532741
0.40821979383052637	0.3896200706698856
0.3645995336026677	0.40495944353090474
0.3818830329382344	0.38348432152547796
0.3316785824873027	0.32979651651191105
0.36542255738055185	0.3512716385173378
0.359661390935363	0.3497377012312359
0.38352908049400264	0.40035763167259897
0.40821979383052637	0.38655219609768177
0.4065737462747581	0.39422188252819135
0.40492769871898987	0.39268794524208944
0.412334912719947	0.41723094181972004
0.3999895560516852	0.39882369438649706
0.40410467494110575	0.381950384239376
0.40163560360745343	0.40956125538921045
0.40163560360745343	0.35280557580343974
0.43455655472281846	0.43870606382514676
0.4419637687237756	0.44024000111124867
0.3999895560516852	0.381950384239376
0.4098658413862946	0.4233666909641277
0.4180960791651359	0.40802731810310855
0.41891910294302004	0.4325703146807391
0.42714934072186134	0.39422188252819135
0.4246802693882089	0.45557937397226783
0.4032816511632217	0.3773485723810703
0.4287953882776296	0.4218327536780257
0.4411407449458914	0.44024000111124867
0.43455655472281846	0.41569700453361813
0.4485479589468486	0.44790968754175825
0.445255863835312	0.44024000111124867
0.46500843450453105	0.4264345655363315
0.4699465771718358	0.49392780612481557
0.48393798139586597	0.46324906040277736
0.46007029183722636	0.4141630672475162
0.46089331561511043	0.45557937397226783
0.47653076739490885	0.4816563078360003
0.49957543317566433	0.44637575025565635
0.523443122734304	0.48012237054989837
0.46089331561511043	0.45251149940006397
0.48887612406317077	0.42796850282243337
0.47653076739490885	0.48625811969430605
0.46830052961606755	0.48012237054989837
0.5300273129573769	0.5353441128495673
0.5119207898439263	0.5061993044136309
0.4748847198391406	0.46171512311667545
0.46830052961606755	0.4724526841193888
0.49957543317566433	0.48779205698040795
0.5069826471766214	0.5046653671275291
0.4847610051737501	0.44024000111124867
0.49710636184201196	0.45864724854447164
0.4724156485054882	0.4831902451221022
0.49710636184201196	0.4663169349749812
0.4962833380641279	0.49239386883871367
0.49875240939778026	0.4739866214054908
0.49875240939778026	0.49085993155261176
0.45760122050357394	0.45557937397226783
0.5094517185102738	0.49085993155261176
0.503690552065085	0.48779205698040795
0.4872300765074025	0.4663169349749812
0.4798228625064453	0.48932599426650986
0.4757077436170248	0.43563818925294295
0.4929912429525914	0.4831902451221022
0.46418541072664693	0.5061993044136309
0.4724156485054882	0.48472418240820414
0.46912355339395173	0.47858843326379646
0.4436098162795438	0.44330787568345253
0.40163560360745343	0.43870606382514676
0.40492769871898987	0.4141630672475162
0.3999895560516852	0.44024000111124867
0.4460788876131962	0.42796850282243337
0.42961841205551365	0.44024000111124867
0.4929912429525914	0.4739866214054908
0.3966974609401486	0.4264345655363315
0.48146891006221365	0.49852961798312134
0.4954603142862437	0.5307423009912615
0.6049224767448325	0.6181767262990705
0.5003984569535485	0.5276744264190577
0.5711785018515833	0.6135749144407647
0.4798228625064453	0.49392780612481557
0.6057455005227166	0.6580590957377201
0.647719713194807	0.6273803500156819
0.5678864067400468	0.592099792435338
0.40904281760841055	0.45864724854447164
0.4748847198391406	0.5061993044136309
0.6008073578554118	0.6319821618739877
0.6888709020890134	0.7117469007512871
0.5374345269583342	0.5767604195743189
0.4757077436170248	0.44484181296955444
0.5390805745141024	0.5614210467132997
0.53661150318045	0.5445477365661786
0.6370204040823133	0.6687966567404335
0.48393798139586597	0.46785087226108313
0.40163560360745343	0.43563818925294295
0.41398096027571524	0.4141630672475162
0.45595517294780574	0.48012237054989837
0.4740616960612564	0.44330787568345253
0.3966974609401486	0.3727467605227646
0.3629534860468995	0.3497377012312359
0.4065737462747581	0.3804164469532741
0.44690191139108026	0.4540454366861659
0.44772493516896444	0.45864724854447164
0.47323867228337235	0.43870606382514676
0.49052217161893896	0.4540454366861659
0.49875240939778026	0.48779205698040795
0.4715926247276041	0.49239386883871367
0.4921682191747072	0.4663169349749812
0.5209740514006517	0.5384119874217711
0.5267352178458405	0.5491495484244845
0.5226200989564198	0.5200047399885481
0.49957543317566433	0.5077332416997328
0.5094517185102738	0.4770544959776946
0.49381426673047546	0.4831902451221022
0.5094517185102738	0.47858843326379646
0.5193280038448834	0.5767604195743189
0.5423726696256389	0.5169368654163443
0.5242661465121881	0.5660228585716055
0.5390805745141024	0.48012237054989837
0.523443122734304	0.5154029281302424
0.4913451953968231	0.46938480954718503
0.4715926247276041	0.4739866214054908
0.5160359087333469	0.46938480954718503
0.5283812654016088	0.5629549839994016
0.5390805745141024	0.48779205698040795
0.46089331561511043	0.46324906040277736
0.47653076739490885	0.43563818925294295
0.4715926247276041	0.46938480954718503
0.4822919338400977	0.48779205698040795
0.477353791172793	0.45864724854447164
0.46089331561511043	0.44637575025565635
0.47323867228337235	0.4816563078360003
0.45760122050357394	0.4816563078360003
0.4279723644997454	0.41723094181972004
0.4757077436170248	0.46785087226108313
0.45513214916992156	0.40649338081700664
0.46500843450453105	0.49392780612481557
0.412334912719947	0.46171512311667545
0.45266307783626913	0.45711331125836974
0.38435210427188676	0.39728975710039516
0.4378486498343549	0.38501825881157986
0.4106888651641788	0.4018915689587009
0.4172730553872518	0.39422188252819135
0.4065737462747581	0.4202988163919238
0.4148039840535994	0.3727467605227646
0.39752048471803275	0.39882369438649706
0.4329105071670502	0.40035763167259897
0.39011327071707563	0.39882369438649706
0.4197421267209041	0.40802731810310855
0.4419637687237756	0.4202988163919238
0.41398096027571524	0.40802731810310855
0.40163560360745343	0.40802731810310855
0.38764419938342326	0.3712128232366626
0.3777679140488137	0.35280557580343974
0.4065737462747581	0.44024000111124867
0.42138817427667247	0.4233666909641277
0.40163560360745343	0.38655219609768177
0.3810600091603502	0.3788825096671722
0.4032816511632217	0.40649338081700664
0.40904281760841055	0.40802731810310855
0.39093629449495976	0.42796850282243337
0.39752048471803275	0.38348432152547796
0.3777679140488137	0.37581463509496843
0.3563692958238265	0.36814494866445885
0.39752048471803275	0.39728975710039516
0.3966974609401486	0.3911540079559875
0.38435210427188676	0.38655219609768177
0.3892902469391915	0.3742806978088665
0.37941396160458196	0.3804164469532741
0.37447581893727727	0.36354313680615313
0.372829771381509	0.36200919952005123
0.3966974609401486	0.40802731810310855
0.3818830329382344	0.36814494866445885
0.39093629449495976	0.40802731810310855
0.3827060567161185	0.40649338081700664
0.40575072249687405	0.39268794524208944
0.3761218664930455	0.35740738766174546
0.372829771381509	0.3742806978088665
0.3785909378266979	0.35740738766174546
0.3539002244901741	0.3374662029424206
0.36953767626997247	0.35433951308954165
0.3497851056007535	0.35740738766174546
0.3736527951593931	0.3896200706698856
0.35883836715747885	0.36354313680615313
0.34896208182286936	0.3773485723810703
