WT-Tfh	WT-Th1
0.2457263032235542	0.6782614009174208
0.3071578790294428	0.5934787258027432
0.9214736370883283	0.8760876428516685
0.6757473338647741	0.6782614009174208
0.6757473338647741	0.847826751146776
0.6143157580588856	0.9608703179663461
0.7371789096706627	0.9891312096712386
0.7986104854765512	0.5934787258027432
1.0443367887001056	0.7065222926223134
0.7371789096706627	0.7630440760320983
0.9829052128942168	0.9326094262614536
0.9214736370883283	1.1304356681957013
0.8600420612824399	0.6500005092125283
0.9829052128942168	0.791304967736991
0.9214736370883283	1.0173921013761311
1.0443367887001056	1.1586965599005938
0.9214736370883283	0.9891312096712386
0.9829052128942168	0.8760876428516685
0.9214736370883283	0.6500005092125283
0.552884182252997	0.6782614009174208
1.0443367887001056	0.791304967736991
0.9214736370883283	0.9891312096712386
1.2900630919236598	0.904348534556561
0.6757473338647741	0.904348534556561
0.9829052128942168	0.8760876428516685
0.9829052128942168	0.9326094262614536
1.0443367887001056	1.0456529930810237
1.4743578193413254	0.904348534556561
0.9829052128942168	0.904348534556561
0.9829052128942168	0.904348534556561
0.7371789096706627	0.9608703179663461
1.0443367887001056	0.7347831843272058
1.0443367887001056	0.9326094262614536
1.2900630919236598	1.1021747764908087
0.8600420612824399	0.847826751146776
0.7371789096706627	0.8195658594418834
1.105768364505994	0.8760876428516685
0.8600420612824399	0.5652178340978506
0.8600420612824399	0.8760876428516685
0.9214736370883283	0.9608703179663461
1.0443367887001056	1.0739138847859162
0.7986104854765512	0.8195658594418834
1.0443367887001056	1.0456529930810237
0.7986104854765512	0.8760876428516685
0.9214736370883283	0.904348534556561
0.552884182252997	0.847826751146776
0.552884182252997	0.6782614009174208
0.6757473338647741	0.6782614009174208
1.3514946677295483	1.215218343310379
0.6143157580588856	1.0456529930810237
1.1671999403118825	0.9326094262614536
0.9214736370883283	0.6217396175076356
0.8600420612824399	0.9608703179663461
0.9214736370883283	1.3000010184250566
1.3514946677295483	1.0739138847859162
1.4743578193413254	1.271740126720164
0.9829052128942168	0.9891312096712386
0.9829052128942168	0.9891312096712386
2.027242001594322	1.3282619101299489
1.5972209709531024	1.384783693539734
1.105768364505994	1.3282619101299489
0.9829052128942168	1.1586965599005938
0.7986104854765512	0.6782614009174208
1.8429472741766566	1.0456529930810237
1.4129262435354368	0.9891312096712386
0.9829052128942168	1.0739138847859162
1.4743578193413254	1.0173921013761311
0.6757473338647741	0.847826751146776
1.105768364505994	0.9891312096712386
1.2900630919236598	1.3000010184250566
1.3514946677295483	1.1586965599005938
1.2286315161177712	1.3000010184250566
1.1671999403118825	1.0173921013761311
1.0443367887001056	1.1304356681957013
1.5357893951472141	1.0739138847859162
0.6143157580588856	0.904348534556561
0.3071578790294428	0.6217396175076356
0.8600420612824399	0.9326094262614536
1.3514946677295483	1.1586965599005938
1.105768364505994	0.904348534556561
1.0443367887001056	0.8760876428516685
0.8600420612824399	0.7065222926223134
1.2900630919236598	0.9326094262614536
1.3514946677295483	1.271740126720164
0.7986104854765512	1.0456529930810237
0.7986104854765512	1.1021747764908087
0.9214736370883283	0.6217396175076356
0.4914526064471084	0.791304967736991
0.8600420612824399	0.791304967736991
1.0443367887001056	0.6500005092125283
0.43002103064121994	0.6217396175076356
0.7986104854765512	0.9326094262614536
1.0443367887001056	0.9891312096712386
1.1671999403118825	1.0173921013761311
0.552884182252997	0.6217396175076356
0.43002103064121994	0.2826089170489253
0.36858945483533134	0.5369569423929581
0.9829052128942168	1.1586965599005938
1.0443367887001056	1.4978272603593044
1.781515698370768	1.3282619101299489
1.4743578193413254	1.3282619101299489
1.105768364505994	1.0739138847859162
0.7986104854765512	0.847826751146776
0.7371789096706627	0.7347831843272058
0.8600420612824399	0.847826751146776
0.4914526064471084	0.7630440760320983
0.7371789096706627	0.7630440760320983
1.105768364505994	1.215218343310379
1.0443367887001056	0.9891312096712386
0.8600420612824399	0.791304967736991
0.6757473338647741	0.9608703179663461
0.7986104854765512	1.0456529930810237
0.6143157580588856	0.7347831843272058
1.105768364505994	0.9891312096712386
1.2286315161177712	0.904348534556561
1.0443367887001056	0.9891312096712386
0.9829052128942168	0.904348534556561
0.6143157580588856	0.847826751146776
0.7986104854765512	1.2434792350152712
1.5357893951472141	0.9608703179663461
0.8600420612824399	1.1304356681957013
1.2286315161177712	1.0739138847859162
1.105768364505994	1.0739138847859162
0.6143157580588856	1.0456529930810237
0.6143157580588856	0.8195658594418834
0.43002103064121994	0.8760876428516685
1.5972209709531024	1.1586965599005938
0.9214736370883283	1.0456529930810237
0.9829052128942168	1.0456529930810237
1.0443367887001056	1.0739138847859162
1.0443367887001056	1.0456529930810237
1.105768364505994	1.1304356681957013
0.7371789096706627	0.791304967736991
0.9214736370883283	0.8195658594418834
0.8600420612824399	0.791304967736991
0.7371789096706627	0.7630440760320983
1.105768364505994	1.215218343310379
1.8429472741766566	1.441305476949519
1.105768364505994	1.1586965599005938
1.1671999403118825	0.9326094262614536
1.4129262435354368	1.1304356681957013
1.4129262435354368	1.1869574516054864
1.0443367887001056	0.9891312096712386
0.9214736370883283	0.8760876428516685
1.0443367887001056	0.7347831843272058
0.9829052128942168	0.9326094262614536
0.2457263032235542	0.9891312096712386
1.2286315161177712	0.9326094262614536
0.8600420612824399	0.9326094262614536
1.0443367887001056	1.215218343310379
0.8600420612824399	0.9891312096712386
0.6143157580588856	1.0173921013761311
1.1671999403118825	0.847826751146776
1.2900630919236598	0.8760876428516685
1.3514946677295483	1.1021747764908087
0.4914526064471084	0.904348534556561
0.7371789096706627	0.9891312096712386
0.6143157580588856	0.9608703179663461
0.7986104854765512	0.8195658594418834
0.7986104854765512	0.5934787258027432
0.7986104854765512	0.8760876428516685
0.6143157580588856	0.8195658594418834
0.9829052128942168	0.791304967736991
1.1671999403118825	0.7065222926223134
0.9829052128942168	0.9326094262614536
0.9214736370883283	0.7630440760320983
0.4914526064471084	0.7347831843272058
0.552884182252997	0.5652178340978506
0.6757473338647741	0.7347831843272058
0.4914526064471084	0.6782614009174208
1.0443367887001056	0.847826751146776
1.0443367887001056	0.7630440760320983
0.6757473338647741	0.7630440760320983
1.0443367887001056	0.9326094262614536
0.7986104854765512	1.1304356681957013
0.7986104854765512	0.7630440760320983
1.105768364505994	1.1304356681957013
0.4914526064471084	0.6500005092125283
1.1671999403118825	0.9891312096712386
0.6757473338647741	1.0173921013761311
1.0443367887001056	0.9326094262614536
1.105768364505994	0.904348534556561
0.6757473338647741	0.5369569423929581
1.0443367887001056	0.7630440760320983
0.8600420612824399	0.7065222926223134
1.2286315161177712	0.791304967736991
0.9214736370883283	0.8760876428516685
0.552884182252997	0.423913375573388
0.7371789096706627	0.7065222926223134
0.9214736370883283	0.847826751146776
0.8600420612824399	0.7065222926223134
0.9829052128942168	1.0173921013761311
0.7371789096706627	0.904348534556561
1.2900630919236598	1.215218343310379
0.7986104854765512	0.791304967736991
0.7986104854765512	0.6217396175076356
1.0443367887001056	0.9326094262614536
0.4914526064471084	0.7065222926223134
0.8600420612824399	0.8195658594418834
0.6143157580588856	0.5934787258027432
