WT-Tfh	WT-Th1
0.6450315459618299	0.5510873882454044
0.5068105003985806	0.7842397448107677
1.013621000797161	0.847826751146776
0.7832525915250791	0.635870063360082
0.552884182252997	0.5722830570240738
0.41466313668974775	0.2967393629013716
0.46073681854416415	0.4027177067947186
0.6450315459618299	0.48750038190939615
0.7832525915250791	0.48750038190939615
0.7371789096706627	0.6782614009174208
0.7832525915250791	0.7418484072534289
0.8293262733794955	0.5722830570240738
0.5989578641074135	0.635870063360082
0.6450315459618299	0.5510873882454044
0.46073681854416415	0.6782614009174208
0.8293262733794955	0.7206527384747595
0.6450315459618299	0.5934787258027432
0.5068105003985806	0.423913375573388
1.0596946826515776	0.6570657321387514
0.6911052278162463	0.5086960506880656
0.5989578641074135	0.6994570696960901
0.46073681854416415	0.6994570696960901
1.105768364505994	0.7206527384747595
1.0596946826515776	0.5934787258027432
0.8293262733794955	0.7418484072534289
0.7371789096706627	0.7630440760320983
0.5989578641074135	1.05978343893347
0.41466313668974775	0.8690224199254454
0.9214736370883283	0.9961964325974617
0.9214736370883283	0.5722830570240738
0.6911052278162463	0.8054354135894372
0.9214736370883283	0.6570657321387514
0.7832525915250791	0.635870063360082
0.41466313668974775	0.4663047131307268
0.23036840927208208	0.7206527384747595
0.6450315459618299	0.8690224199254454
0.9214736370883283	0.8054354135894372
0.8753999552339119	0.5934787258027432
0.5989578641074135	0.5722830570240738
0.6450315459618299	0.8690224199254454
1.0596946826515776	0.8902180887041148
1.105768364505994	0.8902180887041148
1.105768364505994	0.7206527384747595
0.32251577298091494	0.9114137574827842
0.7371789096706627	0.4451090443520574
0.6911052278162463	0.6782614009174208
0.46073681854416415	0.5722830570240738
1.0596946826515776	0.8266310823681066
0.6911052278162463	0.5510873882454044
0.46073681854416415	0.6994570696960901
0.552884182252997	0.6146743945814126
0.6450315459618299	0.4451090443520574
0.46073681854416415	0.9114137574827842
0.7371789096706627	0.7842397448107677
0.8753999552339119	0.5934787258027432
1.197915728214827	0.8054354135894372
0.41466313668974775	0.6570657321387514
0.36858945483533134	0.9114137574827842
1.2900630919236598	1.0809791077121393
0.9675473189427448	0.6782614009174208
0.5989578641074135	0.6782614009174208
1.2900630919236598	0.7206527384747595
0.7832525915250791	0.7206527384747595
0.8753999552339119	0.8054354135894372
0.7832525915250791	0.8054354135894372
0.5068105003985806	0.635870063360082
0.5068105003985806	0.7206527384747595
0.46073681854416415	0.529891719466735
0.7832525915250791	0.7842397448107677
0.7371789096706627	0.7630440760320983
0.41466313668974775	0.3391307004587104
0.46073681854416415	0.6994570696960901
0.6911052278162463	0.529891719466735
0.8753999552339119	0.8054354135894372
0.8753999552339119	0.7418484072534289
1.013621000797161	0.7630440760320983
0.9675473189427448	0.6994570696960901
0.7371789096706627	0.5510873882454044
0.18429472741766567	0.4451090443520574
0.552884182252997	0.635870063360082
1.2439894100692432	1.0385877701548005
1.4282841374869089	0.7206527384747595
1.197915728214827	0.9750007638187923
0.5989578641074135	0.6994570696960901
0.5989578641074135	0.38152203801604917
0.7371789096706627	0.6994570696960901
1.0596946826515776	0.8902180887041148
0.7832525915250791	0.635870063360082
1.013621000797161	0.8690224199254454
0.5989578641074135	0.5510873882454044
0.6450315459618299	0.4663047131307268
1.2439894100692432	1.3777184706135108
1.5204315011957419	1.3565228018348416
0.9675473189427448	0.9114137574827842
0.41466313668974775	0.6570657321387514
0.5068105003985806	0.48750038190939615
1.0596946826515776	0.9961964325974617
1.5204315011957419	1.3353271330561722
0.5068105003985806	0.2331523565653634
0.32251577298091494	0.1695653502293552
0.23036840927208208	0.3391307004587104
0.46073681854416415	0.5086960506880656
0.8293262733794955	1.271740126720164
1.013621000797161	0.7630440760320983
0.6450315459618299	0.7630440760320983
0.6911052278162463	0.38152203801604917
1.013621000797161	0.7842397448107677
1.2900630919236598	1.0173921013761311
0.8753999552339119	0.7418484072534289
0.46073681854416415	0.6782614009174208
0.5989578641074135	0.6146743945814126
0.9214736370883283	0.9114137574827842
0.6911052278162463	0.8690224199254454
0.5068105003985806	0.6782614009174208
0.7371789096706627	0.5510873882454044
0.7371789096706627	0.4663047131307268
0.7832525915250791	0.6994570696960901
0.552884182252997	0.529891719466735
0.46073681854416415	0.7842397448107677
0.6450315459618299	0.529891719466735
1.1518420463604104	0.9326094262614536
0.8753999552339119	0.8902180887041148
1.0596946826515776	0.8690224199254454
0.6450315459618299	0.529891719466735
0.7832525915250791	0.5934787258027432
1.013621000797161	0.6994570696960901
0.552884182252997	0.7418484072534289
0.7832525915250791	0.6570657321387514
0.41466313668974775	0.7630440760320983
0.8293262733794955	0.6146743945814126
0.9214736370883283	0.9961964325974617
0.9214736370883283	1.0385877701548005
1.3822104556324926	1.1233704452694782
0.8293262733794955	0.7842397448107677
0.7832525915250791	0.5510873882454044
0.6450315459618299	0.5510873882454044
0.552884182252997	0.635870063360082
0.8753999552339119	0.847826751146776
0.5068105003985806	0.635870063360082
0.9675473189427448	0.6994570696960901
1.0596946826515776	0.9114137574827842
0.9214736370883283	0.4027177067947186
0.552884182252997	0.5934787258027432
0.5989578641074135	0.8266310823681066
1.1518420463604104	0.8054354135894372
1.013621000797161	1.1233704452694782
0.41466313668974775	0.635870063360082
0.23036840927208208	0.36032636923737976
0.6450315459618299	0.5722830570240738
0.8293262733794955	0.7630440760320983
0.9214736370883283	0.9750007638187923
0.5068105003985806	0.6994570696960901
0.04607368185441642	0.1695653502293552
0.13822104556324924	0.2755436941227022
0.552884182252997	0.5510873882454044
0.6911052278162463	1.1445661140481476
0.7832525915250791	0.7842397448107677
0.41466313668974775	0.6782614009174208
0.7832525915250791	0.5510873882454044
0.5068105003985806	0.2967393629013716
0.46073681854416415	0.4451090443520574
0.8753999552339119	0.4027177067947186
0.7832525915250791	0.6570657321387514
0.7832525915250791	0.8690224199254454
0.552884182252997	0.6994570696960901
0.46073681854416415	0.48750038190939615
0.2764420911264985	0.529891719466735
0.9675473189427448	0.6570657321387514
0.5068105003985806	0.6570657321387514
1.105768364505994	0.635870063360082
0.7832525915250791	0.635870063360082
0.7832525915250791	0.847826751146776
0.46073681854416415	0.6782614009174208
1.013621000797161	0.5722830570240738
0.7832525915250791	0.847826751146776
0.7371789096706627	0.5086960506880656
1.013621000797161	0.6994570696960901
1.105768364505994	0.8690224199254454
1.2900630919236598	1.1445661140481476
0.5989578641074135	0.6782614009174208
1.0596946826515776	0.38152203801604917
0.6450315459618299	0.7630440760320983
0.9675473189427448	0.8266310823681066
0.9214736370883283	1.0385877701548005
0.8753999552339119	0.529891719466735
0.9214736370883283	0.5934787258027432
0.5989578641074135	0.5722830570240738
0.6450315459618299	0.529891719466735
1.105768364505994	0.8902180887041148
0.8753999552339119	0.7842397448107677
1.197915728214827	0.7842397448107677
0.9675473189427448	0.529891719466735
0.32251577298091494	0.7630440760320983
0.8753999552339119	0.5934787258027432
0.7832525915250791	0.6146743945814126
0.7832525915250791	0.8690224199254454
0.9214736370883283	0.7842397448107677
0.7371789096706627	0.6994570696960901
0.9214736370883283	0.5722830570240738
0.9214736370883283	0.5086960506880656
