WT-Tfh	WT-Th1
0.7315515897495126	0.7145043765389624
0.6865330303803118	0.7559249201064384
0.641514471011111	0.6109530176202721
0.6077505514842105	0.6886165368092898
0.7202969499072124	0.7403922162686348
0.697787670222612	0.7662800559983075
0.5064587929035087	0.6420184252958792
0.58524127179961	0.6627286970796172
0.6640237506957114	0.8284108713495215
0.697787670222612	0.823233303403587
0.8215887084879142	0.7145043765389624
0.7090423100649123	0.7662800559983075
0.7090423100649123	0.7145043765389624
0.6640237506957114	0.7300370803767658
0.990408306122417	0.823233303403587
0.6865330303803118	0.823233303403587
0.810334068645614	0.7196819444848969
0.934135106910916	0.8077005995657836
0.8553526280148147	0.781812759836111
0.7428062295918128	0.7611024880523729
0.6865330303803118	0.6316632894040102
0.7428062295918128	0.8025230316198491
0.9003711873840156	0.8491211431332596
0.7653155092764131	0.7869903277820455
0.7428062295918128	0.833588439295456
0.7315515897495126	0.6627286970796172
0.934135106910916	0.823233303403587
0.7990794288033137	0.8491211431332596
0.7540608694341129	0.8542987110791941
0.8778619076994151	0.8801865508088667
0.8440979881725145	0.8439435751873251
0.9791536662801168	0.8698314149169976
0.934135106910916	0.9060743905385391
0.7878247889610136	0.6937941047552243
0.8891165475417153	0.8957192546466702
0.8328433483302145	0.771457623944242
0.8778619076994151	0.833588439295456
0.7315515897495126	0.8025230316198491
0.8328433483302145	0.9630276379438187
0.8215887084879142	0.9423173661600808
0.8553526280148147	0.9371397982141463
0.8778619076994151	0.9112519584844737
0.8666072678571148	0.9423173661600808
0.7990794288033137	0.9889154776734914
1.0579361451762181	1.035513589186902
0.7765701491187134	0.9474949341060153
0.810334068645614	0.9060743905385391
0.7878247889610136	0.833588439295456
0.9228804670686159	0.9371397982141463
0.8891165475417153	0.9733827738356878
0.934135106910916	0.9630276379438187
0.7428062295918128	0.9112519584844737
0.8328433483302145	1.0303360212409673
0.8666072678571148	0.8491211431332596
0.8778619076994151	0.9112519584844737
0.8215887084879142	0.8439435751873251
0.7878247889610136	0.9785603417816223
1.0579361451762181	0.9112519584844737
1.0917000647031188	1.0510462930247055
0.9791536662801168	0.8750089828629322
0.7990794288033137	0.8905416867007356
1.0129175858070174	0.9837379097275568
1.0691907850185183	1.0096257494572294
1.0241722256493178	0.9940930456194259
0.8891165475417153	0.9319622302682118
0.9003711873840156	0.9682052058897533
1.0129175858070174	0.9630276379438187
0.9678990264378167	1.0096257494572294
1.1817371834415202	0.9992706135653603
1.1142093443877192	1.087289268646247
0.8328433483302145	0.9733827738356878
0.934135106910916	0.9371397982141463
0.8328433483302145	0.8387660072413906
0.9566443865955164	1.0199808853490984
1.0016629459647173	0.9371397982141463
1.3167928615491227	1.15977521988933
1.339302141233723	1.1856630596190028
0.8891165475417153	0.9578500699978844
1.1929918232838206	1.1287098122137231
0.9678990264378167	1.0510462930247055
1.2042464631261207	1.0096257494572294
1.1479732639146196	1.1235322442677886
1.0804454248608186	1.0717565648084435
1.0579361451762181	1.0924668365921815
1.3167928615491227	1.087289268646247
1.0579361451762181	0.9682052058897533
0.934135106910916	0.8750089828629322
0.7990794288033137	0.8077005995657836
0.810334068645614	0.781812759836111
1.0804454248608186	1.076934132754378
1.1479732639146196	0.9785603417816223
0.9453897467532162	0.9319622302682118
0.48394951321890833	0.5747100419987305
0.4726948733766081	0.45562597924223686
0.8891165475417153	0.8439435751873251
0.8666072678571148	0.8853641187548011
0.8891165475417153	0.9526725020519498
0.8440979881725145	0.9733827738356878
0.7315515897495126	0.6368408573499447
0.7090423100649123	0.6109530176202721
0.5964959116419103	0.6368408573499447
0.7090423100649123	0.79216789572798
1.0804454248608186	0.8750089828629322
1.0804454248608186	0.8801865508088667
0.9003711873840156	0.833588439295456
0.7090423100649123	0.7093268085930279
0.4726948733766081	0.548822202269058
0.8666072678571148	0.7559249201064384
0.8553526280148147	0.9216070943763427
1.215501102968421	0.9578500699978844
0.8440979881725145	0.833588439295456
0.934135106910916	0.7869903277820455
0.8553526280148147	0.9371397982141463
0.9453897467532162	0.9267846623222772
0.9116258272263157	0.9630276379438187
1.0579361451762181	0.9889154776734914
1.0804454248608186	1.035513589186902
1.0129175858070174	1.066578996862509
1.0129175858070174	0.9837379097275568
1.0579361451762181	1.0199808853490984
1.0691907850185183	1.1442425160515266
1.1254639842300194	1.076934132754378
0.8328433483302145	1.0510462930247055
0.7765701491187134	0.9682052058897533
0.9453897467532162	0.8957192546466702
0.9003711873840156	0.8905416867007356
1.1367186240723195	1.066578996862509
0.8778619076994151	1.05622386097064
0.7765701491187134	0.9889154776734914
0.9791536662801168	1.0148033174031639
0.7878247889610136	0.9474949341060153
0.8666072678571148	0.9216070943763427
0.8215887084879142	0.8491211431332596
0.697787670222612	0.8387660072413906
0.934135106910916	0.9526725020519498
0.7428062295918128	0.9008968225926047
0.7315515897495126	0.8542987110791941
0.8666072678571148	0.9785603417816223
0.7315515897495126	0.8646538469710632
0.8328433483302145	0.9319622302682118
0.697787670222612	0.7766351918901764
0.8328433483302145	0.9267846623222772
0.810334068645614	0.8594762790251286
0.697787670222612	0.79216789572798
1.0241722256493178	0.8853641187548011
0.6077505514842105	0.7869903277820455
0.7653155092764131	0.8077005995657836
0.6190051913265107	0.7403922162686348
0.8215887084879142	0.833588439295456
0.7765701491187134	0.8698314149169976
0.810334068645614	0.8180557354576525
0.8328433483302145	0.8284108713495215
0.7878247889610136	0.8439435751873251
0.8666072678571148	0.9164295264304082
0.9116258272263157	0.9164295264304082
0.8553526280148147	0.7455697842145694
0.7990794288033137	0.7869903277820455
0.641514471011111	0.781812759836111
0.7315515897495126	0.833588439295456
0.6640237506957114	0.8439435751873251
0.7878247889610136	0.781812759836111
0.810334068645614	0.823233303403587
0.7202969499072124	0.8542987110791941
0.934135106910916	0.8542987110791941
0.8328433483302145	0.9164295264304082
0.8328433483302145	0.9423173661600808
0.7878247889610136	0.7248595124308314
0.5402227124304093	0.7611024880523729
0.641514471011111	0.771457623944242
0.6190051913265107	0.7248595124308314
0.5402227124304093	0.7093268085930279
0.6190051913265107	0.7766351918901764
0.810334068645614	0.8025230316198491
0.58524127179961	0.7403922162686348
0.7653155092764131	0.6730838329714862
0.7315515897495126	0.7869903277820455
0.8778619076994151	0.8180557354576525
0.8328433483302145	0.8025230316198491
0.7878247889610136	0.8491211431332596
0.6302598311688108	0.7611024880523729
0.6077505514842105	0.6730838329714862
0.641514471011111	0.7093268085930279
0.7428062295918128	0.6368408573499447
0.4952041530612085	0.6005978817284031
0.5289680725881091	0.6679062650255517
0.697787670222612	0.6627286970796172
0.7540608694341129	0.7455697842145694
0.697787670222612	0.6782614009174208
0.5402227124304093	0.5436446343231235
0.7540608694341129	0.6627286970796172
0.7540608694341129	0.7352146483227003
0.8328433483302145	0.7145043765389624
0.6077505514842105	0.6834389688633552
0.46144023353430796	0.5591773381609271
0.5177134327458088	0.579887609944665
0.6527691108534113	0.538467066377189
0.6190051913265107	0.7455697842145694
0.6190051913265107	0.6109530176202721
0.46144023353430796	0.5436446343231235
0.5514773522727096	0.49704652280971295
