WT	KO
0.20291663343738514	0.24611361878968707
0.2282812126170583	0.339871187852425
0.4058332668747703	0.3515908839852673
0.177552054257712	0.1406363535941069
0.15218747507803884	0.3164317955867405
0.3804686876950972	0.1992348342583181
0.25364579179673147	0.292992403321056
0.355104108515424	0.292992403321056
0.6087499003121554	0.292992403321056
0.5833853211324823	0.4570681491808474
0.6087499003121554	0.339871187852425
0.32973952933575085	0.339871187852425
0.3804686876950972	0.41018936464947847
0.2282812126170583	0.3984696685166362
0.4311978460544434	0.21095453039116036
0.4058332668747703	0.386749972383794
0.15218747507803884	0.292992403321056
0.355104108515424	0.2578333149225293
0.6341144794918285	0.26955301105537155
0.5833853211324823	0.5742651105092699
0.3043749501560777	0.5391060221107431
0.4058332668747703	0.2812727071882138
0.6087499003121554	0.4687878453136897
0.4819270044137897	0.3164317955867405
0.532656162773136	0.6094241989077965
0.5072915835934629	0.5508257182435853
0.4058332668747703	0.3281514917195828
0.2282812126170583	0.4570681491808474
0.6594790586715017	0.5391060221107431
0.6341144794918285	0.4570681491808474
0.5072915835934629	0.4219090607823207
0.2790103709764046	0.4805075414465319
0.532656162773136	0.5977045027749543
0.4565624252341166	0.4219090607823207
0.4565624252341166	0.4219090607823207
0.32973952933575085	0.3515908839852673
0.6341144794918285	0.49222723757937414
0.6848436378511749	0.4453484530480052
0.4058332668747703	0.3984696685166362
0.5072915835934629	0.5156666298450586
0.3043749501560777	0.632863591173481
0.4565624252341166	0.30471209945389827
0.6341144794918285	0.41018936464947847
0.4058332668747703	0.4805075414465319
0.532656162773136	0.5039469337122164
0.32973952933575085	0.339871187852425
0.4565624252341166	0.41018936464947847
0.7863019545698674	0.5977045027749543
0.5072915835934629	0.632863591173481
0.5580207419528092	0.433628756915163
0.6341144794918285	0.41018936464947847
0.6087499003121554	0.585984806642112
0.177552054257712	0.386749972383794
0.32973952933575085	0.585984806642112
0.6594790586715017	0.4219090607823207
0.6594790586715017	0.4687878453136897
0.2790103709764046	0.292992403321056
0.2790103709764046	0.4805075414465319
0.5072915835934629	0.7500605525019035
0.6594790586715017	0.4219090607823207
0.355104108515424	0.2226742265240026
0.6594790586715017	0.4570681491808474
0.25364579179673147	0.2812727071882138
0.6087499003121554	0.5508257182435853
1.0145831671869259	0.5977045027749543
0.4819270044137897	0.5977045027749543
0.532656162773136	0.5391060221107431
0.177552054257712	0.386749972383794
0.5580207419528092	0.5273863259779009
0.6341144794918285	0.5625454143764276
0.4058332668747703	0.3515908839852673
0.32973952933575085	0.37503027625095176
0.3043749501560777	0.2226742265240026
0.4819270044137897	0.6094241989077965
0.8116665337495406	0.3515908839852673
0.4311978460544434	0.5039469337122164
0.5833853211324823	0.5039469337122164
0.4058332668747703	0.5273863259779009
0.4311978460544434	0.41018936464947847
0.3804686876950972	0.4453484530480052
0.7609373753901943	0.7383408563690612
0.8623956921088868	0.7969393370332724
0.3804686876950972	0.386749972383794
0.355104108515424	0.37503027625095176
0.355104108515424	0.292992403321056
0.6087499003121554	0.4219090607823207
0.5580207419528092	0.37503027625095176
0.5833853211324823	0.5039469337122164
0.6848436378511749	0.339871187852425
0.25364579179673147	0.4570681491808474
0.3043749501560777	0.30471209945389827
0.5833853211324823	0.867257513830326
0.6848436378511749	0.6445832873063233
0.6848436378511749	0.585984806642112
0.3804686876950972	0.3164317955867405
0.532656162773136	0.5156666298450586
0.7609373753901943	0.6445832873063233
0.9384894296479064	0.7617802486347457
0.32973952933575085	0.30471209945389827
0.177552054257712	0.37503027625095176
0.050729158359346285	0.2578333149225293
0.4311978460544434	0.2812727071882138
0.6594790586715017	0.773499944767588
0.6341144794918285	0.6445832873063233
0.6087499003121554	0.49222723757937414
0.4058332668747703	0.2578333149225293
0.6087499003121554	0.5977045027749543
1.1160414839056183	0.7149014641033767
0.8877602712885599	0.6680226795720078
0.3804686876950972	0.339871187852425
0.710208217030848	0.4687878453136897
0.6594790586715017	0.7266211602362189
0.7355727962105212	0.632863591173481
0.4819270044137897	0.6094241989077965
0.32973952933575085	0.41018936464947847
0.355104108515424	0.3515908839852673
0.5580207419528092	0.37503027625095176
0.6848436378511749	0.585984806642112
0.6087499003121554	0.5039469337122164
0.7355727962105212	0.4453484530480052
0.7609373753901943	0.67974237570485
0.8623956921088868	0.6211438950406388
0.7355727962105212	0.7266211602362189
0.32973952933575085	0.5391060221107431
0.4819270044137897	0.5156666298450586
0.710208217030848	0.433628756915163
0.25364579179673147	0.585984806642112
0.710208217030848	0.585984806642112
0.5072915835934629	0.5625454143764276
0.4819270044137897	0.5039469337122164
0.2790103709764046	0.433628756915163
0.4565624252341166	0.5391060221107431
0.6341144794918285	0.6445832873063233
0.5833853211324823	0.5977045027749543
0.5833853211324823	0.4687878453136897
0.6087499003121554	0.433628756915163
0.2790103709764046	0.41018936464947847
0.4311978460544434	0.37503027625095176
0.3804686876950972	0.3984696685166362
0.6594790586715017	0.4805075414465319
0.4058332668747703	0.5039469337122164
0.710208217030848	0.6563029834391656
0.3043749501560777	0.4687878453136897
0.8877602712885599	0.4805075414465319
0.6341144794918285	0.6094241989077965
0.4565624252341166	0.6094241989077965
0.25364579179673147	0.292992403321056
0.4058332668747703	0.26955301105537155
0.4565624252341166	0.5273863259779009
0.4058332668747703	0.49222723757937414
0.4311978460544434	0.585984806642112
0.6087499003121554	0.585984806642112
0.5833853211324823	0.41018936464947847
0.3043749501560777	0.4687878453136897
0.3804686876950972	0.5273863259779009
0.4819270044137897	0.5156666298450586
0.4058332668747703	0.4687878453136897
0.15218747507803884	0.49222723757937414
0.4311978460544434	0.292992403321056
0.355104108515424	0.3281514917195828
0.15218747507803884	0.37503027625095176
0.532656162773136	0.4219090607823207
0.7609373753901943	0.4570681491808474
0.6087499003121554	0.3984696685166362
0.532656162773136	0.5273863259779009
0.3043749501560777	0.36331058011810946
0.15218747507803884	0.2226742265240026
0.7863019545698674	0.386749972383794
0.3804686876950972	0.3984696685166362
0.6341144794918285	0.49222723757937414
0.532656162773136	0.5156666298450586
0.5072915835934629	0.4805075414465319
0.25364579179673147	0.292992403321056
0.4058332668747703	0.41018936464947847
0.4058332668747703	0.4805075414465319
0.532656162773136	0.4453484530480052
0.6594790586715017	0.8086590331661148
0.6594790586715017	0.585984806642112
0.7355727962105212	0.6211438950406388
0.532656162773136	0.30471209945389827
0.5580207419528092	0.5039469337122164
0.5580207419528092	0.7149014641033767
0.3804686876950972	0.4219090607823207
0.5072915835934629	0.41018936464947847
0.3804686876950972	0.2578333149225293
0.4058332668747703	0.37503027625095176
0.32973952933575085	0.5391060221107431
0.10145831671869257	0.585984806642112
0.4058332668747703	0.5625454143764276
0.3043749501560777	0.5273863259779009
0.25364579179673147	0.30471209945389827
0.4058332668747703	0.2578333149225293
0.4311978460544434	0.37503027625095176
0.5072915835934629	0.3281514917195828
0.32973952933575085	0.5039469337122164
0.3043749501560777	0.36331058011810946
0.4819270044137897	0.37503027625095176
0.4311978460544434	0.386749972383794
0.20291663343738514	0.2812727071882138
0.532656162773136	0.292992403321056
