WT	KO
0.3889808685045468	0.39862857965064086
0.40394167113933704	0.37097804233383336
0.3341245921769825	0.37097804233383336
0.34908539481177275	0.3479359279031605
0.37900700008135324	0.3686738308907661
0.364046197446563	0.40093279109370816
0.45879794746690133	0.35945698511849694
0.3939678027161435	0.3364148706878241
0.37900700008135324	0.42167069408131375
0.42388940798572405	0.37328225377690066
0.3989547369277403	0.3341106592447568
0.4338632764089176	0.37328225377690066
0.4388502106205143	0.40093279109370816
0.47375875010169155	0.4147580597521119
0.37900700008135324	0.3548485622323624
0.4089286053509338	0.37328225377690066
0.4338632764089176	0.42397490552438105
0.3391115263885792	0.3848033109922371
0.44383714483211106	0.36636961944769886
0.3740200658697565	0.4055412139798427
0.44383714483211106	0.35254435078929514
0.4388502106205143	0.3617611965615643
0.44383714483211106	0.40093279109370816
0.3989547369277403	0.44240859706891933
0.3889808685045468	0.39862857965064086
0.47375875010169155	0.4308875398535829
0.4139155395625305	0.40784542542291
0.4288763421973208	0.4032370025367754
0.46378488167849813	0.4608422886134576
0.44383714483211106	0.40784542542291
0.4687718158900948	0.4308875398535829
0.44882407904370786	0.3894117338783717
0.4189024737741273	0.44240859706891933
0.46378488167849813	0.40784542542291
0.4139155395625305	0.42167069408131375
0.4887195527364818	0.4147580597521119
0.5385888948524494	0.4907970373733324
0.4787456843132883	0.44471280851198663
0.4887195527364818	0.44471280851198663
0.4687718158900948	0.4677549229426595
0.49370648694807856	0.4677549229426595
0.4388502106205143	0.4493212313981212
0.42388940798572405	0.43319175129665016
0.44383714483211106	0.4378001741827847
0.44882407904370786	0.48618861448719786
0.5535496974872397	0.48618861448719786
0.45879794746690133	0.3963243682075736
0.44882407904370786	0.42397490552438105
0.46378488167849813	0.4378001741827847
0.56851050012203	0.5000138831456015
0.6133929080264007	0.45853807717039036
0.6133929080264007	0.45162544284118844
0.45879794746690133	0.4055412139798427
0.4189024737741273	0.45853807717039036
0.49869342115967535	0.527664420462409
0.6133929080264007	0.5322728433485435
0.5884582369684169	0.5806612836529566
0.6532883817191747	0.5115349403609379
0.6183798422379974	0.5046223060317361
0.49370648694807856	0.5460981120069472
0.6183798422379974	0.5553149577792165
0.6233667764495942	0.5230559975762744
0.7530270659511098	0.5391854776777455
0.748040131739513	0.5530107463361492
0.5635235659104332	0.5714444378806874
0.7231054606815293	0.6198328781851005
0.6582753159307715	0.5507065348930819
0.5385888948524494	0.5553149577792165
0.5385888948524494	0.5069265174748034
0.6084059738148039	0.5023180945886688
0.7380662633163195	0.6359623582865715
0.6333406448727876	0.5414896891208127
0.5834713027568202	0.5207517861332072
0.6632622501423682	0.5622275921084183
0.6931838554119487	0.5875739179821585
0.7430531975279163	0.6267455125143024
0.7231054606815293	0.6175286667420332
0.6981707896235455	0.5944865523113604
0.5984321053916105	0.5967907637544276
0.6582753159307715	0.5507065348930819
0.7181185264699326	0.5484023234500146
0.7181185264699326	0.5553149577792165
0.5784843685452234	0.5069265174748034
0.6034190396032071	0.5553149577792165
0.5834713027568202	0.5000138831456015
0.4837326185248851	0.4470170199550539
0.46378488167849813	0.4193664826382465
0.5136542237944656	0.4308875398535829
0.6931838554119487	0.5345770547916109
0.6632622501423682	0.5138391518040052
0.7031577238351423	0.6106160324128314
0.5186411580060624	0.4193664826382465
0.5635235659104332	0.49310124881639966
0.7131315922583358	0.6221370896281678
0.992399908107754	0.7442602961107341
0.9126089607222059	0.735043450338465
0.6632622501423682	0.5069265174748034
0.44383714483211106	0.44240859706891933
0.5485627632756429	0.48618861448719786
0.728092394893126	0.6751339528187155
0.9525044344149799	0.7488687189968687
0.7430531975279163	0.6336581468435042
0.5136542237944656	0.45623386572732305
0.4139155395625305	0.4769717687149287
0.3939678027161435	0.39402015676450625
0.8477788159714481	0.7857361020859452
0.9624783028381735	0.7926487364151472
0.8028964080670772	0.67974237570485
0.5834713027568202	0.5806612836529566
0.5734974343336267	0.5092307289178707
0.6483014475075779	0.4954054602594669
0.6383275790843844	0.5299686319054763
0.5385888948524494	0.5253602090193418
0.5036803553712721	0.49310124881639966
0.4687718158900948	0.4884928259302651
0.5385888948524494	0.41706227119517914
0.42388940798572405	0.38249909954916983
0.5635235659104332	0.5460981120069472
0.6183798422379974	0.5460981120069472
0.6931838554119487	0.6405707811727062
0.6832099869887552	0.6267455125143024
0.5236280922176592	0.5783570722098893
0.6832099869887552	0.5391854776777455
0.628353710661191	0.5622275921084183
0.6333406448727876	0.5783570722098893
0.6183798422379974	0.527664420462409
0.5086672895828689	0.45853807717039036
0.6333406448727876	0.5737486493237548
0.5435758290640461	0.5460981120069472
0.5585366316988364	0.5368812662346781
0.5086672895828689	0.5023180945886688
0.5485627632756429	0.5645318035514856
0.6532883817191747	0.5553149577792165
0.5385888948524494	0.5737486493237548
0.5784843685452234	0.5023180945886688
0.5535496974872397	0.48618861448719786
0.5286150264292558	0.5161433632470726
0.708144658046739	0.5023180945886688
0.6433145132959812	0.5000138831456015
0.5385888948524494	0.5299686319054763
0.5934451711800137	0.4977096717025343
0.5336019606408526	0.4723633458287941
0.7031577238351423	0.54379390056388
0.5435758290640461	0.46314650005652497
0.47375875010169155	0.4907970373733324
0.45879794746690133	0.4539296542842558
0.5136542237944656	0.48158019160106325
0.49370648694807856	0.48158019160106325
0.49370648694807856	0.4608422886134576
0.4787456843132883	0.4378001741827847
0.46378488167849813	0.4308875398535829
0.5286150264292558	0.4884928259302651
0.4538110132553046	0.3963243682075736
0.4338632764089176	0.4378001741827847
0.4538110132553046	0.4977096717025343
0.49370648694807856	0.5092307289178707
0.47375875010169155	0.5023180945886688
0.5036803553712721	0.5046223060317361
0.45879794746690133	0.40784542542291
0.4288763421973208	0.4308875398535829
0.4837326185248851	0.45853807717039036
0.40394167113933704	0.3963243682075736
0.3939678027161435	0.42397490552438105
0.4837326185248851	0.44240859706891933
0.4538110132553046	0.44240859706891933
0.5286150264292558	0.48158019160106325
0.4887195527364818	0.4954054602594669
0.4837326185248851	0.40784542542291
0.47375875010169155	0.3963243682075736
0.3989547369277403	0.4124538483090446
0.4837326185248851	0.42167069408131375
0.49370648694807856	0.440104385625852
0.4189024737741273	0.4977096717025343
0.46378488167849813	0.43319175129665016
0.38399393429295003	0.41014963686597733
0.4189024737741273	0.3571527736754297
0.37900700008135324	0.39862857965064086
0.37900700008135324	0.40784542542291
0.4288763421973208	0.46314650005652497
0.37900700008135324	0.37097804233383336
0.37900700008135324	0.3617611965615643
0.32415072375378895	0.3456317164600932
0.344098460600176	0.37097804233383336
0.364046197446563	0.3479359279031605
0.3889808685045468	0.42858332841051566
0.4787456843132883	0.4032370025367754
0.3590592632349663	0.40093279109370816
0.3889808685045468	0.37328225377690066
0.4338632764089176	0.35945698511849694
0.36903313165815976	0.32950223635862225
0.3939678027161435	0.3502401393462278
0.32415072375378895	0.35254435078929514
0.37900700008135324	0.4032370025367754
0.284255250061015	0.3318064478016895
0.36903313165815976	0.3479359279031605
0.3740200658697565	0.3087643333710166
0.36903313165815976	0.3548485622323624
0.29422911848420846	0.3202853905863531
0.47375875010169155	0.40093279109370816
0.37900700008135324	0.40784542542291
