WT	KO
0.4903818641403474	0.3776346531693611
0.4358949903469755	0.22658079190161667
0.1634606213801158	0.07552693063387222
0.21794749517348774	0.32728336608011294
0.3269212427602316	0.3021077225354889
0.4358949903469755	0.40281029671398516
0.5993556117270913	0.2769320789908648
0.3814081165536035	0.3021077225354889
0.2724343689668597	0.45316158380323335
0.2724343689668597	0.40281029671398516
0.21794749517348774	0.3021077225354889
0.7083293593138351	0.32728336608011294
0.4903818641403474	0.5035128708924814
0.762816233107207	0.45316158380323335
0.4358949903469755	0.2517564354462407
0.4358949903469755	0.3776346531693611
0.6538424855204632	0.47833722734785744
0.5448687379337194	0.45316158380323335
0.4358949903469755	0.47833722734785744
0.2724343689668597	0.5035128708924814
0.2724343689668597	0.40281029671398516
0.3814081165536035	0.2517564354462407
0.1634606213801158	0.22658079190161667
0.3814081165536035	0.4279859402586093
0.3814081165536035	0.5286885144371056
0.3269212427602316	0.45316158380323335
0.3814081165536035	0.32728336608011294
0.4903818641403474	0.32728336608011294
0.3814081165536035	0.40281029671398516
0.3814081165536035	0.6042154450709778
0.2724343689668597	0.40281029671398516
0.5448687379337194	0.47833722734785744
0.7083293593138351	0.40281029671398516
0.5448687379337194	0.4279859402586093
0.5993556117270913	0.45316158380323335
0.3269212427602316	0.2769320789908648
0.2724343689668597	0.35245900962473703
0.5993556117270913	0.45316158380323335
0.3269212427602316	0.2769320789908648
0.3814081165536035	0.3021077225354889
0.4903818641403474	0.6042154450709778
0.3814081165536035	0.5035128708924814
0.6538424855204632	0.5035128708924814
0.5448687379337194	0.22658079190161667
0.3814081165536035	0.20140514835699258
0.21794749517348774	0.3021077225354889
0.4358949903469755	0.3776346531693611
0.6538424855204632	0.47833722734785744
0.5993556117270913	0.35245900962473703
0.6538424855204632	0.32728336608011294
0.7083293593138351	0.6042154450709778
0.21794749517348774	0.32728336608011294
0.4903818641403474	0.45316158380323335
0.2724343689668597	0.40281029671398516
0.4358949903469755	0.3021077225354889
0.5993556117270913	0.45316158380323335
0.4903818641403474	0.3021077225354889
0.3269212427602316	0.4279859402586093
0.4903818641403474	0.4279859402586093
0.3269212427602316	0.3021077225354889
0.7083293593138351	0.4279859402586093
0.3269212427602316	0.5538641579817296
0.3269212427602316	0.40281029671398516
0.4358949903469755	0.2769320789908648
0.3269212427602316	0.47833722734785744
0.762816233107207	0.3021077225354889
0.5448687379337194	0.35245900962473703
0.5993556117270913	0.5035128708924814
0.3814081165536035	0.40281029671398516
0.3814081165536035	0.35245900962473703
0.3814081165536035	0.32728336608011294
0.2724343689668597	0.47833722734785744
0.3814081165536035	0.32728336608011294
0.5993556117270913	0.67974237570485
0.5993556117270913	0.5538641579817296
0.6538424855204632	0.5790398015263537
0.4358949903469755	0.47833722734785744
0.5448687379337194	0.5286885144371056
0.5993556117270913	0.5035128708924814
0.5448687379337194	0.40281029671398516
0.3814081165536035	0.5790398015263537
0.3814081165536035	0.40281029671398516
0.4903818641403474	0.32728336608011294
0.762816233107207	0.45316158380323335
0.8173031069005791	0.8559718805172186
0.5448687379337194	0.6042154450709778
0.5448687379337194	0.47833722734785744
0.6538424855204632	0.3021077225354889
0.7083293593138351	0.5035128708924814
0.3269212427602316	0.4279859402586093
0.4903818641403474	0.45316158380323335
0.871789980693951	0.6545667321602259
0.7083293593138351	0.47833722734785744
0.5993556117270913	0.5035128708924814
0.4903818641403474	0.45316158380323335
0.054486873793371936	0.2769320789908648
0.1634606213801158	0.2769320789908648
0.4903818641403474	0.35245900962473703
0.3814081165536035	0.40281029671398516
0.7083293593138351	0.5286885144371056
0.5448687379337194	0.40281029671398516
0.6538424855204632	0.45316158380323335
0.5448687379337194	0.5035128708924814
0.1634606213801158	0.3021077225354889
0.3269212427602316	0.17622950481236851
0.2724343689668597	0.2769320789908648
0.3814081165536035	0.47833722734785744
0.6538424855204632	0.3776346531693611
0.4903818641403474	0.35245900962473703
0.3269212427602316	0.35245900962473703
0.2724343689668597	0.35245900962473703
0.5448687379337194	0.5286885144371056
0.4358949903469755	0.47833722734785744
0.6538424855204632	0.35245900962473703
0.4358949903469755	0.5035128708924814
0.8173031069005791	0.47833722734785744
0.6538424855204632	0.5538641579817296
0.3814081165536035	0.2769320789908648
0.6538424855204632	0.5035128708924814
0.4358949903469755	0.5286885144371056
0.6538424855204632	0.4279859402586093
0.4358949903469755	0.5538641579817296
0.6538424855204632	0.5035128708924814
0.871789980693951	0.5538641579817296
0.2724343689668597	0.5538641579817296
0.4358949903469755	0.5035128708924814
0.21794749517348774	0.45316158380323335
0.4903818641403474	0.3021077225354889
0.3269212427602316	0.3776346531693611
0.5993556117270913	0.3776346531693611
0.5448687379337194	0.6545667321602259
0.21794749517348774	0.40281029671398516
0.2724343689668597	0.5035128708924814
0.2724343689668597	0.4279859402586093
0.8173031069005791	0.5538641579817296
0.5448687379337194	0.40281029671398516
0.1634606213801158	0.3776346531693611
0.4903818641403474	0.2517564354462407
0.3269212427602316	0.32728336608011294
0.21794749517348774	0.40281029671398516
0.5448687379337194	0.35245900962473703
0.21794749517348774	0.2769320789908648
0.4358949903469755	0.3776346531693611
0.2724343689668597	0.32728336608011294
0.5448687379337194	0.32728336608011294
0.3269212427602316	0.35245900962473703
0.2724343689668597	0.4279859402586093
0.3269212427602316	0.32728336608011294
0.5448687379337194	0.40281029671398516
0.3269212427602316	0.45316158380323335
0.7083293593138351	0.45316158380323335
0.5993556117270913	0.47833722734785744
0.5448687379337194	0.5538641579817296
0.5448687379337194	0.5538641579817296
0.5448687379337194	0.47833722734785744
0.3269212427602316	0.3776346531693611
0.4358949903469755	0.47833722734785744
0.4358949903469755	0.2769320789908648
0.5993556117270913	0.3776346531693611
0.4358949903469755	0.40281029671398516
0.2724343689668597	0.47833722734785744
0.4358949903469755	0.3021077225354889
0.3269212427602316	0.3776346531693611
0.3269212427602316	0.32728336608011294
0.4358949903469755	0.47833722734785744
0.5448687379337194	0.20140514835699258
0.3269212427602316	0.35245900962473703
0.5448687379337194	0.45316158380323335
0.4903818641403474	0.5538641579817296
0.1634606213801158	0.35245900962473703
0.2724343689668597	0.32728336608011294
0.21794749517348774	0.4279859402586093
0.5448687379337194	0.40281029671398516
0.5448687379337194	0.5286885144371056
0.1634606213801158	0.32728336608011294
0.10897374758674387	0.32728336608011294
0.3269212427602316	0.47833722734785744
0.3814081165536035	0.20140514835699258
0.3269212427602316	0.3021077225354889
0.5993556117270913	0.4279859402586093
0.4358949903469755	0.40281029671398516
0.4358949903469755	0.40281029671398516
0.3814081165536035	0.32728336608011294
0.21794749517348774	0.40281029671398516
0.2724343689668597	0.5286885144371056
0.2724343689668597	0.5035128708924814
0.4358949903469755	0.35245900962473703
0.5448687379337194	0.3021077225354889
0.3269212427602316	0.2769320789908648
0.5448687379337194	0.35245900962473703
0.4903818641403474	0.2769320789908648
0.3814081165536035	0.3776346531693611
0.2724343689668597	0.2769320789908648
0.1634606213801158	0.4279859402586093
0.3269212427602316	0.2769320789908648
0.5993556117270913	0.5286885144371056
0.4358949903469755	0.4279859402586093
0.4903818641403474	0.40281029671398516
0.10897374758674387	0.22658079190161667
0.3814081165536035	0.2517564354462407
