WT-Tfh	WT-Th1
0.2050762833003557	0.2902453948965563
0.27606422751970966	0.2612208554069007
0.24845780476773868	0.28444048699862523
0.28000800219856264	0.2380012238151762
0.2957831009139746	0.2380012238151762
0.3273332983447986	0.22639140801931393
0.33522084770250454	0.31346502648828084
0.28395177687741563	0.19156196063172717
0.3549397210967695	0.2380012238151762
0.2602891288042976	0.23219631591724507
0.3707148198121815	0.3250748422841431
0.31550197430823956	0.4005386449572477
0.2918393262351216	0.2147815922234517
0.3076144249505336	0.18575705273379603
0.2602891288042976	0.3076601185903497
0.2721204528408566	0.34248956597793645
0.3273332983447986	0.2786355791006941
0.3115581996293866	0.2380012238151762
0.2878955515562686	0.25541594750896957
0.20902005797920872	0.2902453948965563
0.3588834957756225	0.3076601185903497
0.3667710451333285	0.28444048699862523
0.3786023691698875	0.26702576330483185
0.38648991852759346	0.26702576330483185
0.27606422751970966	0.2438061317131073
0.4062087919218585	0.31926993438621193
0.3667710451333285	0.27283067120276294
0.28395177687741563	0.29605030279448746
0.2721204528408566	0.28444048699862523
0.32338952366594553	0.2438061317131073
0.30367065027168055	0.2902453948965563
0.3194457489870926	0.2902453948965563
0.33127707302365156	0.35409938177379874
0.35099594641791654	0.29605030279448746
0.39043369320644644	0.28444048699862523
0.3667710451333285	0.26702576330483185
0.33127707302365156	0.2380012238151762
0.33916462238135753	0.2147815922234517
0.3588834957756225	0.2786355791006941
0.36282727045447555	0.27283067120276294
0.34310839706021057	0.28444048699862523
0.33127707302365156	0.2612208554069007
0.40226501724300545	0.3308797501820742
0.38648991852759346	0.3250748422841431
0.39832124256415247	0.3482944738758676
0.3115581996293866	0.3250748422841431
0.3786023691698875	0.28444048699862523
0.3707148198121815	0.22639140801931393
0.32338952366594553	0.3947337370593166
0.24845780476773868	0.31346502648828084
0.36282727045447555	0.30185521069241855
0.4101525666007114	0.20317177642758943
0.3943774678852995	0.34248956597793645
0.44564653871038845	0.3250748422841431
0.3707148198121815	0.34248956597793645
0.3786023691698875	0.34248956597793645
0.36282727045447555	0.26702576330483185
0.45353408806809437	0.38312392126345435
0.4614216374258004	0.3947337370593166
0.36282727045447555	0.34248956597793645
0.4653654121046533	0.4353680923448345
0.4101525666007114	0.42375827654897225
0.41804011595841745	0.22639140801931393
0.4298714399949764	0.3947337370593166
0.40226501724300545	0.28444048699862523
0.42592766531612347	0.35409938177379874
0.33522084770250454	0.3482944738758676
0.36282727045447555	0.23219631591724507
0.3667710451333285	0.29605030279448746
0.39043369320644644	0.41214846075310996
0.38648991852759346	0.28444048699862523
0.3667710451333285	0.3308797501820742
0.3115581996293866	0.3308797501820742
0.3115581996293866	0.31926993438621193
0.4850842854989183	0.36570919756966097
0.4338152146738294	0.31346502648828084
0.38648991852759346	0.26702576330483185
0.38254614384874047	0.2612208554069007
0.3786023691698875	0.3308797501820742
0.41804011595841745	0.3250748422841431
0.45353408806809437	0.28444048699862523
0.3707148198121815	0.29605030279448746
0.41804011595841745	0.41795336865104116
0.4062087919218585	0.37731901336552326
0.38254614384874047	0.31926993438621193
0.39832124256415247	0.31926993438621193
0.32338952366594553	0.20317177642758943
0.27606422751970966	0.2902453948965563
0.2997268755928276	0.2205865001213828
0.3115581996293866	0.23219631591724507
0.24845780476773868	0.15092760534620928
0.3470521717390635	0.2902453948965563
0.38254614384874047	0.31346502648828084
0.33522084770250454	0.31346502648828084
0.2287389313734737	0.20897668432552058
0.18141363522723777	0.15673251324414042
0.18930118458494374	0.12770797375448478
0.4377589893526824	0.3599042896717298
0.4574778627469474	0.4469779081406967
0.3943774678852995	0.40634355285517887
0.4614216374258004	0.45858772393655894
0.4417027640315354	0.41795336865104116
0.34310839706021057	0.34248956597793645
0.23268270605232666	0.2205865001213828
0.20113250862150273	0.19156196063172717
0.20902005797920872	0.2147815922234517
0.33127707302365156	0.24961103961103842
0.33916462238135753	0.3482944738758676
0.4850842854989183	0.35409938177379874
0.2918393262351216	0.23219631591724507
0.35099594641791654	0.31926993438621193
0.33522084770250454	0.31346502648828084
0.3746585944910345	0.2786355791006941
0.34310839706021057	0.3482944738758676
0.33127707302365156	0.2902453948965563
0.47325296146235935	0.3308797501820742
0.36282727045447555	0.30185521069241855
0.4140963412795644	0.34248956597793645
0.4140963412795644	0.40634355285517887
0.4062087919218585	0.31926993438621193
0.34310839706021057	0.28444048699862523
0.42198389063727043	0.33668465808000536
0.4101525666007114	0.3482944738758676
0.40226501724300545	0.30185521069241855
0.3076144249505336	0.20317177642758943
0.3746585944910345	0.28444048699862523
0.41804011595841745	0.40634355285517887
0.38254614384874047	0.40634355285517887
0.3707148198121815	0.28444048699862523
0.2957831009139746	0.2612208554069007
0.4495903133892414	0.29605030279448746
0.4298714399949764	0.35409938177379874
0.4062087919218585	0.31926993438621193
0.42198389063727043	0.2205865001213828
0.3549397210967695	0.25541594750896957
0.3549397210967695	0.2438061317131073
0.33522084770250454	0.34248956597793645
0.4298714399949764	0.3889288291613855
0.4140963412795644	0.35409938177379874
0.44564653871038845	0.3482944738758676
0.4338152146738294	0.3250748422841431
0.3667710451333285	0.41214846075310996
0.39043369320644644	0.3308797501820742
0.3549397210967695	0.35409938177379874
0.39832124256415247	0.2438061317131073
0.42198389063727043	0.30185521069241855
0.3273332983447986	0.35409938177379874
0.28000800219856264	0.34248956597793645
0.26423290348315065	0.2786355791006941
0.4101525666007114	0.42375827654897225
0.4101525666007114	0.3250748422841431
0.3273332983447986	0.30185521069241855
0.41804011595841745	0.3482944738758676
0.33522084770250454	0.31346502648828084
0.3667710451333285	0.4005386449572477
0.34310839706021057	0.2786355791006941
0.33127707302365156	0.27283067120276294
0.21296383265806174	0.27283067120276294
0.33522084770250454	0.25541594750896957
0.39832124256415247	0.22639140801931393
0.33522084770250454	0.27283067120276294
0.3943774678852995	0.26702576330483185
0.3549397210967695	0.31926993438621193
0.33522084770250454	0.30185521069241855
0.2997268755928276	0.3308797501820742
0.30367065027168055	0.31346502648828084
0.3194457489870926	0.20897668432552058
0.28000800219856264	0.20317177642758943
0.33522084770250454	0.24961103961103842
0.3588834957756225	0.27283067120276294
0.3943774678852995	0.29605030279448746
0.33522084770250454	0.26702576330483185
0.33127707302365156	0.25541594750896957
0.2878955515562686	0.24961103961103842
0.3470521717390635	0.35409938177379874
0.3943774678852995	0.25541594750896957
0.3667710451333285	0.34248956597793645
0.35099594641791654	0.23219631591724507
0.24845780476773868	0.2902453948965563
0.24057025541003269	0.20897668432552058
0.26817667816200363	0.20897668432552058
0.3707148198121815	0.3308797501820742
0.36282727045447555	0.2612208554069007
0.33127707302365156	0.2380012238151762
0.25240157944659164	0.18575705273379603
0.24845780476773868	0.18575705273379603
0.33522084770250454	0.26702576330483185
0.21296383265806174	0.2147815922234517
0.2957831009139746	0.27283067120276294
0.34310839706021057	0.28444048699862523
0.3076144249505336	0.24961103961103842
0.3115581996293866	0.27283067120276294
0.2878955515562686	0.19156196063172717
0.28395177687741563	0.2902453948965563
0.2602891288042976	0.31926993438621193
0.28000800219856264	0.1973668685296583
0.24057025541003269	0.20897668432552058
0.2208513820157677	0.1799521448358649
0.2169076073369147	0.16253742114207154
0.28395177687741563	0.1799521448358649
