WT	KO
0.2921974210143898	0.2857178225893061
0.30356436874263837	0.27866306153771825
0.26411437368577567	0.253971397857161
0.29086013304636055	0.29277258364089387
0.304233012726653	0.3068821057440695
0.2968779289024922	0.30617662963891074
0.33164741607125253	0.2991218685873229
0.293534708982419	0.31816972342661
0.304233012726653	0.3146423429008161
0.3189431803749747	0.3075875818492283
0.29955250483855067	0.28853972700994124
0.3309787720872379	0.3005328207976405
0.32897284013519407	0.2991218685873229
0.30222708077460914	0.3216971039524039
0.31493131647088696	0.3054711535337519
0.3276355521671648	0.2977109163770054
0.3497008036396473	0.3308682933194681
0.3182745363909601	0.3273409127936741
0.3403397878634426	0.3393340065813734
0.3610677513678959	0.34991614815875516
0.3570558874638081	0.3477997198432788
0.3690914791760713	0.3626147180516132
0.3430143637995011	0.3216971039524039
0.3570558874638081	0.34215591100200854
0.3383338559113987	0.30899853405954586
0.3403397878634426	0.3231080561627215
0.33565927997534023	0.3146423429008161
0.3336533480232964	0.32945734110915054
0.34368300778351574	0.36966947910320097
0.3376652119273841	0.31958067563692755
0.339671143879428	0.33369019774010317
0.3162686044389162	0.30617662963891074
0.3383338559113987	0.31605329511113367
0.34167707583147183	0.34568329152780247
0.38246435885636376	0.34709424373812003
0.3684228351920567	0.3689640029980422
0.3844702908084076	0.3866009056270117
0.3757779190162176	0.3463887676329612
0.37042876714410056	0.3428613871071673
0.3563872434797935	0.33792305437105585
0.39449995056862697	0.33792305437105585
0.4018550343927878	0.39153923836312315
0.413890626105051	0.36473114636708953
0.38112707088833453	0.3950666188889171
0.3710974111281152	0.3682585268928834
0.3710974111281152	0.3724913835238361
0.3523753795757058	0.3435668632123261
0.3610677513678959	0.3689640029980422
0.3637423273039544	0.36120376584129565
0.37444063104818837	0.33369019774010317
0.4212457099292119	0.38448447731153534
0.3951685945526416	0.36684757468256585
0.4165652020411095	0.4084706648869339
0.42258299789724113	0.3929501905734407
0.4212457099292119	0.37813519236510634
0.3965058825206708	0.36755305078772466
0.38714486674446613	0.3569709092103429
0.38781351072848075	0.3717859074186773
0.4286007937533727	0.4000049516250285
0.41589655805709486	0.39436114278375833
0.39717452650468543	0.3802516206805827
0.3764465630002322	0.36332019415677197
0.40653554228089017	0.36332019415677197
0.4205770659451973	0.4021213799405049
0.4560151970979722	0.43598423298812633
0.4212457099292119	0.3950666188889171
0.424588929849285	0.411292569307569
0.42659486180132883	0.4056487604662988
0.40051774642475857	0.40071042773018734
0.4406363854656359	0.417641854253998
0.4667135008422062	0.4218747108849507
0.4306067257054165	0.41693637814883927
0.4479914692897967	0.4063542365714575
0.42793214976935806	0.41693637814883927
0.43996774148162127	0.40353233215082246
0.4292694377373873	0.4014159038353461
0.419239777977168	0.3626147180516132
0.4259262178173142	0.3936556666785995
0.4259262178173142	0.4162309020436805
0.4339499456254897	0.4197582825694744
0.4219143539132265	0.427518519726221
0.4045296103288463	0.3901282861528056
0.45668384108198684	0.4529156595119371
0.5001457000429372	0.4423335179345554
0.48409824442658633	0.4395116135139202
0.45467790912994294	0.42963494804169733
0.364410971287969	0.340744958791691
0.3650796152719836	0.35555995700002535
0.4179024900091387	0.3717859074186773
0.479417736538484	0.45926494445836613
0.3844702908084076	0.38236804899605903
0.5001457000429372	0.4747854187718593
0.5021516319949811	0.4712580382460653
0.5342465432276831	0.5107647001349571
0.46069570498607454	0.43386780467265
0.23268810643708845	0.2215194970198571
0.47339994068235236	0.4507992311964607
0.42258299789724113	0.3936556666785995
0.4540092651459283	0.4190528064643156
0.43595587757753357	0.423991139200427
0.2942033529664337	0.2892452031151
0.43595587757753357	0.39436114278375833
0.46069570498607454	0.46138137277384245
0.40653554228089017	0.3746078118393124
0.4867728203626448	0.45926494445836613
0.22399573464489836	0.20529354660120513
0.4413050294496505	0.4352787568829676
0.5596550146202386	0.5121756523452746
0.48877875231468865	0.43457328077780877
0.5081694278511127	0.49171684529567
0.339671143879428	0.34215591100200854
0.49078468426673255	0.45009375509130195
0.4292694377373873	0.4225801869901095
0.4419736734336651	0.4063542365714575
0.42793214976935806	0.37884066847026515
0.46203299295410377	0.43175137635717364
0.5389270511157853	0.5149975567659097
0.47808044857045473	0.45785399224804857
0.44264231741767973	0.40917614099209265
0.4667135008422062	0.4444499462500317
0.4540092651459283	0.4423335179345554
0.5342465432276831	0.47196351435122413
0.4673821448262208	0.43880613740876145
0.45133468920986985	0.39859399941471096
0.4640389249061477	0.4451554223551905
0.4820923124745425	0.4536211356170958
0.4861041763786302	0.46420327719447757
0.48476688841060095	0.4529156595119371
0.44598553733775287	0.4190528064643156
0.4627016369381184	0.4423335179345554
0.43595587757753357	0.39718304720439346
0.463370280922133	0.4134089976230454
0.43996774148162127	0.39647757109923465
0.44866011327381133	0.4042378082559812
0.4473228253057821	0.39718304720439346
0.40519825431286094	0.39153923836312315
0.4419736734336651	0.3957720949940759
0.4286007937533727	0.40353233215082246
0.44331096140169435	0.42822399583137977
0.41121605016899254	0.40494328436113997
0.3978431704887001	0.3802516206805827
0.37711520698424683	0.35555995700002535
0.3951685945526416	0.3866009056270117
0.4092101182169487	0.38448447731153534
0.4125533381370218	0.38518995341669415
0.38981944268052465	0.3569709092103429
0.3858075787764369	0.38236804899605903
0.3737719870641737	0.3703749552083598
0.4078728302489194	0.37601876404962997
0.4018550343927878	0.37319685962899485
0.38246435885636376	0.3640256702619308
0.3577245314478228	0.3287518650039917
0.39316266260059773	0.3978885233095522
0.39918045845672934	0.3717859074186773
0.38915079869651004	0.36966947910320097
0.4092101182169487	0.3802516206805827
0.37444063104818837	0.3435668632123261
0.3797897829203053	0.4042378082559812
0.3951685945526416	0.35132710036907266
0.36976012316008594	0.3795461445754239
0.34435165176753035	0.34427233931748485
0.3456889397355596	0.3287518650039917
0.3911567306485539	0.39436114278375833
0.383801646824393	0.36473114636708953
0.34903215965563267	0.3654366224722483
0.3737719870641737	0.35344352868454904
0.35973046339986664	0.3654366224722483
0.34435165176753035	0.3393340065813734
0.3410084318474572	0.34427233931748485
0.3517067355916912	0.3365121021607383
0.36574825925599824	0.32592996058335655
0.3262982641991355	0.3146423429008161
0.3269669081831501	0.3146423429008161
0.3617363953519105	0.32028615174208636
0.33231606005526715	0.33580662605557954
0.3456889397355596	0.3477997198432788
0.33231606005526715	0.32592996058335655
0.3791211389362907	0.3746078118393124
0.3851389347924222	0.3746078118393124
0.3690914791760713	0.34215591100200854
0.3376652119273841	0.3209916278472451
0.3403397878634426	0.34003948268653217
0.32496097623110626	0.3075875818492283
0.3182745363909601	0.3209916278472451
0.3309787720872379	0.31816972342661
0.3135940285028577	0.3033547252182756
0.31493131647088696	0.2913616314305763
0.3002211488225653	0.2934780597460527
0.34769487168760344	0.334395673845262
0.3503694476236619	0.33510114995042073
0.3269669081831501	0.35344352868454904
0.3296414841192087	0.2962999641666878
0.3196118243589893	0.3153478190059749
0.2975465728865068	0.30264924911311686
0.29620928491847753	0.29065615532541755
0.3122567405348285	0.2899506792202588
0.29821521687052144	0.2779575854325595
0.28684826914227285	0.28148496595835343
0.3122567405348285	0.31605329511113367
0.3055703006946823	0.31746424732145123
