WT	KO
0.6431412752658465	0.6395926510656963
0.639240668173617	0.6272462372866082
0.6509424894503056	0.6364455259847522
0.642911827789833	0.6369296990741282
0.6692982875313858	0.6596858342748002
0.6826062411401689	0.6674326037048163
0.6665449178192238	0.6647696517132482
0.6782467390959124	0.6911570850842402
0.6754933693837503	0.6698534691516962
0.6846712684242904	0.6654959113473122
0.6993559068891546	0.6882520465479842
0.6787056340479394	0.6918833447183043
0.6796234239519934	0.6880099600032963
0.7041743038854381	0.6921254312629923
0.7184000473982752	0.6950304697992483
0.697290879605033	0.7156078260977283
0.704633198837465	0.7003563737823842
0.695455299796925	0.6979355083355043
0.7280368413908422	0.7153657395530403
0.7344613707192204	0.7497420288987362
0.7473104293759766	0.7332801438599522
0.7275779464388153	0.7308592784130723
0.7289546312948962	0.7371535285749603
0.7477693243280035	0.7432056921921604
0.7824158932060424	0.7632988754012643
0.7693373870732727	0.7662039139375203
0.7537349587043546	0.7533733270690564
0.7624539627928676	0.7536154136137443
0.7688784921212457	0.7521628943456163
0.8179802519881352	0.7904125684063203
0.7686490446452322	0.7676564332056484
0.7571766708445571	0.7354589227621442
0.7828747881580693	0.7545837597924964
0.7860870528222584	0.7959805589341443
0.8016894811911766	0.7855708375125603
0.8055900882834061	0.7945280396660164
0.8074256680915141	0.7824237124316163
0.7991655589550279	0.8165579152326243
0.8175213570361081	0.8020327225513443
0.8271581510286753	0.8005802032832163
0.8202747267482702	0.7807291066188002
0.8172919095600947	0.8114740977941763
0.8115557226597572	0.7829078855209923
0.8450550541577284	0.8381036177098563
0.8416133420175259	0.8071165399897923
0.8361066025932018	0.8122003574282403
0.8260109136486078	0.8243046846626404
0.8319765480249588	0.8017906360066563
0.8496440036779984	0.8436716082376804
0.8978279736408339	0.8538392431145764
0.8787838331317132	0.8688486088852323
0.8705237239952271	0.8540813296592644
0.8686881441871191	0.8717536474214883
0.8640991946668491	0.8615860125445923
0.8794721755597538	0.8724799070555523
0.8753421209915107	0.8463345602292482
0.8966807362607664	0.8841000612005763
0.8982868685928609	0.8635227049020963
0.8780954907036728	0.8809529361196323
0.8955334988806989	0.8993515135159204
0.9164132191979276	0.9039511578649924
0.9104475848215765	0.8710273877874243
0.9180193515300221	0.8826475419324483
0.9285739354266431	0.9070982829459363
0.911135927249617	0.8872471862815203
0.8858967048881318	0.8550496758380164
0.9097592423935361	0.8899101382730884
0.9164132191979276	0.8787741572174403
0.9219199586222516	0.8819212822983844
0.9432585738915074	0.8959623018902884
0.9053997403492795	0.8959623018902884
0.9411935466073857	0.9126662734737604
0.9375223869911697	0.9054036771331204
0.9473886284597504	0.9363907548531843
0.9680389013009656	0.9392957933894404
1.0042916025110988	0.9729458231010724
1.0003909954188694	0.9685882652966884
0.9877713842381268	0.9601152362326083
1.0228768480681925	0.9668936594838724
0.9875419367621132	0.9797242463523363
0.9801996175296812	0.9492213417216484
0.9496831032198855	0.9460742166407043
0.8973690786888069	0.8688486088852323
0.8753421209915107	0.8736903397789924
0.8152268822759732	0.7797607604400483
0.6968319846530061	0.6928516908970563
0.6938491674648305	0.6838944887436004
0.7528171688003006	0.7444161249156004
0.7697962820252997	0.7468369903624803
0.6036763093915242	0.6248253718397282
0.5832554840263224	0.5827023130640162
0.7766797063057047	0.7453844710943524
1.1300288193664982	1.1046409034113445
1.0543111522820423	1.0230577378514885
0.8537740582462415	0.8213996461263844
0.5460849929121352	0.5500206295311362
0.7326257909111124	0.7066506239442722
1.1616925710563613	1.1024621245091524
1.2498004018455462	1.2218107910403364
0.7725496517374618	0.7601517503203202
0.32260315127498407	0.31011286374532815
0.30149398348174183	0.2953455845193601
0.7971005316709064	0.7768557219037923
1.2541599038898028	1.1985704827502883
1.1593980962962263	1.1043988168666565
0.7271190514867882	0.7151236530083522
0.5343831716354466	0.5432422062798723
0.8331237854050263	0.8042115014535363
1.0077333146513014	0.9768192078160803
1.0836804292117705	1.0707487871550245
0.7578650132725976	0.7494999423540484
0.6052824417236187	0.5587357451399043
0.639240668173617	0.6364455259847522
0.7158761251621267	0.6935779505311203
0.7172528100182077	0.7146394799189764
0.6803117663800339	0.6475815070404003
0.7227595494425318	0.6882520465479842
0.8372538399732693	0.8088111458026084
0.8950746039286719	0.8886997055496484
0.9187076939580626	0.8746586859577444
0.9698744811090736	0.9363907548531843
1.055917284614137	0.9927969197654885
1.0327430895367733	0.9906181408632965
1.035037564296908	0.9918285735867364
0.9990143105627882	0.9739141692798244
0.9905247539502887	0.9632623613135524
1.014387291455693	0.9739141692798244
1.007503867175288	0.9746404289138884
0.9756106680094111	0.9605994093219844
0.9641382942087361	0.9417166588363204
0.90608808277732	0.8993515135159204
0.902875818113131	0.8775637244940003
0.9127420595817116	0.8826475419324483
0.9180193515300221	0.8850684073793282
0.9005813433529959	0.8795004168515044
0.905170292873266	0.8838579746558883
0.8815372028438753	0.8826475419324483
0.8888795220763073	0.8598914067317763
0.8872733897442129	0.8729640801449283
0.8723593038033352	0.8523867238464483
0.8897973119803614	0.8594072336424002
0.8792427280837403	0.8417349158801763
0.8879617321722533	0.8640068779914724
0.8654758795229301	0.8533550700252003
0.8546918481502955	0.8192208672241924
0.8322059955009723	0.8131687036069923
0.8322059955009723	0.8228521653945123
0.8514795834861065	0.8383457042545444
0.8397777622094179	0.8315672810032804
0.8278464934567158	0.8165579152326243
0.8122440650877977	0.8015485494619683
0.8386305248293504	0.8022748090960323
0.8514795834861065	0.8223679923051364
0.8227986489844187	0.8143791363304322
0.800542243811109	0.7768557219037923
0.8163741196560407	0.7892021356828803
0.8198158317962432	0.8032431552747843
0.8081140105195546	0.7916230011297604
0.7803508659219208	0.7819395393422403
0.7973299791469199	0.8003381167385283
0.7890698700104339	0.8005802032832163
0.8170624620840812	0.7846024913338082
0.7798919709698938	0.7778240680825443
0.7654367799810432	0.7715298179206563
0.7553410910364491	0.7383639612984002
0.7734674416415158	0.7640251350353282
0.7936588195307039	0.7599096637756323
0.7961827417668524	0.7647513946693923
0.7622245153168541	0.7553100194265603
0.74753987685199	0.7173024319105443
0.7732379941655022	0.7640251350353282
0.7796625234938803	0.7635409619459523
0.7672723597891512	0.7664460004822082
0.7454748495678686	0.7335222304046403
0.7663545698850972	0.7463528172731043
0.7333141333391529	0.7429636056474723
0.7530466162763141	0.7267438071533763
0.7092221483577352	0.7148815664636642
0.6975203270810466	0.7083452297570884
0.7158761251621267	0.6974513352461282
0.7066982261215866	0.6928516908970563
0.7252834716786802	0.7022930661398883
0.7131227554499647	0.6821998829307843
0.6791645289999664	0.6877678734586083
0.6791645289999664	0.6829261425648482
0.6752639219077369	0.6746952000454562
0.6500246995462516	0.6468552474063363
0.6640209955830751	0.6480656801297762
0.6594320460628051	0.6572649688279202
0.6743461320036829	0.6872837003692323
0.648418567214157	0.6589595746407363
0.6458946449780085	0.6596858342748002
0.6601203884908456	0.6565387091938563
0.6357989560334144	0.6248253718397282
0.6479596722621301	0.6432239492360162
0.6518602793543596	0.6267620641972322
0.6218026599965909	0.6180469485884643
0.6151486831921993	0.6328142278144322
0.6185903953324018	0.6299091892781762
0.6206554226165233	0.6095739195243842
