WT	KO
0.34140373359110093	0.3143996416069917
0.34140373359110093	0.27812275988310803
0.35692208511796913	0.3264919355149529
0.23277527290302336	0.3385842294229141
0.3103670305373645	0.16929211471145705
0.23277527290302336	0.2539381720671856
0.3879587881717056	0.29021505379106927
0.49658724885978317	0.2539381720671856
0.4034771396985738	0.35067652333087534
0.49658724885978317	0.37486111114679777
0.3258853820642327	0.39904569896272024
0.3879587881717056	0.4111379928706814
0.3879587881717056	0.3143996416069917
0.34140373359110093	0.2539381720671856
0.279330327483628	0.3385842294229141
0.3258853820642327	0.2539381720671856
0.279330327483628	0.24184587815922437
0.3879587881717056	0.386953405054759
0.3258853820642327	0.3627688172388366
0.3724404366448374	0.3264919355149529
0.21725692137615513	0.2660304659751468
0.3258853820642327	0.30230734769903045
0.3103670305373645	0.3627688172388366
0.17070186679555047	0.2660304659751468
0.3103670305373645	0.4111379928706814
0.3879587881717056	0.3143996416069917
0.3258853820642327	0.3264919355149529
0.35692208511796913	0.2539381720671856
0.2948486790104963	0.3627688172388366
0.34140373359110093	0.3385842294229141
0.24829362442989159	0.24184587815922437
0.34140373359110093	0.2660304659751468
0.49658724885978317	0.42323028677864266
0.41899549122544205	0.4111379928706814
0.5276239519135196	0.42323028677864266
0.4500321942791785	0.24184587815922437
0.41899549122544205	0.27812275988310803
0.2638119759567598	0.16929211471145705
0.34140373359110093	0.27812275988310803
0.21725692137615513	0.2055689964353407
0.3879587881717056	0.44741487459456514
0.34140373359110093	0.3627688172388366
0.3879587881717056	0.37486111114679777
0.4500321942791785	0.35067652333087534
0.3724404366448374	0.4111379928706814
0.35692208511796913	0.35067652333087534
0.2948486790104963	0.29021505379106927
0.3879587881717056	0.37486111114679777
0.4034771396985738	0.39904569896272024
0.3724404366448374	0.3264919355149529
0.43451384275231025	0.44741487459456514
0.5431423034403878	0.4595071685025263
0.3258853820642327	0.2539381720671856
0.34140373359110093	0.27812275988310803
0.3258853820642327	0.39904569896272024
0.43451384275231025	0.386953405054759
0.3258853820642327	0.3627688172388366
0.4034771396985738	0.2660304659751468
0.3103670305373645	0.4353225806866039
0.3258853820642327	0.44741487459456514
0.5121056003866514	0.35067652333087534
0.49658724885978317	0.29021505379106927
0.3724404366448374	0.386953405054759
0.3724404366448374	0.35067652333087534
0.3103670305373645	0.39904569896272024
0.43451384275231025	0.29021505379106927
0.3724404366448374	0.2660304659751468
0.1862202183224187	0.2539381720671856
0.41899549122544205	0.27812275988310803
0.4810688973329149	0.5441532258582549
0.3103670305373645	0.37486111114679777
0.3879587881717056	0.44741487459456514
0.3879587881717056	0.386953405054759
0.24829362442989159	0.37486111114679777
0.4500321942791785	0.386953405054759
0.4034771396985738	0.27812275988310803
0.3879587881717056	0.3627688172388366
0.3103670305373645	0.39904569896272024
0.4810688973329149	0.39904569896272024
0.4500321942791785	0.48369175631844874
0.279330327483628	0.4353225806866039
0.24829362442989159	0.22975358425126316
0.3724404366448374	0.37486111114679777
0.3103670305373645	0.4111379928706814
0.35692208511796913	0.35067652333087534
0.4655505458060467	0.37486111114679777
0.3103670305373645	0.21766129034330195
0.35692208511796913	0.42323028677864266
0.3258853820642327	0.5199686380423324
0.3103670305373645	0.37486111114679777
0.1862202183224187	0.29021505379106927
0.23277527290302336	0.27812275988310803
0.3103670305373645	0.35067652333087534
0.3879587881717056	0.3143996416069917
0.2948486790104963	0.1813844086194183
0.12414681221494579	0.15719982080349584
0.2017385698492869	0.24184587815922437
0.09311010916120935	0.15719982080349584
0.43451384275231025	0.39904569896272024
0.3879587881717056	0.386953405054759
0.41899549122544205	0.5804301075821385
0.5276239519135196	0.39904569896272024
0.2948486790104963	0.2539381720671856
0.2948486790104963	0.29021505379106927
0.279330327483628	0.14510752689553463
0.23277527290302336	0.14510752689553463
0.2017385698492869	0.1330152329875734
0.17070186679555047	0.29021505379106927
0.35692208511796913	0.27812275988310803
0.24829362442989159	0.42323028677864266
0.3879587881717056	0.3385842294229141
0.49658724885978317	0.3143996416069917
0.34140373359110093	0.30230734769903045
0.41899549122544205	0.386953405054759
0.3103670305373645	0.386953405054759
0.3879587881717056	0.42323028677864266
0.4810688973329149	0.5078763441343712
0.3103670305373645	0.4353225806866039
0.3724404366448374	0.4353225806866039
0.34140373359110093	0.42323028677864266
0.49658724885978317	0.44741487459456514
0.41899549122544205	0.49578405022641003
0.3258853820642327	0.3143996416069917
0.3724404366448374	0.6046146953980609
0.3258853820642327	0.2539381720671856
0.3879587881717056	0.30230734769903045
0.41899549122544205	0.3264919355149529
0.2948486790104963	0.3627688172388366
0.3103670305373645	0.1813844086194183
0.43451384275231025	0.22975358425126316
0.3879587881717056	0.3264919355149529
0.4034771396985738	0.30230734769903045
0.43451384275231025	0.47159946241048756
0.3724404366448374	0.4353225806866039
0.2948486790104963	0.3264919355149529
0.41899549122544205	0.386953405054759
0.3258853820642327	0.3627688172388366
0.3879587881717056	0.3385842294229141
0.4500321942791785	0.39904569896272024
0.5431423034403878	0.4353225806866039
0.3258853820642327	0.48369175631844874
0.2638119759567598	0.27812275988310803
0.23277527290302336	0.35067652333087534
0.41899549122544205	0.42323028677864266
0.3103670305373645	0.3627688172388366
0.3103670305373645	0.3627688172388366
0.23277527290302336	0.3385842294229141
0.3724404366448374	0.35067652333087534
0.34140373359110093	0.3385842294229141
0.5896973580209925	0.386953405054759
0.279330327483628	0.37486111114679777
0.2017385698492869	0.2660304659751468
0.4034771396985738	0.3143996416069917
0.4034771396985738	0.35067652333087534
0.4034771396985738	0.29021505379106927
0.4655505458060467	0.4111379928706814
0.3879587881717056	0.3627688172388366
0.3258853820642327	0.3385842294229141
0.3724404366448374	0.29021505379106927
0.2948486790104963	0.1934767025273795
0.21725692137615513	0.3264919355149529
0.34140373359110093	0.21766129034330195
0.21725692137615513	0.1813844086194183
0.3103670305373645	0.2660304659751468
0.24829362442989159	0.3627688172388366
0.3258853820642327	0.37486111114679777
0.43451384275231025	0.4111379928706814
0.279330327483628	0.29021505379106927
0.3879587881717056	0.3143996416069917
0.3103670305373645	0.30230734769903045
0.2638119759567598	0.3143996416069917
0.35692208511796913	0.29021505379106927
0.279330327483628	0.3143996416069917
0.24829362442989159	0.3264919355149529
0.2948486790104963	0.21766129034330195
0.3103670305373645	0.35067652333087534
0.2948486790104963	0.39904569896272024
0.1862202183224187	0.42323028677864266
0.1862202183224187	0.3627688172388366
0.17070186679555047	0.1934767025273795
0.2638119759567598	0.1813844086194183
0.3724404366448374	0.44741487459456514
0.3103670305373645	0.42323028677864266
0.23277527290302336	0.3385842294229141
0.23277527290302336	0.3264919355149529
0.41899549122544205	0.3264919355149529
0.279330327483628	0.4353225806866039
0.23277527290302336	0.3264919355149529
0.34140373359110093	0.30230734769903045
0.23277527290302336	0.3143996416069917
0.15518351526868224	0.29021505379106927
0.2948486790104963	0.2539381720671856
0.24829362442989159	0.35067652333087534
0.279330327483628	0.4353225806866039
0.2638119759567598	0.42323028677864266
0.23277527290302336	0.35067652333087534
0.24829362442989159	0.3385842294229141
0.2948486790104963	0.3385842294229141
0.2017385698492869	0.3143996416069917
0.2638119759567598	0.35067652333087534
