WT	KO
0.25954341538790426	0.15855637606132666
0.08651447179596809	0.34882402733491863
0.08651447179596809	0.15855637606132666
0.0	0.1268451008490613
0.12977170769395213	0.1268451008490613
0.12977170769395213	0.22197892648585732
0.12977170769395213	0.15855637606132666
0.12977170769395213	0.2536902016981226
0.2162861794899202	0.190267651273592
0.34605788718387237	0.15855637606132666
0.0	0.03171127521226533
0.3028006512858883	0.44395785297171464
0.17302894359193619	0.1268451008490613
0.2162861794899202	0.285401476910388
0.2162861794899202	0.22197892648585732
0.043257235897984046	0.095133825636796
0.34605788718387237	0.15855637606132666
0.08651447179596809	0.190267651273592
0.17302894359193619	0.06342255042453065
0.12977170769395213	0.190267651273592
0.2162861794899202	0.1268451008490613
0.08651447179596809	0.22197892648585732
0.17302894359193619	0.22197892648585732
0.2162861794899202	0.095133825636796
0.2162861794899202	0.190267651273592
0.3028006512858883	0.31711275212265333
0.2162861794899202	0.22197892648585732
0.17302894359193619	0.190267651273592
0.2162861794899202	0.31711275212265333
0.17302894359193619	0.095133825636796
0.043257235897984046	0.06342255042453065
0.12977170769395213	0.1268451008490613
0.08651447179596809	0.2536902016981226
0.3028006512858883	0.380535302547184
0.08651447179596809	0.190267651273592
0.4758295948778245	0.22197892648585732
0.25954341538790426	0.2536902016981226
0.2162861794899202	0.31711275212265333
0.25954341538790426	0.380535302547184
0.2162861794899202	0.1268451008490613
0.4325723589798404	0.380535302547184
0.34605788718387237	0.380535302547184
0.25954341538790426	0.22197892648585732
0.4325723589798404	0.31711275212265333
0.3893151230818564	0.31711275212265333
0.3028006512858883	0.095133825636796
0.34605788718387237	0.285401476910388
0.3028006512858883	0.31711275212265333
0.25954341538790426	0.285401476910388
0.6921157743677447	0.190267651273592
0.2162861794899202	0.22197892648585732
0.3028006512858883	0.190267651273592
0.4758295948778245	0.285401476910388
0.3028006512858883	0.15855637606132666
0.6056013025717766	0.34882402733491863
0.4758295948778245	0.285401476910388
0.25954341538790426	0.1268451008490613
0.043257235897984046	0.06342255042453065
0.4758295948778245	0.31711275212265333
0.2162861794899202	0.22197892648585732
0.17302894359193619	0.190267651273592
0.3893151230818564	0.44395785297171464
0.4758295948778245	0.31711275212265333
0.3893151230818564	0.44395785297171464
0.3893151230818564	0.47566912818398
0.12977170769395213	0.285401476910388
0.34605788718387237	0.15855637606132666
0.17302894359193619	0.03171127521226533
0.25954341538790426	0.190267651273592
0.3028006512858883	0.34882402733491863
0.2162861794899202	0.44395785297171464
0.2162861794899202	0.285401476910388
0.25954341538790426	0.44395785297171464
0.34605788718387237	0.22197892648585732
0.17302894359193619	0.190267651273592
0.3893151230818564	0.22197892648585732
0.12977170769395213	0.22197892648585732
0.2162861794899202	0.22197892648585732
0.3893151230818564	0.190267651273592
0.12977170769395213	0.190267651273592
0.3893151230818564	0.31711275212265333
0.4758295948778245	0.15855637606132666
0.3028006512858883	0.15855637606132666
0.3893151230818564	0.285401476910388
0.25954341538790426	0.285401476910388
0.4325723589798404	0.285401476910388
0.25954341538790426	0.2536902016981226
0.043257235897984046	0.15855637606132666
0.3028006512858883	0.2536902016981226
0.043257235897984046	0.1268451008490613
0.3028006512858883	0.31711275212265333
0.4325723589798404	0.2536902016981226
0.08651447179596809	0.190267651273592
0.2162861794899202	0.15855637606132666
0.2162861794899202	0.095133825636796
0.17302894359193619	0.2536902016981226
0.0	0.15855637606132666
0.0	0.03171127521226533
0.17302894359193619	0.06342255042453065
0.2162861794899202	0.22197892648585732
0.17302894359193619	0.380535302547184
0.2162861794899202	0.2536902016981226
0.043257235897984046	0.06342255042453065
0.17302894359193619	0.1268451008490613
0.043257235897984046	0.1268451008490613
0.12977170769395213	0.190267651273592
0.17302894359193619	0.095133825636796
0.2162861794899202	0.15855637606132666
0.34605788718387237	0.31711275212265333
0.25954341538790426	0.15855637606132666
0.2162861794899202	0.34882402733491863
0.0	0.095133825636796
0.12977170769395213	0.190267651273592
0.25954341538790426	0.285401476910388
0.25954341538790426	0.2536902016981226
0.17302894359193619	0.15855637606132666
0.2162861794899202	0.190267651273592
0.6056013025717766	0.4122465777594493
0.7353730102657289	0.5073804033962452
0.3028006512858883	0.6025142290330413
0.4325723589798404	0.285401476910388
0.3893151230818564	0.15855637606132666
0.5623440666737926	0.2536902016981226
0.3028006512858883	0.34882402733491863
0.3893151230818564	0.44395785297171464
0.4325723589798404	0.2536902016981226
0.6488585384697607	0.44395785297171464
0.3028006512858883	0.34882402733491863
0.4758295948778245	0.190267651273592
0.3028006512858883	0.31711275212265333
0.4758295948778245	0.7293593298821026
0.3893151230818564	0.5073804033962452
0.3028006512858883	0.285401476910388
0.3893151230818564	0.2536902016981226
0.3893151230818564	0.4122465777594493
0.4325723589798404	0.34882402733491863
0.34605788718387237	0.4122465777594493
0.12977170769395213	0.31711275212265333
0.12977170769395213	0.31711275212265333
0.34605788718387237	0.4122465777594493
0.25954341538790426	0.2536902016981226
0.25954341538790426	0.2536902016981226
0.3893151230818564	0.285401476910388
0.34605788718387237	0.190267651273592
0.17302894359193619	0.190267651273592
0.34605788718387237	0.22197892648585732
0.17302894359193619	0.285401476910388
0.25954341538790426	0.15855637606132666
0.4758295948778245	0.31711275212265333
0.3028006512858883	0.31711275212265333
0.12977170769395213	0.190267651273592
0.12977170769395213	0.15855637606132666
0.34605788718387237	0.1268451008490613
0.17302894359193619	0.15855637606132666
0.17302894359193619	0.285401476910388
0.12977170769395213	0.285401476910388
0.25954341538790426	0.380535302547184
0.2162861794899202	0.22197892648585732
0.12977170769395213	0.34882402733491863
0.17302894359193619	0.31711275212265333
0.08651447179596809	0.22197892648585732
0.34605788718387237	0.570802953820776
0.17302894359193619	0.34882402733491863
0.34605788718387237	0.22197892648585732
0.3028006512858883	0.2536902016981226
0.4758295948778245	0.44395785297171464
0.25954341538790426	0.380535302547184
0.12977170769395213	0.190267651273592
0.3028006512858883	0.2536902016981226
0.25954341538790426	0.22197892648585732
0.25954341538790426	0.190267651273592
0.25954341538790426	0.44395785297171464
0.3893151230818564	0.15855637606132666
0.2162861794899202	0.285401476910388
0.12977170769395213	0.285401476910388
0.25954341538790426	0.1268451008490613
0.17302894359193619	0.2536902016981226
0.25954341538790426	0.34882402733491863
0.4758295948778245	0.34882402733491863
0.3893151230818564	0.34882402733491863
0.25954341538790426	0.2536902016981226
0.08651447179596809	0.15855637606132666
0.17302894359193619	0.22197892648585732
0.2162861794899202	0.1268451008490613
0.3028006512858883	0.380535302547184
0.25954341538790426	0.31711275212265333
0.25954341538790426	0.095133825636796
0.17302894359193619	0.2536902016981226
0.4325723589798404	0.1268451008490613
0.2162861794899202	0.47566912818398
0.34605788718387237	0.31711275212265333
0.3893151230818564	0.1268451008490613
0.25954341538790426	0.095133825636796
0.17302894359193619	0.190267651273592
0.25954341538790426	0.285401476910388
0.34605788718387237	0.285401476910388
0.17302894359193619	0.190267651273592
0.17302894359193619	0.190267651273592
0.2162861794899202	0.1268451008490613
0.3028006512858883	0.2536902016981226
