WT	KO
0.10341579824008698	0.11997493456702456
0.14295713286129672	0.12854457275038347
0.1338322094871714	0.12425975365870402
0.14295713286129672	0.10712047729198623
0.1338322094871714	0.11569011547534512
0.1490404151107136	0.14568384911710125
0.1338322094871714	0.1413990300254218
0.12166564498833762	0.12854457275038347
0.13079056836246297	0.15425348730046015
0.1338322094871714	0.11997493456702456
0.15512369736013049	0.14568384911710125
0.13079056836246297	0.14568384911710125
0.13687385061187984	0.1413990300254218
0.16729026185896423	0.11569011547534512
0.15512369736013049	0.16282312548381905
0.13079056836246297	0.13711421093374238
0.15512369736013049	0.09855083910862732
0.11862400386362919	0.1413990300254218
0.13079056836246297	0.16282312548381905
0.13991549173658827	0.15853830639213962
0.2007483142307571	0.15425348730046015
0.1581653384848389	0.11569011547534512
0.20987323760488238	0.11997493456702456
0.14295713286129672	0.15425348730046015
0.14295713286129672	0.15853830639213962
0.14295713286129672	0.21424095458397246
0.18249846748250645	0.17996240185053683
0.13991549173658827	0.1413990300254218
0.1490404151107136	0.17139276366717796
0.14599877398600514	0.1328293918420629
0.17033190298367268	0.1413990300254218
0.15512369736013049	0.19710167821725463
0.14599877398600514	0.17139276366717796
0.13991549173658827	0.13711421093374238
0.14295713286129672	0.15853830639213962
0.16424862073425578	0.1756775827588574
0.16120697960954736	0.1756775827588574
0.1490404151107136	0.11997493456702456
0.2007483142307571	0.11997493456702456
0.14599877398600514	0.16710794457549852
0.17641518523308955	0.17139276366717796
0.14295713286129672	0.15853830639213962
0.15512369736013049	0.20567131640061354
0.1581653384848389	0.15425348730046015
0.14599877398600514	0.17139276366717796
0.17337354410838113	0.16710794457549852
0.1581653384848389	0.15853830639213962
0.17641518523308955	0.1413990300254218
0.16120697960954736	0.16710794457549852
0.16120697960954736	0.19710167821725463
0.16120697960954736	0.15853830639213962
0.15208205623542204	0.10712047729198623
0.17033190298367268	0.12425975365870402
0.17641518523308955	0.1499686682087807
0.14295713286129672	0.1499686682087807
0.17641518523308955	0.1756775827588574
0.17033190298367268	0.15853830639213962
0.15208205623542204	0.1328293918420629
0.1490404151107136	0.1328293918420629
0.1581653384848389	0.18853204003389576
0.17337354410838113	0.12854457275038347
0.13991549173658827	0.16710794457549852
0.18554010860721487	0.11997493456702456
0.19770667310604864	0.14568384911710125
0.19162339085663177	0.17996240185053683
0.1581653384848389	0.19710167821725463
0.12470728611304606	0.12854457275038347
0.1277489272377545	0.1499686682087807
0.17641518523308955	0.2013864973089341
0.21595651985429926	0.15853830639213962
0.1581653384848389	0.1756775827588574
0.179456826357798	0.11569011547534512
0.16729026185896423	0.15853830639213962
0.15208205623542204	0.1413990300254218
0.18554010860721487	0.20567131640061354
0.20987323760488238	0.16282312548381905
0.18858174973192332	0.16710794457549852
0.16120697960954736	0.16710794457549852
0.16729026185896423	0.13711421093374238
0.18554010860721487	0.18853204003389576
0.17641518523308955	0.17139276366717796
0.13991549173658827	0.19710167821725463
0.15512369736013049	0.1928168591255752
0.1490404151107136	0.18424722094221632
0.17337354410838113	0.1928168591255752
0.1581653384848389	0.15425348730046015
0.20683159648017396	0.17139276366717796
0.18858174973192332	0.22709541185901078
0.17337354410838113	0.16710794457549852
0.16120697960954736	0.1413990300254218
0.10037415711537855	0.11140529638366567
0.18858174973192332	0.1328293918420629
0.16729026185896423	0.18424722094221632
0.13991549173658827	0.16282312548381905
0.15208205623542204	0.1328293918420629
0.11862400386362919	0.1328293918420629
0.14295713286129672	0.08569638183358898
0.21595651985429926	0.17996240185053683
0.2007483142307571	0.20995613549229297
0.17337354410838113	0.17996240185053683
0.22203980210371618	0.18853204003389576
0.20987323760488238	0.19710167821725463
0.18858174973192332	0.1928168591255752
0.10645743936479542	0.09426602001694788
0.12470728611304606	0.09426602001694788
0.11862400386362919	0.12854457275038347
0.16424862073425578	0.09855083910862732
0.16120697960954736	0.15853830639213962
0.16424862073425578	0.11140529638366567
0.09429087486596166	0.09426602001694788
0.13687385061187984	0.09426602001694788
0.1338322094871714	0.11997493456702456
0.179456826357798	0.2013864973089341
0.18554010860721487	0.16710794457549852
0.16120697960954736	0.17139276366717796
0.179456826357798	0.15853830639213962
0.1490404151107136	0.1499686682087807
0.16729026185896423	0.1413990300254218
0.17641518523308955	0.17139276366717796
0.16120697960954736	0.17139276366717796
0.1581653384848389	0.12854457275038347
0.13079056836246297	0.1413990300254218
0.16120697960954736	0.12425975365870402
0.17641518523308955	0.22709541185901078
0.1490404151107136	0.15425348730046015
0.12166564498833762	0.20567131640061354
0.16120697960954736	0.13711421093374238
0.13079056836246297	0.13711421093374238
0.15512369736013049	0.1413990300254218
0.18858174973192332	0.1499686682087807
0.17033190298367268	0.15425348730046015
0.16729026185896423	0.19710167821725463
0.21595651985429926	0.1756775827588574
0.17337354410838113	0.17996240185053683
0.18249846748250645	0.13711421093374238
0.19162339085663177	0.1328293918420629
0.13991549173658827	0.11997493456702456
0.1581653384848389	0.16710794457549852
0.18554010860721487	0.15853830639213962
0.2007483142307571	0.17139276366717796
0.18858174973192332	0.1756775827588574
0.16424862073425578	0.15853830639213962
0.16424862073425578	0.14568384911710125
0.16424862073425578	0.15425348730046015
0.13687385061187984	0.16710794457549852
0.14599877398600514	0.1499686682087807
0.13687385061187984	0.11997493456702456
0.14295713286129672	0.1413990300254218
0.179456826357798	0.1499686682087807
0.2007483142307571	0.15425348730046015
0.13991549173658827	0.1413990300254218
0.179456826357798	0.22281059276733134
0.17337354410838113	0.17139276366717796
0.16729026185896423	0.16710794457549852
0.16424862073425578	0.1499686682087807
0.1490404151107136	0.15425348730046015
0.1581653384848389	0.1413990300254218
0.16729026185896423	0.13711421093374238
0.179456826357798	0.17139276366717796
0.14599877398600514	0.12425975365870402
0.1277489272377545	0.19710167821725463
0.13687385061187984	0.1413990300254218
0.14599877398600514	0.1499686682087807
0.13991549173658827	0.08998120092526841
0.13079056836246297	0.11140529638366567
0.15512369736013049	0.16710794457549852
0.1490404151107136	0.10283565820030677
0.179456826357798	0.14568384911710125
0.11558236273892075	0.12425975365870402
0.15512369736013049	0.13711421093374238
0.179456826357798	0.16710794457549852
0.12470728611304606	0.1499686682087807
0.11254072161421232	0.13711421093374238
0.14599877398600514	0.1413990300254218
0.12470728611304606	0.11997493456702456
0.179456826357798	0.15425348730046015
0.13687385061187984	0.12425975365870402
0.15208205623542204	0.11569011547534512
0.13079056836246297	0.11569011547534512
0.11558236273892075	0.12854457275038347
0.14295713286129672	0.14568384911710125
0.1338322094871714	0.1499686682087807
0.1338322094871714	0.11997493456702456
0.13991549173658827	0.17139276366717796
0.1490404151107136	0.15853830639213962
0.13687385061187984	0.15853830639213962
0.1338322094871714	0.1499686682087807
0.13079056836246297	0.14568384911710125
0.11862400386362919	0.1413990300254218
0.12166564498833762	0.10712047729198623
0.12470728611304606	0.1413990300254218
0.13687385061187984	0.15425348730046015
0.15208205623542204	0.16710794457549852
0.17033190298367268	0.17996240185053683
0.14599877398600514	0.1499686682087807
0.14295713286129672	0.12854457275038347
0.13687385061187984	0.12854457275038347
0.12470728611304606	0.1413990300254218
0.1490404151107136	0.1756775827588574
0.12166564498833762	0.15853830639213962
