WT	KO
0.21144067335688735	0.23533260718180835
0.20659852053192043	0.2421538421725854
0.20175636770695354	0.23533260718180835
0.20256339317778138	0.26034380214799085
0.20094934223612573	0.252385694658751
0.22273902994847675	0.2592069296495281
0.23565143748172174	0.2819443796187849
0.2162828261818542	0.26716503713876794
0.23403738654006614	0.295586849600339
0.24614276860248335	0.27853376212339637
0.22273902994847675	0.2501119496618253
0.2203179535359933	0.25124882216028815
0.25017789595662243	0.30468182958804174
0.23726548842337739	0.30354495708957885
0.22516010636096015	0.2580700571510652
0.2203179535359933	0.25124882216028815
0.22838820824427145	0.25124882216028815
0.24533574313165554	0.28421812461571055
0.2493708704857946	0.2967237220988018
0.24775681954413895	0.28762874211109907
0.22273902994847675	0.28762874211109907
0.25905517613572837	0.2933131046034133
0.25259897236910583	0.3080924470834303
0.26873948178566215	0.3069555745849674
0.25179194689827805	0.273986272129545
0.25663409972324497	0.3001343395941904
0.25259897236910583	0.3092293195818931
0.25582707425241713	0.31150306457881877
0.25986220160655615	0.31718742707113295
0.2727746091398012	0.3296930245542243
0.26228327801903967	0.3058187020865046
0.24856384501496678	0.3524304745234811
0.2727746091398012	0.3069555745849674
0.29295024591049657	0.3433354945357784
0.27923081290642376	0.3194611720680587
0.2719675836689734	0.31718742707113295
0.2493708704857946	0.29899746709572755
0.26147625254821183	0.3137768095757445
0.26712543084400653	0.3080924470834303
0.25421302331076145	0.31718742707113295
0.25905517613572837	0.3080924470834303
0.28165188931890717	0.30468182958804174
0.29859942420629126	0.31036619208035593
0.27600271102311247	0.34560923953270406
0.2937572713813244	0.32855615205576144
0.23565143748172174	0.2864918696126363
0.25824815066490053	0.31718742707113295
0.28487999120221846	0.3467461120311669
0.30263455156043034	0.35925170951425817
0.30263455156043034	0.3706204344988866
0.2945642968521522	0.32855615205576144
0.2897221440271853	0.3547042195204068
0.3066696789145694	0.3433354945357784
0.29537132232298	0.3922210119696806
0.282458914789735	0.3160505545726702
0.3107048062687085	0.34106174953885265
0.30989778079788066	0.3319667695511499
0.3058626534437416	0.3728941794958123
0.33975772321850983	0.3660729445050352
0.3244242392727813	0.3558410920188696
0.3058626534437416	0.35925170951425817
0.28730106761470187	0.3785785419881265
0.30828372985622504	0.3774416694896637
0.3058626534437416	0.38312603198197787
0.2889151185563575	0.3160505545726702
0.29859942420629126	0.3637991995081095
0.27600271102311247	0.3251455345603729
0.3090907553270528	0.35811483701579533
0.3244242392727813	0.3865366494773663
0.3203891119186422	0.3547042195204068
0.2776167619647681	0.353567347021944
0.29537132232298	0.32855615205576144
0.2977923987354634	0.35811483701579533
0.3316874685102316	0.3785785419881265
0.36558253828499987	0.3728941794958123
0.31554695909367536	0.3922210119696806
0.33410854492271513	0.3842629044804407
0.3413717741601654	0.3876735219758292
0.351863105280927	0.36266232700964673
0.3373366468060263	0.3967685019635319
0.3349155703935429	0.3842629044804407
0.3123188572103641	0.360388582012721
0.30828372985622504	0.33765113204346414
0.25421302331076145	0.2819443796187849
0.23726548842337739	0.2717125271326193
0.2154758007110264	0.24897507716336245
0.24452871766082773	0.29899746709572755
0.25017789595662243	0.2717125271326193
0.21144067335688735	0.26716503713876794
0.2049844695902648	0.24329071467104826
0.28487999120221846	0.3467461120311669
0.3728457675224502	0.45588587188359975
0.35509120716423825	0.4342852944128057
0.2921432204396687	0.3399248770403898
0.17996667999460259	0.22396388219717994
0.24452871766082773	0.2694387821356936
0.3752668439349336	0.41495846193893743
0.4196532448304634	0.461570234375914
0.282458914789735	0.2967237220988018
0.11701869327003307	0.10913975985243285
0.11863274421168869	0.12846659232630117
0.26470435443152307	0.2921762321049505
0.4123900155930131	0.461570234375914
0.3631614618725164	0.4445171468989713
0.2300022591859271	0.27739688962493353
0.20659852053192043	0.22282700969871708
0.317161010035331	0.3240086620619101
0.3526701307517548	0.4195059519327888
0.37768792034741705	0.4342852944128057
0.260669227077384	0.2921762321049505
0.1977212403528145	0.2341957346833455
0.21951092806516545	0.25352256715721383
0.23403738654006614	0.29444997710187615
0.24614276860248335	0.2910393596064876
0.2219320044776489	0.2626175471449166
0.2219320044776489	0.25693318465260234
0.26147625254821183	0.33310364204961274
0.29052916949801316	0.3433354945357784
0.28649404214387403	0.3240086620619101
0.3236172138019535	0.3797154144865893
0.3462139269851323	0.3967685019635319
0.34782797792678793	0.3763047969912008
0.33249449398105946	0.39108413947121773
0.33652962133519854	0.39904224696045765
0.3179680355061588	0.36948356200042376
0.33652962133519854	0.3979053744619948
0.35428418169341047	0.3876735219758292
0.330073417568576	0.3706204344988866
0.30747670438539726	0.36948356200042376
0.29052916949801316	0.353567347021944
0.3228101883311257	0.35129360202501825
0.3066696789145694	0.3558410920188696
0.2945642968521522	0.34106174953885265
0.28084486384807933	0.33424051454807563
0.3066696789145694	0.32855615205576144
0.3050556279729138	0.35811483701579533
0.29133619496884094	0.360388582012721
0.31554695909367536	0.34560923953270406
0.29859942420629126	0.33424051454807563
0.2840729657313906	0.33310364204961274
0.28165188931890717	0.35129360202501825
0.28487999120221846	0.3080924470834303
0.28730106761470187	0.3524304745234811
0.29537132232298	0.3478829845296297
0.2550200487815893	0.3012712120926532
0.27519568555228463	0.32287178956344725
0.26309030348986745	0.3183242995695958
0.2832659402605628	0.3421986220373155
0.24614276860248335	0.3012712120926532
0.26873948178566215	0.31491368207420734
0.27923081290642376	0.3308298970526871
0.25986220160655615	0.32741927955729855
0.24533574313165554	0.3251455345603729
0.25259897236910583	0.3092293195818931
0.26147625254821183	0.3251455345603729
0.2945642968521522	0.3001343395941904
0.26147625254821183	0.28080750712032204
0.25905517613572837	0.2683019096372308
0.24291466671917208	0.295586849600339
0.26309030348986745	0.3001343395941904
0.2800378383772515	0.3137768095757445
0.24291466671917208	0.302408084591116
0.24856384501496678	0.2921762321049505
0.260669227077384	0.2626175471449166
0.21870390259433767	0.2933131046034133
0.24614276860248335	0.3092293195818931
0.28487999120221846	0.3319667695511499
0.2550200487815893	0.3058187020865046
0.25017789595662243	0.3080924470834303
0.23403738654006614	0.28762874211109907
0.26147625254821183	0.3092293195818931
0.26551137990235085	0.3126399370772816
0.25824815066490053	0.3205980445665215
0.24694979407331114	0.2921762321049505
0.24533574313165554	0.295586849600339
0.22919523371509926	0.273986272129545
0.23645846295254955	0.2921762321049505
0.2332303610692383	0.3058187020865046
0.23080928465675485	0.2626175471449166
0.2380725138942052	0.29444997710187615
0.23484441201089395	0.2864918696126363
0.2203179535359933	0.2694387821356936
0.2162828261818542	0.2683019096372308
0.23645846295254955	0.24783820466489964
0.2211249790068211	0.25465943965567667
0.23080928465675485	0.2501119496618253
0.21708985165268205	0.2683019096372308
0.21789687712350986	0.2717125271326193
0.22435308089013237	0.26489129214184226
0.2203179535359933	0.25465943965567667
0.22435308089013237	0.2614806746464537
0.22354605541930456	0.2421538421725854
0.21870390259433767	0.24556445966797394
0.22354605541930456	0.24897507716336245
0.20740554600274824	0.24670133216643678
0.19691421488198668	0.20918453971716297
0.2275811827734436	0.24556445966797394
0.21224769882771516	0.2660281646403051
0.20256339317778138	0.23646947968027118
0.204177444119437	0.23533260718180835
