WT	KO
0.21494677138169085	0.1992926991106838
0.1640383255281325	0.22995311435848131
0.22060326536541955	0.2197329759425488
0.18666430146304733	0.19418262990271756
0.1810078074793186	0.18907256069475128
0.22060326536541955	0.16352221465492006
0.21494677138169085	0.1992926991106838
0.2036337834142334	0.23506318356644756
0.2545422292677918	0.17374235307085256
0.22625975934914824	0.2197329759425488
0.2036337834142334	0.2197329759425488
0.17535131349558988	0.17374235307085256
0.19232079544677602	0.24017325277441381
0.22060326536541955	0.2503933911903463
0.24322924130033435	0.22484304515051506
0.21494677138169085	0.24528332198238006
0.19797728943050472	0.2606135296062788
0.18666430146304733	0.2197329759425488
0.21494677138169085	0.1992926991106838
0.2601987232515205	0.2606135296062788
0.20929027739796213	0.20440276831865006
0.22060326536541955	0.2912739448540763
0.1810078074793186	0.27083366802221137
0.18666430146304733	0.18396249148678503
0.24322924130033435	0.18396249148678503
0.22625975934914824	0.24528332198238006
0.21494677138169085	0.2197329759425488
0.2036337834142334	0.2503933911903463
0.17535131349558988	0.24017325277441381
0.20929027739796213	0.24017325277441381
0.24888573528406308	0.25550346039831257
0.30545067512135016	0.24017325277441381
0.2036337834142334	0.2095128375266163
0.20929027739796213	0.25550346039831257
0.23191625333287696	0.2503933911903463
0.22625975934914824	0.18396249148678503
0.2715117112189779	0.2606135296062788
0.2036337834142334	0.2095128375266163
0.28282469918643527	0.22484304515051506
0.24888573528406308	0.3014940832700088
0.23757274731660566	0.2759437372301776
0.24888573528406308	0.2810538064381438
0.24888573528406308	0.29638401406204257
0.24322924130033435	0.21462290673458256
0.19232079544677602	0.24528332198238006
0.2771682052027066	0.2606135296062788
0.23757274731660566	0.2759437372301776
0.2658552172352492	0.26572359881424507
0.288481193170164	0.25550346039831257
0.2658552172352492	0.22995311435848131
0.24888573528406308	0.23506318356644756
0.24322924130033435	0.31682429089390757
0.23757274731660566	0.26572359881424507
0.2715117112189779	0.3014940832700088
0.24888573528406308	0.3014940832700088
0.2771682052027066	0.2503933911903463
0.21494677138169085	0.24528332198238006
0.22625975934914824	0.24017325277441381
0.29979418113762146	0.2759437372301776
0.19797728943050472	0.2912739448540763
0.2036337834142334	0.31682429089390757
0.2601987232515205	0.2606135296062788
0.23191625333287696	0.22484304515051506
0.2036337834142334	0.2503933911903463
0.24322924130033435	0.2759437372301776
0.2601987232515205	0.2197329759425488
0.23191625333287696	0.23506318356644756
0.23191625333287696	0.2759437372301776
0.23191625333287696	0.30660415247797507
0.3337331450399937	0.3117142216859413
0.2715117112189779	0.22484304515051506
0.28282469918643527	0.2503933911903463
0.21494677138169085	0.2197329759425488
0.2658552172352492	0.22995311435848131
0.23191625333287696	0.2912739448540763
0.22060326536541955	0.22995311435848131
0.21494677138169085	0.19418262990271756
0.2715117112189779	0.2759437372301776
0.2715117112189779	0.24017325277441381
0.2601987232515205	0.29638401406204257
0.20929027739796213	0.24528332198238006
0.20929027739796213	0.2197329759425488
0.2545422292677918	0.24017325277441381
0.24322924130033435	0.26572359881424507
0.2941376871538927	0.30660415247797507
0.288481193170164	0.3270444293098401
0.21494677138169085	0.2759437372301776
0.2715117112189779	0.2606135296062788
0.24888573528406308	0.23506318356644756
0.19797728943050472	0.20440276831865006
0.15838183154440377	0.15841214544695378
0.22060326536541955	0.18396249148678503
0.18666430146304733	0.2912739448540763
0.2715117112189779	0.21462290673458256
0.1810078074793186	0.19418262990271756
0.1810078074793186	0.19418262990271756
0.18666430146304733	0.1992926991106838
0.2715117112189779	0.2912739448540763
0.2601987232515205	0.24528332198238006
0.29979418113762146	0.3270444293098401
0.328076651056265	0.3321544985178064
0.31110716910507885	0.2197329759425488
0.17535131349558988	0.26572359881424507
0.15838183154440377	0.1788524222788188
0.1696948195118612	0.16352221465492006
0.1810078074793186	0.22484304515051506
0.23757274731660566	0.24528332198238006
0.21494677138169085	0.25550346039831257
0.24888573528406308	0.23506318356644756
0.19797728943050472	0.1379718686150888
0.24888573528406308	0.23506318356644756
0.24322924130033435	0.2197329759425488
0.24888573528406308	0.2503933911903463
0.28282469918643527	0.30660415247797507
0.23191625333287696	0.22484304515051506
0.2545422292677918	0.27083366802221137
0.28282469918643527	0.2503933911903463
0.20929027739796213	0.2912739448540763
0.21494677138169085	0.22995311435848131
0.22625975934914824	0.21462290673458256
0.23757274731660566	0.2912739448540763
0.288481193170164	0.27083366802221137
0.24322924130033435	0.26572359881424507
0.2545422292677918	0.2503933911903463
0.24322924130033435	0.27083366802221137
0.288481193170164	0.27083366802221137
0.288481193170164	0.31682429089390757
0.24322924130033435	0.24528332198238006
0.23191625333287696	0.2606135296062788
0.23757274731660566	0.2606135296062788
0.24322924130033435	0.1992926991106838
0.2545422292677918	0.2197329759425488
0.20929027739796213	0.23506318356644756
0.23191625333287696	0.2197329759425488
0.23757274731660566	0.22995311435848131
0.17535131349558988	0.21462290673458256
0.2545422292677918	0.23506318356644756
0.22060326536541955	0.24528332198238006
0.2601987232515205	0.22995311435848131
0.2545422292677918	0.27083366802221137
0.24888573528406308	0.2912739448540763
0.23757274731660566	0.2606135296062788
0.22060326536541955	0.18396249148678503
0.21494677138169085	0.28616387564611007
0.23191625333287696	0.2759437372301776
0.2036337834142334	0.27083366802221137
0.2036337834142334	0.24017325277441381
0.2771682052027066	0.22484304515051506
0.22625975934914824	0.28616387564611007
0.22625975934914824	0.26572359881424507
0.20929027739796213	0.27083366802221137
0.19797728943050472	0.2503933911903463
0.22060326536541955	0.22484304515051506
0.2036337834142334	0.2503933911903463
0.23191625333287696	0.27083366802221137
0.19232079544677602	0.2759437372301776
0.22060326536541955	0.24528332198238006
0.2036337834142334	0.21462290673458256
0.14141234959321763	0.24528332198238006
0.18666430146304733	0.26572359881424507
0.18666430146304733	0.2197329759425488
0.22625975934914824	0.27083366802221137
0.1640383255281325	0.24017325277441381
0.22060326536541955	0.1788524222788188
0.19797728943050472	0.22995311435848131
0.22060326536541955	0.26572359881424507
0.24888573528406308	0.18907256069475128
0.21494677138169085	0.20440276831865006
0.20929027739796213	0.25550346039831257
0.13575585560948894	0.1788524222788188
0.19232079544677602	0.2197329759425488
0.14706884357694636	0.16352221465492006
0.15838183154440377	0.2197329759425488
0.22060326536541955	0.23506318356644756
0.24888573528406308	0.22995311435848131
0.22625975934914824	0.2503933911903463
0.2036337834142334	0.1788524222788188
0.13575585560948894	0.22484304515051506
0.17535131349558988	0.22484304515051506
0.24888573528406308	0.2759437372301776
0.19232079544677602	0.24528332198238006
0.15838183154440377	0.15841214544695378
0.17535131349558988	0.17374235307085256
0.21494677138169085	0.22995311435848131
0.20929027739796213	0.1992926991106838
0.19797728943050472	0.2095128375266163
0.18666430146304733	0.18907256069475128
0.14141234959321763	0.1686322838628863
0.24888573528406308	0.24528332198238006
0.15838183154440377	0.22484304515051506
0.2545422292677918	0.24017325277441381
0.17535131349558988	0.22995311435848131
0.22060326536541955	0.22484304515051506
0.22060326536541955	0.2095128375266163
0.12444286764203154	0.14308193782305503
0.22625975934914824	0.22995311435848131
0.21494677138169085	0.2503933911903463
0.18666430146304733	0.1992926991106838
0.1640383255281325	0.18907256069475128
0.1810078074793186	0.15330207623898753
