WT	KO
0.16745260568047324	0.1826734650199107
0.1958879538148932	0.19551769302912314
0.19114872912582323	0.17839205568350652
0.20694614475605655	0.20836192103833562
0.19114872912582323	0.18124632857444264
0.18798924599977654	0.2026533752564634
0.17219183036954322	0.20122623881099536
0.21168536944512653	0.2269146948294203
0.1816702797476832	0.17411064634710238
0.21326511100814988	0.2026533752564634
0.17535131349558988	0.1826734650199107
0.17219183036954322	0.18980914724725093
0.2243233019493132	0.1969448294745912
0.20378666163000986	0.2026533752564634
0.2053664031930332	0.218351876156612
0.2290625266383832	0.2297689677203564
0.21326511100814988	0.22263328549301614
0.22748278507535988	0.2026533752564634
0.21800433569721986	0.218351876156612
0.20220692006698654	0.2126433303747398
0.23222200976442986	0.2212061490475481
0.20378666163000986	0.2112161939292717
0.23538149289047652	0.20693478459286757
0.22590304351233653	0.20408051170193145
0.21326511100814988	0.21407046682020783
0.20220692006698654	0.23119610416582448
0.2053664031930332	0.20836192103833562
0.2290625266383832	0.18410060146537874
0.20378666163000986	0.21407046682020783
0.19114872912582323	0.2112161939292717
0.21642459413419654	0.2026533752564634
0.22274356038628987	0.24546746862050497
0.21958407726024318	0.2240604219384842
0.21958407726024318	0.24546746862050497
0.23222200976442986	0.23690464994769667
0.22116381882326655	0.23975892283863276
0.23222200976442986	0.21549760326567588
0.23538149289047652	0.2297689677203564
0.24170045914256988	0.22834183127488836
0.25275865008373316	0.2212061490475481
0.25117890852070984	0.23547751350222862
0.24801942539466318	0.25688456018424943
0.2590776163358265	0.22834183127488836
0.2669763241509432	0.23547751350222862
0.2669763241509432	0.25403028729331334
0.24485994226861652	0.23833178639316474
0.27487503196605984	0.25688456018424943
0.22274356038628987	0.22548755838395226
0.2685560657139665	0.2411860592841008
0.24959916695768652	0.2511760144023772
0.2590776163358265	0.2597388330751855
0.23064226820140651	0.26972878819346185
0.25117890852070984	0.26402024241158967
0.25591813320977985	0.25403028729331334
0.25749787477280317	0.2711559246389299
0.24801942539466318	0.23690464994769667
0.2622370994618732	0.23690464994769667
0.27961425665512984	0.2625931059661216
0.2638168410248965	0.26402024241158967
0.2653965825879198	0.24832174151144107
0.30489012166350316	0.28257301620267433
0.2401207175795465	0.24261319572956888
0.27803451509210647	0.274010197529866
0.28435348134419985	0.2625931059661216
0.2827737397811765	0.28257301620267433
0.24959916695768652	0.2654473788570577
0.24485994226861652	0.24261319572956888
0.23380175132745318	0.23405037705676057
0.2859332229072231	0.274010197529866
0.2638168410248965	0.274010197529866
0.25591813320977985	0.30683433577563124
0.27487503196605984	0.25260315084784524
0.28435348134419985	0.2754373339753341
0.2653965825879198	0.274010197529866
0.29541167228536314	0.2897086984300146
0.30331038010047984	0.29684438065735486
0.2701358072769898	0.2754373339753341
0.27487503196605984	0.2711559246389299
0.27487503196605984	0.23975892283863276
0.24485994226861652	0.23405037705676057
0.2827737397811765	0.2797187433117382
0.2717155488400132	0.28685442553907853
0.2685560657139665	0.26972878819346185
0.24485994226861652	0.26687451530252576
0.24170045914256988	0.2440403321750369
0.2764547735290832	0.274010197529866
0.2938319307223398	0.2797187433117382
0.2685560657139665	0.2654473788570577
0.24959916695768652	0.2954172442118868
0.24801942539466318	0.23119610416582448
0.27961425665512984	0.29969865354829095
0.2622370994618732	0.2683016517479938
0.25749787477280317	0.25403028729331334
0.25117890852070984	0.2625931059661216
0.2969914138483865	0.31682429089390757
0.30331038010047984	0.2625931059661216
0.25591813320977985	0.2240604219384842
0.1563944147393099	0.1555578725560177
0.2875129644702465	0.2782916068662702
0.42495048045327644	0.3724826122671616
0.3633405594953664	0.3425127469123325
0.3901961660667631	0.3910353860582463
0.27487503196605984	0.29399010776641876
0.16271338099140326	0.15698500900148574
0.2701358072769898	0.25260315084784524
0.3175280541676898	0.26972878819346185
0.35702159324327315	0.33965847402139643
0.27803451509210647	0.2711559246389299
0.20852588631907987	0.2212061490475481
0.27487503196605984	0.26687451530252576
0.29541167228536314	0.3111157451120354
0.24643968383163983	0.2768644704208021
0.2653965825879198	0.23690464994769667
0.2622370994618732	0.22834183127488836
0.25117890852070984	0.26972878819346185
0.30804960478954985	0.29399010776641876
0.24801942539466318	0.2583116966297174
0.2401207175795465	0.23262324061129253
0.24959916695768652	0.23119610416582448
0.2401207175795465	0.25688456018424943
0.3270065035458298	0.25403028729331334
0.3143685710416431	0.27258306108439795
0.2653965825879198	0.27258306108439795
0.24485994226861652	0.2583116966297174
0.2969914138483865	0.2711559246389299
0.2638168410248965	0.2511760144023772
0.2590776163358265	0.25403028729331334
0.24801942539466318	0.2583116966297174
0.2938319307223398	0.2797187433117382
0.2859332229072231	0.2240604219384842
0.2590776163358265	0.2625931059661216
0.2859332229072231	0.2797187433117382
0.23222200976442986	0.2212061490475481
0.25275865008373316	0.28257301620267433
0.2685560657139665	0.2683016517479938
0.24485994226861652	0.2611659695206536
0.28435348134419985	0.2911358348754826
0.2385409760165232	0.2440403321750369
0.2622370994618732	0.23833178639316474
0.27803451509210647	0.2511760144023772
0.2859332229072231	0.2440403321750369
0.2717155488400132	0.26687451530252576
0.2590776163358265	0.2597388330751855
0.23380175132745318	0.23975892283863276
0.23696123445349987	0.2411860592841008
0.24643968383163983	0.25545742373878133
0.2290625266383832	0.25545742373878133
0.2622370994618732	0.2683016517479938
0.23064226820140651	0.20836192103833562
0.22590304351233653	0.2411860592841008
0.21168536944512653	0.20693478459286757
0.2101056278821032	0.23547751350222862
0.23538149289047652	0.22548755838395226
0.2053664031930332	0.2269146948294203
0.2290625266383832	0.22834183127488836
0.24485994226861652	0.23119610416582448
0.24170045914256988	0.23975892283863276
0.21800433569721986	0.2212061490475481
0.23538149289047652	0.2511760144023772
0.2432802007055932	0.25688456018424943
0.23696123445349987	0.2440403321750369
0.23222200976442986	0.21692473971114393
0.21168536944512653	0.20550764814739952
0.21326511100814988	0.218351876156612
0.2290625266383832	0.25260315084784524
0.2243233019493132	0.24974887795690914
0.2101056278821032	0.20836192103833562
0.2290625266383832	0.23547751350222862
0.23380175132745318	0.2126433303747398
0.23696123445349987	0.23833178639316474
0.21642459413419654	0.21977901260208005
0.1958879538148932	0.2269146948294203
0.2717155488400132	0.22263328549301614
0.22590304351233653	0.24974887795690914
0.23538149289047652	0.23547751350222862
0.23380175132745318	0.20693478459286757
0.23064226820140651	0.19266342013818705
0.22748278507535988	0.23119610416582448
0.2432802007055932	0.22548755838395226
0.20852588631907987	0.23975892283863276
0.19746769537791653	0.2126433303747398
0.21168536944512653	0.2240604219384842
0.23538149289047652	0.23547751350222862
0.22274356038628987	0.24832174151144107
0.22748278507535988	0.218351876156612
0.20220692006698654	0.2112161939292717
0.22116381882326655	0.20836192103833562
0.21168536944512653	0.1940905565836551
0.1958879538148932	0.21977901260208005
0.2401207175795465	0.1969448294745912
0.20220692006698654	0.2026533752564634
0.20852588631907987	0.20122623881099536
0.20220692006698654	0.22263328549301614
0.20062717850396322	0.2126433303747398
0.22590304351233653	0.20693478459286757
0.1943082122518699	0.19266342013818705
0.16903234724349656	0.18980914724725093
0.19272847068884655	0.19837196592005923
0.19114872912582323	0.19123628369271897
0.17693105505861323	0.21977901260208005
