WT	KO
0.11587091200149112	0.15910999630795358
0.17148894976220685	0.1758584169719487
0.16221927680208756	0.1716713118059499
0.15758444032202792	0.18004552213794747
0.16685411328214722	0.16329710147395238
0.14831476736190866	0.15492289114195482
0.18075862272232615	0.1423615756439585
0.1761237862422665	0.2009810479679414
0.15294960384196826	0.18004552213794747
0.21320247808274365	0.2386649944619304
0.16685411328214722	0.15492289114195482
0.14831476736190866	0.12561315497996337
0.21320247808274365	0.18423262730394627
0.15294960384196826	0.15910999630795358
0.20393280512262438	0.2009810479679414
0.16685411328214722	0.20935525829993892
0.16685411328214722	0.18423262730394627
0.2271069875229226	0.1967939428019426
0.19929796864256472	0.22610367896393405
0.12977542144167006	0.1716713118059499
0.16221927680208756	0.20516815313394016
0.17148894976220685	0.18423262730394627
0.18075862272232615	0.1967939428019426
0.2688205158434594	0.2302907841299328
0.18075862272232615	0.21772946863193648
0.1853934592023858	0.18004552213794747
0.20393280512262438	0.20935525829993892
0.2271069875229226	0.1967939428019426
0.22247215104286294	0.16329710147395238
0.208567641602684	0.20516815313394016
0.19929796864256472	0.1926068376359438
0.19002829568244542	0.20935525829993892
0.2271069875229226	0.20935525829993892
0.19929796864256472	0.21354236346593772
0.1853934592023858	0.18841973246994503
0.19466313216250508	0.24703920479392796
0.23174182400298224	0.25541341512592547
0.2178373145628033	0.26378762545792306
0.1853934592023858	0.1758584169719487
0.20393280512262438	0.20516815313394016
0.26418567936339976	0.2344778892959316
0.2502811699232208	0.22191657379793528
0.21320247808274365	0.2596005202919243
0.2178373145628033	0.2302907841299328
0.21320247808274365	0.20516815313394016
0.24101149696310153	0.2596005202919243
0.20393280512262438	0.20516815313394016
0.2178373145628033	0.20935525829993892
0.1761237862422665	0.1967939428019426
0.2456463334431612	0.1926068376359438
0.23174182400298224	0.21772946863193648
0.23637666048304187	0.22191657379793528
0.19466313216250508	0.2302907841299328
0.208567641602684	0.2302907841299328
0.23174182400298224	0.21772946863193648
0.208567641602684	0.2596005202919243
0.24101149696310153	0.1967939428019426
0.21320247808274365	0.18841973246994503
0.22247215104286294	0.24285209962792914
0.20393280512262438	0.20516815313394016
0.2456463334431612	0.25122630995992673
0.2456463334431612	0.25122630995992673
0.21320247808274365	0.24703920479392796
0.2271069875229226	0.2930973616199145
0.15294960384196826	0.18004552213794747
0.21320247808274365	0.2009810479679414
0.19466313216250508	0.2344778892959316
0.23637666048304187	0.20516815313394016
0.25491600640328044	0.21354236346593772
0.23174182400298224	0.20935525829993892
0.25491600640328044	0.2009810479679414
0.2595508428833401	0.25122630995992673
0.19002829568244542	0.21772946863193648
0.2271069875229226	0.1967939428019426
0.2595508428833401	0.2763489409559194
0.23637666048304187	0.22610367896393405
0.18075862272232615	0.2302907841299328
0.21320247808274365	0.1926068376359438
0.20393280512262438	0.18841973246994503
0.2595508428833401	0.2344778892959316
0.19002829568244542	0.20935525829993892
0.22247215104286294	0.20516815313394016
0.25491600640328044	0.22191657379793528
0.2456463334431612	0.16748420663995114
0.19466313216250508	0.20935525829993892
0.1761237862422665	0.18841973246994503
0.19466313216250508	0.1967939428019426
0.25491600640328044	0.1926068376359438
0.19466313216250508	0.20516815313394016
0.2271069875229226	0.21772946863193648
0.2271069875229226	0.16329710147395238
0.2271069875229226	0.18841973246994503
0.19929796864256472	0.18841973246994503
0.15294960384196826	0.15073578597595605
0.0926967296011929	0.14654868080995725
0.12050574848155077	0.10467762914996946
0.12977542144167006	0.09211631365197313
0.10196640256131219	0.08792920848597435
0.19002829568244542	0.22610367896393405
0.3383430630443541	0.2763489409559194
0.25491600640328044	0.22191657379793528
0.2919946982437576	0.26378762545792306
0.21320247808274365	0.1926068376359438
0.12050574848155077	0.1381744704779597
0.14831476736190866	0.1172389446479658
0.11587091200149112	0.1381744704779597
0.09733156608125254	0.11305183948196702
0.12977542144167006	0.16329710147395238
0.26418567936339976	0.1758584169719487
0.17148894976220685	0.18004552213794747
0.15294960384196826	0.18841973246994503
0.208567641602684	0.1926068376359438
0.208567641602684	0.18004552213794747
0.20393280512262438	0.2386649944619304
0.1853934592023858	0.1926068376359438
0.17148894976220685	0.16329710147395238
0.23174182400298224	0.1967939428019426
0.2456463334431612	0.21772946863193648
0.18075862272232615	0.2302907841299328
0.18075862272232615	0.1967939428019426
0.2178373145628033	0.20935525829993892
0.2456463334431612	0.22610367896393405
0.2688205158434594	0.2596005202919243
0.19466313216250508	0.18004552213794747
0.18075862272232615	0.24703920479392796
0.2178373145628033	0.22610367896393405
0.2178373145628033	0.18004552213794747
0.20393280512262438	0.24285209962792914
0.27809018880357866	0.20935525829993892
0.17148894976220685	0.1967939428019426
0.20393280512262438	0.22191657379793528
0.19002829568244542	0.20516815313394016
0.23637666048304187	0.2302907841299328
0.2178373145628033	0.18423262730394627
0.2502811699232208	0.24285209962792914
0.19929796864256472	0.2596005202919243
0.208567641602684	0.2009810479679414
0.1853934592023858	0.22610367896393405
0.2456463334431612	0.1926068376359438
0.2595508428833401	0.2302907841299328
0.21320247808274365	0.24703920479392796
0.1761237862422665	0.1716713118059499
0.19466313216250508	0.1716713118059499
0.2178373145628033	0.1716713118059499
0.2271069875229226	0.2302907841299328
0.23637666048304187	0.26797473062392185
0.20393280512262438	0.22191657379793528
0.19929796864256472	0.2009810479679414
0.1853934592023858	0.18841973246994503
0.208567641602684	0.1758584169719487
0.2502811699232208	0.24285209962792914
0.19002829568244542	0.21354236346593772
0.20393280512262438	0.1967939428019426
0.208567641602684	0.21354236346593772
0.2688205158434594	0.18841973246994503
0.24101149696310153	0.2386649944619304
0.19466313216250508	0.20935525829993892
0.23174182400298224	0.20935525829993892
0.14831476736190866	0.16748420663995114
0.208567641602684	0.2344778892959316
0.20393280512262438	0.20935525829993892
0.18075862272232615	0.2386649944619304
0.20393280512262438	0.20935525829993892
0.19466313216250508	0.16329710147395238
0.1853934592023858	0.21772946863193648
0.19002829568244542	0.15073578597595605
0.2271069875229226	0.21354236346593772
0.23174182400298224	0.1967939428019426
0.208567641602684	0.21772946863193648
0.21320247808274365	0.2009810479679414
0.1761237862422665	0.18423262730394627
0.18075862272232615	0.2009810479679414
0.19466313216250508	0.2009810479679414
0.19929796864256472	0.1758584169719487
0.1853934592023858	0.15492289114195482
0.20393280512262438	0.20516815313394016
0.16221927680208756	0.1716713118059499
0.19466313216250508	0.1716713118059499
0.2502811699232208	0.1423615756439585
0.19466313216250508	0.21772946863193648
0.20393280512262438	0.21354236346593772
0.19929796864256472	0.15492289114195482
0.1853934592023858	0.1926068376359438
0.18075862272232615	0.14654868080995725
0.208567641602684	0.15492289114195482
0.19002829568244542	0.15910999630795358
0.1853934592023858	0.2009810479679414
0.19929796864256472	0.16748420663995114
0.1344102579217297	0.13398736531196093
0.16221927680208756	0.15910999630795358
0.1761237862422665	0.16329710147395238
0.19929796864256472	0.1716713118059499
0.12050574848155077	0.13398736531196093
0.1853934592023858	0.15073578597595605
0.14831476736190866	0.18423262730394627
0.20393280512262438	0.1758584169719487
0.1761237862422665	0.1716713118059499
0.18075862272232615	0.16748420663995114
0.18075862272232615	0.1716713118059499
0.17148894976220685	0.20935525829993892
