WT	KO
0.19615570662218532	0.16109709706469877
0.21908299700659659	0.19791929067948708
0.16813346281901598	0.1749054196702444
0.15794355598149987	0.16339848416562303
0.16813346281901598	0.17030264546839585
0.15030112585336275	0.1864123551748657
0.170680939528395	0.1680012583674716
0.1859657997846692	0.20022067778041133
0.19615570662218532	0.1656998712665473
0.19615570662218532	0.14268600025730463
0.16813346281901598	0.19331651647763853
0.18851327649404823	0.21172761328503267
0.20125066004094336	0.22093316168872976
0.21908299700659659	0.19101512937671425
0.15794355598149987	0.19101512937671425
0.1859657997846692	0.1818095809730172
0.16558598610963696	0.18871374227579
0.16558598610963696	0.1818095809730172
0.1783233696565321	0.2255359358905783
0.18341832307529013	0.223234548789654
0.21398804358783852	0.1795081938720929
0.1783233696565321	0.19101512937671425
0.19870318333156434	0.21172761328503267
0.19615570662218532	0.19791929067948708
0.18341832307529013	0.223234548789654
0.21653552029721757	0.18871374227579
0.18851327649404823	0.18871374227579
0.19615570662218532	0.18871374227579
0.19870318333156434	0.20482345198225987
0.19106075320342725	0.2370428713951996
0.19106075320342725	0.19331651647763853
0.20634561345970143	0.19791929067948708
0.19615570662218532	0.20252206488133562
0.17322841623777405	0.18411096807394145
0.170680939528395	0.22093316168872976
0.2216304737159756	0.20252206488133562
0.26748505448479815	0.24164564559704815
0.2216304737159756	0.2324400971933511
0.1783233696565321	0.19561790357856282
0.2292729038441127	0.19561790357856282
0.19106075320342725	0.17030264546839585
0.17577589294715307	0.19561790357856282
0.19615570662218532	0.20252206488133562
0.19870318333156434	0.1795081938720929
0.22672542713473368	0.24854980689982098
0.23182038055349172	0.24854980689982098
0.2700325311941772	0.25775535530351806
0.24965271751914495	0.24854980689982098
0.23182038055349172	0.2462484197988967
0.24710524080976592	0.2186317745878055
0.22417795042535463	0.22093316168872976
0.23436785726287074	0.2324400971933511
0.2216304737159756	0.24164564559704815
0.21653552029721757	0.223234548789654
0.22417795042535463	0.21402900038595693
0.257295147647282	0.24164564559704815
0.254747670937903	0.24854980689982098
0.2216304737159756	0.2163303874868812
0.26748505448479815	0.2600567424044423
0.24201028739100786	0.24164564559704815
0.24710524080976592	0.25775535530351806
0.2369153339722498	0.2531525811016695
0.25220019422852397	0.2738650650099879
0.2853173914504514	0.2324400971933511
0.2292729038441127	0.26465951660629083
0.26239010106604005	0.25085119400074524
0.2700325311941772	0.2600567424044423
0.25984262435666106	0.28997477471645783
0.2878648681598304	0.2531525811016695
0.2700325311941772	0.2600567424044423
0.27767496132231423	0.2623581295053666
0.2878648681598304	0.28997477471645783
0.25984262435666106	0.26465951660629083
0.3184345886723787	0.2462484197988967
0.2878648681598304	0.2462484197988967
0.26493757777541915	0.2669609037072151
0.2725800079035562	0.2738650650099879
0.2369153339722498	0.2600567424044423
0.21144056687845947	0.24164564559704815
0.2853173914504514	0.2600567424044423
0.28276991474107227	0.25545396820259375
0.2700325311941772	0.25545396820259375
0.21144056687845947	0.3014817102210791
0.25220019422852397	0.2669609037072151
0.2904123448692094	0.2255359358905783
0.24965271751914495	0.2876733876155335
0.2853173914504514	0.283070613413685
0.28276991474107227	0.28997477471645783
0.2725800079035562	0.24394703269797244
0.16813346281901598	0.20482345198225987
0.19360822991280627	0.1749054196702444
0.17322841623777405	0.20252206488133562
0.13246878888770958	0.15649432286285023
0.12227888205019344	0.14038461315638034
0.254747670937903	0.2186317745878055
0.2369153339722498	0.27846783921183643
0.19615570662218532	0.17720680677116865
0.2700325311941772	0.19561790357856282
0.19870318333156434	0.1680012583674716
0.10699402179391926	0.12197351634898622
0.1528486025627418	0.14268600025730463
0.1273738354689515	0.1357818389545318
0.20634561345970143	0.25085119400074524
0.23182038055349172	0.24854980689982098
0.22672542713473368	0.19101512937671425
0.24201028739100786	0.23934425849612392
0.20889309016908045	0.22783732299150256
0.1273738354689515	0.13348045185360755
0.13756374230646762	0.1357818389545318
0.18851327649404823	0.19101512937671425
0.22417795042535463	0.2301387100924268
0.25984262435666106	0.23934425849612392
0.254747670937903	0.23474148429427535
0.24201028739100786	0.2807692263127607
0.26493757777541915	0.27846783921183643
0.2878648681598304	0.2738650650099879
0.3337194489286529	0.31068725862477625
0.26239010106604005	0.3060844844229276
0.26239010106604005	0.2876733876155335
0.2700325311941772	0.2462484197988967
0.254747670937903	0.2738650650099879
0.28276991474107227	0.2807692263127607
0.2725800079035562	0.2669609037072151
0.2725800079035562	0.2761664521109122
0.26748505448479815	0.2876733876155335
0.2725800079035562	0.26465951660629083
0.26493757777541915	0.27846783921183643
0.24965271751914495	0.28997477471645783
0.2369153339722498	0.2761664521109122
0.2853173914504514	0.2807692263127607
0.2369153339722498	0.2669609037072151
0.23436785726287074	0.24394703269797244
0.25220019422852397	0.2669609037072151
0.27512748461293524	0.29918032312015486
0.24710524080976592	0.25085119400074524
0.23436785726287074	0.2876733876155335
0.2904123448692094	0.2600567424044423
0.254747670937903	0.2692622908081394
0.257295147647282	0.2738650650099879
0.2369153339722498	0.24164564559704815
0.26239010106604005	0.223234548789654
0.257295147647282	0.223234548789654
0.22672542713473368	0.24854980689982098
0.24201028739100786	0.28997477471645783
0.2292729038441127	0.24394703269797244
0.24965271751914495	0.2738650650099879
0.2980547749973465	0.24854980689982098
0.27767496132231423	0.26465951660629083
0.2394628106816288	0.2370428713951996
0.24455776410038688	0.21172761328503267
0.2369153339722498	0.2370428713951996
0.2369153339722498	0.2462484197988967
0.20634561345970143	0.24394703269797244
0.24201028739100786	0.2186317745878055
0.2292729038441127	0.22783732299150256
0.26493757777541915	0.21172761328503267
0.24710524080976592	0.21402900038595693
0.22417795042535463	0.2094262261841084
0.21398804358783852	0.2324400971933511
0.17577589294715307	0.2094262261841084
0.23182038055349172	0.21402900038595693
0.21653552029721757	0.22783732299150256
0.257295147647282	0.24164564559704815
0.24965271751914495	0.21402900038595693
0.17322841623777405	0.2186317745878055
0.19870318333156434	0.20712483908318413
0.17322841623777405	0.2094262261841084
0.20379813675032238	0.2186317745878055
0.21908299700659659	0.20482345198225987
0.19870318333156434	0.17030264546839585
0.20634561345970143	0.2163303874868812
0.2369153339722498	0.20482345198225987
0.2216304737159756	0.223234548789654
0.21908299700659659	0.2163303874868812
0.2216304737159756	0.22783732299150256
0.20125066004094336	0.2255359358905783
0.23436785726287074	0.223234548789654
0.19615570662218532	0.20482345198225987
0.18851327649404823	0.2094262261841084
0.20889309016908045	0.22093316168872976
0.23182038055349172	0.21172761328503267
0.19870318333156434	0.2301387100924268
0.19360822991280627	0.2094262261841084
0.19870318333156434	0.20252206488133562
0.170680939528395	0.18871374227579
0.21653552029721757	0.19331651647763853
0.19615570662218532	0.22093316168872976
0.20125066004094336	0.21172761328503267
0.16303850940025794	0.20482345198225987
0.21398804358783852	0.18871374227579
0.21144056687845947	0.22783732299150256
0.20379813675032238	0.21172761328503267
0.19615570662218532	0.20252206488133562
0.17322841623777405	0.1749054196702444
0.1808708463659111	0.19101512937671425
0.18341832307529013	0.18411096807394145
0.21144056687845947	0.21402900038595693
0.21398804358783852	0.2163303874868812
0.18341832307529013	0.19791929067948708
0.170680939528395	0.16109709706469877
