WT	KO
0.20262818448379277	0.23937835311984126
0.1246942673746417	0.20417565413162933
0.20262818448379277	0.17601349494105975
0.16366122592921722	0.20417565413162933
0.2415951430383683	0.1689729551434174
0.17924800935104745	0.1548918755481326
0.1402810507964719	0.1689729551434174
0.17145461764013237	0.1689729551434174
0.11690087566372659	0.1548918755481326
0.20262818448379277	0.17601349494105975
0.19483479277287766	0.20417565413162933
0.2104215761947079	0.17601349494105975
0.23380175132745318	0.25345943271512605
0.2415951430383683	0.26049997251276846
0.19483479277287766	0.20417565413162933
0.23380175132745318	0.19713511433398695
0.2727687098820287	0.23937835311984126
0.18704140106196257	0.21825673372691412
0.20262818448379277	0.25345943271512605
0.18704140106196257	0.1689729551434174
0.2104215761947079	0.20417565413162933
0.31952906014751936	0.20417565413162933
0.1402810507964719	0.19009457453634457
0.18704140106196257	0.24641889291748367
0.2649753181711136	0.17601349494105975
0.21821496790562298	0.18305403473870216
0.2415951430383683	0.18305403473870216
0.2260083596165381	0.21825673372691412
0.2571819264601985	0.22529727352455653
0.2727687098820287	0.22529727352455653
0.23380175132745318	0.3027432112986228
0.21821496790562298	0.23937835311984126
0.17924800935104745	0.19009457453634457
0.18704140106196257	0.1548918755481326
0.2260083596165381	0.18305403473870216
0.19483479277287766	0.1548918755481326
0.23380175132745318	0.28866213170333804
0.2649753181711136	0.22529727352455653
0.2727687098820287	0.23937835311984126
0.17145461764013237	0.20417565413162933
0.2649753181711136	0.2745810521080532
0.2727687098820287	0.2745810521080532
0.2493885347492834	0.23937835311984126
0.2415951430383683	0.2957026715009804
0.2493885347492834	0.21825673372691412
0.18704140106196257	0.2112161939292717
0.2805621015929438	0.23233781332219888
0.21821496790562298	0.20417565413162933
0.23380175132745318	0.28162159190569563
0.23380175132745318	0.1689729551434174
0.2260083596165381	0.1689729551434174
0.2493885347492834	0.20417565413162933
0.17924800935104745	0.23937835311984126
0.2415951430383683	0.23937835311984126
0.21821496790562298	0.24641889291748367
0.2493885347492834	0.25345943271512605
0.23380175132745318	0.24641889291748367
0.21821496790562298	0.22529727352455653
0.32732245185843445	0.25345943271512605
0.23380175132745318	0.26754051231041087
0.2260083596165381	0.19713511433398695
0.2649753181711136	0.20417565413162933
0.30394227672568913	0.24641889291748367
0.35070262699117977	0.2957026715009804
0.28835549330385896	0.2957026715009804
0.2571819264601985	0.26754051231041087
0.29614888501477404	0.3027432112986228
0.2493885347492834	0.23233781332219888
0.2727687098820287	0.23937835311984126
0.2415951430383683	0.2112161939292717
0.2571819264601985	0.3027432112986228
0.2493885347492834	0.17601349494105975
0.21821496790562298	0.26754051231041087
0.2649753181711136	0.26049997251276846
0.2571819264601985	0.26754051231041087
0.3117356684366042	0.25345943271512605
0.2260083596165381	0.26049997251276846
0.2493885347492834	0.25345943271512605
0.2415951430383683	0.22529727352455653
0.2571819264601985	0.24641889291748367
0.23380175132745318	0.3097837510962652
0.2493885347492834	0.26049997251276846
0.2415951430383683	0.23937835311984126
0.2727687098820287	0.20417565413162933
0.2571819264601985	0.1689729551434174
0.1558678342183021	0.20417565413162933
0.2805621015929438	0.22529727352455653
0.28835549330385896	0.3027432112986228
0.2493885347492834	0.23937835311984126
0.23380175132745318	0.22529727352455653
0.28835549330385896	0.26049997251276846
0.16366122592921722	0.24641889291748367
0.2571819264601985	0.19713511433398695
0.21821496790562298	0.2112161939292717
0.2260083596165381	0.23937835311984126
0.07793391710915105	0.1548918755481326
0.1402810507964719	0.09856755716699347
0.23380175132745318	0.19009457453634457
0.17145461764013237	0.2112161939292717
0.32732245185843445	0.32386483069155
0.36628941041301	0.2745810521080532
0.2493885347492834	0.25345943271512605
0.2415951430383683	0.2957026715009804
0.1324876590855568	0.1548918755481326
0.10910748395281149	0.1548918755481326
0.2649753181711136	0.22529727352455653
0.23380175132745318	0.22529727352455653
0.21821496790562298	0.1689729551434174
0.2649753181711136	0.19009457453634457
0.28835549330385896	0.17601349494105975
0.23380175132745318	0.23233781332219888
0.1558678342183021	0.22529727352455653
0.2649753181711136	0.22529727352455653
0.2104215761947079	0.26754051231041087
0.2727687098820287	0.22529727352455653
0.35070262699117977	0.26049997251276846
0.2415951430383683	0.2745810521080532
0.17924800935104745	0.23233781332219888
0.20262818448379277	0.18305403473870216
0.21821496790562298	0.20417565413162933
0.3351158435693496	0.24641889291748367
0.32732245185843445	0.28162159190569563
0.2571819264601985	0.25345943271512605
0.2104215761947079	0.24641889291748367
0.19483479277287766	0.18305403473870216
0.2104215761947079	0.26049997251276846
0.23380175132745318	0.3027432112986228
0.2727687098820287	0.26754051231041087
0.2415951430383683	0.23233781332219888
0.2727687098820287	0.24641889291748367
0.2260083596165381	0.20417565413162933
0.31952906014751936	0.25345943271512605
0.30394227672568913	0.3097837510962652
0.23380175132745318	0.26049997251276846
0.2493885347492834	0.26754051231041087
0.19483479277287766	0.23233781332219888
0.29614888501477404	0.24641889291748367
0.2727687098820287	0.26754051231041087
0.2727687098820287	0.21825673372691412
0.2415951430383683	0.1478513357504902
0.2104215761947079	0.23937835311984126
0.2260083596165381	0.26049997251276846
0.2727687098820287	0.23937835311984126
0.21821496790562298	0.23233781332219888
0.2571819264601985	0.22529727352455653
0.2493885347492834	0.28162159190569563
0.2493885347492834	0.24641889291748367
0.20262818448379277	0.19009457453634457
0.2571819264601985	0.18305403473870216
0.17924800935104745	0.24641889291748367
0.2493885347492834	0.21825673372691412
0.2805621015929438	0.26754051231041087
0.18704140106196257	0.2745810521080532
0.2260083596165381	0.2745810521080532
0.2571819264601985	0.20417565413162933
0.19483479277287766	0.2112161939292717
0.23380175132745318	0.24641889291748367
0.20262818448379277	0.1478513357504902
0.2104215761947079	0.23937835311984126
0.17145461764013237	0.17601349494105975
0.2415951430383683	0.161932415345775
0.2260083596165381	0.22529727352455653
0.21821496790562298	0.26049997251276846
0.29614888501477404	0.23233781332219888
0.17924800935104745	0.21825673372691412
0.31952906014751936	0.23937835311984126
0.21821496790562298	0.19713511433398695
0.16366122592921722	0.22529727352455653
0.2415951430383683	0.24641889291748367
0.23380175132745318	0.26754051231041087
0.18704140106196257	0.23233781332219888
0.2104215761947079	0.19713511433398695
0.17145461764013237	0.17601349494105975
0.2415951430383683	0.18305403473870216
0.14807444250738702	0.161932415345775
0.18704140106196257	0.20417565413162933
0.2805621015929438	0.2957026715009804
0.2104215761947079	0.25345943271512605
0.18704140106196257	0.21825673372691412
0.18704140106196257	0.23937835311984126
0.18704140106196257	0.19713511433398695
0.2415951430383683	0.23937835311984126
0.20262818448379277	0.19713511433398695
0.18704140106196257	0.18305403473870216
0.1402810507964719	0.17601349494105975
0.17924800935104745	0.17601349494105975
0.21821496790562298	0.23233781332219888
0.23380175132745318	0.1478513357504902
0.2415951430383683	0.24641889291748367
0.11690087566372659	0.18305403473870216
0.1324876590855568	0.17601349494105975
0.2260083596165381	0.23937835311984126
0.19483479277287766	0.22529727352455653
0.18704140106196257	0.13377025615520544
0.20262818448379277	0.20417565413162933
0.16366122592921722	0.18305403473870216
0.11690087566372659	0.13377025615520544
0.1324876590855568	0.19713511433398695
0.17145461764013237	0.19713511433398695
0.20262818448379277	0.23937835311984126
