WT	KO
0.5301044202595724	0.38866942424627865
0.7068058936794298	0.7066716804477793
0.618455156969501	0.6713380964253903
0.4712039291196199	0.6713380964253903
0.500654174689596	0.4946701763134455
0.500654174689596	0.38866942424627865
0.3534029468397149	0.4946701763134455
0.3534029468397149	0.5300037603358345
0.3828531924096912	0.7066716804477793
0.4123034379796674	0.38866942424627865
0.3239527012697387	0.35333584022388964
0.4712039291196199	0.5300037603358345
0.5301044202595724	0.6713380964253903
0.5301044202595724	0.5653373443582234
0.5890049113995248	0.5653373443582234
0.4712039291196199	0.24733508815672275
0.3828531924096912	0.38866942424627865
0.618455156969501	0.6006709283806123
0.7068058936794298	0.6360045124030014
0.4712039291196199	0.6360045124030014
0.5890049113995248	0.5653373443582234
0.3828531924096912	0.6360045124030014
0.44175368354964367	0.4946701763134455
0.6479054025394774	0.6713380964253903
0.7068058936794298	0.883339600559724
0.5595546658295486	0.6006709283806123
0.3239527012697387	0.24733508815672275
0.4712039291196199	0.42400300826866755
0.44175368354964367	0.5300037603358345
0.500654174689596	0.5300037603358345
0.500654174689596	0.7420052644701682
0.6773556481094536	0.4946701763134455
0.500654174689596	0.42400300826866755
0.5890049113995248	0.6713380964253903
0.736256139249406	0.6713380964253903
0.4712039291196199	0.6713380964253903
0.500654174689596	0.45933659229105656
0.6479054025394774	0.6360045124030014
0.6773556481094536	0.7066716804477793
0.6479054025394774	0.7066716804477793
0.618455156969501	0.7420052644701682
0.3828531924096912	0.17666792011194482
0.44175368354964367	0.42400300826866755
0.4712039291196199	0.5300037603358345
0.6479054025394774	0.6360045124030014
0.5595546658295486	0.7420052644701682
0.44175368354964367	0.4946701763134455
0.5595546658295486	0.7066716804477793
0.44175368354964367	0.45933659229105656
0.5890049113995248	0.6713380964253903
0.8246068759593348	0.7420052644701682
0.5595546658295486	0.42400300826866755
0.5595546658295486	0.6713380964253903
0.7068058936794298	0.8126724325149461
0.5595546658295486	0.6006709283806123
0.44175368354964367	0.7420052644701682
0.8246068759593348	0.7420052644701682
0.6479054025394774	0.7066716804477793
0.7657063848193824	0.6006709283806123
0.3239527012697387	0.42400300826866755
0.3239527012697387	0.38866942424627865
0.736256139249406	0.7420052644701682
0.971858103809216	0.8126724325149461
0.7068058936794298	0.7773388484925573
0.5595546658295486	0.6360045124030014
0.4123034379796674	0.3180022562015007
0.4712039291196199	0.42400300826866755
0.618455156969501	0.883339600559724
0.7068058936794298	0.6713380964253903
0.6479054025394774	0.6360045124030014
0.500654174689596	0.3180022562015007
0.3828531924096912	0.24733508815672275
0.4123034379796674	0.7420052644701682
0.6479054025394774	0.7066716804477793
0.6773556481094536	0.6360045124030014
0.5301044202595724	0.6360045124030014
0.5890049113995248	0.6713380964253903
0.4123034379796674	0.7066716804477793
0.4123034379796674	0.5300037603358345
0.5301044202595724	0.6006709283806123
0.5890049113995248	0.6713380964253903
0.44175368354964367	0.45933659229105656
0.5301044202595724	0.4946701763134455
0.7657063848193824	0.4946701763134455
0.5301044202595724	0.6006709283806123
0.500654174689596	0.3180022562015007
0.500654174689596	0.07066716804477792
0.4712039291196199	0.38866942424627865
0.44175368354964367	0.8126724325149461
0.6479054025394774	0.5653373443582234
0.500654174689596	0.8126724325149461
0.618455156969501	0.7066716804477793
0.5890049113995248	0.5653373443582234
0.7951566303893586	0.7420052644701682
0.5301044202595724	0.5300037603358345
0.8246068759593348	0.883339600559724
1.0307585949491687	1.1660082727388357
1.1485595772290735	1.4133433608955586
0.6773556481094536	0.6360045124030014
0.2061517189898337	0.2826686721791117
0.17670147341985745	0.21200150413433377
0.4123034379796674	0.6360045124030014
1.1485595772290735	0.9186731845821131
0.854057121529311	0.9186731845821131
0.8835073670992873	0.9540067686045021
0.4712039291196199	0.6713380964253903
0.5301044202595724	0.42400300826866755
0.5890049113995248	0.5300037603358345
0.7068058936794298	0.6360045124030014
0.5301044202595724	0.38866942424627865
0.7068058936794298	0.7420052644701682
0.500654174689596	0.45933659229105656
0.7951566303893586	0.6006709283806123
0.6479054025394774	0.6006709283806123
0.3239527012697387	0.6360045124030014
0.4712039291196199	0.5653373443582234
0.17670147341985745	0.42400300826866755
0.5301044202595724	0.7420052644701682
0.7068058936794298	0.6713380964253903
0.7068058936794298	0.8480060165373351
0.5595546658295486	0.5653373443582234
0.3239527012697387	0.38866942424627865
0.5890049113995248	0.7420052644701682
0.3828531924096912	0.6360045124030014
0.618455156969501	0.7420052644701682
0.4123034379796674	0.6006709283806123
0.500654174689596	0.45933659229105656
0.5301044202595724	0.6713380964253903
0.854057121529311	0.7773388484925573
0.618455156969501	0.7420052644701682
0.3828531924096912	0.4946701763134455
0.4123034379796674	0.38866942424627865
0.4123034379796674	0.42400300826866755
0.44175368354964367	0.38866942424627865
0.6773556481094536	0.5300037603358345
0.5890049113995248	0.45933659229105656
0.44175368354964367	0.2826686721791117
0.5301044202595724	0.45933659229105656
0.3239527012697387	0.35333584022388964
0.4712039291196199	0.42400300826866755
0.3534029468397149	0.42400300826866755
0.736256139249406	0.6360045124030014
0.618455156969501	0.45933659229105656
0.5890049113995248	0.6006709283806123
0.3239527012697387	0.21200150413433377
0.3828531924096912	0.24733508815672275
0.3534029468397149	0.6006709283806123
0.7657063848193824	0.6713380964253903
0.5301044202595724	0.6360045124030014
0.2945024556997624	0.3180022562015007
0.44175368354964367	0.2826686721791117
0.9424078582392398	0.4946701763134455
0.2945024556997624	0.4946701763134455
0.44175368354964367	0.5653373443582234
0.44175368354964367	0.5653373443582234
0.7068058936794298	0.8480060165373351
0.4712039291196199	0.38866942424627865
0.3534029468397149	0.35333584022388964
0.500654174689596	0.4946701763134455
0.6479054025394774	0.5300037603358345
0.618455156969501	0.8480060165373351
0.6479054025394774	0.38866942424627865
0.2650522101297862	0.38866942424627865
0.5595546658295486	0.17666792011194482
0.4123034379796674	0.42400300826866755
0.4123034379796674	0.45933659229105656
0.4712039291196199	0.5300037603358345
0.500654174689596	0.5300037603358345
0.500654174689596	0.6713380964253903
0.2945024556997624	0.4946701763134455
0.23560196455980995	0.24733508815672275
0.3828531924096912	0.10600075206716689
0.3239527012697387	0.17666792011194482
0.3534029468397149	0.6360045124030014
0.5301044202595724	0.45933659229105656
0.2945024556997624	0.3180022562015007
0.2650522101297862	0.38866942424627865
0.1472512278498812	0.17666792011194482
0.8246068759593348	0.7066716804477793
0.4123034379796674	0.38866942424627865
0.2945024556997624	0.17666792011194482
0.2945024556997624	0.24733508815672275
0.23560196455980995	0.24733508815672275
0.2945024556997624	0.35333584022388964
0.5595546658295486	0.45933659229105656
0.23560196455980995	0.45933659229105656
0.44175368354964367	0.35333584022388964
0.3534029468397149	0.3180022562015007
0.4712039291196199	0.5300037603358345
0.3828531924096912	0.35333584022388964
0.2061517189898337	0.21200150413433377
0.2945024556997624	0.35333584022388964
0.4123034379796674	0.38866942424627865
0.4123034379796674	0.45933659229105656
0.500654174689596	0.45933659229105656
0.5595546658295486	0.5300037603358345
0.3534029468397149	0.35333584022388964
0.08835073670992873	0.17666792011194482
0.2061517189898337	0.2826686721791117
0.2650522101297862	0.4946701763134455
