WT	KO
2.471664596188651	0.4045856389827391
0.0	0.8091712779654782
0.0	0.8091712779654782
0.0	0.8091712779654782
0.0	0.0
0.0	0.0
0.0	0.4045856389827391
0.0	1.2137569169482172
1.8537484471414882	0.4045856389827391
0.0	0.4045856389827391
0.0	1.2137569169482172
0.0	0.0
0.0	0.0
0.0	0.4045856389827391
0.6179161490471627	0.8091712779654782
0.6179161490471627	0.8091712779654782
0.6179161490471627	0.0
0.0	0.8091712779654782
0.6179161490471627	0.8091712779654782
1.8537484471414882	1.6183425559309563
0.6179161490471627	0.8091712779654782
0.0	0.0
0.6179161490471627	1.2137569169482172
0.6179161490471627	1.2137569169482172
0.6179161490471627	0.8091712779654782
0.6179161490471627	1.6183425559309563
0.0	0.4045856389827391
1.2358322980943255	0.8091712779654782
0.0	0.4045856389827391
0.0	0.8091712779654782
0.6179161490471627	0.4045856389827391
0.0	0.0
2.471664596188651	2.0229281949136952
2.471664596188651	2.0229281949136952
0.0	1.2137569169482172
0.6179161490471627	1.6183425559309563
1.2358322980943255	1.2137569169482172
0.6179161490471627	0.8091712779654782
0.6179161490471627	1.2137569169482172
0.0	0.0
0.0	1.2137569169482172
0.6179161490471627	0.4045856389827391
2.471664596188651	2.4275138338964344
3.7074968942829765	2.0229281949136952
0.0	0.4045856389827391
0.6179161490471627	0.0
0.0	0.4045856389827391
0.6179161490471627	0.8091712779654782
0.6179161490471627	1.2137569169482172
0.0	0.0
0.0	0.4045856389827391
0.0	0.0
0.0	0.0
1.2358322980943255	0.8091712779654782
0.0	0.0
0.0	1.2137569169482172
0.0	0.4045856389827391
0.0	0.4045856389827391
0.6179161490471627	0.0
0.0	0.0
0.0	0.8091712779654782
0.0	0.8091712779654782
0.0	0.0
0.0	0.0
0.0	0.0
0.0	0.0
0.6179161490471627	0.0
1.2358322980943255	1.6183425559309563
0.0	0.0
0.6179161490471627	0.0
0.6179161490471627	0.8091712779654782
0.0	0.4045856389827391
0.0	0.0
0.0	0.4045856389827391
1.8537484471414882	0.8091712779654782
1.2358322980943255	1.6183425559309563
1.8537484471414882	1.2137569169482172
3.0895807452358137	2.0229281949136952
1.8537484471414882	0.8091712779654782
0.0	0.8091712779654782
0.6179161490471627	0.4045856389827391
0.0	0.0
0.0	0.4045856389827391
3.0895807452358137	0.8091712779654782
1.2358322980943255	1.2137569169482172
3.0895807452358137	2.4275138338964344
1.8537484471414882	1.2137569169482172
0.6179161490471627	0.8091712779654782
1.2358322980943255	0.8091712779654782
0.0	1.2137569169482172
0.6179161490471627	0.8091712779654782
1.2358322980943255	1.2137569169482172
3.0895807452358137	1.2137569169482172
0.6179161490471627	0.8091712779654782
0.6179161490471627	0.4045856389827391
0.0	0.8091712779654782
0.6179161490471627	1.2137569169482172
0.6179161490471627	0.8091712779654782
0.0	0.8091712779654782
0.0	0.8091712779654782
2.471664596188651	2.4275138338964344
0.6179161490471627	0.8091712779654782
1.2358322980943255	1.2137569169482172
1.8537484471414882	1.6183425559309563
0.6179161490471627	1.2137569169482172
1.2358322980943255	1.2137569169482172
0.6179161490471627	0.0
1.2358322980943255	2.4275138338964344
0.6179161490471627	0.0
0.6179161490471627	0.0
0.6179161490471627	0.4045856389827391
0.6179161490471627	0.8091712779654782
1.2358322980943255	1.6183425559309563
1.8537484471414882	2.0229281949136952
0.6179161490471627	0.8091712779654782
1.8537484471414882	1.2137569169482172
1.8537484471414882	1.2137569169482172
0.6179161490471627	0.0
0.0	0.8091712779654782
1.8537484471414882	2.4275138338964344
2.471664596188651	1.2137569169482172
1.2358322980943255	1.6183425559309563
0.6179161490471627	0.0
0.0	0.0
1.2358322980943255	0.8091712779654782
2.471664596188651	1.6183425559309563
2.471664596188651	1.6183425559309563
0.6179161490471627	1.6183425559309563
1.2358322980943255	1.2137569169482172
0.6179161490471627	1.6183425559309563
1.2358322980943255	1.2137569169482172
0.6179161490471627	0.0
0.0	0.0
0.0	0.0
1.2358322980943255	1.2137569169482172
0.6179161490471627	1.2137569169482172
0.0	0.8091712779654782
0.0	0.4045856389827391
0.6179161490471627	0.8091712779654782
0.6179161490471627	0.8091712779654782
1.2358322980943255	1.2137569169482172
0.6179161490471627	1.2137569169482172
1.8537484471414882	0.8091712779654782
0.6179161490471627	0.4045856389827391
0.6179161490471627	0.0
0.0	0.0
0.6179161490471627	0.4045856389827391
0.6179161490471627	0.4045856389827391
0.6179161490471627	0.0
0.6179161490471627	0.4045856389827391
1.2358322980943255	0.8091712779654782
1.2358322980943255	1.2137569169482172
1.8537484471414882	1.2137569169482172
0.0	0.8091712779654782
0.6179161490471627	0.4045856389827391
0.0	0.0
0.0	0.4045856389827391
0.0	0.4045856389827391
0.0	1.2137569169482172
0.6179161490471627	1.6183425559309563
0.6179161490471627	1.6183425559309563
1.8537484471414882	0.8091712779654782
1.2358322980943255	0.8091712779654782
0.0	0.0
0.6179161490471627	0.0
0.0	0.8091712779654782
0.0	0.0
1.8537484471414882	1.6183425559309563
0.0	0.0
2.471664596188651	0.4045856389827391
0.0	0.0
0.6179161490471627	1.2137569169482172
0.6179161490471627	1.6183425559309563
2.471664596188651	0.8091712779654782
1.2358322980943255	2.0229281949136952
1.2358322980943255	1.2137569169482172
0.0	0.0
1.8537484471414882	0.0
0.6179161490471627	0.8091712779654782
1.8537484471414882	1.6183425559309563
1.8537484471414882	2.0229281949136952
0.0	0.4045856389827391
0.0	0.0
0.0	0.0
1.8537484471414882	1.2137569169482172
3.7074968942829765	3.2366851118619127
2.471664596188651	2.0229281949136952
1.2358322980943255	2.0229281949136952
0.0	0.0
1.8537484471414882	1.2137569169482172
2.471664596188651	0.8091712779654782
0.6179161490471627	1.6183425559309563
0.6179161490471627	1.2137569169482172
0.0	0.4045856389827391
0.6179161490471627	0.0
0.0	0.4045856389827391
0.0	0.8091712779654782
0.0	0.0
0.0	2.0229281949136952
0.0	0.4045856389827391
