WT	KO
0.0	0.5601955001299463
0.5703841375819965	0.3734636667532976
0.5703841375819965	0.3734636667532976
0.0	0.24897577783553176
0.19012804586066548	0.24897577783553176
0.38025609172133096	0.1867318333766488
0.19012804586066548	0.06224394445888294
0.4753201146516637	0.12448788891776588
0.19012804586066548	0.1867318333766488
0.09506402293033274	0.49795155567106353
0.19012804586066548	0.3112197222944147
0.28519206879099823	0.3112197222944147
0.09506402293033274	0.06224394445888294
0.09506402293033274	0.3112197222944147
0.5703841375819965	0.3734636667532976
0.28519206879099823	0.3112197222944147
0.09506402293033274	0.24897577783553176
0.4753201146516637	0.24897577783553176
0.6654481605123291	0.1867318333766488
0.6654481605123291	0.1867318333766488
0.28519206879099823	0.24897577783553176
0.19012804586066548	0.3112197222944147
0.19012804586066548	0.1867318333766488
0.4753201146516637	0.24897577783553176
0.19012804586066548	0.43570761121218055
0.19012804586066548	0.3112197222944147
0.28519206879099823	0.24897577783553176
0.19012804586066548	0.06224394445888294
0.28519206879099823	0.06224394445888294
0.09506402293033274	0.12448788891776588
0.09506402293033274	0.43570761121218055
0.19012804586066548	0.49795155567106353
0.19012804586066548	0.24897577783553176
0.09506402293033274	0.3112197222944147
1.140768275163993	0.49795155567106353
0.28519206879099823	0.3734636667532976
0.38025609172133096	0.43570761121218055
0.19012804586066548	0.12448788891776588
0.0	0.1867318333766488
0.19012804586066548	0.5601955001299463
0.0	0.24897577783553176
0.0	0.3734636667532976
0.5703841375819965	0.24897577783553176
0.4753201146516637	0.5601955001299463
0.5703841375819965	0.7469273335065952
0.19012804586066548	0.5601955001299463
0.09506402293033274	0.1867318333766488
0.28519206879099823	0.3734636667532976
0.7605121834426619	0.43570761121218055
0.4753201146516637	0.24897577783553176
0.5703841375819965	0.24897577783553176
0.38025609172133096	0.49795155567106353
0.28519206879099823	0.3734636667532976
0.6654481605123291	0.24897577783553176
0.5703841375819965	0.6224394445888294
0.19012804586066548	0.49795155567106353
0.38025609172133096	0.43570761121218055
0.09506402293033274	0.24897577783553176
0.8555762063729946	0.3734636667532976
0.4753201146516637	0.3112197222944147
0.19012804586066548	0.06224394445888294
0.28519206879099823	0.3734636667532976
0.28519206879099823	0.5601955001299463
0.6654481605123291	0.43570761121218055
0.5703841375819965	0.49795155567106353
0.09506402293033274	0.3112197222944147
0.4753201146516637	0.3734636667532976
0.7605121834426619	0.49795155567106353
0.6654481605123291	0.43570761121218055
0.19012804586066548	0.3112197222944147
0.0	0.12448788891776588
0.5703841375819965	0.24897577783553176
0.28519206879099823	0.43570761121218055
0.38025609172133096	0.6846833890477123
0.4753201146516637	0.5601955001299463
0.28519206879099823	0.5601955001299463
0.38025609172133096	0.49795155567106353
0.4753201146516637	0.6224394445888294
0.4753201146516637	0.7469273335065952
0.6654481605123291	0.6224394445888294
0.4753201146516637	0.5601955001299463
0.09506402293033274	0.3112197222944147
0.19012804586066548	0.43570761121218055
0.7605121834426619	0.49795155567106353
0.6654481605123291	0.8091712779654782
0.4753201146516637	0.43570761121218055
0.38025609172133096	0.43570761121218055
0.5703841375819965	0.49795155567106353
0.8555762063729946	0.49795155567106353
0.6654481605123291	0.43570761121218055
0.28519206879099823	0.43570761121218055
0.5703841375819965	0.43570761121218055
0.19012804586066548	0.24897577783553176
0.0	0.24897577783553176
0.28519206879099823	0.6846833890477123
0.8555762063729946	0.49795155567106353
0.0	0.06224394445888294
0.4753201146516637	0.24897577783553176
0.28519206879099823	0.12448788891776588
0.09506402293033274	0.24897577783553176
0.5703841375819965	0.3734636667532976
0.6654481605123291	0.3734636667532976
0.28519206879099823	0.24897577783553176
0.4753201146516637	0.3734636667532976
0.09506402293033274	0.5601955001299463
0.6654481605123291	0.8714152224243611
0.4753201146516637	0.6224394445888294
0.38025609172133096	0.3734636667532976
0.28519206879099823	0.5601955001299463
0.6654481605123291	0.49795155567106353
0.6654481605123291	0.5601955001299463
0.19012804586066548	0.3734636667532976
0.4753201146516637	0.1867318333766488
0.19012804586066548	0.3112197222944147
0.19012804586066548	0.1867318333766488
0.28519206879099823	0.1867318333766488
0.6654481605123291	0.5601955001299463
0.4753201146516637	0.43570761121218055
0.19012804586066548	0.3112197222944147
0.5703841375819965	0.24897577783553176
0.38025609172133096	0.3734636667532976
0.09506402293033274	0.49795155567106353
0.6654481605123291	0.43570761121218055
0.6654481605123291	0.8714152224243611
0.8555762063729946	0.8091712779654782
0.28519206879099823	0.3734636667532976
0.4753201146516637	0.3112197222944147
0.28519206879099823	0.3734636667532976
1.0457042522336601	0.5601955001299463
0.28519206879099823	0.3112197222944147
0.4753201146516637	0.1867318333766488
0.19012804586066548	0.1867318333766488
0.28519206879099823	0.3734636667532976
0.7605121834426619	0.43570761121218055
0.6654481605123291	0.5601955001299463
0.4753201146516637	0.1867318333766488
0.19012804586066548	0.43570761121218055
0.4753201146516637	0.6846833890477123
0.5703841375819965	0.7469273335065952
0.4753201146516637	0.5601955001299463
0.09506402293033274	0.3734636667532976
0.19012804586066548	0.24897577783553176
0.7605121834426619	0.49795155567106353
0.28519206879099823	0.24897577783553176
0.19012804586066548	0.12448788891776588
0.19012804586066548	0.3112197222944147
0.28519206879099823	0.43570761121218055
0.5703841375819965	0.3734636667532976
0.7605121834426619	0.9336591668832439
0.5703841375819965	0.5601955001299463
0.4753201146516637	0.6224394445888294
0.6654481605123291	0.5601955001299463
0.38025609172133096	0.3734636667532976
0.4753201146516637	0.1867318333766488
0.28519206879099823	0.3734636667532976
0.19012804586066548	0.3112197222944147
0.09506402293033274	0.24897577783553176
0.28519206879099823	0.43570761121218055
0.19012804586066548	0.3112197222944147
0.7605121834426619	0.49795155567106353
0.6654481605123291	0.8091712779654782
0.4753201146516637	0.43570761121218055
0.19012804586066548	0.24897577783553176
0.8555762063729946	0.49795155567106353
0.38025609172133096	0.24897577783553176
0.4753201146516637	0.5601955001299463
0.28519206879099823	0.49795155567106353
0.28519206879099823	0.43570761121218055
0.4753201146516637	0.49795155567106353
0.19012804586066548	0.0
0.4753201146516637	0.24897577783553176
0.4753201146516637	0.7469273335065952
0.38025609172133096	0.43570761121218055
0.9506402293033274	0.1867318333766488
0.09506402293033274	0.49795155567106353
0.5703841375819965	0.3734636667532976
0.5703841375819965	0.8714152224243611
0.28519206879099823	0.6224394445888294
0.4753201146516637	0.24897577783553176
0.19012804586066548	0.24897577783553176
0.19012804586066548	0.24897577783553176
0.28519206879099823	0.24897577783553176
0.38025609172133096	0.43570761121218055
0.6654481605123291	0.6846833890477123
0.5703841375819965	0.6846833890477123
0.5703841375819965	0.24897577783553176
0.8555762063729946	0.8091712779654782
0.5703841375819965	0.6846833890477123
0.28519206879099823	0.6846833890477123
0.09506402293033274	0.0
0.19012804586066548	0.1867318333766488
0.38025609172133096	0.6224394445888294
0.19012804586066548	0.3734636667532976
0.19012804586066548	0.3734636667532976
0.28519206879099823	0.3112197222944147
0.19012804586066548	0.12448788891776588
0.6654481605123291	0.3112197222944147
0.5703841375819965	0.6846833890477123
0.38025609172133096	0.43570761121218055
0.4753201146516637	0.12448788891776588
