WT	KO
0.36626874792325825	0.35733769936150894
0.3728735941972842	0.3888843662393308
0.36927095077508826	0.34586618413321013
0.36146522336033027	0.37167709339688254
0.36927095077508826	0.3802807298181066
0.34285156567898434	0.3538962447930193
0.3494564119530103	0.3160402445396331
0.34525332796044833	0.36479418425990323
0.38248064332314013	0.38429576014801126
0.3920876924489961	0.3997823057062147
0.3986925387230221	0.3642206084984883
0.3764762376194802	0.3682356388283929
0.3752753564787482	0.3756921237267871
0.429915448382054	0.4192838815943227
0.3944894547304601	0.386590063193671
0.3722731536269182	0.3619263054528285
0.39148725187863015	0.3435718810875504
0.3872841678860681	0.40895951788885376
0.3902863707378981	0.40723879060460894
0.40109430100448606	0.42043103311715263
0.40409650385631607	0.416416002787248
0.4070987067081461	0.38200145710235145
0.39088681130826414	0.41469527550300317
0.38848504902680014	0.38831079047791583
0.3794784404713102	0.4319025483454515
0.41130179070070805	0.40437091179753426
0.417906636974734	0.4433740635737503
0.45573439290779183	0.4536984272792193
0.4545335117670598	0.4370647301981859
0.42331060210802796	0.4192838815943227
0.426913245530224	0.40609163908177903
0.4425247003597399	0.45771345760912385
0.45093086834486384	0.4399326090052606
0.44852910606339985	0.4399326090052606
0.43171677009315196	0.42215176040139746
0.4467277843523018	0.4634492152232733
0.5001669951148756	0.485818669918456
0.4839550997149937	0.4732000031673273
0.4773502534409677	0.4749207304515721
0.45393307119669385	0.4634492152232733
0.47614937230023574	0.4737735789287422
0.5145775688036596	0.4898337002483606
0.47374761001877175	0.4783621850200618
0.5019683168259735	0.4623020637004434
0.4797520157224317	0.45140412423355947
0.4839550997149937	0.4777886092586468
0.5175797716554895	0.496143033623925
0.5121758065221955	0.5334254581158963
0.5091736036703656	0.4777886092586468
0.47374761001877175	0.48753939720270084
0.5061714008185356	0.48352436687279626
0.47855113458169973	0.4777886092586468
0.5235841773591494	0.5271161247403319
0.4983656734037776	0.5236746701718422
0.5193810933665874	0.5173653367962778
0.5127762470925615	0.5173653367962778
0.5037696385370716	0.4938487305782653
0.5073722819592676	0.4944223063396802
0.5235841773591494	0.5093352761364687
0.5193810933665874	0.5162181852734479
0.4977652328334116	0.5231010944104272
0.5163788905147575	0.5133503064663731
0.5067718413889015	0.535146185400141
0.5397960727590314	0.5403083672528756
0.5776238286920892	0.5460441248670249
0.5427982756108614	0.5345726096387261
0.5313899047739075	0.5368669126843859
0.5001669951148756	0.48868654872553074
0.48755774313718964	0.4938487305782653
0.5283877019220775	0.5385876399686307
0.5512044435959853	0.5592363673795686
0.5554075275885474	0.5242482459332571
0.5476018001737893	0.5311311550702364
0.5337916670553714	0.5236746701718422
0.5842286749661152	0.5672664280393779
0.5385951916182994	0.5265425489789168
0.5452000378923254	0.535146185400141
0.5397960727590314	0.5248218216946721
0.5229837367887834	0.5265425489789168
0.5674163389958673	0.5701343068464526
0.5548070870181814	0.5586627916181537
0.5596106115811094	0.5265425489789168
0.5710189824180633	0.5781643675062617
0.5656150172847694	0.5471912763898549
0.5247850584998816	0.49556945786251005
0.5494031218848874	0.5225275186490123
0.5361934293368354	0.5162181852734479
0.5752220664106252	0.5512063067197595
0.5061714008185356	0.5001580639538296
0.6052440949289251	0.5827529735975812
0.6520784594174729	0.6670686105255778
0.5626128144329393	0.555794912811079
0.5421978350404955	0.5030259427609043
0.6718929982395507	0.684275883368026
0.6064449760696571	0.5902094584959755
0.7667626083573783	0.7657236414889478
0.6046436543585592	0.614873216236818
0.4341185323746159	0.41985745735573765
0.46834364488547775	0.4479626696650698
0.43351809180424994	0.4416533362895055
0.7787714197646982	0.7754744294330018
0.7631599649351823	0.7548257020220639
0.4311163295227859	0.4215781846399825
0.4581361551892558	0.42903466953837677
0.41310311241180603	0.40609163908177903
0.6634868302544268	0.6418312770233202
0.7979855180164102	0.774327277910172
0.6268599554621009	0.5965187918715399
0.7223300061502945	0.7318826715654663
0.5163788905147575	0.48926012448694567
0.5524053247367173	0.5506327309583445
0.6520784594174729	0.6498613376831295
0.5884317589586772	0.5529270340040042
0.5349925481961034	0.5202332156033526
0.5938357240919712	0.5879151554503157
0.5566084087292793	0.5334254581158963
0.5800255909735532	0.5758700644606018
0.5115753659518295	0.486392245679871
0.5692176607069653	0.5569420643339089
0.5836282343957492	0.5643985492323031
0.5427982756108614	0.5529270340040042
0.5902330806697752	0.5730021856535272
0.5572088492996453	0.5569420643339089
0.5782242692624552	0.5632513977094733
0.6046436543585592	0.5431762460599503
0.5458004784626914	0.5535006097654193
0.5908335212401412	0.54661770062844
0.5427982756108614	0.5173653367962778
0.5680167795662332	0.5391612157300456
0.5506040030256193	0.5322783065930663
0.5367938699072013	0.505893821567979
0.5307894642035415	0.5127767307049582
0.5373943104775674	0.486392245679871
0.5199815339369535	0.5208067913647675
0.5223832962184175	0.496143033623925
0.5187806527962215	0.5110560034207134
0.49296170827048363	0.5104824276592986
0.5151780093740255	0.5299840035474066
0.5403965133293974	0.5294104277859916
0.49356214884084965	0.4972901851467549
0.5013678762556076	0.5213803671261824
0.5253854990702475	0.49499588210109513
0.48995950541865363	0.5099088518978836
0.48815818370755565	0.49040727600977563
0.4947630299815816	0.496143033623925
0.5247850584998816	0.4777886092586468
0.46834364488547775	0.47549430621298705
0.5007674356852416	0.48123006382713646
0.4797520157224317	0.49499588210109513
0.49596391112231364	0.4623020637004434
0.4593370363299878	0.45083054847214454
0.4947630299815816	0.46287563946185833
0.4725467288780397	0.45713988184770893
0.46654232317437977	0.4531248515178043
0.4377211757968119	0.46516994250751814
0.4629396797521838	0.4737735789287422
0.4455269032115699	0.45771345760912385
0.4575357146188898	0.4491098211878997
0.45093086834486384	0.4737735789287422
0.422109720967296	0.4158424270258331
0.40769914727851203	0.4215781846399825
0.4503304277744979	0.4307553968226216
0.4527321900559618	0.4313289725840365
0.4395224975079099	0.44509479085799514
0.42391104267839397	0.4227253361628124
0.44372558150047187	0.44394763933516523
0.42331060210802796	0.4106802451730986
0.44492646264120383	0.4307553968226216
0.42331060210802796	0.41526885126441815
0.4022951821452181	0.42100460887856755
0.40950046898961007	0.4101066694116836
0.42571236438949195	0.40666521484319396
0.4052973849970481	0.40895951788885376
0.3992929792933881	0.40322376027470436
0.3788779999009442	0.416989578548663
0.42150928039693	0.37741285101103195
0.426913245530224	0.3860164874322561
0.422109720967296	0.3808543055795216
0.38548284617497014	0.37798642677244687
0.36506786678252623	0.3510283659859446
0.39388901416009414	0.38429576014801126
0.411902231271074	0.40723879060460894
0.4016947415748521	0.3957672753763101
0.3794784404713102	0.3946201238534802
0.38127976218240817	0.37225066915829746
0.3524586148048403	0.3860164874322561
0.3794784404713102	0.36479418425990323
0.3776771187602122	0.3802807298181066
0.40109430100448606	0.3751185479653722
0.3734740347676502	0.37282424491971244
0.35005685252337637	0.35905842664575377
0.3722731536269182	0.37167709339688254
0.35305905537520627	0.356764123600094
0.3740744753380162	0.3487340629402848
0.35065729309374233	0.3234967294380274
0.3176330617236125	0.3137459414939734
0.3194343834347105	0.3326739416206665
0.35606125822703627	0.3401304265190607
0.35065729309374233	0.3401304265190607
0.32964187313093246	0.3401304265190607
