WT	KO
0.6759112659735933	0.6875933763590428
0.6718119111674745	0.657647936182602
0.684109975585831	0.683216735102486
0.6756701274555863	0.6892058231377742
0.7034010570263902	0.703717844146357
0.7173870910707956	0.710858679880739
0.7005073948103063	0.6974984065712502
0.7128054592286629	0.7069427377038199
0.7099117970125789	0.7198423119336713
0.7195573377328586	0.7044088927658134
0.7349902028853059	0.7276741962875096
0.7132877362646768	0.7214547587124026
0.7142522903367047	0.722145807331859
0.7400541117634527	0.7421862172960924
0.755004699879886	0.7493270530304744
0.732819956223243	0.7442593631544614
0.7405363887994666	0.743568314535005
0.730890848079187	0.7311294393847911
0.7651325176361796	0.7594624327825005
0.7718843961403754	0.7928631160562228
0.7853881531487669	0.7986218545516922
0.7646502406001657	0.7797331922865527
0.7660970717082075	0.792632766516404
0.7858704301847808	0.7868740280209346
0.8222823464038364	0.8046109425869804
0.8085374508774379	0.8175105168168317
0.7921400316529625	0.8013860490295175
0.8013032953372282	0.8073751370648057
0.8080551738414239	0.816128419577919
0.8596588166949198	0.8516022487100104
0.807814035323417	0.8163587691177379
0.7957571094230673	0.7972397573127795
0.8227646234398502	0.8158980700381003
0.8261405626919482	0.8451524615950847
0.8425379819164235	0.842848966196897
0.8466373367225424	0.8421579175774406
0.8485664448665983	0.8370902277014276
0.8398854582183466	0.8585127349045737
0.8591765396589057	0.8513718991701916
0.8693043574151994	0.8695695128158748
0.8620702018749897	0.8499898019312789
0.8589354011408988	0.8585127349045737
0.8529069381907242	0.8585127349045737
0.8881131618197446	0.8942169135764837
0.8844960840496399	0.8661142697185933
0.878708759617472	0.873485454992794
0.8680986648251645	0.8919134181782961
0.8743682662933462	0.866344619258412
0.8929359321798844	0.8974418071339466
0.9435750209613524	0.9147180226203547
0.9235605239667721	0.9064254391868789
0.9148795373185206	0.9246230528325621
0.9129504291744647	0.8992846034524968
0.9081276588143249	0.8962900594348527
0.9242839395207931	0.9193250134167301
0.9199434461966673	0.9114931290628918
0.9423693283713174	0.938904724301326
0.9440572979973663	0.943051016018064
0.9228371084127512	0.9407475206198763
0.9411636357812825	0.9642431736813912
0.9631072409199186	0.9647038727610289
0.9568376394517368	0.9582540856461031
0.9647952105459675	0.9695412130972231
0.975887582374289	0.9651645718406664
0.9575610550057577	0.9681591158583104
0.9310358180249888	0.943051016018064
0.9561142238977158	0.9421296178587889
0.9631072409199186	0.9428206664782453
0.9688945653520863	0.9465062591153457
0.9913204475267364	0.950191851752446
0.951532592055583	0.9458152104958892
0.9891502008646734	0.9598665324248346
0.9852919845765616	0.9709233103361358
0.9956609408508622	1.0015597991320329
1.0173634074714915	1.028049996211192
1.0554632933165957	1.047399357555969
1.051363938510477	1.0379550264233992
1.0381013200200926	1.038185375963218
1.0749955132751619	1.0623720776441894
1.0378601815020854	1.0462476098568751
1.0301437489258618	1.0204484613971723
0.9980723260309322	1.0054757413089521
0.9430927439253384	0.9296907427085751
0.9199434461966673	0.9161001198592674
0.8567651544788359	0.8679570660371434
0.732337679187229	0.7608445300214132
0.7292028784531381	0.7364274788006231
0.7911754775809346	0.8154373709584628
0.8090197279134518	0.7986218545516922
0.634435440876391	0.6746938021291914
0.6129741127737689	0.637146827138731
0.8162538834536616	0.8301797415068644
1.1876072011844265	1.169254264120101
1.1080314902421196	1.0791875940509599
0.8972764255040102	0.8866153787624642
0.5739096728566365	0.585087831139688
0.7699552879963195	0.7583106850834066
1.220884316669391	1.2231560564376942
1.3134815075840751	1.3341845346303436
0.8119133901295358	0.8260334497901264
0.33904075631782815	0.3268659970028414
0.316856012661185	0.3351585804363173
0.8377152115562836	0.8545967927276545
1.318063139426208	1.2812041404720254
1.218472931489321	1.201733549234548
0.7641679635641516	0.7642997731186948
0.5616116084382801	0.5827843357415002
0.8755739588833811	0.8585127349045737
1.0590803710867007	1.0559222905292636
1.1388972205470143	1.1614223797662624
0.7964805249770884	0.8013860490295175
0.63612341050244	0.6334612345016307
0.6718119111674745	0.6670922673151718
0.7523521761818092	0.7580803355435879
0.7537990072898512	0.7783510950476401
0.7149757058907258	0.7074034367834573
0.759586331722019	0.7437986640748238
0.879914452207507	0.8679570660371434
0.9406813587452685	0.9665466690795791
0.9655186260999884	0.9531863957700901
1.0192925156155472	1.014689722901703
1.1097194598681686	1.080108992210235
1.0853644695494626	1.0591471840867266
1.0877758547295324	1.070895010617484
1.049917107402435	1.04348341537905
1.0409949822361764	1.0397978227419495
1.0660733881089033	1.0653666216618334
1.0588392325686937	1.0418709686003185
1.0253209785657218	1.0139986742822467
1.0132640526653724	0.9905030212207316
0.9522560076096039	0.9690805140175855
0.9488800683575062	0.9398261224606012
0.9592490246318067	0.9617093287433848
0.9647952105459675	0.98704777812345
0.9464686831774363	0.9469669581949832
0.951291453537576	0.9439724141773391
0.9264541861828561	0.9435117150977016
0.9341706187590797	0.91748221709818
0.9324826491330308	0.943051016018064
0.9168086454625765	0.9184036152574551
0.9351351728311077	0.9121841776823483
0.9240428010027861	0.9048129924081474
0.9332060646870518	0.910341381363798
0.9095744899223668	0.9395957729207824
0.8982409795760382	0.888918874160652
0.8746094048113532	0.8679570660371434
0.8746094048113532	0.8916830686384772
0.8948650403239404	0.8921437677181148
0.8825669759055839	0.8919134181782961
0.8700277729692204	0.8863850292226454
0.853630353744745	0.8410061698783469
0.881361283315549	0.8859243301430079
0.8948650403239404	0.844922112055266
0.8647227255730666	0.8757889503909818
0.8413322893263886	0.8433096652765345
0.857970847068871	0.8481470056127287
0.8615879248389757	0.8656535706389556
0.8492898604206192	0.8393937230996154
0.8201120997417735	0.8324832369050521
0.8379563500742907	0.8410061698783469
0.829275363426039	0.8241906534715763
0.8586942626228918	0.8513718991701916
0.8196298227057595	0.8228085562326636
0.8044380960713191	0.8027681462684302
0.7938280012790114	0.7919417178969478
0.8128779442015638	0.7983915050118734
0.8340981337861788	0.8306404405865019
0.8367506574842557	0.8322528873652334
0.8010621568192211	0.8004646508702424
0.7856292916667738	0.7748958519503584
0.8126368056835567	0.8064537389055305
0.8193886841877523	0.8122124774009999
0.806367204215375	0.8140552737195501
0.783459045004711	0.7709799097734392
0.805402650143347	0.8027681462684302
0.7706787035503404	0.7762779491892711
0.7914166160989416	0.7767386482689086
0.7453591591596065	0.7615355786408695
0.73306109474125	0.7398827218979046
0.7523521761818092	0.73135978892461
0.7427066354615295	0.7357364301811666
0.7622388554200957	0.7412648191368173
0.7494585139657254	0.7543947429064874
0.7137700133006908	0.7237582541105905
0.7137700133006908	0.7237582541105905
0.709670658494572	0.7000322515092566
0.6831454215138031	0.6974984065712502
0.6978548711122294	0.7030267955269007
0.6930321007520897	0.7025660964472631
0.708706104422544	0.7182298651549398
0.6814574518877541	0.6746938021291914
0.6788049281896772	0.6783793947662917
0.6937555163061105	0.6926610662350559
0.6681948333973696	0.6947342120934248
0.6809751748517401	0.6668619177753531
0.685074529657859	0.6659405196160779
0.6534853837989433	0.6541926930853205
0.6464923667767406	0.6537319940056828
0.6501094445468454	0.6657101700762591
0.6522796912089083	0.6627156260586151
