WT	KO
0.6431064791935305	0.6437475048946871
0.6611547137184348	0.661128969008044
0.649073446526254	0.6533882360020956
0.6583553957104904	0.6532474954019875
0.6615967112986365	0.6573993431051779
0.6716153231165426	0.6625363750091254
0.6814866024077147	0.6780882113210762
0.6646906943600487	0.6666178524122619
0.6615967112986365	0.6645067434106396
0.6808236060374122	0.6844215383259431
0.6876009022671721	0.6914585683313507
0.6965145201345739	0.6805511718229689
0.6821495987780174	0.6840696868256727
0.6962198550811061	0.6974400438359472
0.7061648006356452	0.6993400419374072
0.703218150100967	0.7042659629411925
0.7184670666179269	0.7184807635521159
0.6999768345128209	0.70560299864222
0.7113214390713322	0.7112326226465461
0.7163307449802853	0.7227733518554146
0.7175830714575234	0.7272066807588213
0.7189090641981287	0.7336103780637423
0.7172884064040557	0.7176363199514669
0.7342316469784557	0.7371992633665001
0.7396092842042434	0.7430399982709884
0.7468285780142052	0.7440251824717454
0.74041961310128	0.750077028276396
0.7480072382280766	0.754721468079965
0.7537532067706991	0.7571844285818576
0.7459445828538017	0.7643621991873735
0.7525008802934608	0.7578881315823984
0.754047871824167	0.7540177650794243
0.7614881644242295	0.7590844266833178
0.7774000773114922	0.7790695918986753
0.792722660091819	0.7900473587071112
0.7800520627927026	0.7775214452974857
0.7631088222183026	0.7656992348884009
0.7747480918302817	0.7747066332953226
0.7887446818700035	0.7899769884070571
0.8021519418027895	0.7979992026132218
0.7923543287749844	0.7887806933061379
0.787934352972967	0.7826584772014331
0.799573622584946	0.7981399432133299
0.8106235620899895	0.8110177081232258
0.8106235620899895	0.8040510484178722
0.8091502368226504	0.8036288266175479
0.8022992743295235	0.7978584620131136
0.8173271920563826	0.8160843697271193
0.8271248050841877	0.8225584373320943
0.8343440988941495	0.8310028733385834
0.8252094822366469	0.8268510256353929
0.8245464858663443	0.8269917662355011
0.8298504568287652	0.8270621365355552
0.8384694096426991	0.8351547210417739
0.8481196901437704	0.8425436025474519
0.8423737216011478	0.8405028638458837
0.8466463648764313	0.8430361946478304
0.8499613467279443	0.852888036655401
0.8660205921419409	0.8695657977682171
0.8757445389063792	0.8774472713742736
0.8780281930707547	0.8697065383683252
0.8780281930707547	0.8742806078718401
0.8789121882311582	0.8637250628637287
0.8949714336451547	0.8851880043802219
0.9134616657502609	0.889902814483845
0.8908461228966051	0.8868065212814656
0.8862788145678538	0.8716065364697851
0.8898884614728347	0.8735065345712453
0.8898147952094678	0.8827954141783834
0.9020433949283825	0.8900435550839532
0.9068317020472347	0.8992620643910371
0.8999070732907408	0.9003879891919023
0.9213439559305252	0.9137583462021768
0.9570720936634991	0.9451435000262947
0.9403498518792	0.9279027765130461
0.9543464419189217	0.9496471992297555
0.9596504128813426	0.9497175695298096
0.9718790126002573	0.9558397856345142
0.975856990822073	0.9822990184548468
0.9687850295388452	0.9631582968401381
0.9705530198596521	0.9580916352362446
0.960755406831847	0.9421175771239694
0.9271635907365148	0.9226953743090445
0.8534236611061913	0.8495806325528595
0.7553001983014052	0.7559177631808843
0.7095534487505252	0.7056733689422741
0.6652063582036173	0.6782993222212385
0.7267176881150261	0.7196066883529811
0.7383569577270052	0.7535251729790458
0.7764424158877218	0.7792807027988375
0.6968828514514086	0.7023659648397325
0.6820022662512835	0.6872363503281061
0.7541952043509009	0.7640807179871572
0.9362245411306503	0.9357842501191025
0.9581034213506364	0.9589360788368936
0.9192813005562503	0.9206546356074762
0.7425559347389217	0.7407177783692038
0.6833282589918886	0.6940622694333516
0.764361148695541	0.7709066370924025
0.7901443408739756	0.7970843887125187
0.7307693326002087	0.7385362990675276
0.7244340339506504	0.727769643159254
0.7667184691232835	0.7791399621987294
0.7591308439964869	0.7453622181727729
0.6782452868195687	0.6828733917247535
0.7561105271984417	0.7637992367869407
0.9331305580692382	0.9188953781061243
0.9528731166515825	0.9536583063328379
0.9295945774276243	0.9214990792081251
0.7556685296182399	0.756551095881371
0.6824442638314852	0.6869548691278898
0.6994611706692522	0.6968067111354604
0.7750427568837496	0.7763251501965663
0.7245813664773842	0.7317103799622822
0.7061648006356452	0.6949067130340004
0.6687423388452313	0.6739363636178858
0.6987245080355825	0.7046881847415171
0.7586888464162852	0.7539473947793701
0.8280088002445912	0.8214325125312291
0.8931297770609808	0.9007398406921727
0.9603870755150121	0.9393731354218604
0.9603134092516452	0.9537990469329459
0.9995038613628661	0.978780503452143
0.980939962994393	0.9666064415427879
0.9737206691844313	0.9649175543414901
0.975856990822073	0.9611175581385699
0.9637020573665251	0.9540101578331083
0.9544937744456555	0.9392323948217524
0.9441068313109148	0.9474657199280792
0.9363718736573843	0.9355027689188863
0.9351195471801461	0.9155879740035827
0.9038850515125565	0.9032028011940654
0.9100730176353808	0.897362066289577
0.9069790345739687	0.901021321892389
0.9084523598413078	0.8942657730871977
0.894382103538219	0.8880028163823849
0.8739028823222053	0.861191732061782
0.8757445389063792	0.8716769067698393
0.8798698496549288	0.8748435702722727
0.8678622487261148	0.8736472751713534
0.8651365969815374	0.8609102508615657
0.8555599827438329	0.8441621194486956
0.8533499948428244	0.85373248025605
0.8432577167615513	0.8435991570482629
0.8445100432387895	0.8469769314508587
0.835228094054553	0.8419102698469652
0.8209368389613634	0.8331843526402598
0.8244728196029774	0.8360695349424768
0.8308081182525356	0.8283288019365286
0.8229994943356382	0.8132695577249563
0.8193161811672903	0.8259362117346899
0.8139385439415026	0.8070769713201975
0.8189478498504557	0.8116510408237125
0.8115812235137599	0.8005325334151685
0.8045829284938991	0.8113695596234962
0.809813233192953	0.798351054113492
0.8084872404523479	0.7996177195144655
0.7863136951788939	0.7817436633007302
0.7718014412956035	0.7781547779979724
0.7781367399451617	0.7820955148010006
0.7734220990896765	0.7771695937972153
0.787934352972967	0.7886399527060297
0.8040672646503304	0.7846288456029473
0.7675287980203199	0.77414367089489
0.7767370809411895	0.7637992367869407
0.7701071172381634	0.7721029321933217
0.7734957653530434	0.7693584904912129
0.757510186202414	0.7675992329898609
0.7569945223588452	0.7647844209876979
0.7570681886222121	0.7459955508732596
0.7462392479072695	0.7576770206822362
0.7385779565171061	0.7455029587728811
0.7359259710358955	0.7466288835737463
0.7460919153805355	0.7466992538738004
0.7276016832754295	0.7283326055596865
0.7296643386497043	0.7291770491603354
0.7297380049130713	0.7218585379547114
0.7248023652674852	0.7199585398532514
0.7189090641981287	0.7255177935575235
0.7133840944456069	0.716721506050764
0.7123527667584695	0.7121474365472491
0.7077117921663513	0.7164400248505477
0.693052205756327	0.7018733727393539
0.6956305249741704	0.6952585645342708
0.691063216645419	0.6850548710264298
0.6826652626215861	0.6867437582277276
0.6775086241858992	0.6905437544306476
0.6596813884510956	0.6787215440215629
0.6719836544333774	0.6747104369184806
0.6494417778430887	0.6640845216103152
0.6647643606234156	0.6719659952163717
0.6666796834709565	0.670347478315128
0.6554087451758122	0.6643660028105315
0.6529040922213356	0.6514882379006356
0.6385391708647791	0.6478289822978235
0.637139511860807	0.6372734372897122
0.6557770764926469	0.650925275500203
0.643769475563833	0.648180833798094
0.6350768564865321	0.6337549222870084
0.6258685735656626	0.6263660407813304
