WT	KO
0.1729335459801795	0.18705778921903654
0.1908232231505429	0.18705778921903654
0.14908064308636165	0.14737886423318028
0.17889677170363397	0.15304728208830262
0.11330128874563485	0.15871569994342494
0.14908064308636165	0.17572095350879188
0.17889677170363397	0.19839462492928117
0.16697032025672506	0.12470519281269103
0.17889677170363397	0.15304728208830262
0.18485999742708842	0.13037361066781333
0.18485999742708842	0.19839462492928117
0.1729335459801795	0.141710446378058
0.16100709453327058	0.12470519281269103
0.20274967459745183	0.15871569994342494
0.2266025774912697	0.17005253565366957
0.2146761260443608	0.17005253565366957
0.16697032025672506	0.19272620707415886
0.14908064308636165	0.17005253565366957
0.1908232231505429	0.2550788034805044
0.19678644887399738	0.1813893713639142
0.22063935176781524	0.19839462492928117
0.2266025774912697	0.19839462492928117
0.2146761260443608	0.21539987849464814
0.2146761260443608	0.21539987849464814
0.23256580321472414	0.18705778921903654
0.1729335459801795	0.18705778921903654
0.22063935176781524	0.16438411779854725
0.1729335459801795	0.17572095350879188
0.2146761260443608	0.18705778921903654
0.18485999742708842	0.21539987849464814
0.16100709453327058	0.08502626782683478
0.23256580321472414	0.20406304278440351
0.17889677170363397	0.19839462492928117
0.20274967459745183	0.20406304278440351
0.2146761260443608	0.17005253565366957
0.20274967459745183	0.2097314606395258
0.16697032025672506	0.19272620707415886
0.14908064308636165	0.17005253565366957
0.16100709453327058	0.1813893713639142
0.1729335459801795	0.19839462492928117
0.16697032025672506	0.2097314606395258
0.17889677170363397	0.2097314606395258
0.20274967459745183	0.22673671420489278
0.1908232231505429	0.2324051320600151
0.1908232231505429	0.266415639190749
0.16100709453327058	0.13604202852293565
0.2087129003209063	0.17005253565366957
0.23852902893817862	0.22106829634977043
0.2444922546616331	0.1813893713639142
0.1908232231505429	0.2324051320600151
0.2146761260443608	0.19272620707415886
0.1729335459801795	0.19272620707415886
0.19678644887399738	0.24374196777025972
0.23256580321472414	0.2380735499151374
0.2146761260443608	0.19839462492928117
0.23256580321472414	0.24941038562538206
0.2087129003209063	0.24374196777025972
0.2504554803850875	0.19839462492928117
0.16100709453327058	0.22106829634977043
0.28027160900235987	0.19839462492928117
0.2146761260443608	0.20406304278440351
0.1908232231505429	0.13604202852293565
0.19678644887399738	0.17572095350879188
0.20274967459745183	0.2097314606395258
0.2266025774912697	0.24374196777025972
0.2266025774912697	0.24941038562538206
0.1550438688098161	0.16438411779854725
0.19678644887399738	0.2097314606395258
0.2087129003209063	0.18705778921903654
0.26834515755545096	0.22673671420489278
0.17889677170363397	0.2550788034805044
0.18485999742708842	0.22106829634977043
0.2444922546616331	0.19839462492928117
0.2266025774912697	0.2380735499151374
0.2266025774912697	0.19272620707415886
0.23256580321472414	0.22106829634977043
0.17889677170363397	0.17572095350879188
0.1729335459801795	0.16438411779854725
0.2146761260443608	0.19272620707415886
0.2743083832789054	0.22673671420489278
0.2504554803850875	0.21539987849464814
0.18485999742708842	0.16438411779854725
0.23852902893817862	0.18705778921903654
0.256418706108542	0.2550788034805044
0.1908232231505429	0.24374196777025972
0.2504554803850875	0.17572095350879188
0.2146761260443608	0.266415639190749
0.256418706108542	0.2380735499151374
0.16697032025672506	0.18705778921903654
0.18485999742708842	0.17005253565366957
0.16100709453327058	0.13037361066781333
0.17889677170363397	0.19839462492928117
0.20274967459745183	0.22106829634977043
0.19678644887399738	0.22106829634977043
0.1550438688098161	0.17572095350879188
0.10137483729872591	0.17572095350879188
0.1550438688098161	0.16438411779854725
0.2504554803850875	0.266415639190749
0.2623819318319965	0.29475772846636056
0.23256580321472414	0.29475772846636056
0.2504554803850875	0.2550788034805044
0.2981612861727233	0.2720840570458713
0.3100877376196322	0.2380735499151374
0.1550438688098161	0.13037361066781333
0.19678644887399738	0.13604202852293565
0.18485999742708842	0.1813893713639142
0.1908232231505429	0.2097314606395258
0.23256580321472414	0.19272620707415886
0.2623819318319965	0.2097314606395258
0.1550438688098161	0.17005253565366957
0.17889677170363397	0.1813893713639142
0.20274967459745183	0.22106829634977043
0.22063935176781524	0.19272620707415886
0.256418706108542	0.266415639190749
0.22063935176781524	0.22106829634977043
0.2504554803850875	0.2324051320600151
0.2743083832789054	0.26074722133562667
0.18485999742708842	0.17005253565366957
0.2444922546616331	0.2380735499151374
0.2623819318319965	0.30609456417660524
0.2146761260443608	0.29475772846636056
0.2623819318319965	0.19272620707415886
0.28027160900235987	0.2380735499151374
0.22063935176781524	0.2324051320600151
0.256418706108542	0.26074722133562667
0.22063935176781524	0.20406304278440351
0.2444922546616331	0.22106829634977043
0.2444922546616331	0.19839462492928117
0.22063935176781524	0.16438411779854725
0.2444922546616331	0.19272620707415886
0.256418706108542	0.24374196777025972
0.256418706108542	0.22106829634977043
0.256418706108542	0.2324051320600151
0.23256580321472414	0.22106829634977043
0.18485999742708842	0.19272620707415886
0.2087129003209063	0.24374196777025972
0.18485999742708842	0.2380735499151374
0.28623483472581435	0.26074722133562667
0.256418706108542	0.2097314606395258
0.20274967459745183	0.20406304278440351
0.2444922546616331	0.22106829634977043
0.2146761260443608	0.24941038562538206
0.20274967459745183	0.24374196777025972
0.26834515755545096	0.24374196777025972
0.20274967459745183	0.141710446378058
0.18485999742708842	0.18705778921903654
0.2146761260443608	0.21539987849464814
0.2146761260443608	0.24374196777025972
0.2623819318319965	0.26074722133562667
0.20274967459745183	0.20406304278440351
0.2087129003209063	0.22106829634977043
0.16697032025672506	0.2097314606395258
0.1729335459801795	0.27775247490099364
0.2087129003209063	0.22106829634977043
0.17889677170363397	0.17572095350879188
0.2087129003209063	0.1813893713639142
0.2087129003209063	0.14737886423318028
0.18485999742708842	0.17572095350879188
0.2087129003209063	0.2380735499151374
0.2444922546616331	0.26074722133562667
0.14311741736290717	0.2324051320600151
0.18485999742708842	0.20406304278440351
0.1729335459801795	0.2380735499151374
0.22063935176781524	0.15304728208830262
0.2743083832789054	0.2324051320600151
0.23256580321472414	0.22673671420489278
0.23256580321472414	0.2097314606395258
0.20274967459745183	0.17005253565366957
0.17889677170363397	0.17572095350879188
0.1908232231505429	0.19272620707415886
0.2623819318319965	0.19839462492928117
0.17889677170363397	0.20406304278440351
0.22063935176781524	0.15304728208830262
0.20274967459745183	0.17005253565366957
0.2266025774912697	0.22673671420489278
0.2146761260443608	0.24374196777025972
0.1550438688098161	0.17005253565366957
0.18485999742708842	0.19272620707415886
0.14311741736290717	0.19272620707415886
0.1908232231505429	0.21539987849464814
0.19678644887399738	0.1813893713639142
0.14908064308636165	0.1813893713639142
0.17889677170363397	0.21539987849464814
0.1908232231505429	0.1813893713639142
0.1729335459801795	0.18705778921903654
0.23256580321472414	0.22106829634977043
0.18485999742708842	0.13037361066781333
0.19678644887399738	0.2097314606395258
0.16100709453327058	0.15871569994342494
0.16100709453327058	0.17005253565366957
0.16697032025672506	0.17572095350879188
0.19678644887399738	0.17005253565366957
0.2623819318319965	0.19839462492928117
0.22063935176781524	0.19839462492928117
0.2623819318319965	0.24941038562538206
0.17889677170363397	0.18705778921903654
0.1371541916394527	0.15871569994342494
0.20274967459745183	0.17572095350879188
0.19678644887399738	0.18705778921903654
0.19678644887399738	0.19839462492928117
