WT	KO
0.1506235756162065	0.19772075707237852
0.22234908781440008	0.17044892851067112
0.17214122927566458	0.14317709994896374
0.19365888293512265	0.19090279993195167
0.1362784731765678	0.19090279993195167
0.1506235756162065	0.18408484279152482
0.17931378049548394	0.19772075707237852
0.16496867805584522	0.12272322852768323
0.20800398537476136	0.17044892851067112
0.19365888293512265	0.13635914280853692
0.20800398537476136	0.23181054277451274
0.17214122927566458	0.1636309713702443
0.17214122927566458	0.13635914280853692
0.200831434154942	0.18408484279152482
0.22234908781440008	0.19090279993195167
0.22234908781440008	0.18408484279152482
0.17931378049548394	0.19090279993195167
0.16496867805584522	0.1636309713702443
0.22234908781440008	0.2863541998979275
0.22952163903421943	0.17044892851067112
0.22952163903421943	0.20453871421280537
0.19365888293512265	0.23181054277451274
0.21517653659458072	0.21817462849365907
0.22234908781440008	0.2113566713532322
0.20800398537476136	0.2113566713532322
0.1864863317153033	0.18408484279152482
0.22952163903421943	0.177266885651098
0.21517653659458072	0.19090279993195167
0.22952163903421943	0.2113566713532322
0.1864863317153033	0.2386284999149396
0.17931378049548394	0.13635914280853692
0.26538439513331624	0.21817462849365907
0.1506235756162065	0.18408484279152482
0.21517653659458072	0.22499258563408592
0.17931378049548394	0.19772075707237852
0.22952163903421943	0.22499258563408592
0.19365888293512265	0.20453871421280537
0.22952163903421943	0.19772075707237852
0.17931378049548394	0.21817462849365907
0.1864863317153033	0.21817462849365907
0.23669419025403882	0.2386284999149396
0.17931378049548394	0.2386284999149396
0.1864863317153033	0.19772075707237852
0.22952163903421943	0.24544645705536647
0.22234908781440008	0.2863541998979275
0.20800398537476136	0.19772075707237852
0.20800398537476136	0.19090279993195167
0.24386674147385815	0.2113566713532322
0.25103929269367753	0.177266885651098
0.1864863317153033	0.19090279993195167
0.21517653659458072	0.19772075707237852
0.21517653659458072	0.17044892851067112
0.20800398537476136	0.2386284999149396
0.2582118439134969	0.2386284999149396
0.23669419025403882	0.19772075707237852
0.26538439513331624	0.2863541998979275
0.24386674147385815	0.29999011417878124
0.2725569463531356	0.20453871421280537
0.1506235756162065	0.22499258563408592
0.2582118439134969	0.19090279993195167
0.21517653659458072	0.20453871421280537
0.200831434154942	0.17044892851067112
0.22234908781440008	0.15681301422981744
0.21517653659458072	0.18408484279152482
0.21517653659458072	0.22499258563408592
0.2869020487927743	0.26590032847664696
0.17931378049548394	0.21817462849365907
0.200831434154942	0.22499258563408592
0.24386674147385815	0.19090279993195167
0.3084197024522323	0.2386284999149396
0.1864863317153033	0.24544645705536647
0.200831434154942	0.24544645705536647
0.2582118439134969	0.21817462849365907
0.20800398537476136	0.27271828561707384
0.24386674147385815	0.2113566713532322
0.22952163903421943	0.23181054277451274
0.1864863317153033	0.19090279993195167
0.19365888293512265	0.20453871421280537
0.22234908781440008	0.20453871421280537
0.2582118439134969	0.25908237133622014
0.26538439513331624	0.23181054277451274
0.19365888293512265	0.19772075707237852
0.29407460001259367	0.21817462849365907
0.3084197024522323	0.2931721570383543
0.16496867805584522	0.2522644141957933
0.25103929269367753	0.2113566713532322
0.17931378049548394	0.2386284999149396
0.26538439513331624	0.22499258563408592
0.200831434154942	0.177266885651098
0.1864863317153033	0.19772075707237852
0.1506235756162065	0.12272322852768323
0.1362784731765678	0.20453871421280537
0.24386674147385815	0.19772075707237852
0.22952163903421943	0.25908237133622014
0.1864863317153033	0.2522644141957933
0.11476081951710972	0.17044892851067112
0.1506235756162065	0.14317709994896374
0.2725569463531356	0.25908237133622014
0.29407460001259367	0.3204439856000617
0.29407460001259367	0.3136260284596349
0.26538439513331624	0.24544645705536647
0.26538439513331624	0.2386284999149396
0.2797294975729549	0.21817462849365907
0.19365888293512265	0.19090279993195167
0.200831434154942	0.17044892851067112
0.16496867805584522	0.20453871421280537
0.22234908781440008	0.24544645705536647
0.24386674147385815	0.2386284999149396
0.2582118439134969	0.23181054277451274
0.16496867805584522	0.17044892851067112
0.16496867805584522	0.1636309713702443
0.22234908781440008	0.23181054277451274
0.20800398537476136	0.21817462849365907
0.25103929269367753	0.24544645705536647
0.200831434154942	0.21817462849365907
0.2582118439134969	0.27271828561707384
0.25103929269367753	0.23181054277451274
0.200831434154942	0.19090279993195167
0.24386674147385815	0.21817462849365907
0.25103929269367753	0.25908237133622014
0.200831434154942	0.26590032847664696
0.26538439513331624	0.19090279993195167
0.25103929269367753	0.22499258563408592
0.24386674147385815	0.23181054277451274
0.2797294975729549	0.25908237133622014
0.22952163903421943	0.20453871421280537
0.22234908781440008	0.18408484279152482
0.2797294975729549	0.15681301422981744
0.16496867805584522	0.14317709994896374
0.23669419025403882	0.2113566713532322
0.21517653659458072	0.20453871421280537
0.22234908781440008	0.20453871421280537
0.23669419025403882	0.24544645705536647
0.26538439513331624	0.23181054277451274
0.21517653659458072	0.2386284999149396
0.22234908781440008	0.27271828561707384
0.20800398537476136	0.2386284999149396
0.2725569463531356	0.27271828561707384
0.2582118439134969	0.21817462849365907
0.19365888293512265	0.19772075707237852
0.200831434154942	0.21817462849365907
0.21517653659458072	0.24544645705536647
0.22952163903421943	0.27271828561707384
0.25103929269367753	0.25908237133622014
0.22952163903421943	0.18408484279152482
0.17931378049548394	0.1636309713702443
0.22952163903421943	0.21817462849365907
0.20800398537476136	0.25908237133622014
0.21517653659458072	0.2386284999149396
0.1864863317153033	0.21817462849365907
0.22952163903421943	0.2113566713532322
0.1864863317153033	0.22499258563408592
0.17214122927566458	0.2386284999149396
0.19365888293512265	0.22499258563408592
0.15779612683602587	0.177266885651098
0.200831434154942	0.19772075707237852
0.23669419025403882	0.12272322852768323
0.15779612683602587	0.19772075707237852
0.200831434154942	0.21817462849365907
0.22952163903421943	0.2386284999149396
0.1864863317153033	0.26590032847664696
0.1864863317153033	0.2113566713532322
0.17214122927566458	0.21817462849365907
0.22234908781440008	0.1636309713702443
0.2582118439134969	0.26590032847664696
0.22234908781440008	0.23181054277451274
0.22952163903421943	0.20453871421280537
0.21517653659458072	0.18408484279152482
0.17214122927566458	0.1636309713702443
0.17931378049548394	0.18408484279152482
0.23669419025403882	0.1636309713702443
0.1864863317153033	0.19772075707237852
0.22952163903421943	0.177266885651098
0.1864863317153033	0.14999505708939062
0.25103929269367753	0.20453871421280537
0.24386674147385815	0.24544645705536647
0.22952163903421943	0.20453871421280537
0.200831434154942	0.20453871421280537
0.14345102439638716	0.177266885651098
0.22952163903421943	0.23181054277451274
0.21517653659458072	0.19090279993195167
0.15779612683602587	0.19772075707237852
0.17931378049548394	0.18408484279152482
0.16496867805584522	0.177266885651098
0.21517653659458072	0.20453871421280537
0.2797294975729549	0.22499258563408592
0.22234908781440008	0.15681301422981744
0.19365888293512265	0.2113566713532322
0.14345102439638716	0.18408484279152482
0.15779612683602587	0.20453871421280537
0.1506235756162065	0.19090279993195167
0.200831434154942	0.14317709994896374
0.24386674147385815	0.19090279993195167
0.19365888293512265	0.20453871421280537
0.22234908781440008	0.21817462849365907
0.16496867805584522	0.17044892851067112
0.10758826829729036	0.177266885651098
0.1864863317153033	0.1636309713702443
0.17931378049548394	0.17044892851067112
0.16496867805584522	0.177266885651098
