WT	KO
0.18044279318749254	0.22568700719468493
0.21843074964801729	0.18054960575574794
0.15195182584209896	0.17152212546796056
0.16144881495723018	0.19860456633132273
0.1899397823026237	0.19860456633132273
0.17094580407236135	0.12638472402902357
0.17094580407236135	0.16249464518017315
0.19943677141775493	0.2347144874824723
0.16144881495723018	0.18957708604353535
0.2089337605328861	0.14443968460459836
0.15195182584209896	0.19860456633132273
0.1899397823026237	0.21665952690689752
0.1329578476118366	0.19860456633132273
0.16144881495723018	0.13541220431681097
0.21843074964801729	0.16249464518017315
0.21843074964801729	0.15346716489238577
0.1424548367269678	0.14443968460459836
0.1424548367269678	0.15346716489238577
0.11396386938157423	0.15346716489238577
0.1424548367269678	0.16249464518017315
0.19943677141775493	0.2347144874824723
0.19943677141775493	0.17152212546796056
0.17094580407236135	0.21665952690689752
0.17094580407236135	0.17152212546796056
0.17094580407236135	0.19860456633132273
0.21843074964801729	0.12638472402902357
0.22792773876314845	0.22568700719468493
0.27541268433880445	0.26179692834583457
0.21843074964801729	0.18054960575574794
0.17094580407236135	0.18054960575574794
0.1424548367269678	0.19860456633132273
0.18044279318749254	0.20763204661911014
0.19943677141775493	0.24374196777025972
0.1899397823026237	0.17152212546796056
0.1899397823026237	0.21665952690689752
0.2089337605328861	0.20763204661911014
0.24692171699341084	0.17152212546796056
0.256418706108542	0.22568700719468493
0.18044279318749254	0.16249464518017315
0.18044279318749254	0.21665952690689752
0.27541268433880445	0.22568700719468493
0.22792773876314845	0.27985188892140933
0.3039036516841979	0.30693432978477153
0.22792773876314845	0.18054960575574794
0.21843074964801729	0.11735724374123616
0.24692171699341084	0.18054960575574794
0.24692171699341084	0.26179692834583457
0.3513885972598539	0.24374196777025972
0.2849096734539356	0.22568700719468493
0.1899397823026237	0.24374196777025972
0.2659156952236732	0.25276944805804713
0.23742472787827965	0.22568700719468493
0.2659156952236732	0.24374196777025972
0.2659156952236732	0.26179692834583457
0.23742472787827965	0.22568700719468493
0.24692171699341084	0.16249464518017315
0.2089337605328861	0.19860456633132273
0.19943677141775493	0.18957708604353535
0.19943677141775493	0.19860456633132273
0.19943677141775493	0.21665952690689752
0.2944066625690668	0.2888793692091967
0.23742472787827965	0.26179692834583457
0.2089337605328861	0.29790684949698415
0.23742472787827965	0.2888793692091967
0.2089337605328861	0.2888793692091967
0.256418706108542	0.26179692834583457
0.24692171699341084	0.24374196777025972
0.17094580407236135	0.17152212546796056
0.18044279318749254	0.27082440863362195
0.21843074964801729	0.22568700719468493
0.256418706108542	0.22568700719468493
0.23742472787827965	0.2888793692091967
0.24692171699341084	0.21665952690689752
0.12346085849670542	0.19860456633132273
0.18044279318749254	0.2347144874824723
0.2659156952236732	0.27985188892140933
0.23742472787827965	0.2888793692091967
0.23742472787827965	0.2347144874824723
0.21843074964801729	0.2347144874824723
0.16144881495723018	0.19860456633132273
0.23742472787827965	0.18054960575574794
0.21843074964801729	0.20763204661911014
0.2659156952236732	0.27082440863362195
0.27541268433880445	0.21665952690689752
0.2089337605328861	0.18054960575574794
0.23742472787827965	0.14443968460459836
0.23742472787827965	0.18054960575574794
0.2849096734539356	0.24374196777025972
0.2849096734539356	0.25276944805804713
0.22792773876314845	0.18957708604353535
0.1424548367269678	0.18054960575574794
0.15195182584209896	0.16249464518017315
0.2659156952236732	0.3430442509359211
0.24692171699341084	0.3159618100725589
0.3039036516841979	0.21665952690689752
0.2089337605328861	0.20763204661911014
0.1424548367269678	0.09930228316566136
0.2944066625690668	0.26179692834583457
0.3513885972598539	0.3159618100725589
0.24692171699341084	0.20763204661911014
0.19943677141775493	0.24374196777025972
0.16144881495723018	0.18054960575574794
0.1899397823026237	0.24374196777025972
0.3418916081447227	0.26179692834583457
0.1899397823026237	0.17152212546796056
0.256418706108542	0.30693432978477153
0.2944066625690668	0.24374196777025972
0.3418916081447227	0.33401677064813373
0.3798795646052474	0.30693432978477153
0.09496989115131185	0.14443968460459836
0.2089337605328861	0.21665952690689752
0.21843074964801729	0.18957708604353535
0.2849096734539356	0.3430442509359211
0.31340064079932917	0.27082440863362195
0.10446688026644305	0.18054960575574794
0.19943677141775493	0.17152212546796056
0.1329578476118366	0.14443968460459836
0.22792773876314845	0.2347144874824723
0.1899397823026237	0.19860456633132273
0.2089337605328861	0.26179692834583457
0.23742472787827965	0.24374196777025972
0.21843074964801729	0.17152212546796056
0.23742472787827965	0.18957708604353535
0.19943677141775493	0.26179692834583457
0.27541268433880445	0.18957708604353535
0.23742472787827965	0.26179692834583457
0.16144881495723018	0.2347144874824723
0.22792773876314845	0.21665952690689752
0.19943677141775493	0.27082440863362195
0.1899397823026237	0.09027480287787397
0.1424548367269678	0.15346716489238577
0.11396386938157423	0.18957708604353535
0.256418706108542	0.26179692834583457
0.256418706108542	0.2347144874824723
0.21843074964801729	0.19860456633132273
0.2089337605328861	0.21665952690689752
0.22792773876314845	0.26179692834583457
0.256418706108542	0.21665952690689752
0.2944066625690668	0.27082440863362195
0.2089337605328861	0.24374196777025972
0.2089337605328861	0.2347144874824723
0.256418706108542	0.22568700719468493
0.2089337605328861	0.20763204661911014
0.15195182584209896	0.26179692834583457
0.22792773876314845	0.18054960575574794
0.23742472787827965	0.16249464518017315
0.23742472787827965	0.27082440863362195
0.16144881495723018	0.15346716489238577
0.17094580407236135	0.21665952690689752
0.21843074964801729	0.20763204661911014
0.19943677141775493	0.22568700719468493
0.1899397823026237	0.2888793692091967
0.21843074964801729	0.21665952690689752
0.19943677141775493	0.20763204661911014
0.22792773876314845	0.22568700719468493
0.23742472787827965	0.21665952690689752
0.23742472787827965	0.16249464518017315
0.22792773876314845	0.29790684949698415
0.16144881495723018	0.18054960575574794
0.22792773876314845	0.22568700719468493
0.21843074964801729	0.18957708604353535
0.22792773876314845	0.21665952690689752
0.15195182584209896	0.17152212546796056
0.17094580407236135	0.18054960575574794
0.15195182584209896	0.27082440863362195
0.19943677141775493	0.22568700719468493
0.1899397823026237	0.16249464518017315
0.1899397823026237	0.24374196777025972
0.21843074964801729	0.20763204661911014
0.22792773876314845	0.20763204661911014
0.21843074964801729	0.27985188892140933
0.17094580407236135	0.16249464518017315
0.15195182584209896	0.10832976345344876
0.2089337605328861	0.2347144874824723
0.18044279318749254	0.22568700719468493
0.18044279318749254	0.13541220431681097
0.15195182584209896	0.16249464518017315
0.1329578476118366	0.12638472402902357
0.2089337605328861	0.20763204661911014
0.1899397823026237	0.15346716489238577
0.16144881495723018	0.14443968460459836
0.17094580407236135	0.11735724374123616
0.16144881495723018	0.19860456633132273
0.1899397823026237	0.21665952690689752
0.1899397823026237	0.17152212546796056
0.18044279318749254	0.17152212546796056
0.23742472787827965	0.18957708604353535
0.19943677141775493	0.15346716489238577
0.17094580407236135	0.17152212546796056
0.16144881495723018	0.18957708604353535
0.21843074964801729	0.13541220431681097
0.1899397823026237	0.16249464518017315
0.16144881495723018	0.17152212546796056
0.16144881495723018	0.16249464518017315
0.2089337605328861	0.14443968460459836
0.18044279318749254	0.15346716489238577
0.22792773876314845	0.27985188892140933
0.1424548367269678	0.15346716489238577
0.1424548367269678	0.20763204661911014
0.1424548367269678	0.16249464518017315
