WT	KO
0.18866039516794283	0.2222724680184752
0.2604044891050479	0.18185929201511605
0.2444613571190245	0.2172208210180553
0.20460352715396615	0.19196258601595584
0.18068882917493115	0.19701423301637574
0.22586103646866396	0.2399532325199448
0.21523228181131507	0.25763399702141443
0.2178894704756523	0.22984993851910504
0.2072607158183034	0.19701423301637574
0.22586103646866396	0.20964335051742544
0.18866039516794283	0.19196258601595584
0.20991790448264064	0.20206588001679562
0.22851822513300116	0.23490158551952492
0.19928914982529172	0.19954005651658568
0.2178894704756523	0.19954005651658568
0.2418041684546873	0.21469499751784535
0.23383260246167564	0.2450048795203647
0.24711854578336173	0.2399532325199448
0.2790048097554084	0.25510817352120446
0.22851822513300116	0.2450048795203647
0.20460352715396615	0.22479829151868513
0.20991790448264064	0.2399532325199448
0.2604044891050479	0.2172208210180553
0.2790048097554084	0.3106762905258233
0.2869763757484201	0.24753070302057464
0.2418041684546873	0.21974664451826523
0.22851822513300116	0.24753070302057464
0.2550901117763734	0.2525823500209945
0.2524329231120362	0.2626856440218343
0.2657188664337223	0.25763399702141443
0.2683760550980595	0.24753070302057464
0.2604044891050479	0.27278893802267407
0.2524329231120362	0.2450048795203647
0.2550901117763734	0.2652114675220443
0.27369043242673396	0.21469499751784535
0.2604044891050479	0.25763399702141443
0.2550901117763734	0.27278893802267407
0.25774730044071065	0.2677372910222542
0.23383260246167564	0.2525823500209945
0.2630616777693851	0.2450048795203647
0.2869763757484201	0.2601598205216244
0.2550901117763734	0.24753070302057464
0.23383260246167564	0.24753070302057464
0.21257509314697784	0.2500565265207846
0.2790048097554084	0.2601598205216244
0.3029195077344434	0.3005729965249835
0.30557669639878066	0.277840585023094
0.2790048097554084	0.2828922320235139
0.25774730044071065	0.2652114675220443
0.28963356441275734	0.27278893802267407
0.29229075307709457	0.3182537610264531
0.3135482623917923	0.3056246435254034
0.3082338850631179	0.323305408026873
0.29229075307709457	0.2828922320235139
0.3029195077344434	0.2854180555237238
0.2657188664337223	0.2500565265207846
0.2657188664337223	0.32077958452666305
0.27369043242673396	0.2980471730247735
0.3108910737274551	0.325831231527083
0.3135482623917923	0.3334087020277128
0.3108910737274551	0.32077958452666305
0.30557669639878066	0.3662444075304421
0.2949479417414318	0.2854180555237238
0.27369043242673396	0.27026311452246415
0.29229075307709457	0.3409861725283426
0.3348057717064901	0.3384603490281327
0.3587204696855251	0.3510894665291824
0.3241770170491412	0.2904697025241437
0.30557669639878066	0.3334087020277128
0.3029195077344434	0.3334087020277128
0.35074890369251344	0.3788735250314918
0.3587204696855251	0.3308828785275028
0.369349224342874	0.3182537610264531
0.37732079033588567	0.3056246435254034
0.3162054510561295	0.3334087020277128
0.3427773376995018	0.28794387902393376
0.3401201490351646	0.3308828785275028
0.37200641300721127	0.34856364302897247
0.3826351676645601	0.34856364302897247
0.3480917150281762	0.30815046702561333
0.369349224342874	0.33593452552792274
0.29229075307709457	0.2854180555237238
0.29229075307709457	0.3132021140260332
0.2683760550980595	0.3005729965249835
0.2550901117763734	0.32077958452666305
0.2790048097554084	0.2828922320235139
0.33746296037082735	0.3106762905258233
0.33746296037082735	0.33593452552792274
0.3348057717064901	0.3586669370298122
0.3799779790002229	0.34351199602855254
0.22586103646866396	0.23742740901973486
0.4092070543079323	0.38645099553212164
0.41186424297226953	0.3334087020277128
0.2816619984197456	0.3334087020277128
0.20194633848962895	0.22732411501889507
0.27369043242673396	0.2980471730247735
0.4490648842729907	0.3940284660327515
0.4995514688953979	0.4420191125367404
0.2550901117763734	0.2955213495245636
0.18334601783926838	0.21469499751784535
0.17537445184625672	0.19701423301637574
0.2869763757484201	0.3005729965249835
0.45437926160166514	0.4344416420361106
0.4251501862939557	0.40665758353380116
0.3002623190701062	0.37382187803107186
0.21257509314697784	0.23237576201931495
0.3480917150281762	0.3510894665291824
0.4092070543079323	0.4344416420361106
0.4092070543079323	0.3637185840302321
0.23648979112601284	0.27531476152288403
0.32949139437781566	0.3384603490281327
0.393263922321909	0.3839251720319117
0.3002623190701062	0.34856364302897247
0.2843191870840829	0.2652114675220443
0.321519828384804	0.3182537610264531
0.31886263972046675	0.34351199602855254
0.3082338850631179	0.325831231527083
0.3401201490351646	0.325831231527083
0.3029195077344434	0.3106762905258233
0.3162054510561295	0.3056246435254034
0.3002623190701062	0.3056246435254034
0.30557669639878066	0.2828922320235139
0.32949139437781566	0.3409861725283426
0.321519828384804	0.3132021140260332
0.3002623190701062	0.3409861725283426
0.3082338850631179	0.325831231527083
0.32949139437781566	0.325831231527083
0.2869763757484201	0.3106762905258233
0.3082338850631179	0.3182537610264531
0.3082338850631179	0.2828922320235139
0.3002623190701062	0.2652114675220443
0.3135482623917923	0.325831231527083
0.31886263972046675	0.2854180555237238
0.321519828384804	0.2904697025241437
0.30557669639878066	0.30815046702561333
0.3162054510561295	0.30309882002519345
0.3082338850631179	0.2854180555237238
0.2763476210910712	0.3182537610264531
0.2604044891050479	0.277840585023094
0.29760513040576897	0.27278893802267407
0.2763476210910712	0.2450048795203647
0.2816619984197456	0.2980471730247735
0.2604044891050479	0.2929955260243537
0.3082338850631179	0.25510817352120446
0.321519828384804	0.30815046702561333
0.22586103646866396	0.25763399702141443
0.25774730044071065	0.28794387902393376
0.2604044891050479	0.27278893802267407
0.2657188664337223	0.28794387902393376
0.2843191870840829	0.2601598205216244
0.2418041684546873	0.2450048795203647
0.22851822513300116	0.2450048795203647
0.25774730044071065	0.2601598205216244
0.24977573444769896	0.24753070302057464
0.3162054510561295	0.27026311452246415
0.2683760550980595	0.2525823500209945
0.28963356441275734	0.25510817352120446
0.21523228181131507	0.23742740901973486
0.23648979112601284	0.2450048795203647
0.2816619984197456	0.25510817352120446
0.2311754137973384	0.2525823500209945
0.2604044891050479	0.27026311452246415
0.2683760550980595	0.24247905602015474
0.27103324376239674	0.24753070302057464
0.22320384780432673	0.23237576201931495
0.22851822513300116	0.23742740901973486
0.2178894704756523	0.20206588001679562
0.20991790448264064	0.2399532325199448
0.19928914982529172	0.20711752701721553
0.2311754137973384	0.22984993851910504
0.22320384780432673	0.2525823500209945
0.23383260246167564	0.21974664451826523
0.2178894704756523	0.20711752701721553
0.1939747724966173	0.23237576201931495
0.2311754137973384	0.19954005651658568
0.2311754137973384	0.22732411501889507
0.2311754137973384	0.2525823500209945
0.22851822513300116	0.23490158551952492
0.21523228181131507	0.24753070302057464
0.22851822513300116	0.2222724680184752
0.23914697979035007	0.2399532325199448
0.27103324376239674	0.25510817352120446
0.1939747724966173	0.20964335051742544
0.2311754137973384	0.23237576201931495
0.2604044891050479	0.20964335051742544
0.20194633848962895	0.20964335051742544
0.23648979112601284	0.25510817352120446
0.18600320650360563	0.18691093901553593
0.18600320650360563	0.23237576201931495
0.21523228181131507	0.20459170351700556
0.1939747724966173	0.19448840951616578
0.1966319611609545	0.20459170351700556
0.2072607158183034	0.21974664451826523
0.20991790448264064	0.18691093901553593
0.1939747724966173	0.17175599801427627
0.20194633848962895	0.17428182151448623
0.1514597538672217	0.15912688051322654
0.22586103646866396	0.18438511551532602
0.2205466591399895	0.18691093901553593
0.20991790448264064	0.20206588001679562
