condition1	condition1
0.11286254652433281	0.11091170896483078
0.10166956670373782	0.11091170896483078
0.1175262881162474	0.096399896576909
0.12498827466331072	0.12438696332504388
0.09607307679344033	0.12024073121420908
0.11192979820594989	0.1160944991033743
0.1296520162552253	0.12231384726962649
0.12592102298169364	0.1150579410756656
0.12498827466331072	0.11402138304795688
0.13991224775743738	0.13164286951900478
0.12592102298169364	0.14408156585150916
0.12498827466331072	0.12749663740816997
0.12219002970816197	0.12853319543587868
0.10819880493241822	0.1057289188262873
0.12032453307139615	0.13578910162983956
0.1305847645736082	0.12024073121420908
0.10633330829565239	0.14304500782380047
0.12312277802654488	0.14408156585150916
0.10819880493241822	0.13371598557442219
0.12592102298169364	0.11713105713108299
0.11659353979786446	0.1254235213527526
0.11659353979786446	0.12231384726962649
0.12219002970816197	0.12853319543587868
0.12498827466331072	0.12646007938046128
0.13338300952875695	0.12646007938046128
0.12219002970816197	0.13682565965754825
0.11845903643463031	0.1388987757129657
0.11845903643463031	0.1192041731865004
0.11379529484271572	0.12853319543587868
0.12312277802654488	0.12335040529733518
0.12125728138977904	0.13682565965754825
0.1473742343045007	0.14511812387921788
0.1417777443942032	0.16273961035026574
0.1296520162552253	0.13267942754671347
0.1296520162552253	0.12853319543587868
0.12778651961845947	0.14408156585150916
0.12871926793684238	0.14200844979609176
0.12125728138977904	0.15237403007317876
0.143643241030969	0.12853319543587868
0.12871926793684238	0.16170305232255705
0.11659353979786446	0.11713105713108299
0.13711400280228864	0.12646007938046128
0.1417777443942032	0.15133747204547007
0.13897949943905444	0.1388987757129657
0.12312277802654488	0.12127728924191779
0.13338300952875695	0.15237403007317876
0.13897949943905444	0.15133747204547007
0.13804675112067152	0.14511812387921788
0.15576896916994692	0.12646007938046128
0.13524850616552278	0.14097189176838307
0.16789469730892484	0.14304500782380047
0.13618125448390572	0.1192041731865004
0.13151751289199115	0.13786221768525697
0.13618125448390572	0.12749663740816997
0.12592102298169364	0.12956975346358737
0.14271049271258612	0.14719123993463526
0.15390347253318112	0.12749663740816997
0.14457598934935195	0.12853319543587868
0.1473742343045007	0.1388987757129657
0.12871926793684238	0.12749663740816997
0.1483069826228836	0.14719123993463526
0.13804675112067152	0.15133747204547007
0.15110522757803235	0.15237403007317876
0.15763446580671278	0.13578910162983956
0.13804675112067152	0.1388987757129657
0.1473742343045007	0.14719123993463526
0.14457598934935195	0.14926435599005267
0.1529707242147982	0.14615468190692657
0.14271049271258612	0.14408156585150916
0.12592102298169364	0.14926435599005267
0.12871926793684238	0.13993533374067438
0.13897949943905444	0.15755682021172226
0.14550873766773487	0.14097189176838307
0.15670171748832984	0.15652026218401355
0.1585672141250957	0.15237403007317876
0.13991224775743738	0.13475254360213085
0.13897949943905444	0.12749663740816997
0.15110522757803235	0.13682565965754825
0.15203797589641527	0.14200844979609176
0.1585672141250957	0.18347077090443975
0.154836220851564	0.14511812387921788
0.15670171748832984	0.13267942754671347
0.13897949943905444	0.15652026218401355
0.15763446580671278	0.13578910162983956
0.13711400280228864	0.14822779796234395
0.1604327107618615	0.14719123993463526
0.16416370403539318	0.15133747204547007
0.1296520162552253	0.13578910162983956
0.14644148598611778	0.16584928443339184
0.16416370403539318	0.15962993626713964
0.11659353979786446	0.13993533374067438
0.15390347253318112	0.1254235213527526
0.12685377130007652	0.1254235213527526
0.11939178475301322	0.11298482502024819
0.10166956670373782	0.08810743235523942
0.0708888721971016	0.08499775827211332
0.09327483183829158	0.10780203488170469
0.0764853621073991	0.07048594588419153
0.1613654590802444	0.13475254360213085
0.19867539181556107	0.22285997595737028
0.2014736367707098	0.18139765484902232
0.19587714686041233	0.1979825832923615
0.1613654590802444	0.1388987757129657
0.08394734865446242	0.08603431629982201
0.10353506334050365	0.1036558027708699
0.0830146003360795	0.08603431629982201
0.07461986547063326	0.09329022249378291
0.11099704988756698	0.11402138304795688
0.14457598934935195	0.13475254360213085
0.143643241030969	0.12646007938046128
0.15203797589641527	0.12335040529733518
0.143643241030969	0.13475254360213085
0.13804675112067152	0.13578910162983956
0.12312277802654488	0.12956975346358737
0.13618125448390572	0.12956975346358737
0.154836220851564	0.14200844979609176
0.15390347253318112	0.13164286951900478
0.13618125448390572	0.13267942754671347
0.1706929422640736	0.15962993626713964
0.15110522757803235	0.15548370415630486
0.11939178475301322	0.16273961035026574
0.15763446580671278	0.14097189176838307
0.1417777443942032	0.12646007938046128
0.1604327107618615	0.14719123993463526
0.143643241030969	0.11816761515879169
0.14271049271258612	0.13682565965754825
0.15670171748832984	0.14200844979609176
0.14644148598611778	0.13578910162983956
0.1613654590802444	0.13682565965754825
0.14644148598611778	0.14615468190692657
0.14271049271258612	0.14511812387921788
0.15576896916994692	0.11194826699253949
0.13524850616552278	0.1388987757129657
0.1594999624434786	0.12749663740816997
0.13897949943905444	0.1388987757129657
0.1483069826228836	0.1254235213527526
0.14550873766773487	0.14926435599005267
0.12685377130007652	0.14511812387921788
0.14923973094126652	0.14615468190692657
0.1417777443942032	0.13682565965754825
0.14271049271258612	0.14097189176838307
0.14457598934935195	0.14822779796234395
0.13804675112067152	0.15652026218401355
0.1483069826228836	0.13475254360213085
0.14271049271258612	0.14511812387921788
0.15203797589641527	0.12956975346358737
0.1585672141250957	0.14511812387921788
0.15203797589641527	0.12956975346358737
0.13245026121037404	0.14200844979609176
0.12498827466331072	0.12646007938046128
0.12871926793684238	0.12956975346358737
0.13431575784713987	0.14822779796234395
0.13431575784713987	0.14097189176838307
0.12778651961845947	0.12335040529733518
0.12592102298169364	0.12956975346358737
0.13338300952875695	0.13993533374067438
0.1529707242147982	0.13682565965754825
0.12871926793684238	0.14304500782380047
0.1175262881162474	0.12646007938046128
0.13245026121037404	0.1254235213527526
0.13524850616552278	0.12024073121420908
0.12219002970816197	0.12335040529733518
0.12498827466331072	0.14097189176838307
0.12125728138977904	0.13060631149129606
0.1305847645736082	0.12646007938046128
0.11845903643463031	0.12853319543587868
0.11006430156918406	0.13164286951900478
0.11192979820594989	0.12127728924191779
0.11566079147948156	0.10987515093712209
0.10540055997726948	0.11091170896483078
0.12219002970816197	0.12646007938046128
0.12219002970816197	0.11298482502024819
0.10913155325080115	0.1036558027708699
0.10353506334050365	0.10469236079857859
0.11006430156918406	0.11194826699253949
0.12125728138977904	0.11713105713108299
0.11566079147948156	0.096399896576909
0.11286254652433281	0.1057289188262873
0.11192979820594989	0.12231384726962649
0.12685377130007652	0.11402138304795688
0.12498827466331072	0.12646007938046128
0.11566079147948156	0.12127728924191779
0.11845903643463031	0.10469236079857859
0.10633330829565239	0.106765476853996
0.12778651961845947	0.10469236079857859
0.12592102298169364	0.1026192447431612
0.12405552634492781	0.11402138304795688
0.11566079147948156	0.1036558027708699
0.1296520162552253	0.11816761515879169
0.12312277802654488	0.1192041731865004
0.11566079147948156	0.10883859290941339
0.12498827466331072	0.1036558027708699
0.11659353979786446	0.10987515093712209
0.11659353979786446	0.1150579410756656
0.11659353979786446	0.12438696332504388
0.10819880493241822	0.13164286951900478
0.10353506334050365	0.12127728924191779
0.11286254652433281	0.12853319543587868
0.11006430156918406	0.11091170896483078
0.10260231502212074	0.1015826867154525
