WT	KO
0.38714357695290585	0.3935350596185974
0.5032866500387776	0.67974237570485
0.4258579346481965	0.35775914510781576
0.464572292343487	0.46508688864016057
0.2710005038670341	0.4471989313847698
0.3484292192576153	0.590302589427896
0.3484292192576153	0.4114230168739882
0.6194297231246494	0.518750760406333
0.3097148615623247	0.46508688864016057
0.6194297231246494	0.5366387176617237
0.464572292343487	0.5366387176617237
0.464572292343487	0.590302589427896
0.6194297231246494	0.590302589427896
0.5420010077340682	0.23254344432008028
0.3484292192576153	0.48297484589555134
0.4258579346481965	0.5724146321725052
0.464572292343487	0.4293109741293789
0.3484292192576153	0.3935350596185974
0.38714357695290585	0.4114230168739882
0.38714357695290585	0.25043140157547106
0.5420010077340682	0.5366387176617237
0.4258579346481965	0.3935350596185974
0.4258579346481965	0.5008628031509421
0.38714357695290585	0.6081905466832869
0.3484292192576153	0.5008628031509421
0.3484292192576153	0.5724146321725052
0.8130015116011023	0.8407339910033672
0.5420010077340682	0.7691821619818039
0.8904302269916835	0.6976303329602409
0.5807153654293588	0.6439664611940684
0.4258579346481965	0.35775914510781576
0.3484292192576153	0.5724146321725052
0.5420010077340682	0.6976303329602409
0.6194297231246494	0.6618544184494592
0.4258579346481965	0.5366387176617237
0.3097148615623247	0.3935350596185974
0.38714357695290585	0.5724146321725052
0.6194297231246494	0.6439664611940684
0.6194297231246494	0.6260785039386776
0.851715869296393	0.6976303329602409
0.65814408081994	0.590302589427896
0.38714357695290585	0.67974237570485
0.65814408081994	0.4114230168739882
0.5420010077340682	0.67974237570485
0.6968584385152305	0.7334062474710225
0.6194297231246494	0.5545266749171145
0.5032866500387776	0.5366387176617237
0.3097148615623247	0.5724146321725052
0.4258579346481965	0.6439664611940684
0.6194297231246494	0.590302589427896
0.6968584385152305	0.6976303329602409
0.5032866500387776	0.518750760406333
0.464572292343487	0.6081905466832869
0.5032866500387776	0.5008628031509421
0.6194297231246494	0.6618544184494592
0.5807153654293588	0.590302589427896
0.6968584385152305	0.6081905466832869
0.4258579346481965	0.7512942047264133
0.7742871539058117	0.7512942047264133
0.65814408081994	0.6439664611940684
0.5807153654293588	0.7155182902156315
0.6968584385152305	0.7334062474710225
0.6194297231246494	0.590302589427896
0.6194297231246494	0.590302589427896
0.8904302269916835	0.67974237570485
0.5032866500387776	0.7691821619818039
0.4258579346481965	0.8407339910033672
0.929144584686974	0.8049580764925854
0.3097148615623247	0.518750760406333
0.6968584385152305	0.6976303329602409
0.5807153654293588	0.48297484589555134
0.5420010077340682	0.4471989313847698
0.6194297231246494	0.6260785039386776
0.8904302269916835	0.7334062474710225
0.4258579346481965	0.5724146321725052
0.6968584385152305	0.67974237570485
0.38714357695290585	0.46508688864016057
0.19357178847645293	0.48297484589555134
0.6968584385152305	0.46508688864016057
0.5807153654293588	0.48297484589555134
0.6194297231246494	0.5724146321725052
0.5420010077340682	0.48297484589555134
0.3484292192576153	0.37564710236320664
0.6194297231246494	0.6260785039386776
0.4258579346481965	0.5008628031509421
0.4258579346481965	0.5366387176617237
0.7355727962105212	0.5366387176617237
0.5807153654293588	0.37564710236320664
0.4258579346481965	0.4114230168739882
0.15485743078116235	0.37564710236320664
0.07742871539058117	0.46508688864016057
0.5032866500387776	0.4293109741293789
0.464572292343487	0.4471989313847698
0.6194297231246494	0.7334062474710225
0.65814408081994	0.48297484589555134
0.2322861461717435	0.17887957255390788
0.2322861461717435	0.35775914510781576
0.2710005038670341	0.3219832305970342
0.7742871539058117	0.7870701192371948
0.6968584385152305	0.8586219482587578
1.122716373163427	1.037501520812666
0.851715869296393	0.9480617345357119
0.464572292343487	0.6976303329602409
0.2710005038670341	0.339871187852425
0.464572292343487	0.4471989313847698
0.464572292343487	0.5008628031509421
0.5420010077340682	0.5545266749171145
0.3484292192576153	0.37564710236320664
0.38714357695290585	0.518750760406333
0.6194297231246494	0.8049580764925854
0.38714357695290585	0.5366387176617237
0.38714357695290585	0.339871187852425
0.4258579346481965	0.67974237570485
0.4258579346481965	0.5366387176617237
0.851715869296393	0.8049580764925854
0.5807153654293588	0.6618544184494592
0.5420010077340682	0.6081905466832869
0.6968584385152305	0.5366387176617237
0.6194297231246494	0.7155182902156315
0.3484292192576153	0.590302589427896
0.6968584385152305	0.7512942047264133
0.38714357695290585	0.6081905466832869
0.3484292192576153	0.3935350596185974
0.5420010077340682	0.67974237570485
0.19357178847645293	0.48297484589555134
0.5807153654293588	0.5366387176617237
0.5807153654293588	0.6618544184494592
0.6968584385152305	0.6260785039386776
0.5807153654293588	0.7155182902156315
0.3484292192576153	0.5545266749171145
0.6194297231246494	0.5366387176617237
0.6968584385152305	0.6618544184494592
0.7355727962105212	0.67974237570485
0.5032866500387776	0.4471989313847698
0.5807153654293588	0.5366387176617237
0.3484292192576153	0.5366387176617237
0.464572292343487	0.8049580764925854
0.3484292192576153	0.5724146321725052
0.65814408081994	0.7334062474710225
0.5807153654293588	0.67974237570485
0.6968584385152305	0.518750760406333
0.6194297231246494	0.67974237570485
0.8904302269916835	0.8943978627695396
0.7355727962105212	0.8228460337479764
0.6968584385152305	0.6081905466832869
0.6194297231246494	0.6618544184494592
0.38714357695290585	0.590302589427896
0.5807153654293588	0.7334062474710225
0.65814408081994	0.6618544184494592
0.3484292192576153	0.4471989313847698
0.5807153654293588	0.6439664611940684
0.2322861461717435	0.5008628031509421
0.5420010077340682	0.7155182902156315
0.5807153654293588	0.5545266749171145
0.3097148615623247	0.4471989313847698
0.3097148615623247	0.30409527334164344
0.3097148615623247	0.30409527334164344
0.3484292192576153	0.4114230168739882
0.5807153654293588	0.6260785039386776
0.3484292192576153	0.4293109741293789
0.3097148615623247	0.3935350596185974
0.38714357695290585	0.3935350596185974
0.3484292192576153	0.35775914510781576
0.3097148615623247	0.4114230168739882
0.2322861461717435	0.46508688864016057
0.464572292343487	0.5545266749171145
0.5032866500387776	0.5724146321725052
0.4258579346481965	0.5724146321725052
0.38714357695290585	0.4114230168739882
0.3097148615623247	0.4293109741293789
0.464572292343487	0.48297484589555134
0.464572292343487	0.37564710236320664
0.4258579346481965	0.518750760406333
0.38714357695290585	0.5724146321725052
0.3484292192576153	0.4293109741293789
0.19357178847645293	0.46508688864016057
0.5807153654293588	0.518750760406333
0.5807153654293588	0.6260785039386776
0.5032866500387776	0.5724146321725052
0.4258579346481965	0.5008628031509421
0.19357178847645293	0.4293109741293789
0.38714357695290585	0.518750760406333
0.5807153654293588	0.3219832305970342
0.5032866500387776	0.4471989313847698
0.3484292192576153	0.339871187852425
0.2322861461717435	0.37564710236320664
0.5420010077340682	0.4114230168739882
0.4258579346481965	0.6439664611940684
0.3484292192576153	0.5724146321725052
0.3097148615623247	0.5008628031509421
0.5420010077340682	0.46508688864016057
0.2322861461717435	0.3219832305970342
0.5420010077340682	0.518750760406333
0.38714357695290585	0.3935350596185974
0.7742871539058117	0.6976303329602409
0.464572292343487	0.6439664611940684
0.38714357695290585	0.48297484589555134
0.3484292192576153	0.5545266749171145
0.3484292192576153	0.4293109741293789
0.5032866500387776	0.37564710236320664
