WT-Tfh	WT-Th1
0.28188599014087357	0.2783591549150783
0.2890223443216552	0.24684679775488075
0.28188599014087357	0.320375631128675
0.2390678650561839	0.25735091680827993
0.2997268755928276	0.2520988572815804
0.2283633337850115	0.2783591549150783
0.25690875050813794	0.29936739302187665
0.2890223443216552	0.3151235716019754
0.32113593813517244	0.3571400478155722
0.33897682358712644	0.29936739302187665
0.24263604214657475	0.25735091680827993
0.2640451046889195	0.2363426787014816
0.2890223443216552	0.30987151207527586
0.3496813548582989	0.36764416686897133
0.3318404694063449	0.29936739302187665
0.32827229231595406	0.2520988572815804
0.32113593813517244	0.3361318097087738
0.2890223443216552	0.32562769065537467
0.310431406864	0.29936739302187665
0.35681770903908044	0.3308797501820742
0.2319315108754023	0.2941153334951771
0.32827229231595406	0.346635928762173
0.3603858861294713	0.346635928762173
0.32827229231595406	0.37814828592237054
0.25690875050813794	0.36239210734227173
0.24977239632735634	0.27310709538837874
0.310431406864	0.36764416686897133
0.3496813548582989	0.3728962263956709
0.3175677610447816	0.42541682166266687
0.3068632297736092	0.346635928762173
0.25334057341774713	0.3518879882888726
0.27474963596009194	0.3151235716019754
0.3675222403102529	0.3728962263956709
0.33897682358712644	0.4411730002427656
0.35681770903908044	0.38340034544907015
0.310431406864	0.320375631128675
0.310431406864	0.3151235716019754
0.3889313028525977	0.30461945254857625
0.3746585944910345	0.3728962263956709
0.292590521412046	0.3728962263956709
0.27474963596009194	0.26785503586167914
0.29615869850243676	0.30987151207527586
0.32827229231595406	0.3361318097087738
0.3496813548582989	0.3361318097087738
0.2997268755928276	0.3571400478155722
0.3924994799429885	0.30461945254857625
0.3318404694063449	0.3413838692354734
0.33540864649673563	0.3571400478155722
0.26047692759852875	0.3151235716019754
0.3139995839543908	0.36239210734227173
0.3175677610447816	0.36764416686897133
0.3068632297736092	0.2836112144417779
0.3746585944910345	0.2941153334951771
0.3068632297736092	0.3308797501820742
0.34611317776790806	0.3361318097087738
0.3924994799429885	0.3413838692354734
0.4032040112141609	0.3308797501820742
0.35324953194868963	0.3518879882888726
0.33897682358712644	0.42541682166266687
0.39963583412377013	0.3728962263956709
0.3853631257622069	0.3728962263956709
0.3603858861294713	0.3151235716019754
0.3746585944910345	0.3991565240291689
0.3746585944910345	0.37814828592237054
0.41747671957572413	0.38340034544907015
0.34254500067751725	0.3571400478155722
0.3889313028525977	0.36239210734227173
0.3817949486718161	0.3939044645024693
0.3675222403102529	0.40440858355586845
0.4139085424853333	0.40440858355586845
0.3960676570333793	0.32562769065537467
0.3817949486718161	0.3518879882888726
0.4317494279372874	0.36764416686897133
0.3889313028525977	0.32562769065537467
0.46029484466041376	0.42541682166266687
0.3782267715814253	0.3571400478155722
0.3318404694063449	0.4149127026092677
0.4424539592084598	0.40966064308256805
0.35681770903908044	0.42016476213596726
0.4353176050276782	0.45692917882286443
0.41034036539494256	0.3413838692354734
0.4424539592084598	0.45692917882286443
0.45315849047963225	0.48318947645636234
0.456726667570023	0.3886524049757697
0.4424539592084598	0.44642505976946517
0.4032040112141609	0.37814828592237054
0.33540864649673563	0.3413838692354734
0.421044896666115	0.44642505976946517
0.4139085424853333	0.37814828592237054
0.43888578211806895	0.5147018336165599
0.3853631257622069	0.3413838692354734
0.5209538551970575	0.5094497740898603
0.5209538551970575	0.4411730002427656
0.5602038031913563	0.462181238349564
0.41747671957572413	0.3308797501820742
0.1498634377964138	0.13130148816748977
0.3603858861294713	0.346635928762173
0.36395406321986207	0.3886524049757697
0.3924994799429885	0.5199538931432595
0.3675222403102529	0.3151235716019754
0.2247951566946207	0.19957826201458445
0.4424539592084598	0.2836112144417779
0.4317494279372874	0.38340034544907015
0.3924994799429885	0.4674332978762636
0.42461307375650575	0.38340034544907015
0.2105224483330575	0.1785700239077861
0.3746585944910345	0.37814828592237054
0.41747671957572413	0.5041977145631608
0.4495903133892414	0.4726853574029632
0.4638630217508046	0.5147018336165599
0.3782267715814253	0.346635928762173
0.42461307375650575	0.4411730002427656
0.44602213629885057	0.4149127026092677
0.41747671957572413	0.3518879882888726
0.32113593813517244	0.30987151207527586
0.4495903133892414	0.40966064308256805
0.4638630217508046	0.4411730002427656
0.4852720842931495	0.5252059526699591
0.3924994799429885	0.40440858355586845
0.36395406321986207	0.32562769065537467
0.4424539592084598	0.320375631128675
0.4495903133892414	0.4149127026092677
0.42461307375650575	0.3991565240291689
0.44602213629885057	0.42541682166266687
0.33540864649673563	0.36239210734227173
0.3889313028525977	0.3518879882888726
0.35681770903908044	0.42016476213596726
0.3924994799429885	0.29936739302187665
0.35324953194868963	0.4411730002427656
0.47456755302197706	0.36764416686897133
0.35681770903908044	0.3991565240291689
0.4353176050276782	0.3939044645024693
0.3496813548582989	0.3518879882888726
0.3175677610447816	0.320375631128675
0.3782267715814253	0.38340034544907015
0.3960676570333793	0.36239210734227173
0.4032040112141609	0.30987151207527586
0.34611317776790806	0.29936739302187665
0.3710904174006437	0.30461945254857625
0.34611317776790806	0.320375631128675
0.3746585944910345	0.36239210734227173
0.3675222403102529	0.3728962263956709
0.3247041152255632	0.36764416686897133
0.3175677610447816	0.2520988572815804
0.36395406321986207	0.320375631128675
0.3496813548582989	0.3571400478155722
0.33540864649673563	0.2205865001213828
0.34254500067751725	0.30987151207527586
0.35681770903908044	0.3308797501820742
0.36395406321986207	0.3361318097087738
0.3782267715814253	0.45692917882286443
0.310431406864	0.3728962263956709
0.292590521412046	0.2783591549150783
0.3496813548582989	0.3151235716019754
0.35324953194868963	0.3151235716019754
0.35324953194868963	0.320375631128675
0.34611317776790806	0.3361318097087738
0.2640451046889195	0.30987151207527586
0.3318404694063449	0.24159473822818117
0.3746585944910345	0.3728962263956709
0.33897682358712644	0.3728962263956709
0.3746585944910345	0.3518879882888726
0.3139995839543908	0.320375631128675
0.2890223443216552	0.231090619174782
0.29615869850243676	0.2783591549150783
0.2640451046889195	0.2520988572815804
0.35324953194868963	0.3518879882888726
0.3139995839543908	0.27310709538837874
0.3175677610447816	0.19957826201458445
0.25334057341774713	0.21008238106798363
0.3782267715814253	0.2941153334951771
0.34611317776790806	0.3361318097087738
0.29615869850243676	0.26785503586167914
0.26047692759852875	0.2520988572815804
0.29615869850243676	0.29936739302187665
0.32113593813517244	0.2941153334951771
0.3139995839543908	0.2888632739684775
0.3603858861294713	0.3308797501820742
0.2319315108754023	0.2783591549150783
0.32113593813517244	0.2363426787014816
0.25334057341774713	0.24684679775488075
0.2890223443216552	0.2783591549150783
0.35324953194868963	0.27310709538837874
0.310431406864	0.30461945254857625
0.24263604214657475	0.2941153334951771
0.33540864649673563	0.231090619174782
0.28188599014087357	0.20483032154128403
0.25334057341774713	0.1785700239077861
0.25690875050813794	0.26260297633497953
0.27831781305048275	0.2258385596480824
0.3603858861294713	0.27310709538837874
0.28188599014087357	0.24684679775488075
0.2711814588697012	0.2836112144417779
0.29615869850243676	0.32562769065537467
0.33540864649673563	0.26260297633497953
0.34254500067751725	0.320375631128675
0.2997268755928276	0.24684679775488075
0.28188599014087357	0.21533444059468324
0.2997268755928276	0.27310709538837874
0.27831781305048275	0.24159473822818117
