condition1	condition1
0.13627856996834525	0.1283682142503644
0.11526048206277958	0.11860106751392363
0.11593848489844298	0.10813626743916566
0.13966858414666233	0.13813536098680518
0.11932849907676003	0.10604330742421407
0.10712444803481867	0.11441514748402044
0.13017654444737456	0.13604240097185358
0.1254305245977307	0.13255413428026758
0.15797466070957436	0.11999637419055803
0.11526048206277958	0.11929872085224082
0.10915845654180889	0.12348464088214402
0.09153038281456025	0.11581045416065483
0.1369565728040087	0.1262752542354128
0.13763457563967207	0.10395034740926247
0.14373660116064277	0.14720485438492872
0.13560056713268184	0.1548790411064179
0.130854547283038	0.130461174265316
0.1478046181746232	0.14022832100175675
0.1464486125032964	0.13813536098680518
0.12678653026905753	0.14790250772324595
0.14712661533895982	0.12208933420550962
0.1315325501187014	0.13464709429521918
0.13424456146135505	0.1283682142503644
0.1328885557900282	0.13185648094195038
0.14373660116064277	0.1276705609120472
0.11593848489844298	0.14511189436997715
0.1254305245977307	0.13813536098680518
0.13492256429701846	0.15278608109146632
0.13492256429701846	0.16534384118117587
0.13560056713268184	0.12278698754382682
0.15661865503824754	0.1583673077980039
0.14305859832497936	0.14860016106156315
0.1389905813109989	0.14860016106156315
0.145770609667633	0.15139077441483195
0.1681447032445255	0.14092597434007398
0.14102458981798913	0.13883301432512238
0.14373660116064277	0.1262752542354128
0.13017654444737456	0.14860016106156315
0.12678653026905753	0.15418138776810072
0.14102458981798913	0.16743680119612747
0.145770609667633	0.14162362767839115
0.14848262101028664	0.15278608109146632
0.17017871175151572	0.190459361360595
0.17899274861514006	0.1604602678129555
0.13492256429701846	0.15906496113632113
0.12882053877604777	0.13743770764848798
0.14034658698232572	0.15627434778305233
0.15594065220258413	0.16185557448958987
0.16475468906620844	0.17441333457929947
0.14373660116064277	0.1667391478578103
0.17763674294381324	0.16743680119612747
0.14916062384595005	0.13185648094195038
0.1328885557900282	0.1597626144746383
0.15661865503824754	0.17650629459425105
0.15729665787391095	0.15627434778305233
0.1532286408599305	0.17301802790266504
0.1518726351886037	0.15418138776810072
0.15661865503824754	0.1597626144746383
0.16272068055921823	0.15418138776810072
0.16475468906620844	0.18976170802227782
0.17153471742284257	0.18976170802227782
0.16339868339488164	0.1583673077980039
0.15119463235294028	0.14650720104661155
0.15797466070957436	0.14441424103165995
0.16339868339488164	0.15348373442978352
0.16475468906620844	0.1583673077980039
0.15594065220258413	0.17580864125593385
0.17628073727248642	0.17859925460920265
0.1667886975731987	0.17022741454939627
0.16407668623054505	0.15627434778305233
0.17085671458717913	0.17511098791761665
0.19797682801371552	0.18836640134564342
0.17356872592983277	0.17720394793256825
0.19729882517805208	0.18138986796247145
0.20950287621999344	0.17650629459425105
0.17967075145080344	0.20162181477367017
0.17017871175151572	0.1876687480073262
0.17967075145080344	0.18138986796247145
0.18712878264310095	0.17790160127088545
0.190518796821418	0.18697109466900902
0.2196729187549446	0.20859834815684214
0.18441677130044734	0.1876687480073262
0.15390664369559393	0.15208842775314912
0.13966858414666233	0.14022832100175675
0.13356655862569164	0.13534474763353638
0.17356872592983277	0.1876687480073262
0.15933066638090118	0.15627434778305233
0.17628073727248642	0.20022650809703577
0.17221272025850595	0.18627344133069182
0.23255497263254937	0.2197608015699173
0.21492689890530073	0.18836640134564342
0.10915845654180889	0.0976714673644077
0.23526698397520301	0.2239467215998205
0.19187480249274483	0.17162272122603067
0.17289072309416936	0.18278517463910582
0.12204051041941366	0.12208933420550962
0.13966858414666233	0.13813536098680518
0.20068883935636914	0.22534202827645491
0.25899708322342235	0.26510826856053515
0.1369565728040087	0.14022832100175675
0.0732243062516482	0.09278789399618731
0.09898841400685776	0.0955785073494561
0.14848262101028664	0.15418138776810072
0.2488270406884712	0.25324816180914284
0.22170692726193483	0.2183654948932829
0.15051662951727685	0.14650720104661155
0.11187046788446253	0.11790341417560643
0.18916279115009121	0.20580773480357334
0.19933283368504234	0.19185466803722942
0.20407885353468622	0.2330162149979441
0.11932849907676003	0.13255413428026758
0.22509694144025189	0.2155748815400141
0.20679086487733986	0.23859744170448163
0.1810267571221303	0.17650629459425105
0.17221272025850595	0.17162272122603067
0.1749247316011596	0.18348282797742302
0.17424672876549618	0.17650629459425105
0.16272068055921823	0.15348373442978352
0.16204267772355482	0.15139077441483195
0.2047568563703496	0.1639485345045415
0.21357089323397394	0.17232037456434784
0.20068883935636914	0.17232037456434784
0.18441677130044734	0.19185466803722942
0.19865483084937893	0.2232490682615033
0.21763891024795437	0.1988312014204014
0.20068883935636914	0.17022741454939627
0.18238276279345708	0.16883210787276187
0.1749247316011596	0.14232128101670835
0.17831474577947665	0.18418048131574022
0.18645077980743757	0.20092416143535297
0.18577277697177413	0.19185466803722942
0.18916279115009121	0.16185557448958987
0.13424456146135505	0.1667391478578103
0.17628073727248642	0.18418048131574022
0.20136684219203257	0.17162272122603067
0.16543269190187185	0.1583673077980039
0.18509477413611072	0.17511098791761665
0.15051662951727685	0.18069221462415425
0.17628073727248642	0.17790160127088545
0.17017871175151572	0.17790160127088545
0.17424672876549618	0.17650629459425105
0.1810267571221303	0.18418048131574022
0.15594065220258413	0.1632508811662243
0.14441460399630618	0.15139077441483195
0.1464486125032964	0.14371658769334275
0.1450926068319696	0.16743680119612747
0.1898407939857546	0.18976170802227782
0.16950070891585234	0.14371658769334275
0.15729665787391095	0.1576696544596867
0.16882270608018893	0.14650720104661155
0.15051662951727685	0.17650629459425105
0.16611069473753529	0.16952976121107904
0.13763457563967207	0.1297635209269988
0.17085671458717913	0.14860016106156315
0.1450926068319696	0.13534474763353638
0.13831257847533548	0.15069312107651472
0.16407668623054505	0.14999546773819752
0.14102458981798913	0.15278608109146632
0.17289072309416936	0.14232128101670835
0.17289072309416936	0.17859925460920265
0.17763674294381324	0.16883210787276187
0.14983862668161346	0.1611579211512727
0.1464486125032964	0.14441424103165995
0.15255063802426708	0.12906586758868158
0.15661865503824754	0.16185557448958987
0.16950070891585234	0.14929781439988032
0.13560056713268184	0.14511189436997715
0.12678653026905753	0.13953066766343955
0.15119463235294028	0.1597626144746383
0.15119463235294028	0.1625532278279071
0.14170259265365254	0.15208842775314912
0.1749247316011596	0.15139077441483195
0.1315325501187014	0.14301893435502555
0.1464486125032964	0.15139077441483195
0.160686672052228	0.15557669444473513
0.14170259265365254	0.15418138776810072
0.1518726351886037	0.17580864125593385
0.13831257847533548	0.14162362767839115
0.160686672052228	0.14232128101670835
0.160686672052228	0.14232128101670835
0.1172944905697698	0.11929872085224082
0.14441460399630618	0.14232128101670835
0.14983862668161346	0.13464709429521918
0.15661865503824754	0.13953066766343955
0.13627856996834525	0.1311588276036332
0.10915845654180889	0.10953157411580006
0.15119463235294028	0.14022832100175675
0.14848262101028664	0.14441424103165995
0.14102458981798913	0.14511189436997715
0.14712661533895982	0.13743770764848798
0.11458247922711616	0.11441514748402044
0.13627856996834525	0.11929872085224082
0.14238059548931598	0.14232128101670835
0.13356655862569164	0.13464709429521918
0.1240745189264039	0.13464709429521918
0.1166164877341064	0.13813536098680518
0.1254305245977307	0.11999637419055803
0.12068450474808685	0.14301893435502555
0.11865049624109662	0.1255776008970956
0.11051446221313571	0.130461174265316
