WT	KO
0.45456046004198425	0.5381385534010131
0.45456046004198425	0.532224942924079
0.5879640733151752	0.42577995433926313
0.573141449618154	0.5736202162626184
0.5682005750524802	0.5263113324471447
0.5632597004868065	0.5144841114932763
0.4595013346076579	0.48491605910860525
0.4595013346076579	0.5026568905394079
0.4792648328703529	0.4908296695855395
0.5286735785270903	0.44352078577006576
0.5682005750524802	0.5381385534010131
0.5533779513554591	0.48491605910860525
0.48914658200170036	0.4553480067239342
0.592904947880849	0.6327563210319604
0.612668446143544	0.5972746581703552
0.5879640733151752	0.5440521638779473
0.4595013346076579	0.508570501016342
0.5385553276584378	0.532224942924079
0.5632597004868065	0.5972746581703552
0.6225501952748914	0.5677066057856842
0.5385553276584378	0.6091018791242236
0.6521954426689339	0.5558793848318158
0.47432395830467916	0.5440521638779473
0.6176093207092176	0.5677066057856842
0.4644422091733317	0.6623243734166315
0.5484370767897853	0.5795338267395527
0.612668446143544	0.5026568905394079
0.5632597004868065	0.5854474372164867
0.5978458224465226	0.6445835419858289
0.6423136935375864	0.620929100078092
0.6176093207092176	0.6327563210319604
0.5780823241838277	0.6504971524627632
0.592904947880849	0.5854474372164867
0.48914658200170036	0.48491605910860525
0.5434962022241115	0.5677066057856842
0.5780823241838277	0.6386699315088947
0.6521954426689339	0.6445835419858289
0.6670180663659551	0.6859788153243684
0.6670180663659551	0.6268427105550263
0.573141449618154	0.591361047693421
0.5286735785270903	0.5795338267395527
0.5780823241838277	0.5854474372164867
0.5484370767897853	0.6800652048474342
0.5632597004868065	0.591361047693421
0.5780823241838277	0.5972746581703552
0.4792648328703529	0.5026568905394079
0.5089100802643953	0.49674328006247365
0.5682005750524802	0.479002448631671
0.6373728189719126	0.620929100078092
0.5632597004868065	0.5263113324471447
0.5237327039614166	0.5795338267395527
0.5187918293957429	0.6031882686472895
0.6274910698405651	0.5026568905394079
0.632431944406239	0.7096332572321052
0.6373728189719126	0.6150154896011579
0.6077275715778702	0.6386699315088947
0.632431944406239	0.6386699315088947
0.6176093207092176	0.6918924258013025
0.612668446143544	0.5795338267395527
0.6027866970121964	0.6150154896011579
0.5632597004868065	0.5795338267395527
0.6719589409316289	0.5972746581703552
0.6472545681032601	0.5440521638779473
0.5682005750524802	0.6327563210319604
0.6670180663659551	0.6386699315088947
0.632431944406239	0.6682379838935657
0.6027866970121964	0.5736202162626184
0.7016041883256713	0.6564107629396972
0.6670180663659551	0.7510285305706447
0.8300669270331886	0.7628557515245131
0.7114859374570188	0.6623243734166315
0.6521954426689339	0.6800652048474342
0.6077275715778702	0.6386699315088947
0.612668446143544	0.6800652048474342
0.6274910698405651	0.703719646755171
0.7411311848510612	0.7155468677090394
0.5978458224465226	0.6564107629396972
0.6225501952748914	0.6150154896011579
0.7164268120226924	0.6386699315088947
0.592904947880849	0.6091018791242236
0.632431944406239	0.7451149200937105
0.6571363172346075	0.6031882686472895
0.7312494357197138	0.6564107629396972
0.6966633137599975	0.6978060362782368
0.6274910698405651	0.7155468677090394
0.6423136935375864	0.6564107629396972
0.6571363172346075	0.7096332572321052
0.6225501952748914	0.5736202162626184
0.5286735785270903	0.49674328006247365
0.4595013346076579	0.5026568905394079
0.4298560872136155	0.3902982914776579
0.6225501952748914	0.5263113324471447
0.6818406900629763	0.6859788153243684
0.6917224391943239	0.620929100078092
0.5039692056987216	0.479002448631671
0.4496195854763105	0.3962119019545921
0.3804473415568781	0.41986634386232896
0.7757173068107773	0.7865101934322499
0.8844165472555997	0.816078245816921
0.8745347981242522	0.733287699139842
0.8251260524675148	0.7746829724783815
0.6472545681032601	0.5972746581703552
0.6768998154973025	0.591361047693421
0.439737836344963	0.42577995433926313
0.4150334635165943	0.36073023909298685
0.3903290906882256	0.37255746004685525
0.4496195854763105	0.5203977219702105
0.612668446143544	0.5854474372164867
0.6423136935375864	0.6504971524627632
0.2964524739404245	0.36073023909298685
0.48420570743602664	0.5499657743548815
0.6176093207092176	0.5972746581703552
0.6225501952748914	0.6623243734166315
0.6225501952748914	0.6741515943705
0.6521954426689339	0.591361047693421
0.7016041883256713	0.591361047693421
0.72630856115404	0.6800652048474342
0.7213676865883663	0.6623243734166315
0.706545062891345	0.7214604781859737
0.632431944406239	0.6859788153243684
0.5434962022241115	0.532224942924079
0.68678156462865	0.6682379838935657
0.7114859374570188	0.7805965829553158
0.7312494357197138	0.6978060362782368
0.6472545681032601	0.7273740886629079
0.6670180663659551	0.6504971524627632
0.6571363172346075	0.703719646755171
0.8152443033361673	0.6682379838935657
0.8695939235585786	0.8338190772477236
0.8004216796391461	0.703719646755171
0.7510129339824088	0.756942141047579
0.5830231987495015	0.5736202162626184
0.6620771918002814	0.6327563210319604
0.7411311848510612	0.7155468677090394
0.7460720594167349	0.8219918562938552
0.7905399305077987	0.7451149200937105
0.7312494357197138	0.6504971524627632
0.7510129339824088	0.816078245816921
0.7806581813764512	0.7096332572321052
0.8152443033361673	0.6918924258013025
0.7658355576794299	0.7155468677090394
0.6917224391943239	0.703719646755171
0.592904947880849	0.620929100078092
0.5830231987495015	0.5381385534010131
0.6274910698405651	0.5795338267395527
0.5830231987495015	0.6504971524627632
0.5978458224465226	0.6741515943705
0.6225501952748914	0.6504971524627632
0.6818406900629763	0.6741515943705
0.68678156462865	0.5617929953087499
0.6620771918002814	0.6564107629396972
0.6274910698405651	0.6623243734166315
0.612668446143544	0.6386699315088947
0.6818406900629763	0.5795338267395527
0.48914658200170036	0.5499657743548815
0.6077275715778702	0.591361047693421
0.6620771918002814	0.7273740886629079
0.6225501952748914	0.5972746581703552
0.5434962022241115	0.5440521638779473
0.5780823241838277	0.5617929953087499
0.612668446143544	0.5677066057856842
0.6274910698405651	0.6150154896011579
0.6472545681032601	0.5795338267395527
0.48914658200170036	0.6150154896011579
0.5632597004868065	0.591361047693421
0.6176093207092176	0.620929100078092
0.49408745656737413	0.5381385534010131
0.6176093207092176	0.6268427105550263
0.5830231987495015	0.6386699315088947
0.5978458224465226	0.5203977219702105
0.592904947880849	0.5558793848318158
0.48914658200170036	0.4612616172008684
0.5434962022241115	0.5381385534010131
0.6077275715778702	0.6504971524627632
0.573141449618154	0.591361047693421
0.6966633137599975	0.6741515943705
0.592904947880849	0.7096332572321052
0.5533779513554591	0.591361047693421
0.6423136935375864	0.5972746581703552
0.7164268120226924	0.6978060362782368
0.6225501952748914	0.6682379838935657
0.5780823241838277	0.6682379838935657
0.6176093207092176	0.532224942924079
0.592904947880849	0.5203977219702105
0.6620771918002814	0.703719646755171
0.7164268120226924	0.6682379838935657
0.6966633137599975	0.6859788153243684
0.592904947880849	0.5440521638779473
0.5583188259211327	0.49674328006247365
0.612668446143544	0.6623243734166315
0.5830231987495015	0.6564107629396972
0.7658355576794299	0.6386699315088947
0.6077275715778702	0.5617929953087499
0.6225501952748914	0.7392013096167762
0.6225501952748914	0.6682379838935657
0.5385553276584378	0.5677066057856842
0.6274910698405651	0.6741515943705
0.612668446143544	0.6268427105550263
0.5385553276584378	0.6091018791242236
0.5434962022241115	0.5736202162626184
