WT	KO
0.4756852196646097	0.4651436812214408
0.4383765749850324	0.48374942847029845
0.4663580584947154	0.3646726460776096
0.42594036009184005	0.5060763251689276
0.5129938643441869	0.5358455207670998
0.4756852196646097	0.5358455207670998
0.5689568313635528	0.5804993141643582
0.49433954200439834	0.5879416130639012
0.5067757568975907	0.5916627625136728
0.5285391329606774	0.5246820724177852
0.5098848106208888	0.46142253177166936
0.5098848106208888	0.48747057792007
0.5503025090237641	0.4688648306712123
0.5036667031742925	0.5097974746186992
0.5969383148732357	0.5693358658150436
0.5876111537033414	0.5470089691164144
0.6031564223198318	0.5544512680159575
0.5254300792373793	0.6028262108629873
0.6155926372130243	0.5991050614132158
0.6871008728488806	0.5953839119634443
0.6155926372130243	0.6512011537100172
0.6155926372130243	0.6325954064611595
0.5409753478538698	0.5209609229680137
0.6280288521062167	0.6325954064611595
0.609374529766428	0.5395666702168713
0.5720658850868509	0.5916627625136728
0.5813930462567451	0.4986340262693846
0.6000473685965337	0.5544512680159575
0.6404650669994091	0.7032972460068186
0.5969383148732357	0.565614716365272
0.5845020999800433	0.558172417465729
0.5347572404072736	0.5321243713173283
0.6155926372130243	0.558172417465729
0.5565206164703603	0.6325954064611595
0.5907202074266396	0.5730570152648151
0.5907202074266396	0.5879416130639012
0.5720658850868509	0.6400377053607026
0.5658477776402546	0.558172417465729
0.6466831744460053	0.6214319581118449
0.60626547604313	0.5767781647145866
0.6218107446596205	0.4911917273698415
0.6124835834897262	0.6363165559109311
0.6902099265721787	0.6102685097625303
0.6404650669994091	0.7144606943561331
0.5720658850868509	0.5916627625136728
0.5534115627470623	0.5693358658150436
0.5969383148732357	0.5953839119634443
0.5938292611499376	0.6139896592123019
0.6187016909363223	0.628874257011388
0.6497922281693035	0.5767781647145866
0.6933189802954768	0.6363165559109311
0.575174938810149	0.5730570152648151
0.6839918191255826	0.7144606943561331
0.7803724845478237	0.7070183954565902
0.7617181622080351	0.7330664416049907
0.6622284430624958	0.6325954064611595
0.6591193893391978	0.628874257011388
0.6000473685965337	0.5991050614132158
0.7368457324216503	0.6698069009588749
0.6902099265721787	0.7367875910547622
0.6684465505090921	0.6251531075616165
0.6497922281693035	0.5991050614132158
0.699537087742073	0.5432878196666429
0.6746646579556883	0.6660857515091033
0.6871008728488806	0.7107395449063617
0.6746646579556883	0.6512011537100172
0.7306276249750541	0.7479510394040768
0.7057551951886692	0.6474800042602457
0.6591193893391978	0.6623646020593318
0.6871008728488806	0.7330664416049907
0.7803724845478237	0.6735280504086464
0.7586091084847371	0.7330664416049907
0.7928086994410161	0.684691498757961
0.7430638398682465	0.7144606943561331
0.7679362696546314	0.6586434526095603
0.6808827654022845	0.6028262108629873
0.7088642489119673	0.6325954064611595
0.7834815382711218	0.7256241427054476
0.7244095175284578	0.7032972460068186
0.637356013276111	0.5804993141643582
0.665337496785794	0.7107395449063617
0.6777737116789864	0.6512011537100172
0.727518571251756	0.7777202350022491
0.8456626127370839	0.7442298899543053
0.8612078813535744	0.7963259822511067
0.820790182950699	0.7851625339017921
0.6435741207227073	0.558172417465729
0.60626547604313	0.6660857515091033
0.7430638398682465	0.6512011537100172
0.7741543771012276	0.770277936102706
0.7244095175284578	0.7293452921552191
0.8301173441205933	0.7963259822511067
0.879862203693363	0.8000471317008783
0.8580988276302763	0.8781912701460803
0.8767531499700648	0.8112105800501929
0.38863171541226277	0.41304758892463944
0.8052449143342085	0.684691498757961
0.665337496785794	0.6363165559109311
0.789699645717718	0.7479510394040768
0.7959177531643142	0.7144606943561331
0.5813930462567451	0.5544512680159575
0.7368457324216503	0.6809703493081894
0.7928086994410161	0.7888836833515637
0.7088642489119673	0.6251531075616165
0.8238992366739971	0.7926048328013352
0.3606502319025799	0.34978804827852356
0.7213004638051598	0.7591144877533914
0.9606976004991136	0.8447009250981365
0.8767531499700648	0.8037682811506498
0.9451523318826232	0.8484220745479081
0.5782839925334471	0.6065473603127588
0.817681129227401	0.8074894306004213
0.7150823563585635	0.6958549471072756
0.7492819473148428	0.6586434526095603
0.7772634308245255	0.7367875910547622
0.8580988276302763	0.8149317294999644
0.9016255797564497	0.9563354085912823
0.8363354515671896	0.8744701206963088
0.7430638398682465	0.7181818438059047
0.8052449143342085	0.7926048328013352
0.7679362696546314	0.7516721888538483
0.9327161169894308	0.8372586261985935
0.7617181622080351	0.7628356372031629
0.7555000547614389	0.7739990855524775
0.7430638398682465	0.7070183954565902
0.8425535590137858	0.8223740283995074
0.9078436872030459	0.9116816151940241
0.9078436872030459	0.8447009250981365
0.7337366786983522	0.6437588548104741
0.7741543771012276	0.8074894306004213
0.789699645717718	0.6214319581118449
0.8021358606109105	0.7070183954565902
0.7865905919944199	0.7219029932556761
0.7523910010381408	0.7293452921552191
0.8083539680575066	0.7032972460068186
0.7492819473148428	0.7591144877533914
0.7741543771012276	0.6884126482077325
0.7803724845478237	0.6772491998584179
0.7430638398682465	0.7256241427054476
0.6808827654022845	0.6139896592123019
0.6684465505090921	0.6102685097625303
0.6404650669994091	0.5953839119634443
0.6529012818926015	0.6251531075616165
0.6404650669994091	0.5879416130639012
0.6777737116789864	0.6586434526095603
0.7213004638051598	0.6586434526095603
0.665337496785794	0.7032972460068186
0.6902099265721787	0.6400377053607026
0.696428034018775	0.6474800042602457
0.6560103356158996	0.6028262108629873
0.6187016909363223	0.6363165559109311
0.60626547604313	0.565614716365272
0.6622284430624958	0.5916627625136728
0.6933189802954768	0.6586434526095603
0.7337366786983522	0.684691498757961
0.7088642489119673	0.6735280504086464
0.6746646579556883	0.5879416130639012
0.5813930462567451	0.6586434526095603
0.6684465505090921	0.6065473603127588
0.665337496785794	0.7032972460068186
0.6529012818926015	0.6400377053607026
0.6342469595528129	0.5544512680159575
0.6218107446596205	0.6214319581118449
0.6124835834897262	0.5879416130639012
0.5969383148732357	0.6325954064611595
0.6529012818926015	0.628874257011388
0.6622284430624958	0.6549223031597887
0.5782839925334471	0.5693358658150436
0.5534115627470623	0.5916627625136728
0.5627387239169566	0.5097974746186992
0.6124835834897262	0.5135186240684707
0.547193455300466	0.5395666702168713
0.6311379058295148	0.5879416130639012
0.6839918191255826	0.565614716365272
0.6031564223198318	0.6065473603127588
0.6591193893391978	0.6102685097625303
0.575174938810149	0.5284032218675567
0.637356013276111	0.6363165559109311
0.6871008728488806	0.6698069009588749
0.6249197983829186	0.5693358658150436
0.6187016909363223	0.5991050614132158
0.547193455300466	0.5358455207670998
0.5969383148732357	0.5060763251689276
0.5378662941305717	0.5395666702168713
0.6155926372130243	0.5507301185661859
0.5720658850868509	0.5395666702168713
0.5409753478538698	0.47258598012098385
0.5316481866839755	0.5097974746186992
0.5907202074266396	0.6214319581118449
0.6000473685965337	0.6177108086620734
0.5534115627470623	0.6363165559109311
0.5938292611499376	0.5618935669155005
0.547193455300466	0.5544512680159575
0.519211971790783	0.48747057792007
0.4383765749850324	0.5358455207670998
0.5098848106208888	0.4800282790205269
0.5005576494509946	0.4316533361734971
0.4787942733879078	0.4911917273698415
0.544084401577168	0.4911917273698415
0.5223210255140812	0.5246820724177852
