WT	KO
0.4622244302489668	0.42268874886268387
0.45703089732482105	0.42268874886268387
0.508966226566278	0.4351207708880569
0.5245468253387151	0.4662008259514896
0.4258696997799469	0.3667446497485051
0.3427731729936158	0.30458453962163984
0.32719257422117876	0.2859365065835803
0.42067616685580117	0.44133678190074344
0.34796670591776147	0.4289047598753704
0.5505144899594436	0.44133678190074344
0.4622244302489668	0.35431262772313205
0.4466438314765297	0.6340331232940258
0.4881920948696952	0.5034968920276087
0.4102891010075098	0.3916086937992513
0.42067616685580117	0.2859365065835803
0.5141597594904237	0.45998481493880305
0.4778050290214038	0.48484885898954916
0.4778050290214038	0.2983685286089533
0.4258696997799469	0.45998481493880305
0.42067616685580117	0.3667446497485051
0.39470850223507276	0.34809661671044556
0.5245468253387151	0.4289047598753704
0.5660950887318806	0.4972808810149222
0.5505144899594436	0.5345769470910414
0.5245468253387151	0.48484885898954916
0.508966226566278	0.4724168369641761
0.5245468253387151	0.42268874886268387
0.45703089732482105	0.42268874886268387
0.4102891010075098	0.42268874886268387
0.47261149609725817	0.540792958103728
0.628417483821629	0.5221449250656683
0.5712886216560263	0.3356645946850725
0.5245468253387151	0.34809661671044556
0.5505144899594436	0.42268874886268387
0.592062753352609	0.5967370572179066
0.6180304179733376	0.5283609360783549
0.592062753352609	0.5718730131671605
0.5245468253387151	0.6278171122813393
0.38432143638678135	0.35431262772313205
0.5037726936421323	0.4040407158246243
0.6128368850491919	0.5594409911417875
0.5712886216560263	0.5843050351925335
0.6336110167457747	0.6340331232940258
0.5037726936421323	0.4040407158246243
0.508966226566278	0.4351207708880569
0.6595786813665031	0.6153850902559662
0.6439980825940661	0.5034968920276087
0.5868692204284635	0.5905210462052202
0.5972562862767549	0.4910648700022357
0.4518373644006754	0.4724168369641761
0.508966226566278	0.4289047598753704
0.6180304179733376	0.4537688039261165
0.7219010764562515	0.5905210462052202
0.5349338911870064	0.4786328479768626
0.5037726936421323	0.42268874886268387
0.5557080228835892	0.5159289140529818
0.6336110167457747	0.658897167344772
0.7270946093803972	0.6775452003828315
0.5349338911870064	0.4289047598753704
0.6959334118355229	0.5780890241798471
0.6751592801389402	0.540792958103728
0.5868692204284635	0.6526811563320853
0.5297403582628608	0.5097129030402953
0.6855463459872316	0.540792958103728
0.6024498192009005	0.5159289140529818
0.7582558069252714	0.565657002154474
0.6543851484423575	0.5283609360783549
0.5401274241111522	0.4289047598753704
0.5816756875043178	0.5283609360783549
0.6024498192009005	0.7024092444335777
0.5972562862767549	0.5780890241798471
0.5193532924145694	0.4662008259514896
0.6595786813665031	0.5097129030402953
0.6180304179733376	0.4662008259514896
0.6128368850491919	0.5159289140529818
0.5972562862767549	0.6340331232940258
0.7582558069252714	0.6278171122813393
0.8361588007874567	0.6153850902559662
0.7270946093803972	0.565657002154474
0.6543851484423575	0.540792958103728
0.7167075435321058	0.553224980129101
0.5712886216560263	0.6526811563320853
0.628417483821629	0.5967370572179066
0.5453209570352978	0.5097129030402953
0.6180304179733376	0.5097129030402953
0.5297403582628608	0.5159289140529818
0.6128368850491919	0.6464651453193989
0.7582558069252714	0.7210572774716372
0.7842234715459997	0.7024092444335777
0.6959334118355229	0.5843050351925335
0.4102891010075098	0.329448583672386
0.882900597104768	0.7024092444335777
0.7167075435321058	0.6340331232940258
0.7322881423045429	0.6153850902559662
0.441450298552384	0.39782470481193777
0.5349338911870064	0.553224980129101
0.6595786813665031	0.7583533435477564
0.7894170044701455	0.8205134536746217
0.5297403582628608	0.5283609360783549
0.38432143638678135	0.3605286387358186
0.32199904129703305	0.17404830835522278
0.4050955680833641	0.34809661671044556
0.9088682617254964	0.8205134536746217
0.8569329324840395	0.6961932334208911
0.5037726936421323	0.4537688039261165
0.4622244302489668	0.4662008259514896
0.7063204776838143	0.553224980129101
0.7530622740011256	0.5594409911417875
0.8725135312564766	0.8888895748141734
0.42067616685580117	0.4289047598753704
0.7167075435321058	0.8205134536746217
0.882900597104768	0.8702415417761138
0.71151401060796	0.6464651453193989
0.7582558069252714	0.658897167344772
0.5141597594904237	0.42268874886268387
0.508966226566278	0.6216011012686529
0.6595786813665031	0.553224980129101
0.628417483821629	0.4972808810149222
0.4622244302489668	0.44133678190074344
0.628417483821629	0.7148412664589507
0.7530622740011256	0.6340331232940258
0.763449339849417	0.5905210462052202
0.7842234715459997	0.6153850902559662
0.7167075435321058	0.6464651453193989
0.628417483821629	0.4972808810149222
0.7063204776838143	0.6278171122813393
0.6439980825940661	0.6153850902559662
0.6959334118355229	0.671329189370145
0.6595786813665031	0.6464651453193989
0.8049976032425826	0.7459213215223832
0.8101911361667282	0.6899772224082046
0.508966226566278	0.5905210462052202
0.6128368850491919	0.4786328479768626
0.6439980825940661	0.565657002154474
0.5349338911870064	0.4662008259514896
0.5868692204284635	0.5967370572179066
0.628417483821629	0.5470089691164144
0.46741796317311246	0.5345769470910414
0.6439980825940661	0.6651131783574584
0.6543851484423575	0.6278171122813393
0.6699657472147945	0.5221449250656683
0.6180304179733376	0.5097129030402953
0.4778050290214038	0.44133678190074344
0.5972562862767549	0.5159289140529818
0.5816756875043178	0.5159289140529818
0.6128368850491919	0.4289047598753704
0.628417483821629	0.6340331232940258
0.71151401060796	0.5097129030402953
0.5868692204284635	0.4972808810149222
0.5037726936421323	0.5034968920276087
0.4829985619455496	0.4910648700022357
0.49338562779384093	0.565657002154474
0.49338562779384093	0.48484885898954916
0.5297403582628608	0.5780890241798471
0.5193532924145694	0.4724168369641761
0.5712886216560263	0.4351207708880569
0.6180304179733376	0.6029530682305931
0.49338562779384093	0.45998481493880305
0.5816756875043178	0.39782470481193777
0.5609015558077349	0.565657002154474
0.5609015558077349	0.5594409911417875
0.6803528130630858	0.5097129030402953
0.592062753352609	0.5594409911417875
0.6699657472147945	0.671329189370145
0.6491916155182117	0.565657002154474
0.5660950887318806	0.5159289140529818
0.4881920948696952	0.39782470481193777
0.4881920948696952	0.41025672683731085
0.6388045496699204	0.5470089691164144
0.5868692204284635	0.540792958103728
0.4102891010075098	0.3356645946850725
0.4622244302489668	0.329448583672386
0.5401274241111522	0.4351207708880569
0.5816756875043178	0.5718730131671605
0.5037726936421323	0.41025672683731085
0.39990203515921846	0.44133678190074344
0.3583537717660529	0.4351207708880569
0.4985791607179866	0.35431262772313205
0.5609015558077349	0.4972808810149222
0.5401274241111522	0.5470089691164144
0.36874083761434423	0.29215251759626676
0.35316023884190717	0.38539268278656474
0.42067616685580117	0.341880605697759
0.3583537717660529	0.3729606607611916
0.3323861071453244	0.3916086937992513
0.34796670591776147	0.3667446497485051
0.508966226566278	0.3791766717738782
0.38432143638678135	0.4537688039261165
0.4362567656282383	0.30458453962163984
0.2440960474348476	0.2672884735455207
0.39990203515921846	0.26107246253283417
0.2908378437521589	0.2486404405074611
0.45703089732482105	0.3667446497485051
0.38951496931092705	0.44755279291343003
0.5141597594904237	0.3729606607611916
0.4050955680833641	0.5097129030402953
0.4102891010075098	0.34809661671044556
0.3791279034626357	0.34809661671044556
0.35316023884190717	0.25485645152014763
0.441450298552384	0.4289047598753704
