WT-Tfh	WT-Th1
0.46283271249113844	0.6014426798842686
0.4207570113555804	0.6790481869661097
0.46283271249113844	0.6402454334251891
0.46283271249113844	0.5044357960319672
0.6732112181689287	0.69844956373657
0.5890598158978126	0.834259201129792
0.6311355170333706	0.44623166572058637
0.5469841147622546	0.44623166572058637
0.46283271249113844	0.6402454334251891
0.7152869193044867	0.6014426798842686
0.8835897238467189	0.6402454334251891
0.5049084136266965	0.6402454334251891
0.33660560908446435	0.4656330424910467
0.967741126117835	0.5820413031138083
0.4207570113555804	0.69844956373657
0.7573626204400447	0.7372523172774905
0.7573626204400447	0.7566536940479509
0.5049084136266965	0.4656330424910467
0.4207570113555804	0.6790481869661097
0.7573626204400447	0.6596468101956494
0.5890598158978126	0.6790481869661097
0.7573626204400447	0.7372523172774905
0.33660560908446435	0.6790481869661097
0.6732112181689287	0.5432385495728879
0.7573626204400447	0.7372523172774905
0.6311355170333706	0.5044357960319672
0.7152869193044867	0.5044357960319672
0.6732112181689287	0.69844956373657
0.5890598158978126	0.7954564475888715
0.5890598158978126	0.69844956373657
0.6311355170333706	0.5432385495728879
0.4207570113555804	0.6208440566547289
0.4207570113555804	0.6402454334251891
0.7573626204400447	0.7372523172774905
0.8835897238467189	0.834259201129792
0.6732112181689287	0.6014426798842686
0.5469841147622546	0.6596468101956494
0.7573626204400447	0.5044357960319672
0.5890598158978126	0.7372523172774905
1.0939682295245092	0.7372523172774905
0.6311355170333706	0.6014426798842686
0.5469841147622546	0.8536605779002522
0.5890598158978126	0.6790481869661097
0.967741126117835	0.6790481869661097
1.009816827253393	0.8924633314411727
0.8835897238467189	0.7566536940479509
0.5890598158978126	0.7372523172774905
0.8835897238467189	0.6402454334251891
0.6732112181689287	0.8730619546707126
0.6311355170333706	0.834259201129792
0.7994383215756028	0.8148578243593316
0.6311355170333706	0.69844956373657
0.46283271249113844	0.7566536940479509
0.7573626204400447	0.9894702152934741
1.051892528388951	0.7178509405070304
1.1360439306600671	0.9312660849820934
1.0939682295245092	0.8730619546707126
0.967741126117835	0.8536605779002522
0.6311355170333706	0.6790481869661097
1.051892528388951	0.7372523172774905
0.7152869193044867	0.7566536940479509
1.4305738386089735	0.9894702152934741
0.8835897238467189	0.7566536940479509
0.8415140227111608	0.7566536940479509
0.7573626204400447	0.6596468101956494
0.6311355170333706	0.7372523172774905
0.7573626204400447	0.6790481869661097
0.7573626204400447	1.0282729688343948
1.1781196317956253	1.0088715920639344
0.8835897238467189	0.8924633314411727
0.5469841147622546	0.834259201129792
0.6732112181689287	0.6790481869661097
0.7152869193044867	0.8536605779002522
0.8835897238467189	0.7566536940479509
1.009816827253393	1.1640826062276166
0.9256654249822769	1.0864770991457757
0.8835897238467189	0.8730619546707126
0.5469841147622546	0.6402454334251891
0.8835897238467189	0.834259201129792
1.051892528388951	0.7178509405070304
1.051892528388951	0.9312660849820934
1.0939682295245092	0.8536605779002522
1.009816827253393	0.911864708211633
1.009816827253393	0.9506674617525536
1.1781196317956253	0.9894702152934741
1.0939682295245092	1.0088715920639344
0.9256654249822769	0.9312660849820934
0.5469841147622546	0.6790481869661097
0.5469841147622546	0.6790481869661097
0.46283271249113844	0.6014426798842686
0.4207570113555804	0.5238371728024276
0.46283271249113844	0.9894702152934741
0.5469841147622546	0.7954564475888715
0.7152869193044867	0.69844956373657
0.6732112181689287	0.8148578243593316
0.3786813102200223	0.36862615863874526
0.3786813102200223	0.4656330424910467
0.3786813102200223	0.485034419261507
0.8835897238467189	0.7760550708184111
0.8835897238467189	0.7954564475888715
0.5049084136266965	0.5820413031138083
0.7994383215756028	0.970068838523014
0.967741126117835	0.8536605779002522
0.3786813102200223	0.4074289121796658
0.5049084136266965	0.5820413031138083
0.2945299079489063	0.6208440566547289
0.7573626204400447	0.6014426798842686
0.7152869193044867	0.8148578243593316
1.0939682295245092	0.7372523172774905
1.051892528388951	0.834259201129792
0.33660560908446435	0.6402454334251891
0.7152869193044867	0.7372523172774905
0.7573626204400447	0.8536605779002522
1.1781196317956253	1.0282729688343948
1.0939682295245092	1.0088715920639344
1.1360439306600671	0.8924633314411727
0.967741126117835	0.8924633314411727
1.009816827253393	1.1640826062276166
1.3464224363378574	0.9312660849820934
1.1360439306600671	0.8730619546707126
0.7994383215756028	0.7954564475888715
1.0939682295245092	0.8536605779002522
0.5049084136266965	0.8730619546707126
1.0939682295245092	0.8730619546707126
0.967741126117835	1.0088715920639344
1.2201953329311832	0.8924633314411727
0.967741126117835	0.8924633314411727
0.6311355170333706	0.8148578243593316
1.051892528388951	0.6596468101956494
1.0939682295245092	0.834259201129792
1.009816827253393	0.9506674617525536
0.7573626204400447	0.69844956373657
1.0939682295245092	0.911864708211633
0.7152869193044867	0.69844956373657
0.5469841147622546	0.6596468101956494
0.6311355170333706	0.7954564475888715
0.7573626204400447	0.7566536940479509
0.967741126117835	0.970068838523014
0.8415140227111608	0.7178509405070304
0.7573626204400447	0.5432385495728879
0.8415140227111608	0.69844956373657
0.7994383215756028	0.8730619546707126
1.009816827253393	0.8536605779002522
0.6311355170333706	0.7178509405070304
0.7994383215756028	0.834259201129792
0.6311355170333706	0.69844956373657
0.7994383215756028	0.6596468101956494
0.7573626204400447	0.7566536940479509
0.8415140227111608	0.7178509405070304
0.7573626204400447	0.6596468101956494
0.7573626204400447	0.69844956373657
0.7152869193044867	0.69844956373657
0.7994383215756028	0.9312660849820934
0.6732112181689287	0.7178509405070304
0.7994383215756028	0.6596468101956494
0.7573626204400447	0.7178509405070304
0.9256654249822769	0.8924633314411727
1.3043467352022993	1.0670757223753153
1.3043467352022993	0.970068838523014
0.967741126117835	0.8148578243593316
0.967741126117835	0.834259201129792
0.8835897238467189	0.8148578243593316
0.6732112181689287	0.8148578243593316
1.1360439306600671	1.1446812294571564
0.46283271249113844	0.7178509405070304
0.2945299079489063	0.485034419261507
0.3786813102200223	0.6014426798842686
0.6732112181689287	0.6208440566547289
0.967741126117835	1.0282729688343948
1.009816827253393	0.69844956373657
0.7994383215756028	0.7178509405070304
0.8835897238467189	0.7954564475888715
0.4207570113555804	0.5626399263433481
0.8415140227111608	0.7178509405070304
1.009816827253393	0.8536605779002522
1.2622710340667411	1.0282729688343948
1.0939682295245092	0.7954564475888715
0.46283271249113844	0.6596468101956494
0.7573626204400447	0.6208440566547289
0.7573626204400447	0.7178509405070304
0.967741126117835	0.7566536940479509
1.0939682295245092	1.1640826062276166
0.967741126117835	1.0670757223753153
1.1360439306600671	0.7566536940479509
0.5469841147622546	0.7760550708184111
0.5469841147622546	0.7760550708184111
0.6732112181689287	0.9506674617525536
1.2201953329311832	0.8536605779002522
0.8835897238467189	0.7178509405070304
0.967741126117835	0.9506674617525536
0.9256654249822769	0.834259201129792
1.0939682295245092	0.8148578243593316
0.9256654249822769	0.7178509405070304
0.6732112181689287	0.5626399263433481
0.7994383215756028	0.8924633314411727
0.5469841147622546	0.6596468101956494
0.7994383215756028	0.970068838523014
0.9256654249822769	0.6790481869661097
0.7152869193044867	0.5432385495728879
0.5890598158978126	0.7372523172774905
