WT-Tfh	WT-Th1
0.5890598158978126	0.7062101144447541
0.2945299079489063	0.6790481869661097
0.7068717790773751	0.9506674617525536
0.5890598158978126	0.7062101144447541
0.8835897238467189	0.9506674617525536
0.5890598158978126	0.8691816793166205
0.6479657974875939	0.977829389231198
0.4712478527182501	0.5704004770515322
0.8835897238467189	0.6247243320088209
0.8835897238467189	0.9506674617525536
0.7657777606671564	0.8691816793166205
1.2959315949751877	1.0321532441884869
0.8835897238467189	0.6518862594874654
0.7068717790773751	0.5704004770515322
0.6479657974875939	0.8148578243593316
0.8246837422569377	1.1136390266244198
1.0014016870262814	0.8963436067952649
0.7657777606671564	0.8420197518379761
0.7657777606671564	0.5704004770515322
0.7068717790773751	0.8148578243593316
0.7068717790773751	0.6247243320088209
0.7657777606671564	0.7062101144447541
0.7657777606671564	0.6518862594874654
0.4712478527182501	0.8691816793166205
0.8246837422569377	0.7876958968806872
0.9424957054365002	0.8420197518379761
0.8835897238467189	0.760533969402043
1.1192136502058438	0.7876958968806872
0.8835897238467189	0.8148578243593316
0.9424957054365002	0.760533969402043
0.7068717790773751	0.8963436067952649
0.8246837422569377	0.6518862594874654
0.8835897238467189	0.8148578243593316
1.1192136502058438	0.8691816793166205
0.5890598158978126	0.6790481869661097
0.8246837422569377	0.8691816793166205
1.2370256133854065	0.9235055342739094
0.6479657974875939	0.5160766220942434
0.8835897238467189	0.760533969402043
0.9424957054365002	0.8963436067952649
0.7068717790773751	1.0049913167098423
0.7068717790773751	0.8148578243593316
0.7068717790773751	0.9506674617525536
0.8246837422569377	0.8420197518379761
0.8835897238467189	0.8420197518379761
0.5890598158978126	0.9506674617525536
0.6479657974875939	0.7333720419233986
0.6479657974875939	0.6247243320088209
1.0014016870262814	1.1951248090603532
0.7657777606671564	1.1136390266244198
1.1781196317956253	1.0321532441884869
1.0014016870262814	0.7062101144447541
0.6479657974875939	0.9235055342739094
0.7657777606671564	0.977829389231198
1.0603076686160626	0.8963436067952649
1.354837576564969	1.0864770991457757
1.0603076686160626	0.977829389231198
1.0603076686160626	0.8691816793166205
1.590461502924094	1.1679628815817087
1.0603076686160626	1.0049913167098423
1.1192136502058438	1.1951248090603532
0.8246837422569377	1.0593151716671312
0.9424957054365002	0.7062101144447541
1.590461502924094	1.0049913167098423
1.354837576564969	1.0049913167098423
1.0603076686160626	1.0864770991457757
1.4726495397445314	0.8963436067952649
0.5301538343080313	0.760533969402043
0.7657777606671564	0.7876958968806872
1.1781196317956253	1.0864770991457757
1.0603076686160626	1.0593151716671312
1.0603076686160626	1.2766105914962862
1.1192136502058438	1.0049913167098423
1.0014016870262814	1.0864770991457757
1.4137435581547502	1.0049913167098423
0.7068717790773751	1.0049913167098423
0.4123418711284689	0.7062101144447541
0.8246837422569377	0.6790481869661097
0.8835897238467189	0.7876958968806872
0.5890598158978126	0.6790481869661097
0.9424957054365002	0.7333720419233986
0.7657777606671564	0.7062101144447541
1.2370256133854065	1.0049913167098423
1.0014016870262814	1.1408009541030644
0.5890598158978126	0.977829389231198
0.7068717790773751	0.977829389231198
1.0014016870262814	0.6247243320088209
0.4712478527182501	0.7062101144447541
0.6479657974875939	0.6247243320088209
0.8246837422569377	0.6790481869661097
0.4712478527182501	0.5704004770515322
0.6479657974875939	0.760533969402043
0.9424957054365002	0.977829389231198
1.1781196317956253	0.8963436067952649
0.4712478527182501	0.4617527671369547
0.4123418711284689	0.35310505722237706
0.23562392635912505	0.5432385495728879
0.9424957054365002	1.0864770991457757
1.0014016870262814	1.3037725189749307
1.4137435581547502	1.1679628815817087
1.354837576564969	1.2494486640176419
0.9424957054365002	0.8691816793166205
0.6479657974875939	0.6790481869661097
0.6479657974875939	0.6518862594874654
0.8835897238467189	0.7876958968806872
0.4712478527182501	0.6247243320088209
0.5301538343080313	0.7062101144447541
0.8246837422569377	1.1679628815817087
0.9424957054365002	0.9235055342739094
0.7657777606671564	0.7876958968806872
0.5890598158978126	0.8963436067952649
0.6479657974875939	0.7333720419233986
0.4712478527182501	0.5432385495728879
1.0603076686160626	0.8691816793166205
1.1192136502058438	0.9506674617525536
0.8835897238467189	0.8691816793166205
0.8835897238467189	0.6790481869661097
0.6479657974875939	0.760533969402043
0.6479657974875939	1.1136390266244198
1.2370256133854065	0.7333720419233986
0.5301538343080313	0.977829389231198
1.1192136502058438	0.9506674617525536
0.7068717790773751	0.760533969402043
0.5301538343080313	0.8963436067952649
0.4712478527182501	0.8691816793166205
0.5301538343080313	0.8691816793166205
1.1781196317956253	0.977829389231198
0.6479657974875939	0.8420197518379761
0.7068717790773751	0.8963436067952649
0.8246837422569377	0.8691816793166205
0.8835897238467189	0.8691816793166205
1.0603076686160626	1.0049913167098423
0.6479657974875939	0.5975624045301766
0.8246837422569377	0.8963436067952649
0.8246837422569377	0.6518862594874654
0.5890598158978126	0.6790481869661097
0.9424957054365002	0.9235055342739094
1.354837576564969	1.1408009541030644
0.9424957054365002	1.0321532441884869
0.8835897238467189	0.7333720419233986
1.0603076686160626	0.760533969402043
1.0603076686160626	1.0593151716671312
1.0014016870262814	0.8691816793166205
1.0014016870262814	0.9235055342739094
1.0014016870262814	0.6790481869661097
0.7657777606671564	0.7876958968806872
0.35343588953868754	0.9235055342739094
1.0014016870262814	0.760533969402043
0.7068717790773751	0.6790481869661097
0.8246837422569377	0.977829389231198
0.7657777606671564	0.6790481869661097
0.4712478527182501	0.7062101144447541
0.8246837422569377	0.6790481869661097
1.0014016870262814	0.7333720419233986
1.0014016870262814	1.0049913167098423
0.4712478527182501	0.6518862594874654
0.5301538343080313	1.0049913167098423
0.35343588953868754	0.8148578243593316
0.7657777606671564	0.7333720419233986
0.8246837422569377	0.5704004770515322
0.7657777606671564	0.8691816793166205
0.5890598158978126	0.7333720419233986
0.6479657974875939	0.6518862594874654
0.8835897238467189	0.6247243320088209
0.8835897238467189	0.8148578243593316
0.9424957054365002	0.6518862594874654
0.4712478527182501	0.6247243320088209
0.4712478527182501	0.488914694615599
0.7657777606671564	0.7333720419233986
0.5890598158978126	0.7876958968806872
0.7657777606671564	0.8420197518379761
0.9424957054365002	0.5975624045301766
0.4123418711284689	0.6518862594874654
0.6479657974875939	0.8420197518379761
0.6479657974875939	1.0049913167098423
0.7068717790773751	0.7876958968806872
1.1781196317956253	1.0321532441884869
0.5301538343080313	0.5975624045301766
1.0014016870262814	0.8420197518379761
0.5301538343080313	0.9235055342739094
0.7657777606671564	0.7062101144447541
1.0603076686160626	0.8148578243593316
0.7068717790773751	0.5160766220942434
0.8246837422569377	0.5975624045301766
0.4712478527182501	0.6790481869661097
1.0603076686160626	0.760533969402043
0.8835897238467189	0.760533969402043
0.4712478527182501	0.2987812022650883
0.6479657974875939	0.6247243320088209
0.9424957054365002	0.6790481869661097
0.7657777606671564	0.760533969402043
0.7657777606671564	0.9506674617525536
0.6479657974875939	0.5975624045301766
1.0014016870262814	0.9506674617525536
0.8246837422569377	0.760533969402043
0.9424957054365002	0.6247243320088209
0.7068717790773751	0.8420197518379761
0.2945299079489063	0.5160766220942434
0.8246837422569377	0.7876958968806872
0.6479657974875939	0.6247243320088209
