DKO	Bcl6KO
0.26081319234863626	0.2924063274852736
0.20455936654795	0.18499175820496905
0.23524327153014252	0.22676409070286527
0.28382612108528066	0.22079661463173725
0.22245831112089565	0.22079661463173725
0.30428205774007566	0.20289418641835313
0.30428205774007566	0.33417865998316987
0.33496596272226814	0.3043412796275297
0.265927176512335	0.2685364232007615
0.28382612108528066	0.17305680606271298
0.29916807357637687	0.358048564267682
0.2531422161030881	0.33417865998316987
0.28638311316713	0.27450389927188956
0.30172506565822627	0.24466651891624938
0.2914970973308288	0.33417865998316987
0.29405408941267813	0.23869904284512133
0.22757229528459438	0.25660147105850545
0.2761551448397325	0.22079661463173725
0.32218100231302127	0.32821118391204185
0.32729498647672	0.32821118391204185
0.33496596272226814	0.41772332497896236
0.2914970973308288	0.3043412796275297
0.2582562002667869	0.27450389927188956
0.34519393104966567	0.25063399498737743
0.32473799439487067	0.2864388514141456
0.32729498647672	0.33417865998316987
0.3656498677044607	0.3759509924810661
0.3426369389678163	0.2804713753430176
0.27871213692158187	0.22079661463173725
0.31451002606747314	0.3043412796275297
0.37332084395000875	0.39982089676557825
0.35286490729521375	0.352081088196554
0.35286490729521375	0.2983738035564017
0.4065617410140506	0.3043412796275297
0.33496596272226814	0.3162762317697858
0.32729498647672	0.32821118391204185
0.3298519785585694	0.2864388514141456
0.3656498677044607	0.34611361212542596
0.3707638518681594	0.39385342069445023
0.39633377268665315	0.40578837283670627
0.3630928756226113	0.3640160403388101
0.34519393104966567	0.39385342069445023
0.3630928756226113	0.2804713753430176
0.32473799439487067	0.3162762317697858
0.3861058043592557	0.352081088196554
0.29916807357637687	0.23273156677399331
0.33752295480411754	0.31030875569865773
0.3119530339856238	0.27450389927188956
0.3298519785585694	0.3162762317697858
0.35286490729521375	0.3043412796275297
0.3503079152133644	0.25063399498737743
0.32729498647672	0.3759509924810661
0.3630928756226113	0.3043412796275297
0.32473799439487067	0.3043412796275297
0.3835488122774063	0.2983738035564017
0.3298519785585694	0.40578837283670627
0.32729498647672	0.3043412796275297
0.4116757251777494	0.4236908010500904
0.4116757251777494	0.41175584890783434
0.4219036935051469	0.3640160403388101
0.4449166222417913	0.47739808569024267
0.4602585747328875	0.4356257531923465
0.3656498677044607	0.3640160403388101
0.3400799468859669	0.31030875569865773
0.37587783603185815	0.4236908010500904
0.4449166222417913	0.39982089676557825
0.45770158265103816	0.4475607053346025
0.39633377268665315	0.3640160403388101
0.4219036935051469	0.3759509924810661
0.388662796441105	0.4356257531923465
0.39889076476850255	0.3759509924810661
0.3835488122774063	0.31030875569865773
0.4065617410140506	0.4415932292634745
0.3912197885229544	0.41772332497896236
0.4065617410140506	0.33417865998316987
0.511398416369875	0.5430403224726511
0.39889076476850255	0.358048564267682
0.33752295480411754	0.4594956574768586
0.41934670142329755	0.3878859446233222
0.39377678060480376	0.4953005139036268
0.44747361432364063	0.46546313354798663
0.3912197885229544	0.3878859446233222
0.4116757251777494	0.3759509924810661
0.4116757251777494	0.41175584890783434
0.4040047489322013	0.3759509924810661
0.42701767766884563	0.32224370784091383
0.3912197885229544	0.3878859446233222
0.39377678060480376	0.34611361212542596
0.3707638518681594	0.3878859446233222
0.429574669750695	0.33417865998316987
0.35542189937706314	0.3640160403388101
0.31451002606747314	0.23273156677399331
0.24547123985754002	0.23869904284512133
0.23524327153014252	0.22079661463173725
0.31706701814932253	0.32224370784091383
0.31451002606747314	0.3043412796275297
0.2889401052489794	0.23869904284512133
0.3503079152133644	0.26256894712963347
0.28638311316713	0.25660147105850545
0.184103429893155	0.12531699749368871
0.19944538238425127	0.13725194963594478
0.20967335071164878	0.2148291385606092
0.31706701814932253	0.2804713753430176
0.33752295480411754	0.26256894712963347
0.2556992081849375	0.3043412796275297
0.31451002606747314	0.32224370784091383
0.30172506565822627	0.2983738035564017
0.20967335071164878	0.18499175820496905
0.28638311316713	0.23869904284512133
0.3861058043592557	0.2864388514141456
0.3093960419037744	0.27450389927188956
0.41423271725959876	0.2983738035564017
0.4219036935051469	0.352081088196554
0.4960564638787788	0.40578837283670627
0.4321316618325444	0.32224370784091383
0.4040047489322013	0.34611361212542596
0.388662796441105	0.358048564267682
0.42701767766884563	0.32821118391204185
0.42701767766884563	0.47739808569024267
0.5062844322061762	0.537072846401523
0.5037274401243269	0.5132029421170109
0.5267403688609713	0.5609427506860352
0.4065617410140506	0.4296582771212184
0.3912197885229544	0.3878859446233222
0.37332084395000875	0.4356257531923465
0.4602585747328875	0.5132029421170109
0.4449166222417913	0.40578837283670627
0.4858284955513813	0.5132029421170109
0.4449166222417913	0.45352818140573053
0.4807145113876825	0.47739808569024267
0.45770158265103816	0.4296582771212184
0.4116757251777494	0.41175584890783434
0.4653725588965863	0.45352818140573053
0.47560052722398377	0.39982089676557825
0.37843482811370754	0.4236908010500904
0.37587783603185815	0.47143060961911465
0.41934670142329755	0.3640160403388101
0.3861058043592557	0.3878859446233222
0.43724564599624316	0.40578837283670627
0.3707638518681594	0.352081088196554
0.4116757251777494	0.39385342069445023
0.3707638518681594	0.41772332497896236
0.39633377268665315	0.40578837283670627
0.3809918201955569	0.31030875569865773
0.3912197885229544	0.38191846855219413
0.39889076476850255	0.4356257531923465
0.37843482811370754	0.4356257531923465
0.3835488122774063	0.27450389927188956
0.3605358835407619	0.33417865998316987
0.4040047489322013	0.3162762317697858
0.32729498647672	0.31030875569865773
0.3426369389678163	0.2924063274852736
0.3630928756226113	0.2804713753430176
0.41423271725959876	0.33417865998316987
0.33752295480411754	0.3043412796275297
0.33240897064041874	0.2924063274852736
0.32473799439487067	0.26256894712963347
0.35797889145891254	0.2148291385606092
0.3503079152133644	0.34611361212542596
0.37843482811370754	0.3043412796275297
0.3196240102311719	0.2983738035564017
0.347750923131515	0.3878859446233222
0.33496596272226814	0.352081088196554
0.34519393104966567	0.33417865998316987
0.3630928756226113	0.3759509924810661
0.30428205774007566	0.2983738035564017
0.33752295480411754	0.32224370784091383
0.3093960419037744	0.27450389927188956
0.4014477568503519	0.31030875569865773
0.33496596272226814	0.27450389927188956
0.35797889145891254	0.3162762317697858
0.29661108149452753	0.3640160403388101
0.35286490729521375	0.41772332497896236
0.32218100231302127	0.40578837283670627
0.3093960419037744	0.3162762317697858
0.2914970973308288	0.25063399498737743
0.33496596272226814	0.3043412796275297
0.3400799468859669	0.3162762317697858
0.32473799439487067	0.3759509924810661
0.33496596272226814	0.2804713753430176
0.306839049821925	0.2924063274852736
0.33240897064041874	0.2804713753430176
0.2761551448397325	0.22079661463173725
0.29405408941267813	0.22676409070286527
0.3298519785585694	0.32224370784091383
0.32218100231302127	0.2864388514141456
0.306839049821925	0.27450389927188956
0.31451002606747314	0.2983738035564017
0.29405408941267813	0.22676409070286527
0.27871213692158187	0.27450389927188956
0.2889401052489794	0.2685364232007615
0.3400799468859669	0.27450389927188956
0.3196240102311719	0.2983738035564017
0.265927176512335	0.22676409070286527
0.26337018443048565	0.2983738035564017
0.306839049821925	0.3162762317697858
0.2761551448397325	0.26256894712963347
0.27359815275788313	0.26256894712963347
0.28638311316713	0.3162762317697858
0.265927176512335	0.3640160403388101
