WT	KO
0.2357022603955158	0.4714045207910319
0.9428090415820632	0.23570226039551595
0.2357022603955158	0.7071067811865479
0.35355339059327373	0.23570226039551595
0.1178511301977579	0.7071067811865479
0.7071067811865475	0.7071067811865479
0.4714045207910316	1.17851130197758
0.35355339059327373	1.17851130197758
0.8249579113843054	0.4714045207910319
0.5892556509887896	0.4714045207910319
0.2357022603955158	0.0
0.2357022603955158	0.0
0.4714045207910316	0.4714045207910319
0.4714045207910316	0.4714045207910319
0.4714045207910316	0.23570226039551595
0.35355339059327373	0.23570226039551595
0.1178511301977579	0.0
0.4714045207910316	0.23570226039551595
0.4714045207910316	0.9428090415820638
0.7071067811865475	0.0
0.2357022603955158	0.0
0.2357022603955158	1.4142135623730958
0.2357022603955158	0.7071067811865479
0.4714045207910316	0.4714045207910319
0.5892556509887896	0.4714045207910319
0.4714045207910316	1.649915822768612
1.0606601717798212	0.9428090415820638
0.1178511301977579	0.23570226039551595
0.1178511301977579	0.0
0.4714045207910316	0.0
0.5892556509887896	1.17851130197758
0.5892556509887896	0.7071067811865479
0.1178511301977579	0.23570226039551595
0.0	0.0
0.2357022603955158	0.7071067811865479
0.35355339059327373	0.7071067811865479
0.35355339059327373	0.23570226039551595
0.7071067811865475	0.7071067811865479
0.0	0.23570226039551595
0.2357022603955158	0.7071067811865479
0.8249579113843054	0.7071067811865479
0.4714045207910316	0.7071067811865479
0.7071067811865475	0.0
0.4714045207910316	0.7071067811865479
0.1178511301977579	0.7071067811865479
0.5892556509887896	0.4714045207910319
0.2357022603955158	0.4714045207910319
0.35355339059327373	0.23570226039551595
0.35355339059327373	0.0
0.1178511301977579	0.23570226039551595
0.2357022603955158	0.4714045207910319
0.4714045207910316	0.4714045207910319
0.5892556509887896	1.4142135623730958
0.4714045207910316	0.23570226039551595
0.35355339059327373	0.4714045207910319
0.1178511301977579	0.4714045207910319
0.5892556509887896	0.0
0.9428090415820632	0.9428090415820638
0.7071067811865475	0.4714045207910319
0.0	0.23570226039551595
0.0	0.9428090415820638
0.35355339059327373	0.0
0.35355339059327373	0.0
0.1178511301977579	0.0
0.2357022603955158	0.7071067811865479
0.4714045207910316	0.9428090415820638
0.8249579113843054	0.23570226039551595
0.2357022603955158	0.0
0.1178511301977579	0.23570226039551595
0.2357022603955158	0.0
0.35355339059327373	0.23570226039551595
0.35355339059327373	0.23570226039551595
0.5892556509887896	1.17851130197758
0.8249579113843054	0.7071067811865479
0.35355339059327373	0.4714045207910319
0.4714045207910316	0.4714045207910319
0.35355339059327373	0.9428090415820638
0.9428090415820632	0.4714045207910319
0.35355339059327373	0.7071067811865479
0.2357022603955158	0.4714045207910319
0.4714045207910316	0.9428090415820638
0.35355339059327373	0.4714045207910319
0.5892556509887896	0.9428090415820638
0.5892556509887896	0.9428090415820638
0.35355339059327373	0.7071067811865479
0.2357022603955158	0.23570226039551595
0.0	0.7071067811865479
0.35355339059327373	0.23570226039551595
0.1178511301977579	0.4714045207910319
0.4714045207910316	0.4714045207910319
0.2357022603955158	0.0
0.1178511301977579	0.4714045207910319
0.7071067811865475	0.0
0.2357022603955158	0.7071067811865479
0.7071067811865475	0.7071067811865479
0.2357022603955158	0.7071067811865479
0.0	0.0
0.7071067811865475	0.23570226039551595
0.7071067811865475	0.4714045207910319
0.7071067811865475	0.4714045207910319
1.1785113019775793	0.4714045207910319
0.2357022603955158	0.23570226039551595
0.35355339059327373	0.23570226039551595
0.0	0.23570226039551595
0.2357022603955158	0.4714045207910319
0.35355339059327373	0.23570226039551595
0.1178511301977579	0.4714045207910319
0.1178511301977579	0.7071067811865479
0.2357022603955158	0.23570226039551595
0.35355339059327373	0.23570226039551595
0.5892556509887896	0.0
0.1178511301977579	0.4714045207910319
0.1178511301977579	0.4714045207910319
0.1178511301977579	0.0
0.0	0.0
0.0	0.0
0.2357022603955158	0.4714045207910319
0.2357022603955158	0.0
0.2357022603955158	0.23570226039551595
0.1178511301977579	0.7071067811865479
0.1178511301977579	0.0
0.2357022603955158	0.4714045207910319
0.2357022603955158	0.0
0.4714045207910316	0.23570226039551595
0.9428090415820632	0.4714045207910319
0.4714045207910316	0.9428090415820638
0.8249579113843054	0.0
0.7071067811865475	0.9428090415820638
0.7071067811865475	0.23570226039551595
0.2357022603955158	0.23570226039551595
0.7071067811865475	0.23570226039551595
0.4714045207910316	0.4714045207910319
0.5892556509887896	0.7071067811865479
0.4714045207910316	0.23570226039551595
0.4714045207910316	0.7071067811865479
0.35355339059327373	0.4714045207910319
0.4714045207910316	1.17851130197758
0.4714045207910316	0.4714045207910319
0.9428090415820632	0.4714045207910319
0.8249579113843054	0.9428090415820638
0.35355339059327373	0.9428090415820638
0.4714045207910316	0.4714045207910319
0.35355339059327373	0.7071067811865479
0.0	0.0
0.2357022603955158	0.4714045207910319
0.4714045207910316	0.4714045207910319
0.4714045207910316	0.9428090415820638
0.4714045207910316	1.17851130197758
0.2357022603955158	0.4714045207910319
0.8249579113843054	1.649915822768612
0.2357022603955158	0.9428090415820638
0.35355339059327373	0.4714045207910319
0.7071067811865475	0.23570226039551595
0.0	0.23570226039551595
0.2357022603955158	0.9428090415820638
0.5892556509887896	0.0
0.4714045207910316	0.7071067811865479
0.8249579113843054	0.9428090415820638
0.4714045207910316	0.7071067811865479
0.5892556509887896	1.17851130197758
0.8249579113843054	0.9428090415820638
0.4714045207910316	0.23570226039551595
0.4714045207910316	0.4714045207910319
0.7071067811865475	0.7071067811865479
0.7071067811865475	0.4714045207910319
0.5892556509887896	0.4714045207910319
0.4714045207910316	0.0
0.4714045207910316	0.23570226039551595
0.5892556509887896	0.4714045207910319
0.7071067811865475	0.0
0.1178511301977579	0.4714045207910319
0.5892556509887896	0.4714045207910319
0.35355339059327373	0.7071067811865479
0.35355339059327373	0.4714045207910319
0.9428090415820632	1.8856180831641276
0.5892556509887896	1.4142135623730958
0.8249579113843054	0.7071067811865479
0.8249579113843054	1.17851130197758
0.5892556509887896	0.23570226039551595
0.7071067811865475	0.4714045207910319
0.8249579113843054	1.17851130197758
1.0606601717798212	1.4142135623730958
0.4714045207910316	0.4714045207910319
0.4714045207910316	0.7071067811865479
0.2357022603955158	0.23570226039551595
0.35355339059327373	0.23570226039551595
0.7071067811865475	0.9428090415820638
0.5892556509887896	0.23570226039551595
0.2357022603955158	0.4714045207910319
0.2357022603955158	0.4714045207910319
0.35355339059327373	0.23570226039551595
0.35355339059327373	1.17851130197758
0.5892556509887896	1.8856180831641276
0.4714045207910316	0.7071067811865479
0.5892556509887896	0.23570226039551595
0.35355339059327373	0.23570226039551595
0.4714045207910316	0.23570226039551595
0.35355339059327373	0.23570226039551595
0.2357022603955158	0.23570226039551595
0.35355339059327373	0.7071067811865479
