DKO	Bcl6KO
0.34770801497197396	0.37912063473446345
0.3629583665058325	0.3642531588625237
0.3690585071193759	0.40142184854237306
0.3263575228245721	0.3642531588625237
0.3446579446652023	0.2638976967269304
0.4117594914141797	0.41257245544632787
0.40565935080063636	0.460891752030132
0.3660084368126042	0.349385682990584
0.3202573822110287	0.3270844691826743
0.35380815558551737	0.39027124163841825
0.35990829619906084	0.42743993131826763
0.3568582258922891	0.43859053822222244
0.44836033509544015	0.39398811060640315
0.3721085774261476	0.3642531588625237
0.41480956172095146	0.39770497957438816
0.3355077337448872	0.3642531588625237
0.3904089992667778	0.349385682990584
0.47886103816315717	0.40142184854237306
0.3995592101870929	0.4237230623502826
0.41480956172095146	0.4348736692542374
0.40565935080063636	0.47575922790207176
0.43005991325480997	0.43115680028625253
0.45141040540221183	0.345668814022599
0.40565935080063636	0.4088555864783429
0.43005991325480997	0.3865543726704333
0.41785963202772314	0.49806044170998137
0.3904089992667778	0.40142184854237306
0.5154618818444175	0.5240785244858759
0.5368123739918195	0.5352291313898307
0.46361068662929866	0.48690983480602656
0.521562022457961	0.6095665107495295
0.4453102647886684	0.4162893244143128
0.40870942110740804	0.39770497957438816
0.40870942110740804	0.464608620998117
0.3995592101870929	0.43115680028625253
0.4819111084699289	0.4683254899661019
0.469710827242842	0.5054941796459512
0.5581628661392214	0.5352291313898307
0.4575105460157553	0.5092110486139362
0.40870942110740804	0.5092110486139362
0.4453102647886684	0.4943435727419965
0.4849611787767006	0.460891752030132
0.4209097023344948	0.5463797382937856
0.4971614600037874	0.45345801409416214
0.47886103816315717	0.43859053822222244
0.5459625849121347	0.5092110486139362
0.45141040540221183	0.5835484279736349
0.4819111084699289	0.5092110486139362
0.5154618818444175	0.5612472141657253
0.46361068662929866	0.5575303451977404
0.41785963202772314	0.5723978210696801
0.46361068662929866	0.5129279175819211
0.5002115303105591	0.464608620998117
0.45446047570898357	0.5723978210696801
0.5642630067527649	0.5315122624218458
0.5490126552189063	0.6170002486854993
0.5917136395137101	0.5649640831337103
0.5063116709241025	0.576114690037665
0.47886103816315717	0.5463797382937856
0.561212936445993	0.5835484279736349
0.6527150456491442	0.6058496417815445
0.5825634285933949	0.5835484279736349
0.5154618818444175	0.6207171176534843
0.5246120927647328	0.520361655517891
0.6069639910475686	0.57983155900565
0.5703631473663082	0.5612472141657253
0.552062725525678	0.5389460003578157
0.5459625849121347	0.5872652969416199
0.5032616006173308	0.5426628693258005
0.5368123739918195	0.5240785244858759
0.5673130770595366	0.6467352004293788
0.521562022457961	0.6504520693973638
0.6679653971830026	0.695054497013183
0.6161142019678838	0.6616026763013186
0.6435648347288291	0.57983155900565
0.6008638504340252	0.5984159038455746
0.5093617412308742	0.5240785244858759
0.552062725525678	0.5575303451977404
0.6313645535017423	0.6690364142372884
0.6191642722746554	0.6393014624934089
0.5703631473663082	0.628150855589454
0.6039139207407969	0.5649640831337103
0.5063116709241025	0.5723978210696801
0.5246120927647328	0.5500966072617705
0.5459625849121347	0.5946990348775897
0.5886635692069384	0.5723978210696801
0.6679653971830026	0.6727532832052734
0.634414623808514	0.6244339866214692
0.6588151862626875	0.691337628045198
0.6405147644220573	0.6727532832052734
0.4117594914141797	0.4683254899661019
0.8296191234419029	0.7247894487570624
0.7991184203741858	0.9403678489001888
0.6222143425814272	0.6801870211412432
0.3995592101870929	0.43115680028625253
0.5551127958324497	0.576114690037665
0.8814703186570217	0.9738196696120531
0.9790725684737163	0.9812534075480229
0.5124118115376458	0.6132833797175145
0.40565935080063636	0.3531025519585689
0.3721085774261476	0.39027124163841825
0.552062725525678	0.5984159038455746
0.8418194046689896	0.9069160281883243
0.7991184203741858	0.8474461247005652
0.5795133582866233	0.7024882349491528
0.45141040540221183	0.47575922790207176
0.7106663814778065	0.6616026763013186
0.939421654485684	0.9812534075480229
0.8753701780434784	0.8585967316045201
0.469710827242842	0.4088555864783429
0.5642630067527649	0.691337628045198
0.6161142019678838	0.7210725797890776
0.6313645535017423	0.631867724557439
0.5337623036850477	0.6132833797175145
0.6679653971830026	0.5277953934538608
0.6191642722746554	0.6467352004293788
0.5581628661392214	0.5389460003578157
0.6100140613543403	0.6801870211412432
0.57341321767308	0.5835484279736349
0.6100140613543403	0.7322231866930323
0.6069639910475686	0.7062051039171378
0.561212936445993	0.7359400556610172
0.5856134989001668	0.5946990348775897
0.5795133582866233	0.5909821659096047
0.6130641316611121	0.6467352004293788
0.6069639910475686	0.6244339866214692
0.6252644128881988	0.5500966072617705
0.6496649753423724	0.5984159038455746
0.6710154674897744	0.6467352004293788
0.7106663814778065	0.7656750074048967
0.634414623808514	0.698771365981168
0.5459625849121347	0.5538134762297555
0.5154618818444175	0.5538134762297555
0.6100140613543403	0.4497411451261772
0.561212936445993	0.6021327728135595
0.57341321767308	0.6690364142372884
0.5886635692069384	0.6207171176534843
0.5642630067527649	0.5612472141657253
0.561212936445993	0.5017773106779663
0.48801124908347226	0.5389460003578157
0.521562022457961	0.5575303451977404
0.5825634285933949	0.5612472141657253
0.5551127958324497	0.5909821659096047
0.5764632879798516	0.5463797382937856
0.47886103816315717	0.5054941796459512
0.5764632879798516	0.4571748830621471
0.5581628661392214	0.5017773106779663
0.4758109678563855	0.5612472141657253
0.4941113896970156	0.5500966072617705
0.5398624442985912	0.4571748830621471
0.5429125146053629	0.49062670377401146
0.4849611787767006	0.5129279175819211
0.5154618818444175	0.49806044170998137
0.5368123739918195	0.5463797382937856
0.6069639910475686	0.5426628693258005
0.5063116709241025	0.4497411451261772
0.5429125146053629	0.4497411451261772
0.5276621630715044	0.5723978210696801
0.460560616322527	0.460891752030132
0.5185119521511893	0.5277953934538608
0.469710827242842	0.4794760968700567
0.48801124908347226	0.44230740719020734
0.48801124908347226	0.5054941796459512
0.46361068662929866	0.47575922790207176
0.5185119521511893	0.48319296583804167
0.45141040540221183	0.4460242761581923
0.35990829619906084	0.44230740719020734
0.44226019448189674	0.41257245544632787
0.5154618818444175	0.4237230623502826
0.5642630067527649	0.460891752030132
0.5154618818444175	0.5686809521016951
0.44836033509544015	0.460891752030132
0.4971614600037874	0.5389460003578157
0.4453102647886684	0.4794760968700567
0.4849611787767006	0.4497411451261772
0.43310998356158165	0.3531025519585689
0.44226019448189674	0.41257245544632787
0.4117594914141797	0.4348736692542374
0.4361600538683533	0.43859053822222244
0.40870942110740804	0.34195194505461407
0.46666075693607034	0.41257245544632787
0.4361600538683533	0.4162893244143128
0.41480956172095146	0.37912063473446345
0.3690585071193759	0.345668814022599
0.3965091398803212	0.3754037657664785
0.3812587883464627	0.43859053822222244
0.4117594914141797	0.41257245544632787
0.3721085774261476	0.42743993131826763
0.4026092804938646	0.4683254899661019
0.4117594914141797	0.4348736692542374
0.39345906957354954	0.4088555864783429
0.4117594914141797	0.39027124163841825
0.3751586477329193	0.38283750370244835
0.3355077337448872	0.34195194505461407
0.3873589289600061	0.38283750370244835
0.3904089992667778	0.38283750370244835
0.2928067494500834	0.345668814022599
0.3355077337448872	0.3233676002146894
0.3721085774261476	0.3531025519585689
0.45446047570898357	0.44230740719020734
