DKO	Bcl6KO
0.4242686405204333	0.34933863401630566
0.43573536053449907	0.433179906180219
0.5274691206470251	0.36331217937695787
0.40133520049230176	0.37728572473761013
0.344001600421973	0.4471534515408712
0.344001600421973	0.36331217937695787
0.4128019205063675	0.33536508865565345
0.389868480478236	0.2794709072130446
0.44720208054856486	0.3213915432950012
0.43573536053449907	0.37728572473761013
0.37840176046417023	0.34933863401630566
0.5389358406610909	0.37728572473761013
0.389868480478236	0.4890740876228279
0.44720208054856486	0.4890740876228279
0.4242686405204333	0.37728572473761013
0.5504025606751567	0.47510054226217574
0.6077361607454855	0.4192063608195668
0.48160224059076207	0.3213915432950012
0.5160024006329594	0.36331217937695787
0.43573536053449907	0.4052328154589146
0.344001600421973	0.307417997934349
0.4242686405204333	0.33536508865565345
0.5045356806188936	0.34933863401630566
0.5274691206470251	0.5449682690654368
0.44720208054856486	0.33536508865565345
0.47013552057669633	0.4192063608195668
0.36693504045010444	0.4471534515408712
0.44720208054856486	0.33536508865565345
0.4586688005626306	0.2654973618523923
0.5274691206470251	0.36331217937695787
0.4586688005626306	0.4611269969015235
0.43573536053449907	0.4192063608195668
0.3554683204360387	0.3213915432950012
0.29813472036570987	0.25152381649174005
0.389868480478236	0.3213915432950012
0.5618692806892225	0.307417997934349
0.5160024006329594	0.39125927009826234
0.48160224059076207	0.4471534515408712
0.5274691206470251	0.37728572473761013
0.43573536053449907	0.39125927009826234
0.5160024006329594	0.4611269969015235
0.44720208054856486	0.4471534515408712
0.4930689606048279	0.5309947237047846
0.44720208054856486	0.47510054226217574
0.389868480478236	0.36331217937695787
0.4128019205063675	0.4611269969015235
0.688003200843946	0.433179906180219
0.4930689606048279	0.433179906180219
0.584802720717354	0.5589418144260891
0.5045356806188936	0.47510054226217574
0.5389358406610909	0.5729153597867412
0.6077361607454855	0.433179906180219
0.43573536053449907	0.47510054226217574
0.5274691206470251	0.47510054226217574
0.43573536053449907	0.4192063608195668
0.584802720717354	0.5030476329834801
0.4242686405204333	0.34933863401630566
0.5045356806188936	0.47510054226217574
0.584802720717354	0.4471534515408712
0.5504025606751567	0.4192063608195668
0.48160224059076207	0.4192063608195668
0.5504025606751567	0.37728572473761013
0.4586688005626306	0.47510054226217574
0.47013552057669633	0.433179906180219
0.4586688005626306	0.34933863401630566
0.4930689606048279	0.33536508865565345
0.5389358406610909	0.433179906180219
0.5045356806188936	0.37728572473761013
0.4930689606048279	0.37728572473761013
0.44720208054856486	0.4192063608195668
0.5389358406610909	0.5589418144260891
0.5962694407314197	0.4052328154589146
0.4586688005626306	0.4611269969015235
0.5274691206470251	0.307417997934349
0.40133520049230176	0.47510054226217574
0.48160224059076207	0.5170211783441324
0.6421363207876828	0.5589418144260891
0.5962694407314197	0.4192063608195668
0.4242686405204333	0.433179906180219
0.5733360007032883	0.5030476329834801
0.5504025606751567	0.4890740876228279
0.5962694407314197	0.47510054226217574
0.6077361607454855	0.5589418144260891
0.6192028807595512	0.47510054226217574
0.6192028807595512	0.614835995868698
0.584802720717354	0.4890740876228279
0.47013552057669633	0.433179906180219
0.4930689606048279	0.34933863401630566
0.48160224059076207	0.34933863401630566
0.584802720717354	0.4052328154589146
0.6650697608158144	0.5309947237047846
0.4586688005626306	0.4611269969015235
0.3096014403797756	0.3213915432950012
0.4128019205063675	0.5030476329834801
0.47013552057669633	0.23755027113108787
0.28666800035164414	0.23755027113108787
0.29813472036570987	0.25152381649174005
0.6192028807595512	0.34933863401630566
0.24080112029538103	0.2794709072130446
0.5045356806188936	0.5589418144260891
0.5389358406610909	0.5449682690654368
0.43573536053449907	0.37728572473761013
0.43573536053449907	0.36331217937695787
0.194934240239118	0.12576190824587002
0.24080112029538103	0.1117883628852178
0.389868480478236	0.25152381649174005
0.3325348804079072	0.4052328154589146
0.344001600421973	0.3213915432950012
0.5274691206470251	0.34933863401630566
0.4930689606048279	0.2934444525736967
0.48160224059076207	0.6427830865900024
0.584802720717354	0.36331217937695787
0.40133520049230176	0.33536508865565345
0.28666800035164414	0.307417997934349
0.3096014403797756	0.307417997934349
0.584802720717354	0.39125927009826234
0.7109366408720774	0.47510054226217574
0.37840176046417023	0.37728572473761013
0.3210681603938414	0.2934444525736967
0.5618692806892225	0.433179906180219
0.5160024006329594	0.5589418144260891
0.6421363207876828	0.5309947237047846
0.67653648082988	0.4052328154589146
0.5045356806188936	0.33536508865565345
0.4128019205063675	0.36331217937695787
0.5618692806892225	0.5030476329834801
0.5274691206470251	0.4890740876228279
0.40133520049230176	0.5030476329834801
0.43573536053449907	0.47510054226217574
0.5504025606751567	0.4052328154589146
0.43573536053449907	0.36331217937695787
0.47013552057669633	0.5170211783441324
0.5045356806188936	0.4052328154589146
0.5618692806892225	0.4052328154589146
0.6650697608158144	0.614835995868698
0.5274691206470251	0.6288095412293502
0.48160224059076207	0.34933863401630566
0.4128019205063675	0.4052328154589146
0.2293344002813153	0.4052328154589146
0.44720208054856486	0.5030476329834801
0.6994699208580116	0.4611269969015235
0.688003200843946	0.5729153597867412
0.4930689606048279	0.34933863401630566
0.36693504045010444	0.2235767257704356
0.389868480478236	0.34933863401630566
0.37840176046417023	0.4611269969015235
0.5733360007032883	0.4611269969015235
0.5618692806892225	0.36331217937695787
0.389868480478236	0.34933863401630566
0.2293344002813153	0.23755027113108787
0.5274691206470251	0.25152381649174005
0.5389358406610909	0.33536508865565345
0.389868480478236	0.4471534515408712
0.37840176046417023	0.36331217937695787
0.4128019205063675	0.36331217937695787
0.389868480478236	0.4052328154589146
0.3210681603938414	0.39125927009826234
0.389868480478236	0.4611269969015235
0.5389358406610909	0.3213915432950012
0.3210681603938414	0.4052328154589146
0.389868480478236	0.307417997934349
0.5160024006329594	0.47510054226217574
0.5962694407314197	0.4611269969015235
0.44720208054856486	0.6008624505080458
0.4586688005626306	0.36331217937695787
0.389868480478236	0.4192063608195668
0.44720208054856486	0.36331217937695787
0.4586688005626306	0.433179906180219
0.389868480478236	0.33536508865565345
0.44720208054856486	0.2934444525736967
0.5045356806188936	0.4192063608195668
0.43573536053449907	0.433179906180219
0.389868480478236	0.4611269969015235
0.40133520049230176	0.5030476329834801
0.48160224059076207	0.2794709072130446
0.3554683204360387	0.2654973618523923
0.44720208054856486	0.2934444525736967
0.5274691206470251	0.47510054226217574
0.48160224059076207	0.4052328154589146
0.4128019205063675	0.39125927009826234
0.28666800035164414	0.3213915432950012
0.29813472036570987	0.34933863401630566
0.44720208054856486	0.39125927009826234
0.5274691206470251	0.307417997934349
0.3210681603938414	0.18165608968847893
0.3096014403797756	0.33536508865565345
0.2522678403094468	0.2934444525736967
0.29813472036570987	0.36331217937695787
0.5045356806188936	0.36331217937695787
0.40133520049230176	0.2934444525736967
0.26373456032351256	0.34933863401630566
0.344001600421973	0.33536508865565345
0.40133520049230176	0.2794709072130446
0.3554683204360387	0.37728572473761013
0.389868480478236	0.2934444525736967
0.27520128033757835	0.23755027113108787
0.3325348804079072	0.34933863401630566
0.36693504045010444	0.39125927009826234
0.344001600421973	0.2654973618523923
0.43573536053449907	0.39125927009826234
