DKO	Bcl6KO
0.40808695777949544	0.4514099434383337
0.44300715047539185	0.46642912824774224
0.4450612794575034	0.46809792655989874
0.42383527997568404	0.44556914934578595
0.4635484402965074	0.46476032993558575
0.42862824760061097	0.4380595569410817
0.4402683118325764	0.4497411451261772
0.43342121522553795	0.47226992234028997
0.45875547267158046	0.488957905461855
0.45670134368946885	0.5298434641096893
0.4464306987789111	0.48645470799362023
0.47039553690354585	0.49312990124224626
0.46834140792143436	0.5707290227575236
0.4991533426531076	0.5582130354163499
0.4792967624926959	0.5540410396359586
0.4888826977425499	0.5365186573583153
0.5005227619745154	0.5356842582022371
0.4614943113143959	0.5298434641096893
0.5032616006173308	0.5415250522947849
0.5258570194205578	0.5698946236014454
0.49572979434958836	0.5590474345724281
0.4656025692786189	0.5356842582022371
0.44848482776102266	0.5381874556704718
0.4847744397783268	0.5832450100986973
0.49504508468888453	0.6024361906884971
0.4649178596179151	0.5990985940641841
0.4923062460460691	0.5832450100986973
0.49709921367099613	0.6216273712782969
0.4923062460460691	0.6191241738100621
0.5149016648492962	0.5757354176939931
0.5114781165457769	0.5698946236014454
0.5190099228135194	0.5757354176939931
0.5498218575451926	0.5932577999716364
0.5183252131528155	0.5882514050351668
0.5183252131528155	0.5857482075669321
0.5285958580633733	0.5573786362602715
0.5190099228135194	0.5473658463873325
0.5642007604199736	0.579073014318306
0.5820032115982736	0.615786577185749
0.5607772121164543	0.6182897746539838
0.5285958580633733	0.5598818337285063
0.5094239875636655	0.6041049890006536
0.5238028904384463	0.5657226278210541
0.5559842444915273	0.6141177788735926
0.5470830189023773	0.6182897746539838
0.5395512126346349	0.6266337662147664
0.5292805677240772	0.631640161151236
0.5285958580633733	0.6291369636830012
0.5327041160275964	0.6049393881567319
0.5018921812959231	0.6232961695904533
0.5244876000991501	0.5965953965959493
0.5970668241337584	0.6424873501802532
0.5546148251701196	0.6508313417410356
0.5628313410985658	0.5949265982837929
0.5614619217771581	0.6641817282382877
0.5402359222953387	0.6182897746539838
0.5772102439733467	0.6508313417410356
0.6025445014193892	0.6625129299261311
0.5929585661695354	0.7042328877300437
0.5861114695624968	0.6600097324578964
0.6018597917586854	0.6633473290822095
0.589535017866016	0.6141177788735926
0.6045986304015009	0.6625129299261311
0.61692340429417	0.6616785307700529
0.6504741776686588	0.718417673383374
0.6059680497229085	0.6383153543998619
0.6347258554724703	0.69171690038887
0.6422576617402126	0.6817041105159309
0.6607448225792166	0.6842073079841657
0.6614295322399204	0.7300992615684695
0.6778625640968129	0.6758633164233833
0.644996500383028	0.6900481020767135
0.6559518549542896	0.7033984885739655
0.677177854436109	0.731768059880626
0.681970822061036	0.7576344337190518
0.7059356601856708	0.745118446377878
0.6860790800252591	0.7684816227480691
0.6990885635786322	0.7793288117770862
0.70935920848919	0.7918447991182601
0.6648530805434396	0.7300992615684695
0.6244552105619124	0.6792009130476963
0.6080221787050201	0.6792009130476963
0.5799490826161622	0.6408185518680967
0.5333888256883003	0.6216273712782969
0.4738190852070652	0.5698946236014454
0.4731343755463613	0.5356842582022371
0.5135322455278886	0.5723978210696801
0.516271084170704	0.5882514050351668
0.5012074716352192	0.6224617704343751
0.5231181807777424	0.5281746657975328
0.4717649562249536	0.5331810607340023
0.5552995348308235	0.5982641949081059
0.6737543061325898	0.7668128244359125
0.640203532758101	0.6783665138916181
0.6237705009012087	0.6458249468045661
0.548452438223785	0.5840794092547755
0.5005227619745154	0.5623850311967411
0.566939599062789	0.6124489805614362
0.5155863745100001	0.5590474345724281
0.4792967624926959	0.5148242793002807
0.4553319243680612	0.518996275080672
0.5511912768666004	0.5832450100986973
0.5491371478844888	0.6141177788735926
0.5053157295994423	0.5732322202257583
0.534073535349004	0.6099457830932014
0.59912095311587	0.6817041105159309
0.6011750820979814	0.7042328877300437
0.6388341134366933	0.6708569214869138
0.5107934068850731	0.5824106109426191
0.47244966588565745	0.5398562539826283
0.4717649562249536	0.5557098379481151
0.49709921367099613	0.5557098379481151
0.5128475358671847	0.5924234008155581
0.4984686329924038	0.5707290227575236
0.46286373063580355	0.5089834852077331
0.5053157295994423	0.5590474345724281
0.5087392779029616	0.6041049890006536
0.5703631473663082	0.6408185518680967
0.6388341134366933	0.7342712573488608
0.6853943703645553	0.7734880176845386
0.649789468007955	0.7259272657880783
0.6545824356328819	0.7417808497535651
0.6806014027396282	0.7960167948986513
0.6703307578290705	0.7809976100892428
0.6792319834182206	0.8118703788641382
0.6600601129185127	0.7409464505974868
0.6627989515613282	0.7542968370947388
0.6299328878475432	0.6992264927935742
0.6723848868111821	0.7426152489096433
0.6525283066507704	0.7059016860422003
0.6367799844545818	0.6875449046084787
0.6292481781868394	0.6700225223308354
0.6422576617402126	0.6675193248626007
0.6073374690443162	0.6408185518680967
0.5984362434551661	0.6291369636830012
0.6210316622583932	0.6257993670586881
0.6011750820979814	0.6416529510241749
0.6388341134366933	0.6591753333018182
0.5977515337944622	0.6483281442728009
0.5511912768666004	0.6124489805614362
0.557353663812935	0.6224617704343751
0.5457135995809695	0.6416529510241749
0.5703631473663082	0.6575065349896616
0.5929585661695354	0.6399841527120185
0.5648854700806774	0.6141177788735926
0.5635160507592697	0.6182897746539838
0.5498218575451926	0.6107801822492797
0.5279111484026695	0.5390218548265501
0.5374970836525234	0.5782386151622279
0.5190099228135194	0.5448626489190977
0.5231181807777424	0.5715634219136019
0.5292805677240772	0.579073014318306
0.5299652773847809	0.5673914261332106
0.5238028904384463	0.5465314472312544
0.5292805677240772	0.6099457830932014
0.5525606961880081	0.5723978210696801
0.5594077927950466	0.5874170058790886
0.5409206319560427	0.5815762117865408
0.5292805677240772	0.5465314472312544
0.5402359222953387	0.5565442371041933
0.5176405034921117	0.5899202033473234
0.5532454058487118	0.5865826067230103
0.534073535349004	0.5924234008155581
0.5279111484026695	0.5657226278210541
0.5327041160275964	0.5840794092547755
0.5231181807777424	0.5857482075669321
0.5196946324742232	0.5498690438555673
0.5443441802595619	0.5782386151622279
0.534073535349004	0.5331810607340023
0.4923062460460691	0.5632194303528193
0.4875132784211422	0.5498690438555673
0.44848482776102266	0.5106522835198896
0.4984686329924038	0.5365186573583153
0.5176405034921117	0.5640538295088976
0.5183252131528155	0.5632194303528193
0.46628727893932276	0.5106522835198896
0.4635484402965074	0.5306778632657675
0.469710827242842	0.5098178843638113
0.49367566536747687	0.5039770902712635
0.4923062460460691	0.529009064953611
0.48135089147480753	0.4772763172767595
0.49162153638536527	0.5031426911151853
0.47998147215339976	0.5073146868955766
0.44780011810031883	0.4839515105253855
0.4539625050466534	0.43555635947284693
0.43342121522553795	0.44056275440931647
0.4656025692786189	0.4447347501897077
0.4464306987789111	0.47811071643283776
0.4553319243680612	0.4806139139010725
0.410141086761607	0.465594729091664
0.4265741186184994	0.462257132467351
0.47792734317128827	0.46726352740382043
0.46286373063580355	0.47226992234028997
0.42725882827920325	0.45891953584303796
0.4258894089577956	0.4222059729755949
0.4402683118325764	0.4539131409065685
0.4210964413328686	0.4297155653802992
0.4341059248862418	0.4213715738195167
0.39507747422612227	0.43388756116069044
0.38275270033345293	0.39550519998109096
