DKO	Prdm1KO
0.6929822785064562	0.4834080466229148
0.6555237769655666	0.7009416676032265
0.5244190215724533	0.6042600582786435
0.4495020184906743	0.43506724196062335
0.48696052003156387	0.6526008629409351
0.48696052003156387	0.7976232769278094
0.6180652754246772	0.6042600582786435
0.5056897708020086	0.6767712652720808
0.318397263097561	0.555919253616352
0.3558557646384505	0.4108968396294776
0.318397263097561	0.4834080466229148
0.4682312692611191	0.43506724196062335
0.4682312692611191	0.45923764429176905
0.5618775231133429	0.7009416676032265
0.48696052003156387	0.7251120699343723
0.78662853235868	0.7251120699343723
0.6555237769655666	0.38672643729833184
0.48696052003156387	0.9184752885835381
0.33712651386800574	0.7492824722655179
0.33712651386800574	0.5800896559474977
0.5431482723428981	0.6526008629409351
0.6929822785064562	0.6042600582786435
0.636794526195122	0.7492824722655179
0.48696052003156387	0.7251120699343723
0.2622095107862267	0.7734528745966637
0.4682312692611191	0.6526008629409351
0.43077276772022954	0.45923764429176905
0.5431482723428981	0.6767712652720808
0.5056897708020086	0.7492824722655179
0.5618775231133429	0.6042600582786435
0.5806067738837876	0.5800896559474977
0.5056897708020086	0.555919253616352
0.6180652754246772	0.8943048862523925
0.7491700308177905	0.8217936792589552
0.6555237769655666	0.7976232769278094
0.6180652754246772	0.7976232769278094
0.5244190215724533	0.45923764429176905
0.5618775231133429	0.5800896559474977
0.5244190215724533	0.555919253616352
0.5431482723428981	0.8459640815901008
0.7304407800473457	0.7734528745966637
0.37458501540889527	0.555919253616352
0.6555237769655666	0.9426456909146839
0.6180652754246772	0.5317488512852063
0.5618775231133429	0.6767712652720808
0.6742530277360115	0.6284304606097892
0.5806067738837876	0.6042600582786435
0.8802747862109038	0.8217936792589552
0.8428162846700143	0.8217936792589552
0.43077276772022954	0.43506724196062335
0.6742530277360115	0.5800896559474977
0.5244190215724533	0.7251120699343723
0.711711529276901	0.6284304606097892
0.6180652754246772	0.7251120699343723
0.6742530277360115	0.7251120699343723
0.711711529276901	0.7009416676032265
0.5056897708020086	0.43506724196062335
0.8240870338995696	0.8459640815901008
0.5993360246542324	0.6042600582786435
0.7304407800473457	0.5800896559474977
0.711711529276901	1.0151568979081211
0.5618775231133429	0.7976232769278094
0.5056897708020086	0.45923764429176905
0.5993360246542324	0.6284304606097892
0.5244190215724533	0.4834080466229148
0.5056897708020086	0.7492824722655179
0.7491700308177905	0.555919253616352
0.636794526195122	0.7492824722655179
0.7491700308177905	0.8217936792589552
0.6929822785064562	0.7492824722655179
0.5618775231133429	0.6284304606097892
0.6742530277360115	0.7009416676032265
0.6742530277360115	0.7492824722655179
0.6555237769655666	0.6284304606097892
0.6555237769655666	0.6042600582786435
0.8428162846700143	0.8217936792589552
0.6555237769655666	0.6767712652720808
0.48696052003156387	0.7492824722655179
0.5056897708020086	0.5075784489540606
0.7304407800473457	0.555919253616352
0.9364625385222382	1.0634977025704127
0.7678992815882353	0.8701344839212467
0.7304407800473457	0.7734528745966637
0.711711529276901	0.555919253616352
0.5431482723428981	0.6042600582786435
0.7304407800473457	0.6284304606097892
0.6180652754246772	0.6526008629409351
1.273589052390244	1.111838507232704
1.0862965446857962	0.9184752885835381
0.7678992815882353	0.7009416676032265
0.5806067738837876	0.555919253616352
0.48696052003156387	0.6284304606097892
0.711711529276901	0.8217936792589552
1.0488380431449067	1.2810313235507242
0.7491700308177905	0.7734528745966637
0.6180652754246772	0.555919253616352
0.6180652754246772	0.45923764429176905
0.8615455354404591	0.7976232769278094
0.9926502908335724	0.7492824722655179
0.5431482723428981	0.5075784489540606
0.4495020184906743	0.555919253616352
0.4682312692611191	0.4108968396294776
0.8802747862109038	0.9668160932458296
0.8615455354404591	0.9184752885835381
0.636794526195122	0.5075784489540606
0.5056897708020086	0.5800896559474977
0.7491700308177905	0.8217936792589552
0.9364625385222382	0.9668160932458296
0.9739210400631277	0.7251120699343723
0.5431482723428981	0.43506724196062335
0.39331426617934	0.43506724196062335
0.5618775231133429	0.6526008629409351
0.8615455354404591	0.8701344839212467
0.8053577831291248	0.7492824722655179
0.5244190215724533	0.5075784489540606
0.6180652754246772	0.7009416676032265
0.711711529276901	0.4108968396294776
0.8053577831291248	0.6526008629409351
0.6742530277360115	0.6042600582786435
0.5806067738837876	0.6042600582786435
0.78662853235868	0.7009416676032265
0.636794526195122	0.5800896559474977
0.7304407800473457	0.8701344839212467
0.6180652754246772	0.5317488512852063
0.5806067738837876	0.4834080466229148
0.6180652754246772	0.6526008629409351
0.5618775231133429	0.5317488512852063
0.6555237769655666	0.6767712652720808
0.5244190215724533	0.5800896559474977
0.8428162846700143	0.9184752885835381
1.0113795416040172	1.0151568979081211
0.7678992815882353	0.8217936792589552
0.5431482723428981	0.6284304606097892
0.6555237769655666	0.555919253616352
0.711711529276901	0.4834080466229148
0.8428162846700143	1.0151568979081211
0.6180652754246772	0.555919253616352
0.4682312692611191	0.6042600582786435
0.5244190215724533	0.6526008629409351
0.6555237769655666	0.7492824722655179
0.6742530277360115	0.8701344839212467
0.8615455354404591	0.7976232769278094
0.7491700308177905	0.6284304606097892
0.711711529276901	0.555919253616352
0.8240870338995696	0.9668160932458296
0.5993360246542324	0.6284304606097892
0.5806067738837876	0.6526008629409351
0.48696052003156387	0.5317488512852063
0.78662853235868	0.8217936792589552
0.9926502908335724	0.6284304606097892
0.8802747862109038	0.7251120699343723
0.5618775231133429	0.7009416676032265
0.48696052003156387	0.7492824722655179
0.4682312692611191	0.6284304606097892
0.7304407800473457	0.6767712652720808
0.6929822785064562	0.8701344839212467
0.8802747862109038	0.6526008629409351
0.4682312692611191	0.5317488512852063
0.6742530277360115	0.7009416676032265
0.7304407800473457	0.5075784489540606
0.7491700308177905	0.7492824722655179
0.7491700308177905	0.5075784489540606
0.7678992815882353	0.6284304606097892
0.7678992815882353	0.45923764429176905
0.636794526195122	0.6767712652720808
0.6180652754246772	0.4834080466229148
0.5244190215724533	0.6042600582786435
0.5618775231133429	0.5317488512852063
0.5993360246542324	0.6526008629409351
0.48696052003156387	0.6042600582786435
0.5431482723428981	0.5075784489540606
0.48696052003156387	0.4834080466229148
0.6555237769655666	0.6042600582786435
0.711711529276901	0.8943048862523925
0.7491700308177905	0.6767712652720808
0.48696052003156387	0.6284304606097892
0.5806067738837876	0.5800896559474977
0.5431482723428981	0.5800896559474977
0.7491700308177905	0.8217936792589552
0.636794526195122	0.6767712652720808
0.5618775231133429	0.45923764429176905
0.636794526195122	0.6042600582786435
0.5056897708020086	0.38672643729833184
0.4682312692611191	0.5317488512852063
0.5806067738837876	0.7009416676032265
0.5431482723428981	0.5317488512852063
0.6180652754246772	0.555919253616352
0.5806067738837876	0.555919253616352
0.4682312692611191	0.4108968396294776
0.48696052003156387	0.5317488512852063
0.5244190215724533	0.7492824722655179
0.6180652754246772	0.5075784489540606
0.6742530277360115	0.5075784489540606
0.5244190215724533	0.555919253616352
0.2996680123271162	0.5075784489540606
0.39331426617934	0.5075784489540606
0.5244190215724533	0.7009416676032265
0.6180652754246772	0.7734528745966637
0.7491700308177905	0.45923764429176905
0.6742530277360115	0.555919253616352
