DKO	Prdm1KO
0.5198061793945693	0.5056419478770845
0.4989094485646369	0.5106983673558553
0.5080517683027324	0.4837307968024108
0.4923792201802831	0.4702470115256886
0.4754006263809629	0.4264247093763413
0.5119699053333446	0.4871017431215914
0.5145819966870863	0.4955291089195428
0.539396864547631	0.5578916158243833
0.5132759510102154	0.5275530989517582
0.5380908188707603	0.532609518430529
0.5198061793945693	0.4989000552387234
0.5367847731938895	0.5157547868346262
0.539396864547631	0.5174402599942165
0.5341726818401479	0.4972145820791331
0.5498452299625972	0.5241821526325776
0.5420089559013725	0.47530343100445943
0.5015215399183784	0.48878721628118166
0.5145819966870863	0.5342949915901193
0.5302545448095356	0.47361795784486915
0.5106638596564739	0.5140693136750359
0.5524573213163387	0.4702470115256886
0.49760340288776617	0.4449649141318343
0.5015215399183784	0.44159396781265375
0.5067457226258616	0.4837307968024108
0.4989094485646369	0.4567632262489663
0.5642117324081758	0.5393514110688902
0.5498452299625972	0.46856153836609826
0.5811903262074959	0.5157547868346262
0.5367847731938895	0.49215816260036227
0.5289484991326648	0.5056419478770845
0.5380908188707603	0.46013417256814687
0.5524573213163387	0.5410368842284804
0.539396864547631	0.45507775308937604
0.5615996410544343	0.5056419478770845
0.5498452299625972	0.4854162699620011
0.5550694126700803	0.4955291089195428
0.5811903262074959	0.5376659379092998
0.6112293767755237	0.532609518430529
0.5420089559013725	0.5123838405154456
0.5446210472551141	0.48878721628118166
0.5446210472551141	0.5005855283983136
0.5185001337176985	0.4837307968024108
0.556375458346951	0.544407830547661
0.5955568286530745	0.544407830547661
0.5955568286530745	0.5056419478770845
0.6164535594830068	0.6033993911333209
0.6282079705748439	0.5713754011011054
0.6190656508367484	0.5528351963456124
0.6321261076054562	0.5882301326970082
0.645186564374164	0.5916010790161889
0.6060051940680407	0.5224966794729873
0.6112293767755237	0.5848591863778276
0.6491047014047763	0.5696899279415152
0.6961223457721243	0.5899156058565986
0.6373502903129393	0.5899156058565986
0.6360442446360686	0.5781172937394665
0.7013465284796074	0.5663189816223346
0.6386563359898101	0.6151977032504528
0.6386563359898101	0.6438507469634877
0.7026525741564782	0.6438507469634877
0.6569409754660009	0.6118267569312722
0.6360442446360686	0.6118267569312722
0.6464926100510348	0.6185686495696333
0.6412684273435516	0.5848591863778276
0.6752256149421918	0.6084558106120916
0.6229837878673607	0.5460933037072513
0.6530228384353886	0.5663189816223346
0.6282079705748439	0.5882301326970082
0.6491047014047763	0.5764318205798763
0.6399623816666808	0.6000284448141403
0.6334321532823269	0.5545206695052026
0.6608591124966133	0.6000284448141403
0.6216777421904899	0.59834297165455
0.6334321532823269	0.5764318205798763
0.6922042087415119	0.5781172937394665
0.6556349297891302	0.5831737132182374
0.6543288841122593	0.5882301326970082
0.6282079705748439	0.5730608742606957
0.6046991483911699	0.544407830547661
0.5459270929319848	0.5224966794729873
0.6112293767755237	0.5022710015579039
0.6033931027142991	0.5208112063133971
0.6177596051598776	0.5545206695052026
0.5119699053333446	0.4955291089195428
0.5420089559013725	0.49215816260036227
0.5224182707483108	0.4702470115256886
0.5864145089149789	0.4989000552387234
0.5759661435000127	0.5309240452709387
0.6373502903129393	0.49215816260036227
0.5080517683027324	0.4466503872914246
0.6255958792211023	0.610141283771682
0.6491047014047763	0.6151977032504528
0.8058301826292695	0.7449791365389045
0.6386563359898101	0.5696899279415152
0.7222432593095398	0.6202541227292236
0.5824963718843666	0.5292385721113484
0.791463680183691	0.7264389317834115
0.8554599183503591	0.7146406196662793
0.7418339444626014	0.6893585222724252
0.5733540521462712	0.4955291089195428
0.6412684273435516	0.59834297165455
0.7731790407075001	0.7045277807087377
0.8698264207959376	0.7770031265711198
0.7013465284796074	0.6556490590806195
0.6269019248979731	0.509012894196265
0.7013465284796074	0.628681488527175
0.6647772495272256	0.5713754011011054
0.7784032234149832	0.7230679854642309
0.6216777421904899	0.5511497231860221
0.5211122250714401	0.5376659379092998
0.5446210472551141	0.48035985048323027
0.5681298694387881	0.5511497231860221
0.5877205545918497	0.5224966794729873
0.5067457226258616	0.4719324846852789
0.4662583066428675	0.46013417256814687
0.5367847731938895	0.4955291089195428
0.5550694126700803	0.5191257331538067
0.5576815040238219	0.5663189816223346
0.6020870570374284	0.5208112063133971
0.6112293767755237	0.5359804647497096
0.6386563359898101	0.5899156058565986
0.6112293767755237	0.5477787768668415
0.6543288841122593	0.5663189816223346
0.6765316606190626	0.6000284448141403
0.7392218531088599	0.6590200053998001
0.685673980357158	0.6421652738038973
0.6282079705748439	0.5848591863778276
0.6647772495272256	0.5646335084627444
0.6608591124966133	0.568004454781925
0.6477986557279055	0.5696899279415152
0.6935102544183827	0.6455362201230779
0.703958619833349	0.6067703374525014
0.6843679346802872	0.6927294685916058
0.7065707111870905	0.6539635859210293
0.6869800260340287	0.59834297165455
0.6726135235884503	0.5949720253353694
0.6255958792211023	0.586544659537418
0.6895921173877704	0.568004454781925
0.6700014322347088	0.6573345322402099
0.7235493049864106	0.5696899279415152
0.6334321532823269	0.5730608742606957
0.6412684273435516	0.5393514110688902
0.6242898335442315	0.5123838405154456
0.6321261076054562	0.568004454781925
0.6634712038503549	0.5966574984949597
0.6412684273435516	0.5595770889839735
0.6595530668197425	0.670818317516932
0.6295140162517147	0.5814882400586471
0.5916386916224621	0.556206142664793
0.6308200619285854	0.5460933037072513
0.6086172854217822	0.49215816260036227
0.6020870570374284	0.5764318205798763
0.5380908188707603	0.5410368842284804
0.6112293767755237	0.544407830547661
0.5145819966870863	0.48204532364282054
0.5655177780850466	0.509012894196265
0.5472331386088557	0.4719324846852789
0.5589875497006928	0.48878721628118166
0.5681298694387881	0.4449649141318343
0.5759661435000127	0.5073274210366747
0.5550694126700803	0.5022710015579039
0.5733540521462712	0.5039564747174942
0.5459270929319848	0.5106983673558553
0.5537633669932095	0.4854162699620011
0.5877205545918497	0.46013417256814687
0.562905686731305	0.5140693136750359
0.5524573213163387	0.5241821526325776
0.5524573213163387	0.5005855283983136
0.5420089559013725	0.47530343100445943
0.5472331386088557	0.5123838405154456
0.5655177780850466	0.5528351963456124
0.5446210472551141	0.5309240452709387
0.5485391842857265	0.5022710015579039
0.5615996410544343	0.5157547868346262
0.562905686731305	0.4769889041640497
0.5224182707483108	0.4837307968024108
0.5642117324081758	0.4955291089195428
0.5655177780850466	0.4989000552387234
0.5498452299625972	0.5106983673558553
0.5589875497006928	0.5241821526325776
0.5642117324081758	0.5005855283983136
0.5707419607925297	0.5309240452709387
0.5694359151156589	0.5056419478770845
0.5433150015782433	0.5056419478770845
0.5093578139796031	0.48204532364282054
0.5119699053333446	0.43485207517429264
0.5576815040238219	0.5123838405154456
0.5302545448095356	0.5258676257921678
0.574660097823142	0.5208112063133971
0.5289484991326648	0.4972145820791331
0.562905686731305	0.48878721628118166
0.5211122250714401	0.5073274210366747
0.5824963718843666	0.5005855283983136
0.5171940880408278	0.47361795784486915
0.4989094485646369	0.4449649141318343
0.5315605904864064	0.4651905920469177
0.5145819966870863	0.4769889041640497
0.515888042363957	0.5039564747174942
0.47801271773470444	0.4483358604510149
0.4819308547653168	0.4651905920469177
