Motif	Num	Protection_Score_WT-Tfh	Protection_Score_WT-Th1	Protection_Diff_WT-Tfh_WT-Th1	TC_WT-Tfh	TC_WT-Th1	TC_Diff_WT-Tfh_WT-Th1	TF_Activity	Z_score	P_values
MA0740.1.KLF14	1142	0.24212491696184146	0.26245312956563005	0.020328212603788587	0.6359622755069972	0.7567025694026641	0.12074029389566687	0.14106850649945546	0.8330701706298381	0.4048051555790704
MA0496.2.MAFK	568	-0.06608157537169548	-0.03291138391990906	0.03317019145178642	0.5097721528673638	0.47524664956706814	-0.034525503300295635	-0.0013553118485092122	0.11044416143933192	0.9120571315610773
MA0591.1.Bach1::Mafk	914	0.04288108417436692	0.07771611500184086	0.034835030827473946	0.5582994202988828	0.5544387085572325	-0.003860711741650258	0.03097431908582369	0.27447734389201106	0.7837178122482358
MA0690.1.TBX21	792	0.06388733811815653	0.12417943906369405	0.060292100945537525	0.4787273290478582	0.712098235120657	0.23337090607279876	0.29366300701833625	1.6072999042055303	0.10798859531441643
MA0659.1.MAFG	314	-0.0615181632061109	-0.027302202052590464	0.034215961153520436	0.474446038081267	0.45439206555026634	-0.020053972531000663	0.014161988622519772	0.18917540908355632	0.849955340367131
MA0002.2.RUNX1	2306	0.1317612650286722	0.16301877269814077	0.03125750766946858	0.5200676596195067	0.6927441802786204	0.17267652065911365	0.20393402832858223	1.1520355072006627	0.24930648281294399
MA0741.1.KLF16	3780	0.09326803269956781	0.05477125089550219	-0.03849678180406562	0.5554763477676513	0.594259418155636	0.038783070387984675	0.0002862885839190546	0.11877326806581495	0.9054549877331626
MA0501.1.MAF::NFE2	848	0.012419264070298728	0.0007221101284126595	-0.01169715394188607	0.5594027354446902	0.4891306130302628	-0.07027212241442743	-0.0819692763563135	-0.29857273006807233	0.7652660750859134
MA1107.1.KLF9	3488	-0.1314505522761428	-0.1517706555902245	-0.02032010331408171	0.457507804992513	0.5244088620638281	0.0669010570713151	0.046580953757233395	0.3536618529180335	0.7235923141949574
MA0140.2.GATA1::TAL1	260	-0.11231868895506161	-0.0518834493531069	0.06043523960195471	0.4794529910156784	0.45544611914394234	-0.024006871871736057	0.03642836773021865	0.3021499442445794	0.7625377605556771
MA1421.1.TCF7L1	1334	0.3488750816011603	0.16606544862361577	-0.18280963297754454	0.5484987590064037	0.32371993764026696	-0.2247788213661367	-0.40758845434368124	-1.9506902609295615	0.05109390259983385
MA0768.1.LEF1	1468	0.43162479118199737	0.16789552386223477	-0.2637292673197626	0.5503528799721426	0.29633285237825846	-0.2540200275938841	-0.5177492949136466	-2.5096212705985863	0.0120860708255817
MA0463.1.Bcl6	460	0.16353953599406476	0.12400587122916541	-0.03953366476489935	0.41412447040191935	0.429641188296876	0.015516717894956622	-0.024016946869942726	-0.004535812186015925	0.99638095789553
MA0495.2.MAFF	520	0.012382502081230129	0.023699098945169528	0.0113165968639394	0.5019399756695694	0.4634261483587253	-0.03851382731084407	-0.027197230446904676	-0.020671846565457654	0.9835074274059252
MA0482.1.Gata4	474	-0.08426128732338273	-0.15508975556266336	-0.07082846823928063	0.45802827654240025	0.4537273714220869	-0.004300905120313336	-0.07512937335959397	-0.26386862043878395	0.7918811561795704
MA0731.1.BCL6B	238	0.16516788947104077	0.14408220915148579	-0.02108568031955499	0.454653862695668	0.42079444099336805	-0.03385942170229994	-0.05494510202185493	-0.16145822578433452	0.8717325106176823
MA1104.1.GATA6	422	0.04496336355709134	0.03131881748094364	-0.0136445460761477	0.468116134333394	0.4826681816549896	0.014552047321595596	0.0009075012454478962	0.1219251595939753	0.9029582898038652
MA0036.3.GATA2	450	-0.026128873956914322	-0.08382382745746444	-0.05769495350055012	0.44316491150649484	0.44157911019458557	-0.001585801311909274	-0.059280754812459396	-0.18345634035289368	0.8544399726864613
MA0769.1.Tcf7	1636	0.32761690228738266	0.14791524747285045	-0.1797016548145322	0.5638688714309328	0.30494783306600776	-0.258921038364925	-0.43862269317945723	-2.1081509189732257	0.035017937180712756
MA0766.1.GATA5	320	-0.2024654455207328	-0.27938440868280334	-0.07691896316207053	0.4491202405020129	0.5045041119670338	0.05538387146502094	-0.02153509169704959	0.00805655557788492	0.9935718682308542
MA0035.3.Gata1	498	-0.020237509949417108	-0.07531405636495232	-0.055076546415535214	0.4786782567762746	0.4196295363058954	-0.059048720470379235	-0.11412526688591446	-0.46172490066359767	0.6442786119700364
MA0511.2.RUNX2	1224	0.06937813754899635	0.0783572083623314	0.008979070813335044	0.5491641725633128	0.6972989003007294	0.14813472773741654	0.15711379855075158	0.9144803272722924	0.36046451039098426
MA0523.1.TCF7L2	1804	0.49603223414831166	0.20872936273312115	-0.2873028714151905	0.5813347932454325	0.3008471233440603	-0.2804876699013722	-0.5677905413165627	-2.763519155113314	0.0057181735944017075
MA0684.1.RUNX3	1356	0.23245240678998544	0.2692199808349528	0.03676757404496736	0.5366950715628985	0.7000006372519595	0.16330556568906096	0.20007313973402832	1.132446238008376	0.2574468748431894
MA0037.3.GATA3	298	-0.21830726083711463	-0.31131185374970805	-0.09300459291259341	0.4402535941229917	0.5190926462342724	0.07883905211128073	-0.014165540801312687	0.045447977989421344	0.9637502395649248
MA0508.2.PRDM1	894	0.20945965327131166	0.19391825042274935	-0.015541402848562313	0.5109903245770862	0.4742593192998977	-0.03673100527718848	-0.05227240812575079	-0.1478975858132102	0.8824235934965536
MA0089.1.MAFG::NFE2L1	1508	-0.04480225640584941	-0.030982929955303717	0.01381932645054569	0.5313373706656062	0.5075777953298668	-0.023759575335739358	-0.009940248885193667	0.06688614662179342	0.9466723417341392
MA0493.1.Klf1	2006	0.018235505254077466	0.029274330206838072	0.011038824952760606	0.5478143607114516	0.6961791108831287	0.14836475017167705	0.15940357512443765	0.9260981319806179	0.3543949846921196
MA0742.1.Klf12	1056	-0.08521272959626801	-0.0914754887291658	-0.006262759132897797	0.5889540078192136	0.7773569355329756	0.188402927713762	0.18214016858086418	1.041458427629083	0.2976628377646975
MA0599.1.KLF5	3908	0.2565087827730739	0.2784751642032462	0.02196638143017232	0.5753657461147785	0.6778779140321762	0.1025121679173977	0.12447854934757002	0.7488965073453796	0.45391958560387957
MA0039.3.KLF4	1240	-0.42715290489471663	-0.5449662646078784	-0.11781335971316181	0.5116376371135171	0.6804823552794784	0.16884471816596136	0.05103135845279955	0.3762421925111098	0.706736850803545
MA0117.2.Mafb	568	0.2350857852123144	0.19243726393934146	-0.042648521272972945	0.4861802828912011	0.4648720500910436	-0.02130823280015748	-0.06395675407313042	-0.20718129537734764	0.8358682745246
MA0657.1.KLF13	414	0.12808271547507033	0.15865574178003303	0.030573026304962697	0.5690536420488985	0.6648171967394918	0.09576355469059328	0.12633658099555597	0.7583237366551107	0.44825720063367136
