WT	KO
0.33395876221052917	0.4253783049553092
0.3787161220944145	0.32836220031637897
0.3752732482571926	0.3358249775962967
0.4028162389549682	0.4701549686348154
0.4028162389549682	0.42164691631535034
0.41314486046663407	0.3843330299157618
0.4097019866294121	0.43657247087518575
0.42347348197829987	0.34701914351617325
0.5026595802344048	0.44030385951514456
0.42691635581552184	0.4328410822352269
0.5543026877927341	0.4477666367950623
0.4441307250016316	0.40298997311555607
0.4785594633738511	0.4440352481551034
0.5026595802344048	0.4141841390354326
0.485445211048295	0.4141841390354326
0.42003060814107795	0.4776177459147331
0.4647879680249633	0.4440352481551034
0.44068785116440967	0.40298997311555607
0.4028162389549682	0.42164691631535034
0.416587734303856	0.40672136175551493
0.4579022203505194	0.4626921913548977
0.4544593465132975	0.40298997311555607
0.5370883186066242	0.5149316323143216
0.488888084885517	0.5298571868741571
0.4785594633738511	0.49254330047456857
0.5887314261649536	0.48508052319465084
0.5198739494205145	0.45896080271493883
0.416587734303856	0.503737466394445
0.42691635581552184	0.38806441855572066
0.4510164726760755	0.48881191183460965
0.416587734303856	0.4738863572747743
0.5026595802344048	0.5671710732737456
0.557745561629956	0.4738863572747743
0.5061024540716267	0.507468855034404
0.5405311924438462	0.5261257982341981
0.5164310755832925	0.5112002436743628
0.5990600476766194	0.5335885755141159
0.5474169401182901	0.46642357999485656
0.49233095872273885	0.4141841390354326
0.4510164726760755	0.48508052319465084
0.5061024540716267	0.4328410822352269
0.49233095872273885	0.4701549686348154
0.5818456784905097	0.5186630209542805
0.5336454447694023	0.4776177459147331
0.5508598139555121	0.48508052319465084
0.44757359883885356	0.503737466394445
0.5061024540716267	0.582096627833581
0.485445211048295	0.48508052319465084
0.5543026877927341	0.5597082959938279
0.4441307250016316	0.4813491345546919
0.5095453279088487	0.4253783049553092
0.5508598139555121	0.5447827414339925
0.5646313093043999	0.5373199641540748
0.5439740662810681	0.4701549686348154
0.5646313093043999	0.5335885755141159
0.5543026877927341	0.5112002436743628
0.5095453279088487	0.5447827414339925
0.5267596970949584	0.48508052319465084
0.5818456784905097	0.5783652391936221
0.5336454447694023	0.4776177459147331
0.5921743000021755	0.5671710732737456
0.4957738325599608	0.5000060777544862
0.5129882017460706	0.43657247087518575
0.5784028046532876	0.6194105142331695
0.5715170569788437	0.5485141300739513
0.5784028046532876	0.6231419028731283
0.4647879680249633	0.5186630209542805
0.5749599308160657	0.48881191183460965
0.5956171738393974	0.5709024619137044
0.6059457953510632	0.5410513527940336
0.49233095872273885	0.5298571868741571
0.5370883186066242	0.5335885755141159
0.4544593465132975	0.4477666367950623
0.47167371569940725	0.48508052319465084
0.5749599308160657	0.5298571868741571
0.5543026877927341	0.5410513527940336
0.5370883186066242	0.503737466394445
0.5439740662810681	0.4776177459147331
0.5095453279088487	0.5559769073538691
0.557745561629956	0.582096627833581
0.5370883186066242	0.49254330047456857
0.5749599308160657	0.5634396846337867
0.6300459122116169	0.5559769073538691
0.6197172906999511	0.503737466394445
0.5267596970949584	0.46642357999485656
0.5233168232577365	0.5485141300739513
0.5061024540716267	0.5485141300739513
0.5198739494205145	0.6044849596733342
0.488888084885517	0.5000060777544862
0.42003060814107795	0.42164691631535034
0.34773025755941694	0.3134366457565436
0.4682308418621852	0.44030385951514456
0.5439740662810681	0.5485141300739513
0.5095453279088487	0.4701549686348154
0.4028162389549682	0.354481920796091
0.3890447436060804	0.380601641275803
0.35117313139663897	0.3694074753559264
0.6748032720955023	0.6641871779126758
0.6403745337232828	0.6753813438325523
0.6369316598860608	0.5858280164735398
0.6438174075605048	0.6604557892727169
0.6679175244210583	0.5783652391936221
0.5405311924438462	0.5447827414339925
0.3787161220944145	0.39552719583563833
0.3615017529083048	0.3694074753559264
0.34428738372219503	0.3694074753559264
0.482002337211073	0.40672136175551493
0.5233168232577365	0.5709024619137044
0.5508598139555121	0.5112002436743628
0.3615017529083048	0.34701914351617325
0.4510164726760755	0.4141841390354326
0.4510164726760755	0.4477666367950623
0.5129882017460706	0.6044849596733342
0.5818456784905097	0.4962746891145274
0.5439740662810681	0.5895594051134987
0.5267596970949584	0.4738863572747743
0.5233168232577365	0.5223944095942393
0.6128315430255072	0.503737466394445
0.5474169401182901	0.582096627833581
0.5784028046532876	0.5261257982341981
0.4957738325599608	0.45149802543502116
0.5405311924438462	0.4738863572747743
0.5233168232577365	0.5186630209542805
0.5267596970949584	0.49254330047456857
0.44068785116440967	0.45522941407498
0.49921670639718285	0.38806441855572066
0.5129882017460706	0.5223944095942393
0.5302025709321804	0.5597082959938279
0.47167371569940725	0.4328410822352269
0.5026595802344048	0.4626921913548977
0.557745561629956	0.5149316323143216
0.49921670639718285	0.49254330047456857
0.5715170569788437	0.5223944095942393
0.5198739494205145	0.4440352481551034
0.47511658953662916	0.4626921913548977
0.4785594633738511	0.44030385951514456
0.3787161220944145	0.4328410822352269
0.5715170569788437	0.4738863572747743
0.5095453279088487	0.4701549686348154
0.4785594633738511	0.5112002436743628
0.49921670639718285	0.507468855034404
0.4647879680249633	0.3843330299157618
0.44068785116440967	0.5000060777544862
0.488888084885517	0.49254330047456857
0.4544593465132975	0.4440352481551034
0.5061024540716267	0.429109693595268
0.44068785116440967	0.4141841390354326
0.4647879680249633	0.46642357999485656
0.5439740662810681	0.48881191183460965
0.5198739494205145	0.5335885755141159
0.4957738325599608	0.5373199641540748
0.39937336511774624	0.429109693595268
0.5026595802344048	0.4962746891145274
0.49233095872273885	0.5000060777544862
0.5749599308160657	0.5112002436743628
0.4579022203505194	0.42164691631535034
0.46134509418774133	0.4141841390354326
0.3959304912805243	0.43657247087518575
0.49233095872273885	0.45522941407498
0.4441307250016316	0.49254330047456857
0.4441307250016316	0.5186630209542805
0.46134509418774133	0.4179155276753915
0.43380210348996573	0.4477666367950623
0.4441307250016316	0.4776177459147331
0.4510164726760755	0.46642357999485656
0.49921670639718285	0.3992585844755972
0.4062591127921901	0.40298997311555607
0.3959304912805243	0.43657247087518575
0.4785594633738511	0.4179155276753915
0.4544593465132975	0.4626921913548977
0.5198739494205145	0.5261257982341981
0.4579022203505194	0.39552719583563833
0.485445211048295	0.4701549686348154
0.5370883186066242	0.45896080271493883
0.5026595802344048	0.503737466394445
0.5887314261649536	0.5112002436743628
0.49233095872273885	0.48881191183460965
0.46134509418774133	0.3917958071956795
0.34428738372219503	0.40672136175551493
0.3821589959316365	0.3992585844755972
0.3821589959316365	0.3694074753559264
0.482002337211073	0.43657247087518575
0.44757359883885356	0.4253783049553092
0.4682308418621852	0.43657247087518575
0.4544593465132975	0.4328410822352269
0.4441307250016316	0.4776177459147331
0.5026595802344048	0.44030385951514456
0.39248761744330235	0.354481920796091
0.4510164726760755	0.45522941407498
0.44068785116440967	0.42164691631535034
0.5061024540716267	0.5149316323143216
0.43380210348996573	0.4701549686348154
0.4372449773271877	0.3656760867159675
0.43380210348996573	0.37687025263584406
0.39937336511774624	0.3992585844755972
0.44757359883885356	0.44030385951514456
0.4028162389549682	0.4477666367950623
0.37183037441997063	0.3134366457565436
0.4303592296527438	0.39552719583563833
0.44757359883885356	0.37313886399588525
