WT	KO
0.4780189808248367	0.4347272786905907
0.47952692713658696	0.4723164794796267
0.485558712383588	0.5131743064242311
0.452383893525082	0.5050027410353103
0.47651103451308635	0.493562549490821
0.4644474640190842	0.49192823641303685
0.4704792492660853	0.49846548872417357
0.49159049763058915	0.5197115587353678
0.5564321890358509	0.5703752641466773
0.5307971017360962	0.5050027410353103
0.5262732628008454	0.493562549490821
0.47651103451308635	0.5425919418243462
0.5624639742828519	0.5507635072132672
0.5896070078943569	0.6063301518579292
0.5971467394531083	0.6014272126245767
0.5383368332948476	0.5458605679799147
0.502146121812841	0.4853909841019001
0.5835752226473558	0.5687409510688931
0.6303215583116143	0.6259419087913393
0.5850831689591061	0.5850840818467349
0.5760354910886045	0.6030615257023608
0.5443686185418487	0.5507635072132672
0.5775434374003547	0.5801811426133823
0.6167500415058618	0.5850840818467349
0.6469089677408673	0.6177703434024183
0.6423851288056165	0.6913144319027063
0.5986546857648585	0.5948899603134399
0.5745275447768542	0.5720095772244614
0.5911149542061072	0.5703752641466773
0.6107182562588607	0.5523978202910513
0.6092103099471105	0.6014272126245767
0.5865911152708564	0.6194046564802026
0.5986546857648585	0.5997928995467924
0.5926229005178575	0.6030615257023608
0.6333374509351148	0.661896796502591
0.628813611999864	0.642285039569181
0.6197659341293624	0.6259419087913393
0.6061944173236099	0.6357477872580443
0.6634963771701202	0.6667997357359436
0.6921473570933755	0.6292105349469076
0.6770678939758727	0.6324791611024759
0.6438930751173667	0.6667997357359436
0.6393692361821159	0.6488222918803177
0.6454010214291169	0.661896796502591
0.6378612898703657	0.6128674041690658
0.6393692361821159	0.61450171724685
0.6815917329111235	0.6324791611024759
0.7404016390693843	0.7370751980806631
0.7253221759518814	0.7125605019139006
0.7072268202108782	0.6749713011248646
0.5775434374003547	0.5997928995467924
0.6680202161053711	0.6847771795915696
0.6906394107816253	0.6962173711360589
0.711750659146129	0.7092918757583322
0.6996870886521268	0.6717026749692961
0.6650043234818706	0.661896796502591
0.6604804845466197	0.6341134741802601
0.705718873899128	0.7550526419362891
0.7238142296401313	0.7436124503917999
0.761512887433888	0.7207320673028214
0.7524652095633865	0.7109261888361164
0.7630208337456383	0.7566869550140732
0.7735764579278902	0.7566869550140732
0.7207983370166308	0.7534183288585049
0.7675446726808892	0.7387095111584473
0.7207983370166308	0.7092918757583322
0.77206851161614	0.735440885002879
0.7781002968631411	0.773030085791915
0.8007194915393951	0.7991790950364619
0.7811161894866416	0.8040820342698143
0.7404016390693843	0.8547457396811239
0.7765923505513908	0.7795673381030518
0.7283380685753821	0.7861045904141883
0.7811161894866416	0.8073506604253827
0.8142910083451477	0.7779330250252676
0.8263545788391498	0.818790851969872
0.7584969948103875	0.7501497027029366
0.7675446726808892	0.7583212680918574
0.8534976124506548	0.7942761558031093
0.8429419882684028	0.8416712350588503
0.7977035989158946	0.8596486789144763
0.8399260956449023	0.8138879127365194
0.8429419882684028	0.8416712350588503
0.8791326997504094	0.7583212680918574
0.844449934580153	0.8236937912032244
0.7177824443931301	0.7272693196139581
0.7419095853811345	0.6994859972916271
0.6846076255346242	0.6684340488137278
0.6242897730646132	0.6177703434024183
0.7811161894866416	0.7648585204029942
0.8399260956449023	0.8580143658366921
0.8369102030214017	0.7648585204029942
0.5383368332948476	0.5769125164578139
0.4267488062253274	0.4102125825238281
0.6665122697936209	0.6210389695579868
0.7253221759518814	0.661896796502591
0.7735764579278902	0.7713957727141308
0.7027029812756275	0.7452467634695841
0.529289155424346	0.5278831241242887
0.5081779070598421	0.5066370541130945
0.5564321890358509	0.4674135402462742
0.529289155424346	0.5295174372020729
0.722306283328381	0.6880458057471379
0.7162744980813799	0.7583212680918574
0.6996870886521268	0.6929487449804904
0.6484169140526176	0.6945830580582747
0.4433362156545804	0.45597334870178496
0.6197659341293624	0.604695838780145
0.8369102030214017	0.8155222258143037
0.8112751157216471	0.8008134081142461
0.6634963771701202	0.6733369880470803
0.5805593300238552	0.5360546895132097
0.6800837865993733	0.6308448480246918
0.6996870886521268	0.7011203103694112
0.7494493169398859	0.7158291280694689
0.7826241357983919	0.7534183288585049
0.7796082431748913	0.781201651180836
0.8610373440094061	0.866185931225613
0.7992115452276449	0.7893732165697568
0.8519896661389045	0.7713957727141308
0.7886559210453931	0.7550526419362891
0.6861155718463744	0.7011203103694112
0.7781002968631411	0.7387095111584473
0.7479413706281356	0.8057163473475986
0.7856400284218925	0.8367682958254979
0.7584969948103875	0.7436124503917999
0.7630208337456383	0.7844702773364043
0.7584969948103875	0.7517840157807207
0.7539731558751367	0.8040820342698143
0.6981791423403766	0.7534183288585049
0.7901638673571432	0.7779330250252676
0.7358778001341334	0.7272693196139581
0.8173069009686482	0.7550526419362891
0.722306283328381	0.7452467634695841
0.6876235181581247	0.670068361891512
0.7087347665226285	0.7125605019139006
0.7162744980813799	0.6782399272804329
0.7781002968631411	0.7403438242362316
0.7072268202108782	0.7240006934583898
0.7328619075106328	0.7452467634695841
0.6846076255346242	0.707657562680548
0.6906394107816253	0.652090918035886
0.722306283328381	0.7403438242362316
0.7027029812756275	0.7861045904141883
0.66198843085837	0.6667997357359436
0.6137341488823612	0.586718394924519
0.6197659341293624	0.6586281703470228
0.6514328066761181	0.7419781373140157
0.6710361087288716	0.6717026749692961
0.6303215583116143	0.661896796502591
0.6423851288056165	0.5850840818467349
0.6529407529878684	0.6488222918803177
0.6589725382348696	0.7092918757583322
0.7027029812756275	0.660262483424807
0.6680202161053711	0.6896801188249221
0.5850831689591061	0.661896796502591
0.6710361087288716	0.670068361891512
0.6710361087288716	0.7027546234471955
0.612226202570611	0.7141948149916848
0.6107182562588607	0.6275762218691233
0.6092103099471105	0.5507635072132672
0.5850831689591061	0.6243075957135551
0.6137341488823612	0.660262483424807
0.5775434374003547	0.5246144979687203
0.5564321890358509	0.5834497687689507
0.5971467394531083	0.6357477872580443
0.5986546857648585	0.6569938572692386
0.6303215583116143	0.6357477872580443
0.5805593300238552	0.5687409510688931
0.5323050480478465	0.5818154556911665
0.5624639742828519	0.6226732826357709
0.5835752226473558	0.5344203764354254
0.5458765648535989	0.5785468295355981
0.5594480816593514	0.5818154556911665
0.5443686185418487	0.5916213341578715
0.5971467394531083	0.5720095772244614
0.5730195984651039	0.6161360303246342
0.5850831689591061	0.586718394924519
0.5805593300238552	0.5605693856799722
0.5338129943595967	0.5066370541130945
0.5700037058416033	0.5605693856799722
0.5564321890358509	0.5638380118355406
0.5594480816593514	0.5850840818467349
0.5383368332948476	0.5785468295355981
0.4900825513188389	0.5197115587353678
0.5504004037888498	0.5246144979687203
0.5247653164890952	0.5474948810576988
0.5413527259183482	0.558935072602188
0.5654798669063525	0.5229801848909361
0.45539978614858256	0.4739507925574109
0.4930984439423394	0.47558510563519507
0.4659554103308345	0.4625106010129217
0.4900825513188389	0.5229801848909361
0.5277812091125957	0.521345871813152
0.5504004037888498	0.5000998018019577
0.5081779070598421	0.5164429325797995
0.4930984439423394	0.5442262549021304
0.47952692713658696	0.48702529717968435
0.5142096923068432	0.4886596102574685
0.44484416196633064	0.4804880448685476
