WT	KO
0.512659387952628	0.5263773525245325
0.39393826653201947	0.4971341662731696
0.2644243158913555	0.350918235016355
0.2374422428412172	0.4152532447693534
0.39393826653201947	0.4795882545223519
0.35076694965179817	0.3801614212677179
0.4856773149024898	0.4269505192698986
0.4640916564623791	0.4386477937704437
0.36695619348188113	0.26903731351253884
0.41012751036210243	0.33922096051580986
0.36695619348188113	0.34506959776608237
0.5180558025626557	0.4971341662731696
0.30759563277157687	0.30997777426444695
0.3345777058217152	0.4269505192698986
0.3615597788718535	0.3041291370141743
0.3885418519219918	0.2748859507628114
0.3723526080919088	0.4678909800218067
0.4317131688022131	0.4503450682709889
0.45869524185235144	0.3801614212677179
0.4047310957520748	0.421101882019626
0.4317131688022131	0.46204234277153405
0.3345777058217152	0.32752368601526466
0.4317131688022131	0.4269505192698986
0.3993346811420471	0.4327991565201712
0.528848631782711	0.561469176026168
0.3831454373119641	0.5556205387758953
0.45869524185235144	0.4678909800218067
0.5180558025626557	0.4269505192698986
0.5180558025626557	0.6141069112786213
0.5558307048328494	0.5380746270250777
0.6043984363230983	0.4503450682709889
0.5720199486629324	0.5556205387758953
0.593605607103043	0.5029828035234422
0.5234522171726834	0.5263773525245325
0.6907410700835409	0.5731664505267132
0.593605607103043	0.6199555485288939
0.5666235340529047	0.5146800780239873
0.5504342902228216	0.631652823029439
0.43710958341224077	0.5790150877769857
0.5774163632729601	0.631652823029439
0.5612271194428771	0.5439232642753503
0.4856773149024898	0.49128552902289696
0.4479024126322961	0.49128552902289696
0.6151912655431537	0.6550473720305293
0.6475697532033197	0.6375014602797117
0.6691554116434304	0.5790150877769857
0.658362582423375	0.5322259897748051
0.545037875612794	0.5673178132764406
0.5180558025626557	0.38601005851799053
0.5180558025626557	0.40940460751908087
0.5072629733426004	0.6082582740283486
0.6313805093732368	0.6258041857791664
0.6043984363230983	0.731079656284073
0.7069303139136239	0.6842905582818923
0.5720199486629324	0.6258041857791664
0.5234522171726834	0.4678909800218067
0.45329882724232373	0.3801614212677179
0.5072629733426004	0.47373961727207925
0.6529661678133473	0.5439232642753503
0.6205876801531813	0.6901391955321647
0.7716872892339559	0.7252310190338004
0.6907410700835409	0.6199555485288939
0.5828127778829877	0.5790150877769857
0.5666235340529047	0.561469176026168
0.5558307048328494	0.5673178132764406
0.5612271194428771	0.46204234277153405
0.6529661678133473	0.6141069112786213
0.5882091924930154	0.5380746270250777
0.6529661678133473	0.6433500975299841
0.5990020217130706	0.6667446465310745
0.625984094763209	0.6784419210316197
0.7069303139136239	0.6141069112786213
0.593605607103043	0.70183647003271
0.7015338993035963	0.6258041857791664
0.43710958341224077	0.5088314407737147
0.6205876801531813	0.5439232642753503
0.674551826253458	0.6550473720305293
0.7501016307938453	0.731079656284073
0.6475697532033197	0.45619370552126154
0.6691554116434304	0.6258041857791664
0.528848631782711	0.6082582740283486
0.4694880710724067	0.6258041857791664
0.6043984363230983	0.5731664505267132
0.5558307048328494	0.5029828035234422
0.4640916564623791	0.4971341662731696
0.5342450463927387	0.421101882019626
0.4856773149024898	0.6433500975299841
0.5882091924930154	0.5790150877769857
0.7447052161838176	0.8305064895387068
0.7608944600139006	0.5790150877769857
0.3831454373119641	0.29828049976390175
0.6853446554735133	0.7369282935343454
0.674551826253458	0.7076851072829826
0.7123267285236516	0.6959878327824374
0.41012751036210243	0.32752368601526466
0.5342450463927387	0.6725932837813471
0.8958048252645922	0.6608960092808019
0.9389761421448134	0.842203764039252
0.4640916564623791	0.3626155095169002
0.2428386574512449	0.23394549001090334
0.24823507206127254	0.32752368601526466
0.4317131688022131	0.39770733301853567
0.8364442645542879	0.8012633032873439
0.6961374846935686	0.7544742052851633
0.5234522171726834	0.6082582740283486
0.3615597788718535	0.33922096051580986
0.6691554116434304	0.46204234277153405
0.6799482408634856	0.6258041857791664
0.6853446554735133	0.7603228425354358
0.5072629733426004	0.47373961727207925
0.593605607103043	0.7486255680348907
0.6853446554735133	0.6901391955321647
0.5342450463927387	0.39770733301853567
0.4479024126322961	0.4971341662731696
0.49107372951251743	0.5263773525245325
0.3291812912116875	0.3684641467671727
0.45869524185235144	0.46204234277153405
0.5234522171726834	0.39770733301853567
0.528848631782711	0.561469176026168
0.6475697532033197	0.5439232642753503
0.625984094763209	0.590712362277531
0.6799482408634856	0.45619370552126154
0.6151912655431537	0.602409636778076
0.5612271194428771	0.5205287152742599
0.6475697532033197	0.5439232642753503
0.5720199486629324	0.49128552902289696
0.3993346811420471	0.2865832252633566
0.4964701441225451	0.5146800780239873
0.4317131688022131	0.45619370552126154
0.49107372951251743	0.4678909800218067
0.4479024126322961	0.4327991565201712
0.49107372951251743	0.5497719015256228
0.6475697532033197	0.5146800780239873
0.45869524185235144	0.4386477937704437
0.6043984363230983	0.5263773525245325
0.49107372951251743	0.4386477937704437
0.512659387952628	0.40355597026880824
0.6313805093732368	0.5731664505267132
0.35076694965179817	0.5263773525245325
0.5774163632729601	0.5965609995278035
0.545037875612794	0.590712362277531
0.5504342902228216	0.35676687226662757
0.5720199486629324	0.4854368917726244
0.5180558025626557	0.47373961727207925
0.4748844856824344	0.5731664505267132
0.3561633642618258	0.5322259897748051
0.4425059980222684	0.4269505192698986
0.49107372951251743	0.3158264115147195
0.4209203395821578	0.3801614212677179
0.3561633642618258	0.5790150877769857
0.39393826653201947	0.5088314407737147
0.3993346811420471	0.45619370552126154
0.528848631782711	0.39770733301853567
0.48028090029246207	0.44449643102071634
0.4047310957520748	0.5439232642753503
0.39393826653201947	0.49128552902289696
0.4317131688022131	0.5088314407737147
0.4479024126322961	0.35676687226662757
0.3399741204317428	0.39770733301853567
0.3723526080919088	0.34506959776608237
0.4209203395821578	0.39770733301853567
0.3885418519219918	0.45619370552126154
0.4317131688022131	0.4678909800218067
0.45869524185235144	0.4269505192698986
0.3183884619916321	0.4503450682709889
0.4964701441225451	0.3801614212677179
0.4209203395821578	0.45619370552126154
0.4640916564623791	0.30997777426444695
0.49107372951251743	0.4854368917726244
0.5396414610027664	0.4854368917726244
0.4047310957520748	0.3158264115147195
0.5072629733426004	0.3041291370141743
0.32378487660165983	0.37431278401744533
0.2698207305013832	0.4678909800218067
0.39393826653201947	0.37431278401744533
0.4425059980222684	0.5848637250272584
0.642173338593292	0.5380746270250777
0.32378487660165983	0.39770733301853567
0.4479024126322961	0.5029828035234422
0.41012751036210243	0.34506959776608237
0.49107372951251743	0.4386477937704437
0.3777490227019365	0.3684641467671727
0.43710958341224077	0.4327991565201712
0.3885418519219918	0.2514914017617211
0.4047310957520748	0.37431278401744533
0.3345777058217152	0.3158264115147195
0.512659387952628	0.46204234277153405
0.3561633642618258	0.39770733301853567
0.3723526080919088	0.38601005851799053
0.4047310957520748	0.3158264115147195
0.528848631782711	0.37431278401744533
0.30759563277157687	0.3626155095169002
0.34537053504177045	0.34506959776608237
0.30219921816154915	0.33922096051580986
0.2860099743314662	0.32167504876499203
0.36695619348188113	0.23979412726117594
0.3615597788718535	0.35676687226662757
0.3831454373119641	0.38601005851799053
0.21585658440110655	0.2748859507628114
0.3345777058217152	0.32752368601526466
