WT	KO
0.4013306153128793	0.45635394215825525
0.46712251946253164	0.43496235111958703
0.30264275908840077	0.34226545661869145
0.45396413863260116	0.45635394215825525
0.45396413863260116	0.570442427697819
0.4013306153128793	0.5133981849280371
0.46712251946253164	0.47061500285070074
0.3552762824081226	0.328004395926246
0.43422656738770543	0.39217916904225064
0.5987063277618363	0.43496235111958703
0.3881722344829488	0.3493959869649142
0.42106818655777495	0.37078757800358236
0.40790980572784447	0.3565265173111369
0.43422656738770543	0.5419203063129281
0.43422656738770543	0.49200659388936896
0.5460728044421145	0.5775729580440419
0.5131768523672883	0.4848760635431462
0.532914423612184	0.5062676545818144
0.6052855181768015	0.5490508366591509
0.5000184715373578	0.5062676545818144
0.34211790157819216	0.328004395926246
0.3289595207482617	0.39217916904225064
0.3618554728230879	0.4207012904271416
0.38159304406798356	0.5633118973515964
0.5592311852720449	0.4777455331969235
0.45396413863260116	0.5062676545818144
0.5000184715373578	0.5276592456204827
0.40790980572784447	0.4492234118120325
0.4408057578026707	0.4207012904271416
0.40790980572784447	0.45635394215825525
0.5263352331972186	0.463484472504478
0.5263352331972186	0.5276592456204827
0.39475142489791404	0.5276592456204827
0.5987063277618363	0.5847034883902645
0.506597661952323	0.43496235111958703
0.5460728044421145	0.5276592456204827
0.5855479469319058	0.4777455331969235
0.5460728044421145	0.5347897759667054
0.4276473769727402	0.5205287152742599
0.5460728044421145	0.4777455331969235
0.506597661952323	0.47061500285070074
0.5658103756870101	0.5062676545818144
0.618443899006732	0.6488782615062693
0.5723895661019754	0.6203561401213783
0.5855479469319058	0.6132256097751555
0.46054332904756634	0.5133981849280371
0.6118647085917668	0.5347897759667054
0.6118647085917668	0.4492234118120325
0.5723895661019754	0.5490508366591509
0.5000184715373578	0.49913712423559164
0.48028090029246207	0.5490508366591509
0.5394936140271492	0.5347897759667054
0.5263352331972186	0.5276592456204827
0.506597661952323	0.43496235111958703
0.532914423612184	0.4777455331969235
0.5723895661019754	0.5347897759667054
0.6644982319114886	0.6631393221987146
0.6250230894216973	0.6203561401213783
0.6710774223264538	0.7130530346222738
0.5263352331972186	0.4777455331969235
0.6579190414965234	0.5775729580440419
0.6908149935713496	0.7130530346222738
0.5526519948570796	0.5490508366591509
0.5197560427822535	0.5847034883902645
0.46712251946253164	0.4278318207733643
0.4934392811223926	0.45635394215825525
0.6842358031563843	0.627486670467601
0.6644982319114886	0.656008791852492
0.5658103756870101	0.5062676545818144
0.5855479469319058	0.5847034883902645
0.7105525648162452	0.6488782615062693
0.4737017098774968	0.463484472504478
0.6052855181768015	0.49913712423559164
0.4934392811223926	0.4848760635431462
0.6381814702516276	0.5276592456204827
0.6973941839863148	0.6060950794289328
0.42106818655777495	0.45635394215825525
0.5855479469319058	0.5490508366591509
0.6644982319114886	0.5633118973515964
0.618443899006732	0.6488782615062693
0.4934392811223926	0.5775729580440419
0.4737017098774968	0.4848760635431462
0.4737017098774968	0.4420928814658098
0.6579190414965234	0.656008791852492
0.6973941839863148	0.7130530346222738
0.506597661952323	0.6987919739298284
0.532914423612184	0.570442427697819
0.3486970919931574	0.4064402297346961
0.45396413863260116	0.4278318207733643
0.756606897721002	0.6417477311600465
0.5855479469319058	0.5490508366591509
0.5855479469319058	0.4848760635431462
0.48028090029246207	0.4492234118120325
0.46712251946253164	0.3636570476573597
0.4934392811223926	0.4420928814658098
0.38159304406798356	0.3137433352338005
0.3618554728230879	0.39217916904225064
0.6579190414965234	0.5633118973515964
0.5000184715373578	0.6060950794289328
0.6973941839863148	0.7487056863533875
0.7895028497958281	0.8342720505080604
0.6579190414965234	0.6203561401213783
0.6579190414965234	0.627486670467601
0.3355387111632269	0.30661280488757775
0.44738494821763586	0.3565265173111369
0.6118647085917668	0.5561813670053737
0.532914423612184	0.6203561401213783
0.6316022798366624	0.49913712423559164
0.532914423612184	0.463484472504478
0.7368693264761061	0.6774003828911602
0.6776566127414192	0.7273140953147194
0.5592311852720449	0.59896454908271
0.6316022798366624	0.6987919739298284
0.644760660666593	0.5133981849280371
0.6776566127414192	0.5633118973515964
0.7237109456461758	0.6916614435836056
0.6250230894216973	0.5276592456204827
0.5000184715373578	0.47061500285070074
0.5263352331972186	0.5419203063129281
0.5000184715373578	0.5347897759667054
0.6316022798366624	0.5347897759667054
0.5855479469319058	0.570442427697819
0.532914423612184	0.5133981849280371
0.5855479469319058	0.59896454908271
0.46054332904756634	0.5347897759667054
0.5394936140271492	0.6346172008138238
0.42106818655777495	0.47061500285070074
0.48686009070742736	0.45635394215825525
0.5789687565169406	0.5205287152742599
0.5526519948570796	0.4777455331969235
0.5460728044421145	0.5561813670053737
0.4934392811223926	0.4135707600809188
0.5131768523672883	0.5561813670053737
0.5592311852720449	0.5205287152742599
0.5394936140271492	0.4777455331969235
0.5000184715373578	0.570442427697819
0.5592311852720449	0.5490508366591509
0.5658103756870101	0.3993096993884733
0.5197560427822535	0.5276592456204827
0.4737017098774968	0.49913712423559164
0.618443899006732	0.6203561401213783
0.6710774223264538	0.6060950794289328
0.730290136061141	0.5918340187364873
0.618443899006732	0.6060950794289328
0.4737017098774968	0.5133981849280371
0.5460728044421145	0.5276592456204827
0.5394936140271492	0.4848760635431462
0.5000184715373578	0.59896454908271
0.5197560427822535	0.5847034883902645
0.48686009070742736	0.5133981849280371
0.46712251946253164	0.5276592456204827
0.5394936140271492	0.5062676545818144
0.44738494821763586	0.49200659388936896
0.532914423612184	0.5276592456204827
0.48028090029246207	0.5205287152742599
0.6316022798366624	0.59896454908271
0.45396413863260116	0.4064402297346961
0.506597661952323	0.43496235111958703
0.39475142489791404	0.4420928814658098
0.46712251946253164	0.4207012904271416
0.5855479469319058	0.5205287152742599
0.4408057578026707	0.3351349262724687
0.4408057578026707	0.463484472504478
0.5460728044421145	0.5133981849280371
0.5526519948570796	0.4777455331969235
0.5526519948570796	0.4848760635431462
0.4737017098774968	0.5561813670053737
0.5723895661019754	0.463484472504478
0.5000184715373578	0.5133981849280371
0.3552762824081226	0.43496235111958703
0.3684346632380531	0.3351349262724687
0.4013306153128793	0.4848760635431462
0.6381814702516276	0.627486670467601
0.618443899006732	0.6132256097751555
0.5263352331972186	0.570442427697819
0.3289595207482617	0.3137433352338005
0.45396413863260116	0.43496235111958703
0.46712251946253164	0.49913712423559164
0.4934392811223926	0.4492234118120325
0.5197560427822535	0.6132256097751555
0.506597661952323	0.5205287152742599
0.3552762824081226	0.37078757800358236
0.44738494821763586	0.4278318207733643
0.43422656738770543	0.47061500285070074
0.5394936140271492	0.4777455331969235
0.5526519948570796	0.5276592456204827
0.4276473769727402	0.4777455331969235
0.5394936140271492	0.4278318207733643
0.5131768523672883	0.4777455331969235
0.45396413863260116	0.463484472504478
0.40790980572784447	0.47061500285070074
0.4276473769727402	0.4848760635431462
0.39475142489791404	0.3565265173111369
0.44738494821763586	0.4777455331969235
0.3158011399183312	0.39217916904225064
0.46054332904756634	0.38504863869602785
0.46054332904756634	0.49200659388936896
0.43422656738770543	0.4207012904271416
0.40790980572784447	0.4848760635431462
0.4737017098774968	0.4492234118120325
