DKO	Prdm1KO
0.3367387451642873	0.2780420236200054
0.2584274090795693	0.25950588871200503
0.2192717410372103	0.1853613490800036
0.17228493938637957	0.3707226981600072
0.20360947382026673	0.11121680944800215
0.19577834021179497	0.2224336188960043
0.23493400825415392	0.2224336188960043
0.20360947382026673	0.2780420236200054
0.2975830771219283	0.3707226981600072
0.25059627547109753	0.3336504283440065
0.22710287464568213	0.12975294435600251
0.2975830771219283	0.20389748398800397
0.25059627547109753	0.3707226981600072
0.2897519435134565	0.3521865632520068
0.22710287464568213	0.2224336188960043
0.3289076115558155	0.3336504283440065
0.2819208099049847	0.20389748398800397
0.23493400825415392	0.20389748398800397
0.2192717410372103	0.3151142934360061
0.17228493938637957	0.25950588871200503
0.2662585426880411	0.16682521417200324
0.2897519435134565	0.2224336188960043
0.2662585426880411	0.1482890792640029
0.23493400825415392	0.16682521417200324
0.21144060742873852	0.16682521417200324
0.21144060742873852	0.2780420236200054
0.22710287464568213	0.24096975380400468
0.3132453443388719	0.1482890792640029
0.3210764779473437	0.3151142934360061
0.2584274090795693	0.2780420236200054
0.2427651418626257	0.3151142934360061
0.2819208099049847	0.3151142934360061
0.27408967629651293	0.20389748398800397
0.25059627547109753	0.2780420236200054
0.3210764779473437	0.1853613490800036
0.2897519435134565	0.2224336188960043
0.2662585426880411	0.20389748398800397
0.23493400825415392	0.24096975380400468
0.3289076115558155	0.2965781585280058
0.2427651418626257	0.25950588871200503
0.21144060742873852	0.2224336188960043
0.22710287464568213	0.1482890792640029
0.2662585426880411	0.2780420236200054
0.2584274090795693	0.3336504283440065
0.2584274090795693	0.2224336188960043
0.2897519435134565	0.24096975380400468
0.27408967629651293	0.2965781585280058
0.2819208099049847	0.24096975380400468
0.20360947382026673	0.2224336188960043
0.16445380577790775	0.2224336188960043
0.18011607299485136	0.11121680944800215
0.3132453443388719	0.1853613490800036
0.35240101238123084	0.3707226981600072
0.2662585426880411	0.16682521417200324
0.23493400825415392	0.16682521417200324
0.14096040495249235	0.12975294435600251
0.21144060742873852	0.1482890792640029
0.3210764779473437	0.4263311028840083
0.2975830771219283	0.2965781585280058
0.3289076115558155	0.4263311028840083
0.2819208099049847	0.1853613490800036
0.25059627547109753	0.24096975380400468
0.43071234846594886	0.3336504283440065
0.3210764779473437	0.2224336188960043
0.2975830771219283	0.3151142934360061
0.2192717410372103	0.16682521417200324
0.25059627547109753	0.3521865632520068
0.39155668042358993	0.3707226981600072
0.462036882899836	0.3892588330680075
0.34456987877275913	0.3151142934360061
0.3210764779473437	0.5004756425160097
0.2975830771219283	0.25950588871200503
0.38372554681511806	0.40779496797600795
0.42288121485747704	0.2224336188960043
0.35240101238123084	0.40779496797600795
0.35240101238123084	0.25950588871200503
0.25059627547109753	0.4263311028840083
0.37589441320664624	0.3151142934360061
0.5168548181591386	0.5375479123320104
0.49336141733372324	0.4263311028840083
0.3210764779473437	0.3336504283440065
0.2819208099049847	0.25950588871200503
0.3132453443388719	0.3521865632520068
0.39938781403206164	0.25950588871200503
0.36806327959817453	0.24096975380400468
0.34456987877275913	0.2780420236200054
0.27408967629651293	0.2224336188960043
0.3289076115558155	0.40779496797600795
0.38372554681511806	0.25950588871200503
0.3054142107304001	0.3336504283440065
0.18794720660332312	0.2965781585280058
0.37589441320664624	0.2965781585280058
0.2662585426880411	0.2780420236200054
0.37589441320664624	0.48193950760800935
0.23493400825415392	0.3151142934360061
0.13312927134402056	0.0926806745400018
0.40721894764053346	0.2965781585280058
0.20360947382026673	0.12975294435600251
0.2584274090795693	0.25950588871200503
0.25059627547109753	0.2224336188960043
0.15662267216943596	0.07414453963200145
0.2662585426880411	0.11121680944800215
0.3054142107304001	0.20389748398800397
0.39155668042358993	0.3151142934360061
0.36806327959817453	0.20389748398800397
0.11746700412707696	0.11121680944800215
0.23493400825415392	0.25950588871200503
0.38372554681511806	0.3336504283440065
0.35240101238123084	0.40779496797600795
0.37589441320664624	0.3151142934360061
0.36806327959817453	0.3521865632520068
0.36806327959817453	0.2224336188960043
0.2427651418626257	0.2224336188960043
0.2819208099049847	0.3151142934360061
0.25059627547109753	0.3521865632520068
0.3367387451642873	0.4448672377920086
0.34456987877275913	0.3892588330680075
0.3289076115558155	0.25950588871200503
0.37589441320664624	0.2780420236200054
0.2897519435134565	0.3892588330680075
0.25059627547109753	0.2224336188960043
0.38372554681511806	0.25950588871200503
0.39155668042358993	0.25950588871200503
0.2975830771219283	0.3336504283440065
0.25059627547109753	0.2780420236200054
0.22710287464568213	0.40779496797600795
0.25059627547109753	0.2224336188960043
0.35240101238123084	0.2965781585280058
0.35240101238123084	0.3521865632520068
0.2662585426880411	0.2780420236200054
0.35240101238123084	0.24096975380400468
0.2192717410372103	0.25950588871200503
0.3289076115558155	0.25950588871200503
0.34456987877275913	0.3151142934360061
0.18794720660332312	0.2780420236200054
0.17228493938637957	0.16682521417200324
0.3210764779473437	0.25950588871200503
0.2584274090795693	0.2965781585280058
0.2897519435134565	0.2965781585280058
0.3210764779473437	0.24096975380400468
0.20360947382026673	0.12975294435600251
0.2662585426880411	0.3336504283440065
0.2897519435134565	0.3707226981600072
0.3054142107304001	0.3151142934360061
0.3054142107304001	0.20389748398800397
0.15662267216943596	0.12975294435600251
0.21144060742873852	0.12975294435600251
0.17228493938637957	0.11121680944800215
0.18794720660332312	0.3336504283440065
0.3132453443388719	0.25950588871200503
0.23493400825415392	0.2965781585280058
0.2427651418626257	0.1482890792640029
0.27408967629651293	0.2965781585280058
0.2975830771219283	0.2780420236200054
0.3132453443388719	0.46340337270000903
0.2192717410372103	0.20389748398800397
0.17228493938637957	0.2965781585280058
0.15662267216943596	0.16682521417200324
0.17228493938637957	0.1853613490800036
0.3132453443388719	0.3521865632520068
0.25059627547109753	0.3521865632520068
0.2584274090795693	0.16682521417200324
0.2975830771219283	0.3336504283440065
0.3210764779473437	0.3151142934360061
0.3054142107304001	0.24096975380400468
0.2975830771219283	0.24096975380400468
0.27408967629651293	0.20389748398800397
0.2897519435134565	0.2224336188960043
0.3210764779473437	0.3521865632520068
0.2192717410372103	0.3707226981600072
0.23493400825415392	0.24096975380400468
0.3054142107304001	0.2965781585280058
0.3054142107304001	0.4263311028840083
0.23493400825415392	0.2965781585280058
0.25059627547109753	0.2780420236200054
0.2192717410372103	0.2780420236200054
0.21144060742873852	0.3521865632520068
0.25059627547109753	0.2780420236200054
0.19577834021179497	0.1482890792640029
0.19577834021179497	0.03707226981600072
0.18794720660332312	0.24096975380400468
0.2192717410372103	0.16682521417200324
0.19577834021179497	0.1853613490800036
0.2192717410372103	0.2965781585280058
0.22710287464568213	0.3151142934360061
0.21144060742873852	0.20389748398800397
0.3054142107304001	0.24096975380400468
0.17228493938637957	0.2224336188960043
0.2427651418626257	0.2965781585280058
0.15662267216943596	0.1482890792640029
0.18011607299485136	0.2224336188960043
0.3367387451642873	0.24096975380400468
0.27408967629651293	0.25950588871200503
0.2427651418626257	0.24096975380400468
0.2584274090795693	0.2224336188960043
0.2192717410372103	0.24096975380400468
0.18011607299485136	0.20389748398800397
0.2192717410372103	0.16682521417200324
0.21144060742873852	0.2965781585280058
0.3132453443388719	0.4263311028840083
