DKO	Prdm1KO
0.23290106314921244	0.2700108280565756
0.23765414607062493	0.24469731292627164
0.22814798022779992	0.26157298967980763
0.23290106314921244	0.19125766987340773
0.27211399725086555	0.24750992571852767
0.2519133948348624	0.23907208734175964
0.2851849752847499	0.28688650481011163
0.23884241680097806	0.2700108280565756
0.2317127924188593	0.23907208734175964
0.2317127924188593	0.2953243431868796
0.2590430192169812	0.30094956877139156
0.27805535090263117	0.24188470013401564
0.276867080172278	0.2784486664333436
0.27805535090263117	0.2587603768875516
0.2685491850598062	0.2587603768875516
0.25666647775627494	0.2953243431868796
0.27805535090263117	0.25313515130303965
0.28756151674545616	0.31501263273267155
0.2542899362955687	0.30938740714815954
0.2685491850598062	0.2728234408488316
0.2792436216329843	0.32907569669395154
0.27092572652051244	0.2587603768875516
0.2602312899473343	0.26719821526431964
0.2649843728687468	0.23625947454950366
0.2590430192169812	0.28126127922559957
0.3065738484311062	0.3403261478629755
0.3101386606221655	0.28688650481011163
0.25666647775627494	0.28688650481011163
0.27092572652051244	0.25313515130303965
0.24716031191344992	0.3122000199404156
0.2839967045543968	0.2784486664333436
0.2946911411275749	0.3262630839016955
0.28756151674545616	0.2559477640952956
0.2614195606776874	0.3318883094862075
0.26260783140804056	0.26157298967980763
0.2400306875313312	0.2756360536410876
0.23884241680097806	0.2784486664333436
0.2614195606776874	0.2784486664333436
0.25666647775627494	0.3262630839016955
0.2733022679812187	0.3318883094862075
0.2851849752847499	0.3037621815636476
0.24716031191344992	0.2925117303946236
0.2602312899473343	0.22219641058822368
0.2661726435990999	0.2953243431868796
0.29706768258828115	0.2784486664333436
0.30182076550969367	0.3712648885777915
0.3160800142739312	0.3375135350707195
0.2982559533186343	0.33470092227846354
0.2899380582061624	0.33470092227846354
0.28043189236333743	0.2728234408488316
0.29587941185792804	0.3122000199404156
0.2994442240489874	0.32345047110943953
0.32558618011675616	0.30938740714815954
0.34341024107205304	0.33470092227846354
0.3517281361845249	0.3318883094862075
0.34935159472381866	0.32345047110943953
0.3410336996113468	0.2925117303946236
0.37549355079158736	0.3262630839016955
0.362422572757703	0.30094956877139156
0.362422572757703	0.39657840370809544
0.35053986545417176	0.42470453163065536
0.37549355079158736	0.3797027269545595
0.39807069466829675	0.37689011416230345
0.40876513124147484	0.4331423700074234
0.3992589653986499	0.39657840370809544
0.4075768605111218	0.4106414676693754
0.39688242393794365	0.4078288548771194
0.4040120483200623	0.4359549827996794
0.39807069466829675	0.4050162420848634
0.40995340197182806	0.4781441746835193
0.4016355068593562	0.44439282117644735
0.4040120483200623	0.45564327234547136
0.4063885897807686	0.4668937235144953
0.4123299434325342	0.4865820130602873
0.41351821416288737	0.4275171444229114
0.42302438000571235	0.46970633630675135
0.43015400438783113	0.4893946258525433
0.4242126507360655	0.4303297572151674
0.40520031905041554	0.4922072386447993
0.42302438000571235	0.46408111072223934
0.40876513124147484	0.39095317812358343
0.38381144590405925	0.39095317812358343
0.3469750532631124	0.35438921182425553
0.2923145996668686	0.25313515130303965
0.2899380582061624	0.28126127922559957
0.2507251241045093	0.23625947454950366
0.28756151674545616	0.2503225385107836
0.2744905387115718	0.3178252455249275
0.28043189236333743	0.2925117303946236
0.24834858264380305	0.2700108280565756
0.25785474848662804	0.2840738920178556
0.3160800142739312	0.3375135350707195
0.36955219713982174	0.39939101650035136
0.3552929483755843	0.32063785831718356
0.34459851180240614	0.35438921182425553
0.28756151674545616	0.31501263273267155
0.3137034728132249	0.3628270502010235
0.3350923459595812	0.3403261478629755
0.2614195606776874	0.3122000199404156
0.2673609143294531	0.2587603768875516
0.24953685337415618	0.21938379779596767
0.30182076550969367	0.30938740714815954
0.32439790938640306	0.36845227578553547
0.30300903624004677	0.35438921182425553
0.30182076550969367	0.33470092227846354
0.3541046776452311	0.38251533974681545
0.362422572757703	0.4050162420848634
0.38262317517370614	0.39095317812358343
0.32915099230781547	0.3262630839016955
0.26379610213839366	0.24188470013401564
0.29706768258828115	0.31501263273267155
0.3232096386560499	0.3600144374087675
0.29706768258828115	0.26157298967980763
0.30538557770075303	0.28969911760236755
0.3041973069703999	0.2700108280565756
0.3184565557346374	0.2728234408488316
0.3041973069703999	0.3375135350707195
0.3350923459595812	0.35438921182425553
0.34459851180240614	0.3431387606552315
0.3541046776452311	0.3712648885777915
0.37074046787017484	0.42470453163065536
0.4325305458485374	0.4050162420848634
0.38856452882547177	0.36845227578553547
0.3956941532075905	0.4022036292926074
0.40995340197182806	0.4078288548771194
0.36955219713982174	0.4303297572151674
0.3766818215219405	0.36845227578553547
0.3279627215774624	0.33470092227846354
0.36955219713982174	0.4078288548771194
0.38381144590405925	0.4106414676693754
0.3469750532631124	0.37689011416230345
0.34459851180240614	0.4415802083841913
0.3410336996113468	0.3178252455249275
0.3564812191059374	0.3431387606552315
0.32915099230781547	0.33470092227846354
0.3220213679256968	0.3403261478629755
0.3422219703416999	0.3712648885777915
0.3612343020273499	0.33470092227846354
0.36361084348805617	0.39095317812358343
0.36717565567911553	0.35438921182425553
0.3184565557346374	0.26719821526431964
0.30182076550969367	0.3375135350707195
0.35053986545417176	0.32907569669395154
0.33271580449887495	0.3515765990319995
0.3612343020273499	0.32345047110943953
0.29587941185792804	0.3262630839016955
0.3160800142739312	0.3600144374087675
0.3267744508471093	0.3487639862397435
0.33746888742028736	0.3431387606552315
0.3422219703416999	0.3600144374087675
0.2911263289365156	0.3403261478629755
0.3220213679256968	0.37407750137004747
0.31964482646499054	0.36845227578553547
0.3303392630381687	0.36845227578553547
0.28756151674545616	0.30657479435590357
0.2531016655652155	0.2728234408488316
0.2994442240489874	0.32063785831718356
0.2911263289365156	0.3375135350707195
0.2602312899473343	0.31501263273267155
0.28043189236333743	0.24750992571852767
0.2531016655652155	0.24750992571852767
0.2923145996668686	0.3037621815636476
0.30300903624004677	0.28688650481011163
0.2946911411275749	0.28688650481011163
0.34578678253275924	0.2953243431868796
0.28043189236333743	0.2784486664333436
0.2923145996668686	0.22219641058822368
0.2649843728687468	0.2700108280565756
0.24359549972239053	0.22782163617273568
0.2459720411830968	0.22219641058822368
0.2507251241045093	0.2559477640952956
0.2269597094974468	0.25313515130303965
0.2531016655652155	0.23063424896499166
0.2673609143294531	0.28969911760236755
0.2614195606776874	0.2109459594191997
0.2756788094419249	0.2756360536410876
0.276867080172278	0.24750992571852767
0.2507251241045093	0.2503225385107836
0.2317127924188593	0.2700108280565756
0.2602312899473343	0.2925117303946236
0.27092572652051244	0.2587603768875516
0.29706768258828115	0.3487639862397435
0.2614195606776874	0.2587603768875516
0.22220662657603432	0.23063424896499166
0.23290106314921244	0.26157298967980763
0.25666647775627494	0.2728234408488316
0.2590430192169812	0.30094956877139156
0.2733022679812187	0.2840738920178556
0.26379610213839366	0.2840738920178556
0.2519133948348624	0.30094956877139156
0.2364658753402718	0.28688650481011163
0.21983008511532806	0.26157298967980763
0.29587941185792804	0.2700108280565756
0.2364658753402718	0.23907208734175964
0.2744905387115718	0.22782163617273568
0.24240722899203745	0.28969911760236755
0.23884241680097806	0.23625947454950366
0.2507251241045093	0.2503225385107836
0.2519133948348624	0.2643856024720636
0.22458316803674058	0.2137585722114557
