DKO	Bcl6KO
0.41167954554700986	0.5101766632489072
0.4567389982934487	0.524480681844671
0.4628834691225086	0.586464762426314
0.48336503855270807	0.5912327686249019
0.49565398021082774	0.5769287500291381
0.47312425383760837	0.5054086570503193
0.45469084135042875	0.586464762426314
0.444450056635329	0.529248688043259
0.41577585943304973	0.5054086570503193
0.4014387608319101	0.49110463845455565
0.444450056635329	0.5721607438305503
0.46083531217948864	0.5197126756460831
0.4813168816096881	0.6007687810220778
0.4321611149772094	0.45772859506444014
0.47312425383760837	0.5340166942418468
0.5058947649259274	0.5673927376319623
0.5509542176723664	0.5721607438305503
0.5079429218689475	0.5912327686249019
0.487461352438748	0.5578567252347865
0.5079429218689475	0.5912327686249019
0.49565398021082774	0.49110463845455565
0.4669797830085485	0.49110463845455565
0.45469084135042875	0.5197126756460831
0.4280648010911694	0.529248688043259
0.5038466079829076	0.5149446694474952
0.5140873926980073	0.5769287500291381
0.5632431593304861	0.581696756227726
0.5489060607293464	0.581696756227726
0.4813168816096881	0.524480681844671
0.43625742886324925	0.5769287500291381
0.4751724107806283	0.47680061985879185
0.5038466079829076	0.5483207128376106
0.5099910788119674	0.5054086570503193
0.5038466079829076	0.6055367872206656
0.5468579037863265	0.6436808368093689
0.5325208051851869	0.6150727996178414
0.5468579037863265	0.6532168492065448
0.5038466079829076	0.6103047934192536
0.4669797830085485	0.5149446694474952
0.5284244912991469	0.5769287500291381
0.5407134329572666	0.5530887190361985
0.5304726482421669	0.6389128306107811
0.4751724107806283	0.5387847004404348
0.5202318635270671	0.6579848554051327
0.5714357871025658	0.6436808368093689
0.5325208051851869	0.47680061985879185
0.5509542176723664	0.524480681844671
0.5017984510398876	0.5626247314333744
0.6410731231652442	0.7152009297881877
0.569387630159546	0.5626247314333744
0.5407134329572666	0.5387847004404348
0.5570986885014262	0.6818248863980724
0.5222800204700871	0.6579848554051327
0.6164952398490048	0.7485769731783032
0.6042062981908851	0.6722888740008965
0.6205915537350447	0.6341448244121932
0.5816765718176656	0.6961289049938361
0.567339473216526	0.6436808368093689
0.6328804953931644	0.6246088120150173
0.6144470829059848	0.7247369421853636
0.5775802579316257	0.5912327686249019
0.5919173565327653	0.6532168492065448
0.6164952398490048	0.6246088120150173
0.6103507690199449	0.6770568801994844
0.5775802579316257	0.6579848554051327
0.5530023746153864	0.6007687810220778
0.6144470829059848	0.6389128306107811
0.6062544551339051	0.7533449793768912
0.6513139078803439	0.705664917391012
0.6697473203675235	0.7104329235895999
0.6820362620256432	0.6913608987952482
0.6615546925954436	0.7247369421853636
0.6287841815071245	0.6246088120150173
0.6636028495384636	0.6103047934192536
0.6697473203675235	0.6770568801994844
0.6410731231652442	0.6865928925966602
0.6431212801082641	0.700896911192424
0.6103507690199449	0.7247369421853636
0.647217593994304	0.8105610537599461
0.5775802579316257	0.6150727996178414
0.6328804953931644	0.6675208678023086
0.6144470829059848	0.7295049483839515
0.6021581412478652	0.7295049483839515
0.6840844189686631	0.8487051033486496
0.5632431593304861	0.6341448244121932
0.5796284148746457	0.6770568801994844
0.5202318635270671	0.5673927376319623
0.5079429218689475	0.6103047934192536
0.5919173565327653	0.6913608987952482
0.6083026120769249	0.6007687810220778
0.6062544551339051	0.6961289049938361
0.5284244912991469	0.6103047934192536
0.5775802579316257	0.6341448244121932
0.6369768092792043	0.7485769731783032
0.6205915537350447	0.8868491529373529
0.4895095093817679	0.5435527066390228
0.34613852337037143	0.3957445144827973
0.47926872466666814	0.48156862605737977
0.5345689621282068	0.6436808368093689
0.7578180689173812	0.8057930475613582
0.6676991634245035	0.7914890289655946
0.47107609689458835	0.6007687810220778
0.4813168816096881	0.5912327686249019
0.35023483725641136	0.44342457646867645
0.5243281774131071	0.524480681844671
0.6779399481396033	0.7867210227670065
0.6042062981908851	0.6293768182136052
0.5591468454444463	0.6389128306107811
0.5755321009886059	0.5721607438305503
0.6738436342535633	0.700896911192424
0.6287841815071245	0.6150727996178414
0.5243281774131071	0.6103047934192536
0.5407134329572666	0.5387847004404348
0.5304726482421669	0.529248688043259
0.5734839440455859	0.6436808368093689
0.5919173565327653	0.6293768182136052
0.6123989259629649	0.6818248863980724
0.5919173565327653	0.7295049483839515
0.6758917911965833	0.820097066157122
0.5898691995897455	0.7152009297881877
0.6820362620256432	0.7104329235895999
0.6861325759116831	0.7247369421853636
0.6390249662222242	0.758112985575479
0.725047557829062	0.7724170041712427
0.6267360245641046	0.6961289049938361
0.690228889797723	0.7295049483839515
0.6615546925954436	0.7485769731783032
0.5775802579316257	0.6150727996178414
0.6287841815071245	0.5626247314333744
0.565291316273506	0.6675208678023086
0.6287841815071245	0.700896911192424
0.6123989259629649	0.7104329235895999
0.6042062981908851	0.7199689359867757
0.5898691995897455	0.581696756227726
0.5448097468433066	0.6198408058164294
0.5775802579316257	0.6055367872206656
0.5755321009886059	0.7390409607811274
0.5939655134757853	0.6579848554051327
0.5202318635270671	0.5960007748234898
0.5284244912991469	0.5101766632489072
0.5222800204700871	0.524480681844671
0.47926872466666814	0.47203261366020394
0.5796284148746457	0.6103047934192536
0.6369768092792043	0.705664917391012
0.6021581412478652	0.7819530165684185
0.6533620648233638	0.700896911192424
0.5202318635270671	0.586464762426314
0.5099910788119674	0.5149446694474952
0.5550505315584063	0.5769287500291381
0.5468579037863265	0.6007687810220778
0.5140873926980073	0.586464762426314
0.5898691995897455	0.6389128306107811
0.5734839440455859	0.5483207128376106
0.5427615899002866	0.6293768182136052
0.49360582326780783	0.5960007748234898
0.5591468454444463	0.5626247314333744
0.6287841815071245	0.5483207128376106
0.5140873926980073	0.47203261366020394
0.5079429218689475	0.5626247314333744
0.5530023746153864	0.5578567252347865
0.5058947649259274	0.44819258266726436
0.5079429218689475	0.5578567252347865
0.5161355496410273	0.5149446694474952
0.47312425383760837	0.529248688043259
0.48336503855270807	0.5340166942418468
0.5345689621282068	0.6055367872206656
0.5325208051851869	0.6484488430079569
0.4977021371538477	0.5340166942418468
0.5058947649259274	0.5578567252347865
0.5140873926980073	0.5578567252347865
0.4997502940968676	0.6055367872206656
0.5448097468433066	0.5912327686249019
0.47722056772364824	0.5101766632489072
0.4485463705213689	0.45772859506444014
0.4321611149772094	0.4863366322559676
0.4505945274643889	0.5530887190361985
0.5202318635270671	0.5673927376319623
0.4219203302621096	0.4386565702700885
0.487461352438748	0.5530887190361985
0.47722056772364824	0.5626247314333744
0.4567389982934487	0.49110463845455565
0.485413195495728	0.5530887190361985
0.41782401637606964	0.4386565702700885
0.485413195495728	0.47680061985879185
0.4424018996923091	0.5054086570503193
0.4669797830085485	0.5101766632489072
0.5530023746153864	0.6293768182136052
0.5345689621282068	0.49110463845455565
0.49155766632478787	0.5197126756460831
0.5140873926980073	0.5578567252347865
0.45264268440740885	0.4529605888658523
0.4587871552364686	0.5530887190361985
0.4587871552364686	0.44819258266726436
0.4424018996923091	0.48156862605737977
0.49155766632478787	0.467264607461616
0.4628834691225086	0.467264607461616
0.4628834691225086	0.3814404958870335
0.39324613305983025	0.4386565702700885
0.38095719140171064	0.410048533078561
0.39324613305983025	0.38620850208562135
