WT-Tfh	WT-Th1
0.42375157304009686	0.4731400186248333
0.4035729267048541	0.34261863417660343
0.4910137274909059	0.3752489802886609
0.3161321259188024	0.3263034611205747
0.36994184947944964	0.39156415334468964
0.3228583413638833	0.39156415334468964
0.42375157304009686	0.4486672590407902
0.44393021937533955	0.4241944994567471
0.43720400393025866	0.4241944994567471
0.42375157304009686	0.35077622070461784
0.34976320314420695	0.4486672590407902
0.410299142149935	0.334461047648589
0.3161321259188024	0.3263034611205747
0.343036987699126	0.4323520859847615
0.37666806492453053	0.39972173987270404
0.410299142149935	0.4241944994567471
0.5313710201613913	0.45682484556880454
0.484287512045825	0.5220855377929196
0.34976320314420695	0.5302431243209338
0.3901204958146923	0.3018307015365316
0.3968467112597733	0.35077622070461784
0.36994184947944964	0.35077622070461784
0.410299142149935	0.35077622070461784
0.43720400393025866	0.3834065668166753
0.3968467112597733	0.46498243209681894
0.38339428036961143	0.39972173987270404
0.37666806492453053	0.34261863417660343
0.3968467112597733	0.4812976051528477
0.4035729267048541	0.46498243209681894
0.36994184947944964	0.4976127782088764
0.37666806492453053	0.4731400186248333
0.5380972356064722	0.4323520859847615
0.41702535759501597	0.4812976051528477
0.42375157304009686	0.45682484556880454
0.3901204958146923	0.4486672590407902
0.36321563403436874	0.489455191680862
0.36321563403436874	0.4486672590407902
0.275774833248317	0.3834065668166753
0.42375157304009686	0.3263034611205747
0.47083508115566314	0.44050967251277584
0.38339428036961143	0.4976127782088764
0.5111923738261486	0.40787932640071833
0.46410886571058224	0.36709139376064653
0.32958455680896426	0.4241944994567471
0.42375157304009686	0.44050967251277584
0.44393021937533955	0.39972173987270404
0.4035729267048541	0.4323520859847615
0.42375157304009686	0.5220855377929196
0.35648941858928784	0.4731400186248333
0.45738265026550134	0.489455191680862
0.484287512045825	0.5057703647368907
0.44393021937533955	0.4812976051528477
0.45738265026550134	0.5057703647368907
0.3901204958146923	0.45682484556880454
0.343036987699126	0.4731400186248333
0.5179185892712296	0.4976127782088764
0.41702535759501597	0.35077622070461784
0.45738265026550134	0.4731400186248333
0.544823451051553	0.5057703647368907
0.5044661583810677	0.44050967251277584
0.4910137274909059	0.5220855377929196
0.5313710201613913	0.41603691292873274
0.43047778848517776	0.44050967251277584
0.47756129660074403	0.5465582973769626
0.4910137274909059	0.554715883904977
0.45738265026550134	0.4323520859847615
0.45738265026550134	0.5220855377929196
0.5179185892712296	0.5873462300170345
0.43720400393025866	0.3834065668166753
0.5044661583810677	0.5220855377929196
0.43720400393025866	0.4731400186248333
0.484287512045825	0.4486672590407902
0.45065643482042045	0.5628734704329913
0.4977399429359868	0.334461047648589
0.5313710201613913	0.5465582973769626
0.5111923738261486	0.4976127782088764
0.42375157304009686	0.5302431243209338
0.5717283128318768	0.5955038165450488
0.4035729267048541	0.44050967251277584
0.5717283128318768	0.619976576129092
0.4910137274909059	0.5873462300170345
0.41702535759501597	0.5220855377929196
0.5582758819417148	0.4976127782088764
0.41702535759501597	0.36709139376064653
0.5717283128318768	0.619976576129092
0.4910137274909059	0.45682484556880454
0.4910137274909059	0.4323520859847615
0.5111923738261486	0.4812976051528477
0.41702535759501597	0.34261863417660343
0.44393021937533955	0.44050967251277584
0.47756129660074403	0.39156415334468964
0.43720400393025866	0.3834065668166753
0.35648941858928784	0.4731400186248333
0.37666806492453053	0.3752489802886609
0.36321563403436874	0.40787932640071833
0.20178646335242706	0.3018307015365316
0.2825010486933979	0.34261863417660343
0.22869132513275067	0.3752489802886609
0.45738265026550134	0.489455191680862
0.6053593900572812	0.6607645087691637
0.5650020973867959	0.5465582973769626
0.5650020973867959	0.5220855377929196
0.47083508115566314	0.5955038165450488
0.2555961869130743	0.23657000931241665
0.3094059104737215	0.35077622070461784
0.2623224023581552	0.3018307015365316
0.2488699714679934	0.25288518236844537
0.41702535759501597	0.3752489802886609
0.3968467112597733	0.4976127782088764
0.46410886571058224	0.3834065668166753
0.43047778848517776	0.40787932640071833
0.45738265026550134	0.489455191680862
0.5246448047163104	0.45682484556880454
0.5179185892712296	0.4486672590407902
0.43720400393025866	0.4323520859847615
0.44393021937533955	0.46498243209681894
0.618811820947443	0.5220855377929196
0.47083508115566314	0.4323520859847615
0.5919069591671194	0.45682484556880454
0.46410886571058224	0.4731400186248333
0.45065643482042045	0.41603691292873274
0.551549666496634	0.4731400186248333
0.5650020973867959	0.5139279512649052
0.5717283128318768	0.4812976051528477
0.45065643482042045	0.40787932640071833
0.5246448047163104	0.46498243209681894
0.551549666496634	0.5057703647368907
0.46410886571058224	0.6118189896010776
0.5717283128318768	0.4812976051528477
0.5986331746122002	0.3834065668166753
0.6726215445080902	0.5873462300170345
0.6053593900572812	0.5302431243209338
0.43720400393025866	0.5139279512649052
0.551549666496634	0.4486672590407902
0.5851807437220385	0.5465582973769626
0.5851807437220385	0.44050967251277584
0.6255380363925239	0.619976576129092
0.551549666496634	0.5791886434890201
0.5246448047163104	0.6362917491851205
0.6053593900572812	0.644449335713135
0.4910137274909059	0.44050967251277584
0.5717283128318768	0.5873462300170345
0.484287512045825	0.4486672590407902
0.4977399429359868	0.5465582973769626
0.5313710201613913	0.554715883904977
0.46410886571058224	0.40787932640071833
0.47083508115566314	0.46498243209681894
0.47083508115566314	0.4323520859847615
0.5246448047163104	0.46498243209681894
0.3901204958146923	0.4241944994567471
0.5044661583810677	0.35077622070461784
0.45065643482042045	0.39156415334468964
0.484287512045825	0.40787932640071833
0.4977399429359868	0.45682484556880454
0.4035729267048541	0.4241944994567471
0.47083508115566314	0.41603691292873274
0.4035729267048541	0.39972173987270404
0.41702535759501597	0.4812976051528477
0.46410886571058224	0.5139279512649052
0.42375157304009686	0.34261863417660343
0.35648941858928784	0.4486672590407902
0.34976320314420695	0.4323520859847615
0.43720400393025866	0.4241944994567471
0.41702535759501597	0.3752489802886609
0.45738265026550134	0.5465582973769626
0.3968467112597733	0.4486672590407902
0.4035729267048541	0.36709139376064653
0.42375157304009686	0.4241944994567471
0.43047778848517776	0.39972173987270404
0.5246448047163104	0.45682484556880454
0.5246448047163104	0.5302431243209338
0.410299142149935	0.3589338072326322
0.410299142149935	0.4241944994567471
0.43720400393025866	0.44050967251277584
0.36994184947944964	0.4812976051528477
0.44393021937533955	0.4323520859847615
0.46410886571058224	0.334461047648589
0.484287512045825	0.46498243209681894
0.42375157304009686	0.3752489802886609
0.5851807437220385	0.554715883904977
0.46410886571058224	0.4731400186248333
0.37666806492453053	0.3589338072326322
0.45065643482042045	0.35077622070461784
0.343036987699126	0.3834065668166753
0.43047778848517776	0.39972173987270404
0.5111923738261486	0.5057703647368907
0.41702535759501597	0.39972173987270404
0.42375157304009686	0.40787932640071833
0.410299142149935	0.39156415334468964
0.46410886571058224	0.36709139376064653
0.3094059104737215	0.4241944994567471
0.3161321259188024	0.334461047648589
0.35648941858928784	0.3834065668166753
0.3968467112597733	0.46498243209681894
0.3094059104737215	0.4323520859847615
0.36994184947944964	0.4241944994567471
0.47756129660074403	0.39156415334468964
0.5380972356064722	0.35077622070461784
0.3901204958146923	0.4241944994567471
0.4035729267048541	0.3752489802886609
