condition1	condition1
0.16995618372045865	0.1797566529271894
0.16234136900657728	0.18144292546872026
0.1744926690819199	0.18886252465145603
0.1754647730879473	0.19257232424282394
0.18388967447351817	0.19611349658003874
0.1861579171542488	0.20150956871293746
0.1764368770939747	0.1976311418674165
0.1882641425006415	0.19712526010495726
0.1751407384192715	0.19139193346375233
0.19166650652173745	0.1954389875634264
0.187454055828952	0.19425859678435478
0.17967722378073275	0.1930782060052832
0.19231457585908907	0.19257232424282394
0.18923624650666893	0.19392134227604862
0.19555492254584708	0.2020154504753967
0.19652702655187448	0.20758014986244855
0.1966890438862124	0.20892916789567323
0.19409676653680596	0.21128994945381643
0.1992813212356188	0.2082546588790609
0.1971750958892261	0.20656838633753002
0.20414184126575588	0.20859191338736707
0.20154956391634943	0.20673701359168312
0.1991193039012809	0.21499974904518432
0.1984712345639293	0.210446813183051
0.18907422917233102	0.19982329617140662
0.19636500921753658	0.20521936830430534
0.20041544257598412	0.2187095486365522
0.21645515867543638	0.2200585666697769
0.21694121067845007	0.21432524002857198
0.21418691599470574	0.22882718388573736
0.22180173070858714	0.2237683662611448
0.21515902000073317	0.2151683762993374
0.19944333856995672	0.2235997390069917
0.21451095066338158	0.21837229412824605
0.21386288132602993	0.22191346646546084
0.21289077732000256	0.2235997390069917
0.21775129735013957	0.2342232560186361
0.21564507200374686	0.2271409113442065
0.2124047253169888	0.2271409113442065
0.21726524534712588	0.23051345642726823
0.2211536613712355	0.23034482917311513
0.22406997338931775	0.22528601154852257
0.2213156787055734	0.23827031011831015
0.22941654542246848	0.24079971893060645
0.2209916440368976	0.23506639228940154
0.2209916440368976	0.22933306564819664
0.22925452808813057	0.23017620191896204
0.22731032007607577	0.23068208368142132
0.23476311745561923	0.23827031011831015
0.23719337747068778	0.24248599147213729
0.2297405800911443	0.24973696340072
0.2290925107537927	0.23118796544388057
0.22957856275680638	0.23371737425617686
0.2323328574405507	0.24821931811334222
0.23800346414237727	0.24079971893060645
0.23524916945863295	0.2554702900419249
0.24302600150685222	0.2500742179090262
0.24302600150685222	0.24653304557181135
0.2407577588261216	0.25260362672132247
0.2585796656032907	0.24788206360503603
0.2414058281634732	0.2623840074622014
0.25582537091954644	0.25142323594225086
0.2551773015821948	0.2586742078708335
0.25776957893160124	0.257662444345915
0.24772450420265138	0.259685971395752
0.2493446775460304	0.24332912774290272
0.24659038286228602	0.2591800896332928
0.24756248686831347	0.25597617180438414
0.25760756159726333	0.25428989926285334
0.26797667099488903	0.2655879252911101
0.2652223763111447	0.2640702800037323
0.27040693100995755	0.2612036166831298
0.2571215095942496	0.2633957709871199
0.2608479082840214	0.26643106156187546
0.2524230068984505	0.26727419783264095
0.2627921162960762	0.2773918330818261
0.2835303350913276	0.2784035966067446
0.27056894834429546	0.27368203349045817
0.2775356937208252	0.28008986914827544
0.2776977110551631	0.269466352136631
0.27883183239552845	0.2681173341034063
0.2540431802418295	0.27503105152368285
0.25323309357014	0.26356439824127303
0.2584176482689528	0.26272126197050755
0.241729862832149	0.24889382712995456
0.2310367187658475	0.23961932815153483
0.23703136013634987	0.24012520991399408
0.23670732546767403	0.23725854659339166
0.23249487477488862	0.2262977750734411
0.2205055920338839	0.23742717384754472
0.22601418140137255	0.2369212920850855
0.24902064287735456	0.24990559065487308
0.34671709548310914	0.3524309611799492
0.2650603589768068	0.29037613165161363
0.263116150964752	0.27722320582767296
0.2179133146844775	0.23371737425617686
0.350281476838543	0.3699681956118701
0.46369361087507405	0.4783955200323043
0.4367987333749824	0.44551320547245254
0.2590657176063045	0.2640702800037323
0.12232308742511562	0.12394103180251802
0.11584239405159955	0.12377240454836494
0.26668053232018585	0.27874085111505076
0.4437654787515121	0.4519210411302698
0.4499221374563524	0.47047003908710927
0.3544939275313284	0.37199172266170716
0.2206676093682218	0.24214873696383113
0.2793178843985421	0.28363104148549023
0.25679747492557387	0.26676831607018164
0.33634798608548344	0.3419760714224579
0.23605925613032244	0.24585853655519901
0.2307126840971717	0.23928207364322868
0.2083542919585413	0.21449386728272507
0.2101364826362582	0.21668602158671518
0.23573522146164666	0.22899581113989045
0.2185613840218291	0.23169384720633981
0.2290925107537927	0.23658403757677932
0.24837257354000294	0.2414742279472188
0.2533951109044779	0.259517344141599
0.2593897522749803	0.24417226401366815
0.2676526363262132	0.2799212418941223
0.2754294683744325	0.27857222386089764
0.2776977110551631	0.27536830603198903
0.2632781682990899	0.2691290976283248
0.26182001229004875	0.2701408611532434
0.263116150964752	0.26828596135755944
0.26133396028703504	0.26255263471635454
0.24999274688338197	0.259685971395752
0.2550152842478569	0.27283889721969273
0.26635649765151004	0.27115262467816187
0.2634401856334278	0.2591800896332928
0.2629541336304141	0.2676114523409471
0.2529090589014642	0.257662444345915
0.2686247403322406	0.26103498942897674
0.254853266913519	0.25698793532930264
0.2493446775460304	0.26356439824127303
0.2542051975761674	0.26727419783264095
0.24756248686831347	0.2534467629920879
0.2410817934947974	0.25428989926285334
0.24788652153698928	0.26036048041236437
0.24837257354000294	0.26255263471635454
0.24594231352493445	0.25361539024624097
0.23784144680803937	0.2505800996714854
0.2427019668381764	0.23978795540568792
0.24027170682310786	0.23658403757677932
0.22228778271160082	0.2345605105269423
0.2193714706935186	0.22781542036081887
0.2333049614465781	0.24552128204689283
0.22698628540739998	0.24063109167645336
0.2392996028170805	0.24029383716814717
0.22585216406703465	0.2414742279472188
0.23362899611525395	0.2414742279472188
0.22941654542246848	0.23978795540568792
0.22325988671762825	0.24198010970967804
0.21337682932301624	0.22663502958174725
0.2227738347146145	0.23405462876448302
0.21775129735013957	0.2296703201565028
0.21645515867543638	0.22916443839404355
0.218723401356167	0.22646640232759416
0.2106225346392719	0.2210703301946954
0.21159463864529932	0.23068208368142132
0.2124047253169888	0.22427424802360404
0.21208069064831303	0.23068208368142132
0.21564507200374686	0.22427424802360404
0.2193714706935186	0.21921543039901148
0.2085163092928792	0.21179583121627568
0.2090023612958929	0.2235997390069917
0.20381780659708004	0.2153370035534905
0.21710322801278797	0.2235997390069917
0.1986332518982672	0.21736053060332752
0.2209916440368976	0.2271409113442065
0.2085163092928792	0.2178664123657868
0.20592403194347278	0.21381935826611273
0.20543797994045906	0.20673701359168312
0.20041544257598412	0.20623113182922387
0.1979851825609156	0.20774877711660164
0.20041544257598412	0.20623113182922387
0.19344869719945434	0.20758014986244855
0.19749913055790191	0.1977997691215696
0.1991193039012809	0.20370172301692757
0.19442080120548177	0.21348210375780655
0.18599589981991088	0.20302721400031523
0.1876160731632899	0.20420760477938682
0.18842615983497943	0.19830565088402885
0.17870511977470532	0.19931741440894737
0.1835656398048424	0.19257232424282394
0.19118045451872373	0.19965466891725353
0.19134247185306164	0.19375271502189553
0.1770849464313263	0.19830565088402885
0.1868059864916004	0.19425859678435478
0.1897222985096826	0.19442722403850787
0.18097336245543594	0.20167819596709055
0.1757888077566231	0.19661937834249799
0.17692292909698842	0.19021154268468074
0.1853478304825593	0.19982329617140662
0.18000125844940854	0.1895370336680684
0.17967722378073275	0.19189781522621158
0.17335854774155457	0.19577624207173255
0.16768794103972803	0.1893684064139153
0.1744926690819199	0.18430958878932271
