condition1	condition1
0.1436977350745946	0.15538793457565075
0.15011755326905918	0.15649318338284904
0.1472213946850902	0.16016059987946157
0.14992447603012793	0.15805057942935574
0.14847639673814345	0.16056250853662457
0.15257928806543286	0.15689509204001206
0.15253101875570002	0.1622706203295674
0.14992447603012793	0.1544334015148886
0.15335159702115791	0.16498350376541773
0.15875775971123335	0.16603851399047065
0.15619948629539407	0.1661389911547614
0.1609781479589429	0.1633758691367657
0.15238621082650156	0.16493326518327237
0.16165391829520234	0.16458159510825474
0.15962660728642405	0.1729211997443873
0.16585334824195738	0.16950497615850166
0.16300545896772117	0.1724690525050789
0.16961835440111706	0.16714376279766896
0.16044718555188192	0.16774662578341348
0.16372949861371344	0.17493074303020237
0.16657738788794962	0.1723183367586428
0.16759104339233874	0.1716149966086075
0.16372949861371344	0.17055998638355457
0.16498450066676668	0.16910306750133866
0.17111470300283435	0.1751316973587839
0.16894258406485763	0.17377525564085872
0.1720800891974907	0.18256700751629967
0.17579682604691757	0.17940197684114093
0.1720800891974907	0.18181342878411902
0.176472596383177	0.17849768236252414
0.17975490944500852	0.18020579415546695
0.1738660536576049	0.18407416498066098
0.17656913500264262	0.1838229720699341
0.1758933646663832	0.17869863669110567
0.18105818080779454	0.18306939333775346
0.1850162642058855	0.1877415814772735
0.18105818080779454	0.1849282208771324
0.17463836261332996	0.1872894342379651
0.18149260459538988	0.1846770279664055
0.18525761075454958	0.1877415814772735
0.1853058800642824	0.1933683026775557
0.18183048976351962	0.18764110431298273
0.1877193455509232	0.18960040901665243
0.18602991971027466	0.19397116566330022
0.1879606920995873	0.1933683026775557
0.19162915963928137	0.19452379006689938
0.1884916545066483	0.19000231767381545
0.19013281103756405	0.19346877984184646
0.19592512820550204	0.1974878664134766
0.19727666887802087	0.1968850034277321
0.19746974611695214	0.19593047036696992
0.1978559005948147	0.1974878664134766
0.194090894435655	0.1998993183564547
0.1966974371612271	0.19763858215991273
0.19771109266561623	0.20437055216739325
0.20475841188660743	0.20477246082455625
0.20099340572744775	0.204069120674521
0.20176571468317284	0.19849263805638415
0.20765457047057642	0.20638009545320832
0.19949705712573046	0.20587770963175453
0.20813726356790457	0.20743510567826123
0.2076063011608436	0.20984655762123933
0.21035765181561414	0.21004751194982083
0.20567552877153095	0.21195657807134516
0.21175746179786584	0.2092436946354948
0.20900611114309528	0.20828916157473265
0.20533764360340126	0.20376768918164873
0.2028276394972948	0.21060013635341998
0.20948880424042346	0.2112029993391645
0.20398610293088237	0.2068322426925167
0.21059899836427823	0.21255944105708968
0.2025380236388979	0.2031648261959042
0.21272284799252214	0.20723415134967973
0.2110816914616064	0.21758329927162737
0.214605351072102	0.21497089300006778
0.2160534303640865	0.211403953667746
0.2143157352137051	0.22190381733612977
0.21508804416943017	0.2179852079287904
0.21721189379767408	0.2198942740503147
0.21383304211637694	0.21451874576075938
0.21011630526695008	0.2149206544179224
0.2133986183287816	0.21311206546068884
0.20919918838202656	0.21060013635341998
0.196456090612563	0.19673428768129597
0.1820718363121837	0.18422488072709708
0.17367297641867363	0.17407668713373098
0.17174220402936097	0.17111261078715373
0.18810550002878576	0.18422488072709708
0.1926910844534033	0.19864335380282028
0.1946701261524488	0.1966338105170052
0.17101816438336873	0.17106237220500836
0.18467837903775577	0.18864587595589027
0.20480668119634024	0.21572447173224843
0.24950406200892827	0.2550612815520785
0.2184668958507273	0.2236119291290726
0.21687400862954437	0.2214516700968214
0.1949114727011129	0.19984907977430932
0.22266632579748233	0.2370758691440336
0.256165226752057	0.25219768236979206
0.2310651856909924	0.2274802999542666
0.18279587595817595	0.18085889572335687
0.1771483667194364	0.18156223587339212
0.24231193485873867	0.24129591004424525
0.2500350244159893	0.2559655760306953
0.22179747822229165	0.2258224267434692
0.1926910844534033	0.19763858215991273
0.21392958073584256	0.22280811181474658
0.21576381450568957	0.22547075666845154
0.25331733747782076	0.25697034767360283
0.2020553305415697	0.2012055214922345
0.18081683425913048	0.18573203819145842
0.16030237762268346	0.16307443764389343
0.186995305904931	0.1896506475987978
0.1887812703650452	0.19326782551326493
0.17830683015302404	0.17764362646605275
0.16411565309157597	0.16257205182243967
0.16556373238356048	0.16774662578341348
0.1811547194272602	0.18281820042702657
0.19109819723222038	0.19171042946675826
0.20625476048832475	0.20698295843895284
0.20664091496618728	0.20361697343521257
0.20833034080683585	0.211403953667746
0.21465362038183483	0.21366468986428797
0.21112996077133922	0.20688248127466208
0.21098515284214076	0.21532256307508543
0.20857168735549994	0.2131623040428342
0.20649610703698884	0.21039918202483848
0.20770283978030923	0.21235848672850816
0.20871649528469838	0.2125092024749443
0.20065552055931804	0.20748534426040663
0.2067374535856529	0.21110252217487374
0.20471014257687464	0.20783701433542423
0.20973015078908752	0.21110252217487374
0.19930397988679918	0.20783701433542423
0.2041309108600808	0.20979631903909396
0.20210359985130252	0.21024846627840232
0.20331033259462294	0.20723415134967973
0.20108994434691338	0.2088417859783318
0.19790416990454748	0.2062293797067722
0.19278762307286895	0.2027126789565958
0.19925571057706637	0.20301411044946807
0.19949705712573046	0.20502365373528314
0.19997975022305858	0.1999495569386001
0.19896609471866947	0.2021098159708513
0.19100165861275475	0.1928659168561019
0.191725698258747	0.19718643492060434
0.18984319517916715	0.1957797546205338
0.18926396346237334	0.1955285617098069
0.19051896551542657	0.19211233812392128
0.18815376933851857	0.1940214042454456
0.1882503079579842	0.18422488072709708
0.18583684247134338	0.191810906631049
0.18400260870149635	0.1909568507345776
0.18728492176332787	0.19035398774883308
0.18834684657744982	0.18909802319519867
0.18134779666619144	0.1912080436453045
0.18009279461313824	0.18718895707367436
0.1814443352856571	0.18538036811644076
0.18110645011752735	0.18583251535574916
0.17637605776371135	0.18447607363782398
0.17946529358661162	0.1846267893842601
0.17719663602916924	0.18583251535574916
0.18023760254233667	0.18352154057706183
0.17676221224157387	0.184877982294987
0.17251451298508605	0.17724171780888973
0.1756037488079863	0.1840239263985156
0.173045475392147	0.17724171780888973
0.17840336877248963	0.1844258350556786
0.17159739610016253	0.17613646900169141
0.1727558595337501	0.18015555557332158
0.1691356613037889	0.1785981595268149
0.17869298463088656	0.1811603272162291
0.17198355057802506	0.17332310840155032
0.17545894087878783	0.17673933198743594
0.16899085337459044	0.17769386504819812
0.16546719376409483	0.1803062713197577
0.16961835440111706	0.1712130879514445
0.1729972060824142	0.17578479892667379
0.16662565719768244	0.1753828902695108
0.16310199758718683	0.17658861624099984
0.16435699964024006	0.1724188139229335
0.16208834208279768	0.1744283572087486
0.15967487659615684	0.16819877302272188
0.16141257174653825	0.16940449899421092
0.16334334413585092	0.17261976825151504
0.15735794972898168	0.1705097478014092
0.16232968863146177	0.16915330608348406
0.15547544664940183	0.1724188139229335
0.1606402627908132	0.16463183369040013
0.1556202545786003	0.1680982958584311
0.15904737556963022	0.16217014316527664
0.15523410010073777	0.16694280846908746
0.15870949040150054	0.16588779824403455
0.15523410010073777	0.1668925698869421
0.15320678909195948	0.16302419906174806
0.1521931335875703	0.16719400137981433
0.15084159291505145	0.16211990458313127
0.15262755737516565	0.1629237218974573
0.15166217118050934	0.16191895025454975
0.1486212046673419	0.16282324473316653
