DKO	Prdm1KO
0.22800912017641314	0.2543748202522428
0.2901934256790713	0.3132475952451199
0.2881206154956493	0.26992611930696503
0.2394095761852338	0.2665936980809531
0.2456280067354996	0.2388235211975205
0.24044598127694478	0.244377556574207
0.2497736271023435	0.244377556574207
0.23111833545154606	0.2132749584647625
0.2705017289365629	0.27325854053297693
0.2394095761852338	0.244377556574207
0.2363003609101009	0.2665936980809531
0.2456280067354996	0.27325854053297693
0.2622104882028751	0.23326948582083398
0.26428329838629705	0.2677045051562904
0.2622104882028751	0.28436661128635
0.2736109442116958	0.2965854891150604
0.25184643728576545	0.258818048553592
0.2497736271023435	0.26548289100561584
0.28501140022051646	0.3254664730738303
0.3098851224215797	0.26992611930696503
0.2570284627443203	0.2876990325123619
0.24873722201063253	0.21660737969077443
0.2580648678360313	0.26326127685494116
0.29848466641275906	0.2643720839302785
0.2300819303598351	0.258818048553592
0.2891570205873603	0.27881257590966346
0.28501140022051646	0.30325033156708414
0.2829385900370945	0.28325580421101265
0.2881206154956493	0.27103692638230237
0.3119579326050016	0.2976962961903976
0.33061322425579903	0.2999179103410723
0.2881206154956493	0.31102598109444535
0.29952107150447	0.2965854891150604
0.29122983077078224	0.25548562732758007
0.23111833545154606	0.2677045051562904
0.29122983077078224	0.2888098395876992
0.35030492099830746	0.3076935598684334
0.33786805989777585	0.3143584023204572
0.29848466641275906	0.22216141506746093
0.24148238636865574	0.2577072414782547
0.2300819303598351	0.2643720839302785
0.332686034439221	0.3299097013751795
0.34823211081488553	0.35545826410793746
0.30781231223815775	0.32879889429984216
0.25288284237747644	0.309915174019108
0.29744826132104807	0.28325580421101265
0.3015938816878919	0.32879889429984216
0.3617053770071282	0.3376853509025406
0.30677590714644676	0.3454610004299018
0.30781231223815775	0.3376853509025406
0.3440864904480416	0.3310205084505168
0.3275040089806662	0.309915174019108
0.32232198352211133	0.3121367881697826
0.3036666918713139	0.3276880872245049
0.30677590714644676	0.3043611386424215
0.2881206154956493	0.3076935598684334
0.3015938816878919	0.32102324477248106
0.3275040089806662	0.2810341900603381
0.3026302867796029	0.27325854053297693
0.36792380755739396	0.3787852126900209
0.3741422381076598	0.38433924806670744
0.31713995806355644	0.34879342165591365
0.3451228955397526	0.3832284409913701
0.3295768191640881	0.34212857920388984
0.3254311987972442	0.37100956316265976
0.3098851224215797	0.3276880872245049
0.30677590714644676	0.361012299484624
0.3161035529718455	0.32102324477248106
0.366887402465683	0.34879342165591365
0.3762150482910817	0.3587906853339494
0.3834698839330585	0.39989054712142963
0.35341413627344037	0.34879342165591365
0.42803530287663016	0.4276607240048623
0.37828785847450364	0.37434198438867167
0.39797955521701206	0.39989054712142963
0.3254311987972442	0.3132475952451199
0.401088770492145	0.3821176339160328
0.37206942792423786	0.3987797400460924
0.4176712519595205	0.4221066886281758
0.29952107150447	0.38545005514204467
0.39590674503359014	0.40766619664879084
0.3793242635662146	0.38545005514204467
0.3565233515485733	0.3365745438272033
0.29226623586249323	0.33879615797787793
0.3150671478801345	0.2743693476083143
0.3015938816878919	0.32435566599849297
0.2881206154956493	0.32657728014916754
0.4259624926932082	0.4221066886281758
0.38554269411648046	0.349904228731251
0.4601638607196702	0.44876605843627104
0.43529013851860693	0.4187742674021639
0.22075428453443638	0.2565964344029174
0.4466905945274276	0.49319834144976327
0.47674634218704565	0.4587633221143068
0.3648145922822611	0.386560862217382
0.24770081691892157	0.2110533443140879
0.32335838861382227	0.33213131552585407
0.4425449741605837	0.4387687947582354
0.5016200643881089	0.5220793254085332
0.2881206154956493	0.30213952449174686
0.15753357394006726	0.167731868375933
0.17722527068257568	0.167731868375933
0.26739251366142996	0.2799233829850008
0.5358214324145709	0.5709548367233747
0.4425449741605837	0.4854226919224021
0.33061322425579903	0.3176908235464691
0.2290455252681241	0.25215320610156816
0.3254311987972442	0.32102324477248106
0.4228532774180753	0.4187742674021639
0.49747444402126506	0.4754254282443664
0.2093538285256157	0.23215867874549667
0.39176112466674623	0.43654718060756076
0.4269988977849192	0.42432830277885036
0.34926851590659647	0.3176908235464691
0.3772514533827927	0.3932257046694059
0.3161035529718455	0.3299097013751795
0.3803606686579256	0.3410177721285525
0.30677590714644676	0.3121367881697826
0.33683165480606486	0.3132475952451199
0.37828785847450364	0.36878794901198514
0.3596325668237062	0.3665663348613105
0.4456541894357166	0.4198850744775011
0.40938001122583273	0.38433924806670744
0.39797955521701206	0.4021121612721043
0.38450628902476947	0.3621231065599613
0.37828785847450364	0.3310205084505168
0.37206942792423786	0.34879342165591365
0.366887402465683	0.41210942495014
0.401088770492145	0.386560862217382
0.33579524971435387	0.38767166929271935
0.33061322425579903	0.3410177721285525
0.3554869464568623	0.35101503580658827
0.3461593006314636	0.3176908235464691
0.35134132609001845	0.3532366499572629
0.3627417820988391	0.31102598109444535
0.3523777311817294	0.3121367881697826
0.2798293747619616	0.29436387496438576
0.3161035529718455	0.2876990325123619
0.2839749951288055	0.3121367881697826
0.3461593006314636	0.3332421226011914
0.3461593006314636	0.3454610004299018
0.300557476596181	0.3143584023204572
0.3026302867796029	0.26215046977960393
0.2767201594868287	0.2366019070468459
0.26739251366142996	0.3299097013751795
0.3098851224215797	0.34435019335456446
0.33164962934751	0.3310205084505168
0.2860478053122274	0.28325580421101265
0.2746473493034068	0.2677045051562904
0.2736109442116958	0.2999179103410723
0.33372243953093195	0.2932530678890484
0.2705017289365629	0.32102324477248106
0.28086577985367256	0.2999179103410723
0.2694653238448519	0.2577072414782547
0.32335838861382227	0.3043611386424215
0.29330264095420416	0.32879889429984216
0.30884871732986874	0.26548289100561584
0.27153813402827387	0.28547741836168733
0.2570284627443203	0.24659917072488163
0.3440864904480416	0.3665663348613105
0.2964118562293371	0.3276880872245049
0.28501140022051646	0.31880163062180644
0.27879296967025063	0.32102324477248106
0.26531970347800804	0.2999179103410723
0.29226623586249323	0.28214499713567537
0.2394095761852338	0.2921422608137111
0.25288284237747644	0.2399343282728578
0.25288284237747644	0.2510423990262308
0.2725745391199848	0.244377556574207
0.30677590714644676	0.3254664730738303
0.2725745391199848	0.28436661128635
0.22386349980956927	0.2799233829850008
0.2570284627443203	0.25215320610156816
0.2166086641675925	0.244377556574207
0.24355519655207766	0.28547741836168733
0.24355519655207766	0.25326401317690544
0.27153813402827387	0.258818048553592
0.2881206154956493	0.2888098395876992
0.2694653238448519	0.2721477334576396
0.2300819303598351	0.22327222214279824
0.22593630999299122	0.24770997780021894
0.29433904604591515	0.2876990325123619
0.26739251366142996	0.3199124376971438
0.29330264095420416	0.2677045051562904
0.22075428453443638	0.19883446648537753
0.23526395581838994	0.23438029289617127
0.22179068962614734	0.24215594242353242
0.2591012729277422	0.2799233829850008
0.27775656457853964	0.27325854053297693
0.24873722201063253	0.24770997780021894
0.23111833545154606	0.20661011601273868
0.28190218494538355	0.2643720839302785
0.24770081691892157	0.20327769478672675
0.26739251366142996	0.2665936980809531
0.2290455252681241	0.22993706459482205
0.23422755072667895	0.258818048553592
0.2829385900370945	0.24326674949886973
0.23319114563496798	0.24882078487555623
0.22593630999299122	0.23215867874549667
0.2031353979753499	0.20994253723875056
