DKO	Prdm1KO
0.560432806459587	0.6116546245487364
0.5855671960772003	0.6178360374730594
0.5723235800180613	0.6197438809682206
0.5652745585672292	0.6102046634924138
0.5785181746263682	0.6139440367429301
0.5852823871296919	0.6369907861644795
0.5939690600286972	0.6417985517722863
0.5929722287124178	0.6343961190110601
0.5874896564728818	0.6399670220169312
0.5959627226612557	0.6393565120984797
0.5975291718725516	0.6413406693334475
0.6067854626665736	0.648132592176222
0.6139768885911598	0.6619453790811902
0.613264866222389	0.6627085164792548
0.618035416093154	0.6612585554229321
0.6238739995170755	0.6698820080210617
0.6322046612316952	0.673316126312352
0.6260100666233882	0.667592595826868
0.6300685941253824	0.6792685980172556
0.6251556397808632	0.6822448338697074
0.6458042884752198	0.6919366788251271
0.6355511663649185	0.6864420895590623
0.6321334589948181	0.690410404028998
0.6406777274200691	0.6930813849222238
0.6465875130808678	0.6868236582580947
0.6459466929489739	0.7010180138620953
0.6549893770323645	0.7058257794699019
0.6559862083486439	0.7054442107708696
0.6566982307174147	0.7069704855669987
0.6604007470350235	0.7034600535359017
0.65534538821675	0.709870407679644
0.6523548942679122	0.7049100145922244
0.6626080163782132	0.7111677412563537
0.6666665438802075	0.7291014701108707
0.6878848104695808	0.7351302555555806
0.6735731608572855	0.7249042144215156
0.6662393304589449	0.7236831945846124
0.6642456678263864	0.7149071145068701
0.6724339250672519	0.7288725288914513
0.6894512596808768	0.7265831166972576
0.6811205979662571	0.7337566082390644
0.6859623500738994	0.747111512705194
0.7004876063968261	0.7458141791284842
0.7022676623187533	0.7557349653033234
0.6969986967898485	0.7484088462819037
0.6972835057373569	0.7514613958741619
0.6930113715247314	0.7475693951440328
0.7018404488974908	0.7497061798586134
0.7172201320629424	0.7660373201771948
0.7173625365366966	0.7789343422044858
0.7100287061383562	0.7655031239985497
0.7125919866659315	0.7709977132646144
0.7242691535137745	0.781986891796744
0.7357327136509862	0.7788580284646793
0.7260492094357018	0.7780948910666148
0.7327422197021484	0.7722187331015178
0.7328846241759026	0.7807658719598406
0.7486915207626169	0.796257561140551
0.7600126764260745	0.8102229755251322
0.7622199457692642	0.8073230534124869
0.753462070633382	0.7999206206512608
0.7560253511609573	0.8044994450396481
0.760439889847337	0.8143439174746808
0.7857878861755815	0.8352538821816495
0.7936913344689387	0.8399090203098432
0.7800917072254143	0.8371617256768109
0.7785964602509954	0.8241120761699071
0.7762467864340513	0.8257909784456491
0.7889207845981736	0.8238068212106813
0.7979634686815642	0.8355591371408753
0.7981058731553184	0.8394511378710046
0.7895616047300674	0.8442589034788113
0.8065789393436922	0.8530349835565535
0.814126376452664	0.8695950650945542
0.8265867679061549	0.8861551466325549
0.837409507911473	0.9075229937783623
0.8394743727809085	0.9059204052424268
0.8347038229101434	0.9036309930482332
0.8481610456799137	0.9059204052424268
0.854569246998852	0.911491308248298
0.8386911481752606	0.904623071665717
0.8418952488347297	0.9056914640230075
0.8095694332925301	0.865016240706167
0.726262816146333	0.7825974017151957
0.6524972987416663	0.7047573871126116
0.613336068459266	0.6472931410383509
0.5810102529170664	0.6228727443002854
0.6116984170110928	0.6522535341257705
0.6402505139988066	0.6809475002929976
0.6622520051938279	0.7030784848368695
0.5955355092399931	0.6497351807121575
0.5852823871296919	0.6242463916168015
0.6537789390054539	0.7002548764640307
0.8042292655267482	0.8664662017624896
0.8164048480327308	0.8771501253353933
0.798533086576581	0.86150580867507
0.6472283332127616	0.6866710307784817
0.5772365343625806	0.6289778434848018
0.6531381188735601	0.6933866398814498
0.6768484637536316	0.7313908823050643
0.6247996285964778	0.6647689874540291
0.6258676621496341	0.6718661652560294
0.6613263761144256	0.7045284458931922
0.6342695261011309	0.6765213033842232
0.5873472519991276	0.6267647450304146
0.6583358821655878	0.6892656979319012
0.8076469728968486	0.8776080077742321
0.8213178023772502	0.8798211062286192
0.8078605796074798	0.8498298064846824
0.6581934776918337	0.7075046817456438
0.5903377459479655	0.6487431020946736
0.6004484635845124	0.6405012181955764
0.6650288924320344	0.7064362893883535
0.60785349621973	0.659884908106416
0.5976715763463059	0.6312672556789954
0.5797286126532788	0.6181412924322851
0.6011604859532833	0.6509562005490608
0.6433122101845214	0.6991101703669338
0.7098150994277249	0.7631373980645496
0.7874255376237547	0.8441825897390047
0.8201073643503397	0.8692134963955219
0.8291500484337303	0.8892840099646196
0.8596958080540026	0.909965033452169
0.8443873271254279	0.9088966410948784
0.8584853700270919	0.9159175051570724
0.8525755843662933	0.9018757770326847
0.835131036331406	0.8986705999608136
0.8422512600191151	0.8859262054131355
0.8216026113247586	0.8816526359839741
0.8038020521054857	0.8634136521702314
0.7968954351284078	0.8608189850168119
0.794759368022095	0.8367801569777786
0.7916264695995031	0.8531876110361665
0.7790236736722579	0.8273935669815846
0.783794223543023	0.8228147425931973
0.7805189206466768	0.8141149762552614
0.7736123036695989	0.810680857963971
0.7765315953815597	0.8306750577932622
0.7594430585310576	0.8120545052804872
0.763501586033052	0.821593722756294
0.7637863949805602	0.8001495618706802
0.7486915207626169	0.8038889351211965
0.7499019587895275	0.7948076000842283
0.7464130491825499	0.7914497955327444
0.7350206912822154	0.7851157551288086
0.7401472523373659	0.7881683047210668
0.7153688739041381	0.7671820262742918
0.7244827602244058	0.7709977132646144
0.6985651460011445	0.750469317256678
0.696642685605463	0.748790414980936
0.7145144470616129	0.7655031239985497
0.7077502345582892	0.7578717500179042
0.7103847173227417	0.7639005354626142
0.7026236735031388	0.756498102701388
0.7019828533712449	0.7555823378237105
0.6947914274466587	0.7534455531091298
0.6854639344157596	0.7503166897770651
0.6838262829675866	0.7407011585614518
0.6760652391479836	0.7297882937691288
0.6728611384885145	0.722614802227322
0.6878136082327037	0.7253620968603544
0.667805779670241	0.7229200571865477
0.6735731608572855	0.7112440549961602
0.6628928253257217	0.7136097809301604
0.6579086687443253	0.7068941718271923
0.6706538691453247	0.710709858817515
0.6580510732180794	0.7068941718271923
0.6712234870403414	0.7128466435320958
0.6594751179556213	0.7036126810155147
0.654562163611102	0.6993391115863532
0.6358359753124269	0.6941497772795143
0.6505036361091078	0.6903340902891916
0.6429561990001361	0.689570952891127
0.6426001878157506	0.6865184032988687
0.6461602996596052	0.690257776549385
0.6501476249247222	0.6880446780949978
0.6321334589948181	0.670110949240481
0.6181066183300311	0.6700346355006745
0.6128376528011263	0.6664478897297711
0.6162553601712267	0.670797772898739
0.6155433378024557	0.6679741645259002
0.6148313154336849	0.6530929852636415
0.5998788456894957	0.6514140829878996
0.5966035427931495	0.6441642777062863
0.5854247916034462	0.6496588669723511
0.6002348568738812	0.6355408251081569
0.5898393302898258	0.6327935304751245
0.5981699920044455	0.631190941939189
0.5731780068605864	0.6238648229177693
0.5787317813369995	0.6231016855197048
0.5828615110758709	0.6282910198265437
0.579158994758262	0.6124940756866075
0.5718251643599217	0.6256200389333176
0.5741748381768657	0.6146308604011882
0.5558046610625761	0.6003601910573811
0.5612872333021122	0.5963155628476391
0.5607888176439725	0.6066179177215104
0.5539534029037717	0.6082205062574461
0.5481860217167274	0.5865474041524128
0.5453379322416436	0.5880736789485419
