WT	KO
0.48216128821206966	0.5136734852898861
0.4851012960670213	0.5192267121578849
0.4468811939526499	0.48313073751589286
0.43512116253284333	0.4803541240818935
0.49098131177692456	0.4997904181198891
0.4498212018076016	0.5164500987238855
0.5527214767309091	0.5719823674038731
0.5409614453111025	0.5469928464978787
0.47628127250216634	0.5164500987238855
0.5056813510516828	0.5220033255918842
0.470401256792263	0.5025670315538885
0.49098131177692456	0.4970138046858898
0.48216128821206966	0.4997904181198891
0.5556614845858607	0.5692057539698738
0.4880413039219729	0.5525460733658775
0.4939213196318762	0.563652527101875
0.5556614845858607	0.6525041569898552
0.5203813903264409	0.5886420480078695
0.561541500295764	0.5025670315538885
0.46746124893731145	0.5358863927618811
0.5027413431967311	0.5136734852898861
0.5145013746165378	0.5608759136678757
0.5703615238606189	0.527556552459883
0.5556614845858607	0.6191847957818627
0.5145013746165378	0.6108549554798646
0.49098131177692456	0.5858654345738701
0.46452124108235976	0.5220033255918842
0.5997616024101354	0.6219614092158621
0.5850615631353773	0.5331097793278818
0.5145013746165378	0.5747589808378725
0.5762415395705223	0.6469509301218566
0.561541500295764	0.5941952748758682
0.5791815474254739	0.635844476385859
0.7173619166082011	0.6053017286118658
0.5968215945551837	0.5858654345738701
0.5703615238606189	0.5803122077058713
0.4939213196318762	0.577535594271872
0.5527214767309091	0.6080783420458651
0.5791815474254739	0.7358025600098368
0.6321016888146035	0.6802702913298491
0.5762415395705223	0.6663872241598522
0.7232419323181044	0.6580573838578541
0.6056416181200387	0.6108549554798646
0.6997218694784914	0.6858235181978479
0.7114819008982979	0.7413557868778357
0.6526817437992649	0.6525041569898552
0.64386172023441	0.6691638375938517
0.6291616809596519	0.6552807704238547
0.6585617595091683	0.730249333141838
0.7232419323181044	0.7469090137458344
0.752642010867621	0.7358025600098368
0.7291219480280077	0.7607920809158313
0.6820818223487813	0.6636106107258528
0.7203019244631528	0.7358025600098368
0.7114819008982979	0.752462240613833
0.752642010867621	0.7330259465758375
0.7408819794478143	0.7413557868778357
0.7585220265775241	0.7913348286898245
0.6997218694784914	0.7830049883878264
0.7320619558829594	0.788558215255825
0.8467222622260735	0.7857816018218258
0.7791020815621856	0.7607920809158313
0.7026618773334429	0.7108130391038424
0.7438219873027659	0.7358025600098368
0.6967818616235397	0.7774517615198276
0.7938021208369439	0.8635267779738085
0.7438219873027659	0.7469090137458344
0.826142207241412	0.8413138705018135
0.7967421286918955	0.7108130391038424
0.7085418930433462	0.8218775764638178
0.7438219873027659	0.7968880555578233
0.7702820579973307	0.7718985346518288
0.8408422465161702	0.7968880555578233
0.7467619951577177	0.7441324003118349
0.7585220265775241	0.7830049883878264
0.7379419715928627	0.7246961062738392
0.8202621915315087	0.7996646689918226
0.7732220658522824	0.8635267779738085
0.7467619951577177	0.7913348286898245
0.7085418930433462	0.7135896525378418
0.8114421679666538	0.7718985346518288
0.7261819401730562	0.7496856271798338
0.6909018459136363	0.7246961062738392
0.6291616809596519	0.6913767450658467
0.5821215552804255	0.5664291405358743
0.6174016495398452	0.563652527101875
0.561541500295764	0.5914186614418688
0.7261819401730562	0.7080364256698429
0.7056018851883946	0.716366265971841
0.7614620344324758	0.8329840301998153
0.6732617987839264	0.7441324003118349
0.6967818616235397	0.716366265971841
0.7967421286918955	0.7718985346518288
1.1407230477212378	1.2161566840917302
1.0848628984771567	1.0578897183537654
0.8731823329206383	0.9412719541257912
0.5350814296011992	0.54143961962988
0.4439411860976983	0.4997904181198891
0.8202621915315087	0.824654189897817
1.155423086995996	1.2411462049977247
1.0936829220420117	1.155071188543744
0.7467619951577177	0.7469090137458344
0.470401256792263	0.49423719125189036
0.5203813903264409	0.6497275435558559
0.9613825685691876	0.9301655003897937
1.1348430320113345	1.185613936317737
1.0848628984771567	1.041230037749769
0.6085816259749903	0.635844476385859
0.5703615238606189	0.6774936778958498
0.7467619951577177	0.8079945092938208
0.7261819401730562	0.7746751480858282
0.6879618380586847	0.7135896525378418
0.5556614845858607	0.7024831988018442
0.5674215160056673	0.6330678629518597
0.5527214767309091	0.5941952748758682
0.5821215552804255	0.6025251151778663
0.6468017280893616	0.613631568913864
0.6468017280893616	0.7441324003118349
0.7761620737072341	0.7607920809158313
0.7644020422874275	0.8801864585778048
0.693841853768588	0.7691219212178295
0.7056018851883946	0.7691219212178295
0.8143821758216054	0.7135896525378418
0.8026221444017989	0.8163243495958189
0.8202621915315087	0.8079945092938208
0.7232419323181044	0.7746751480858282
0.7585220265775241	0.7718985346518288
0.735001963737911	0.6886001316318472
0.6967818616235397	0.7469090137458344
0.7732220658522824	0.8274308033318165
0.7144219087532495	0.8052178958598215
0.7967421286918955	0.752462240613833
0.8526022779359769	0.7968880555578233
0.7879221051270406	0.8135477361618196
0.784982097272089	0.8191009630298184
0.6967818616235397	0.7718985346518288
0.6820818223487813	0.6886001316318472
0.7291219480280077	0.7580154674818319
0.7761620737072341	0.7135896525378418
0.7173619166082011	0.7774517615198276
0.7320619558829594	0.7108130391038424
0.6703217909289749	0.7413557868778357
0.7114819008982979	0.6608339972918535
0.6409217123794585	0.6802702913298491
0.6350416966695551	0.6969299719338455
0.611521633829942	0.6636106107258528
0.5644815081507157	0.6275146360838608
0.620341657394797	0.6525041569898552
0.6850218302037331	0.7024831988018442
0.6232816652497486	0.6830469047638486
0.7056018851883946	0.6330678629518597
0.6291616809596519	0.6663872241598522
0.5880015709903288	0.6330678629518597
0.6585617595091683	0.6552807704238547
0.6291616809596519	0.6997065853678448
0.6468017280893616	0.6525041569898552
0.6468017280893616	0.6053017286118658
0.5527214767309091	0.5886420480078695
0.6144616416848937	0.6469509301218566
0.5762415395705223	0.6386210898198583
0.5997616024101354	0.6525041569898552
0.620341657394797	0.5525460733658775
0.5674215160056673	0.6413977032538578
0.620341657394797	0.635844476385859
0.64386172023441	0.6747170644618503
0.5674215160056673	0.6663872241598522
0.5439014531660542	0.6164081823478632
0.611521633829942	0.5886420480078695
0.5056813510516828	0.5692057539698738
0.5909415788452804	0.6164081823478632
0.5086213589066344	0.6302912495178602
0.4998013353417795	0.5580993002338762
0.479221280357118	0.5580993002338762
0.5321414217462476	0.6247380226498614
0.5733015317155706	0.5553226867998768
0.6027016102650871	0.6191847957818627
0.48216128821206966	0.527556552459883
0.46452124108235976	0.5719823674038731
0.5145013746165378	0.563652527101875
0.5791815474254739	0.5553226867998768
0.5497814688759575	0.5747589808378725
0.4851012960670213	0.5469928464978787
0.5056813510516828	0.5497694599318781
0.5203813903264409	0.5608759136678757
0.561541500295764	0.6164081823478632
0.5644815081507157	0.5331097793278818
0.4439411860976983	0.5220033255918842
0.48216128821206966	0.6025251151778663
0.46452124108235976	0.46647105691189655
0.470401256792263	0.5525460733658775
0.5409614453111025	0.5719823674038731
0.4998013353417795	0.5525460733658775
0.4527612096625532	0.5580993002338762
0.479221280357118	0.5358863927618811
0.6144616416848937	0.5136734852898861
0.4968613274868279	0.527556552459883
0.4498212018076016	0.6080783420458651
0.4527612096625532	0.5025670315538885
0.4998013353417795	0.5830888211398707
0.4880413039219729	0.48313073751589286
