WT	KO
0.7647993406462047	0.34144840877559995
0.4866904895021303	0.45964208873638457
0.44497416183051913	0.28891788434858456
0.2920142937012781	0.27578525324183073
0.5145013746165378	0.3677136709891077
0.2920142937012781	0.3020505154553384
0.4032578341589079	0.34144840877559995
0.45887960438772285	0.3151831465620923
0.7091775704173898	0.2626526221350769
0.5423122597309451	0.38084630209586146
0.5423122597309451	0.4071115643093692
0.6813666853029824	0.39397893320261534
0.45887960438772285	0.3545810398823538
0.45887960438772285	0.3151831465620923
0.2642034085868707	0.22325472881481537
0.4171632767161117	0.4071115643093692
0.47278504694492657	0.4727747198431384
0.36154150648729677	0.2363873599215692
0.6535558001885748	0.2626526221350769
0.6396503576313712	0.4727747198431384
0.5423122597309451	0.5515705064836615
0.3754469490445005	0.3151831465620923
0.33373062137288934	0.3545810398823538
0.5701231448453526	0.22325472881481537
0.5284068171737414	0.590968399803923
0.33373062137288934	0.44650945762963073
0.5005959320593341	0.24951999102832303
0.5284068171737414	0.48590735094989224
0.5145013746165378	0.38084630209586146
0.4866904895021303	0.4071115643093692
0.5145013746165378	0.3677136709891077
0.5005959320593341	0.5121726131633999
0.7091775704173898	0.27578525324183073
0.45887960438772285	0.24951999102832303
0.27810885114407446	0.45964208873638457
0.38935239160170426	0.39397893320261534
0.59793402995976	0.38084630209586146
0.45887960438772285	0.5515705064836615
0.38935239160170426	0.3677136709891077
0.38935239160170426	0.39397893320261534
0.5284068171737414	0.4071115643093692
0.45887960438772285	0.24951999102832303
0.8204211108750196	0.43337682652287685
0.6674612427457787	0.42024419541612307
0.5840285874025563	0.5121726131633999
0.5284068171737414	0.27578525324183073
0.6674612427457787	0.6041010309106768
0.7787047832034085	0.7222947108714614
0.7091775704173898	0.49903998205664607
0.5701231448453526	0.3020505154553384
0.3754469490445005	0.34144840877559995
0.5840285874025563	0.5384378753769076
0.5562177022881489	0.5253052442701538
0.7091775704173898	0.43337682652287685
0.8065156683178158	0.4727747198431384
0.7091775704173898	0.42024419541612307
0.6674612427457787	0.3151831465620923
0.3059197362584819	0.44650945762963073
0.5840285874025563	0.5647031375904152
0.6535558001885748	0.3545810398823538
0.6257449150741675	0.3151831465620923
0.6257449150741675	0.5121726131633999
0.8343265534322234	0.34144840877559995
0.6813666853029824	0.39397893320261534
0.750893898089001	0.5384378753769076
0.45887960438772285	0.45964208873638457
0.6813666853029824	0.43337682652287685
0.5701231448453526	0.38084630209586146
0.6535558001885748	0.34144840877559995
0.7230830129745935	0.39397893320261534
0.6257449150741675	0.44650945762963073
0.7787047832034085	0.44650945762963073
0.7230830129745935	0.4727747198431384
0.6813666853029824	0.5515705064836615
0.59793402995976	0.4727747198431384
0.5840285874025563	0.5121726131633999
0.5423122597309451	0.3545810398823538
0.5562177022881489	0.39397893320261534
0.5701231448453526	0.22325472881481537
0.6396503576313712	0.5253052442701538
0.6396503576313712	0.6828968175511999
0.6396503576313712	0.7222947108714614
0.38935239160170426	0.44650945762963073
0.5701231448453526	0.49903998205664607
0.59793402995976	0.3151831465620923
0.6257449150741675	0.44650945762963073
0.8065156683178158	0.49903998205664607
0.7647993406462047	0.4727747198431384
0.7230830129745935	0.5778357686971691
0.750893898089001	0.49903998205664607
0.47278504694492657	0.3151831465620923
0.7647993406462047	0.9192841774727691
0.8343265534322234	0.7222947108714614
0.6118394725169638	0.6303662931241846
0.34763606393009305	0.24951999102832303
0.6952721278601861	0.5253052442701538
0.9177592087754457	0.7879578664052307
0.9872864215614643	0.6960294486579538
0.4866904895021303	0.34144840877559995
0.3059197362584819	0.14445894217429228
0.47278504694492657	0.38084630209586146
0.5284068171737414	0.34144840877559995
1.0011918641186681	0.8798862841525076
0.6674612427457787	0.6434989242309384
0.6535558001885748	0.4727747198431384
0.44497416183051913	0.18385683549455384
0.7091775704173898	0.34144840877559995
0.8065156683178158	0.5515705064836615
0.7091775704173898	0.48590735094989224
0.4032578341589079	0.19698946660130767
0.5562177022881489	0.39397893320261534
0.7369884555317973	0.6434989242309384
0.750893898089001	0.38084630209586146
0.5145013746165378	0.4727747198431384
0.5840285874025563	0.27578525324183073
0.5284068171737414	0.4071115643093692
0.38935239160170426	0.24951999102832303
0.5562177022881489	0.45964208873638457
0.44497416183051913	0.42024419541612307
0.6118394725169638	0.3151831465620923
0.59793402995976	0.2626526221350769
0.5145013746165378	0.38084630209586146
0.8204211108750196	0.590968399803923
0.6257449150741675	0.28891788434858456
0.5423122597309451	0.3020505154553384
0.59793402995976	0.3151831465620923
0.4032578341589079	0.3283157776688461
0.8204211108750196	0.5778357686971691
0.7091775704173898	0.3151831465620923
0.7647993406462047	0.3283157776688461
0.3198251788156856	0.49903998205664607
0.3754469490445005	0.5647031375904152
0.8343265534322234	0.5121726131633999
0.6118394725169638	0.42024419541612307
0.8621374385466307	0.38084630209586146
0.8621374385466307	0.3677136709891077
0.4866904895021303	0.43337682652287685
0.3198251788156856	0.3151831465620923
0.6118394725169638	0.3151831465620923
0.6257449150741675	0.4071115643093692
0.6396503576313712	0.4727747198431384
0.43106871927331536	0.5253052442701538
0.4171632767161117	0.24951999102832303
0.5562177022881489	0.5121726131633999
0.45887960438772285	0.45964208873638457
0.59793402995976	0.5515705064836615
0.44497416183051913	0.4071115643093692
0.5562177022881489	0.34144840877559995
0.4866904895021303	0.3020505154553384
0.5701231448453526	0.48590735094989224
0.5423122597309451	0.590968399803923
0.4171632767161117	0.27578525324183073
0.5284068171737414	0.2626526221350769
0.33373062137288934	0.24951999102832303
0.59793402995976	0.3283157776688461
0.5284068171737414	0.44650945762963073
0.5005959320593341	0.24951999102832303
0.4032578341589079	0.38084630209586146
0.2642034085868707	0.2626526221350769
0.34763606393009305	0.24951999102832303
0.6257449150741675	0.3151831465620923
0.6813666853029824	0.5121726131633999
0.6396503576313712	0.3151831465620923
0.5284068171737414	0.18385683549455384
0.36154150648729677	0.22325472881481537
0.5005959320593341	0.2363873599215692
0.38935239160170426	0.3677136709891077
0.5701231448453526	0.3020505154553384
0.5701231448453526	0.38084630209586146
0.38935239160170426	0.49903998205664607
0.5005959320593341	0.4727747198431384
0.38935239160170426	0.43337682652287685
0.2920142937012781	0.28891788434858456
0.43106871927331536	0.45964208873638457
0.5284068171737414	0.38084630209586146
0.5005959320593341	0.44650945762963073
0.5701231448453526	0.34144840877559995
0.3059197362584819	0.3151831465620923
0.6535558001885748	0.49903998205664607
0.5005959320593341	0.22325472881481537
0.6674612427457787	0.42024419541612307
0.6118394725169638	0.6041010309106768
0.5423122597309451	0.3677136709891077
0.44497416183051913	0.39397893320261534
0.44497416183051913	0.24951999102832303
0.4171632767161117	0.42024419541612307
0.5284068171737414	0.3151831465620923
0.3198251788156856	0.43337682652287685
0.45887960438772285	0.44650945762963073
0.5562177022881489	0.39397893320261534
0.5145013746165378	0.3151831465620923
0.6118394725169638	0.22325472881481537
0.4032578341589079	0.10506104885403077
0.4171632767161117	0.22325472881481537
0.33373062137288934	0.34144840877559995
0.59793402995976	0.44650945762963073
0.6118394725169638	0.4071115643093692
0.5562177022881489	0.24951999102832303
0.4032578341589079	0.3020505154553384
0.6535558001885748	0.15759157328104614
