WT	KO
0.6644178456373432	0.41611720133620883
0.36610779249404624	0.3841081858488082
0.25763140953284736	0.1280360619496027
0.1762741223119482	0.44812621682360954
0.40678643610449583	0.3841081858488082
0.18983367018209807	0.41611720133620883
0.3118696010134468	0.3841081858488082
0.3118696010134468	0.3520991703614075
0.488143723325395	0.1920540929244041
0.3254291488835967	0.2560721238992054
0.3525482446238964	0.5121442477984108
0.4745841754552451	0.4801352323110102
0.36610779249404624	0.3200901548740068
0.4339055318447955	0.4801352323110102
0.21695276592239776	0.22406310841180477
0.27119095740299726	0.2560721238992054
0.3254291488835967	0.6081712942606129
0.27119095740299726	0.3200901548740068
0.4339055318447955	0.22406310841180477
0.4474650797149454	0.3520991703614075
0.40678643610449583	0.41611720133620883
0.25763140953284736	0.3200901548740068
0.13559547870149863	0.1920540929244041
0.36610779249404624	0.22406310841180477
0.2847505052731471	0.3200901548740068
0.18983367018209807	0.09602704646220205
0.4474650797149454	0.3200901548740068
0.4474650797149454	0.5441532632858116
0.33898869675374654	0.2560721238992054
0.2440718616626975	0.1600450774370034
0.3525482446238964	0.22406310841180477
0.39322688823434593	0.4801352323110102
0.5017032711955449	0.1920540929244041
0.36610779249404624	0.3200901548740068
0.25763140953284736	0.5761622787732122
0.3254291488835967	0.44812621682360954
0.488143723325395	0.3841081858488082
0.27119095740299726	0.44812621682360954
0.3118696010134468	0.2560721238992054
0.2440718616626975	0.2560721238992054
0.4339055318447955	0.22406310841180477
0.3254291488835967	0.3200901548740068
0.5966201062865939	0.3520991703614075
0.5695010105462942	0.5121442477984108
0.40678643610449583	0.4801352323110102
0.4339055318447955	0.2880811393866061
0.4610246275850953	0.7682163716976164
0.4339055318447955	0.704198340722815
0.5423819148059945	0.3200901548740068
0.36610779249404624	0.06401803097480135
0.2847505052731471	0.1600450774370034
0.42034598397464573	0.3200901548740068
0.40678643610449583	0.6721893252354143
0.6101796541567438	0.4801352323110102
0.6237392020268936	0.44812621682360954
0.5423819148059945	0.4801352323110102
0.5966201062865939	0.22406310841180477
0.23051231379254766	0.3520991703614075
0.37966734036419614	0.44812621682360954
0.4610246275850953	0.41611720133620883
0.5288223669358446	0.5761622787732122
0.5423819148059945	0.6081712942606129
0.6372987498970435	0.3520991703614075
0.5152628190656947	0.3200901548740068
0.4610246275850953	0.6721893252354143
0.3118696010134468	0.3841081858488082
0.5017032711955449	0.5441532632858116
0.4339055318447955	0.2560721238992054
0.5423819148059945	0.3200901548740068
0.5830605584164441	0.3520991703614075
0.5288223669358446	0.5121442477984108
0.7457751328582424	0.704198340722815
0.5830605584164441	0.5121442477984108
0.4745841754552451	0.5121442477984108
0.4610246275850953	0.3520991703614075
0.4610246275850953	0.5441532632858116
0.39322688823434593	0.2880811393866061
0.4610246275850953	0.3520991703614075
0.5017032711955449	0.1920540929244041
0.4745841754552451	0.7362073562102157
0.42034598397464573	0.5441532632858116
0.2847505052731471	0.2880811393866061
0.29831005314329695	0.2560721238992054
0.4745841754552451	0.6401803097480137
0.4610246275850953	0.3841081858488082
0.4339055318447955	0.5761622787732122
0.488143723325395	0.41611720133620883
0.5830605584164441	0.3841081858488082
0.4745841754552451	0.4801352323110102
0.5966201062865939	0.2880811393866061
0.21695276592239776	0.09602704646220205
0.4474650797149454	0.5121442477984108
0.488143723325395	0.6721893252354143
0.488143723325395	0.5761622787732122
0.2847505052731471	0.1280360619496027
0.5152628190656947	0.5121442477984108
0.7050964892477928	0.6721893252354143
0.7322155849880925	0.44812621682360954
0.39322688823434593	0.3520991703614075
0.21695276592239776	0.0
0.40678643610449583	0.3841081858488082
0.39322688823434593	0.22406310841180477
0.6372987498970435	0.6721893252354143
0.4745841754552451	0.44812621682360954
0.5423819148059945	0.2880811393866061
0.3118696010134468	0.1280360619496027
0.5695010105462942	0.2560721238992054
0.5559414626761443	0.3200901548740068
0.42034598397464573	0.3520991703614075
0.2847505052731471	0.1280360619496027
0.36610779249404624	0.41611720133620883
0.5423819148059945	0.6081712942606129
0.4745841754552451	0.22406310841180477
0.37966734036419614	0.4801352323110102
0.36610779249404624	0.2880811393866061
0.42034598397464573	0.2560721238992054
0.20339321805224791	0.06401803097480135
0.37966734036419614	0.09602704646220205
0.33898869675374654	0.44812621682360954
0.39322688823434593	0.22406310841180477
0.5152628190656947	0.1600450774370034
0.39322688823434593	0.22406310841180477
0.5966201062865939	0.6081712942606129
0.4745841754552451	0.5441532632858116
0.4745841754552451	0.41611720133620883
0.40678643610449583	0.1600450774370034
0.36610779249404624	0.2880811393866061
0.6915369413776429	0.6401803097480137
0.6101796541567438	0.41611720133620883
0.6101796541567438	0.3841081858488082
0.2440718616626975	0.44812621682360954
0.2847505052731471	0.3200901548740068
0.5966201062865939	0.2560721238992054
0.5423819148059945	0.3520991703614075
0.7050964892477928	0.41611720133620883
0.6508582977671934	0.5761622787732122
0.37966734036419614	0.3200901548740068
0.27119095740299726	0.41611720133620883
0.5017032711955449	0.3841081858488082
0.4610246275850953	0.4801352323110102
0.488143723325395	0.4801352323110102
0.27119095740299726	0.2880811393866061
0.33898869675374654	0.1280360619496027
0.3525482446238964	0.5121442477984108
0.33898869675374654	0.1280360619496027
0.488143723325395	0.3200901548740068
0.3254291488835967	0.41611720133620883
0.488143723325395	0.44812621682360954
0.40678643610449583	0.2880811393866061
0.42034598397464573	0.2560721238992054
0.3525482446238964	0.44812621682360954
0.20339321805224791	0.1600450774370034
0.4610246275850953	0.3200901548740068
0.27119095740299726	0.1920540929244041
0.5423819148059945	0.2880811393866061
0.36610779249404624	0.1600450774370034
0.29831005314329695	0.1600450774370034
0.3525482446238964	0.1280360619496027
0.16271457444179835	0.03200901548740068
0.23051231379254766	0.2560721238992054
0.5017032711955449	0.09602704646220205
0.5152628190656947	0.44812621682360954
0.5695010105462942	0.3200901548740068
0.4339055318447955	0.06401803097480135
0.2440718616626975	0.09602704646220205
0.42034598397464573	0.1920540929244041
0.3118696010134468	0.3520991703614075
0.3118696010134468	0.2560721238992054
0.4745841754552451	0.2560721238992054
0.20339321805224791	0.2560721238992054
0.3525482446238964	0.22406310841180477
0.21695276592239776	0.1920540929244041
0.18983367018209807	0.1280360619496027
0.29831005314329695	0.22406310841180477
0.4610246275850953	0.2560721238992054
0.3254291488835967	0.3200901548740068
0.37966734036419614	0.2880811393866061
0.16271457444179835	0.09602704646220205
0.42034598397464573	0.2560721238992054
0.36610779249404624	0.1920540929244041
0.4474650797149454	0.3520991703614075
0.40678643610449583	0.3520991703614075
0.4339055318447955	0.2880811393866061
0.2847505052731471	0.22406310841180477
0.3254291488835967	0.3200901548740068
0.21695276592239776	0.44812621682360954
0.39322688823434593	0.2880811393866061
0.25763140953284736	0.1600450774370034
0.29831005314329695	0.1600450774370034
0.4745841754552451	0.1600450774370034
0.37966734036419614	0.22406310841180477
0.39322688823434593	0.1920540929244041
0.33898869675374654	0.06401803097480135
0.2847505052731471	0.1920540929244041
0.1762741223119482	0.2560721238992054
0.4474650797149454	0.2880811393866061
0.4339055318447955	0.2880811393866061
0.4610246275850953	0.2560721238992054
0.3254291488835967	0.3520991703614075
0.37966734036419614	0.09602704646220205
