WT	KO
0.29156251775676245	0.20768661789548087
0.32071876953243866	0.23735613473769243
0.2624062659810862	0.3263646852643271
0.4373437766351436	0.38570371894875016
0.37903127308379114	0.4450427526331733
0.34987502130811493	0.3263646852643271
0.29156251775676245	0.2966951684221155
0.20409376242973368	0.20768661789548087
0.34987502130811493	0.14834758421105776
0.29156251775676245	0.38570371894875016
0.32071876953243866	0.3263646852643271
0.23325001420540994	0.38570371894875016
0.37903127308379114	0.23735613473769243
0.32071876953243866	0.17801710105326934
0.32071876953243866	0.3263646852643271
0.5831250355135249	0.267025651579904
0.32071876953243866	0.23735613473769243
0.29156251775676245	0.23735613473769243
0.32071876953243866	0.20768661789548087
0.2624062659810862	0.3263646852643271
0.4373437766351436	0.6230598536864427
0.5248125319621724	0.2966951684221155
0.34987502130811493	0.6527293705286542
0.4665000284108199	0.47471226947538486
0.4373437766351436	0.47471226947538486
0.37903127308379114	0.41537323579096175
0.20409376242973368	0.3560342021065387
0.32071876953243866	0.267025651579904
0.5248125319621724	0.47471226947538486
0.40818752485946735	0.6230598536864427
0.34987502130811493	0.3560342021065387
0.40818752485946735	0.41537323579096175
0.23325001420540994	0.14834758421105776
0.17493751065405747	0.3263646852643271
0.40818752485946735	0.3263646852643271
0.40818752485946735	0.3560342021065387
0.40818752485946735	0.3560342021065387
0.34987502130811493	0.3560342021065387
0.5248125319621724	0.5043817863175964
0.4373437766351436	0.47471226947538486
0.2624062659810862	0.3560342021065387
0.29156251775676245	0.2966951684221155
0.4665000284108199	0.593390336844231
0.40818752485946735	0.38570371894875016
0.11662500710270497	0.47471226947538486
0.29156251775676245	0.4450427526331733
0.34987502130811493	0.23735613473769243
0.37903127308379114	0.38570371894875016
0.4373437766351436	0.3560342021065387
0.4665000284108199	0.3560342021065387
0.29156251775676245	0.3560342021065387
0.37903127308379114	0.20768661789548087
0.40818752485946735	0.41537323579096175
0.34987502130811493	0.3560342021065387
0.4665000284108199	0.38570371894875016
0.4665000284108199	0.20768661789548087
0.23325001420540994	0.4450427526331733
0.4665000284108199	0.38570371894875016
0.6997500426162299	0.6230598536864427
0.40818752485946735	0.4450427526331733
0.5248125319621724	0.3560342021065387
0.29156251775676245	0.534051303159808
0.6705937908405536	0.7120684042130774
0.5539687837378486	0.593390336844231
0.5831250355135249	0.7714074378975003
0.5539687837378486	0.3263646852643271
0.32071876953243866	0.38570371894875016
0.6122812872892012	0.41537323579096175
0.32071876953243866	0.4450427526331733
0.6414375390648773	0.41537323579096175
0.6122812872892012	0.6230598536864427
0.5248125319621724	0.3560342021065387
0.32071876953243866	0.3263646852643271
0.5831250355135249	0.41537323579096175
0.4956562801864961	0.3560342021065387
0.29156251775676245	0.38570371894875016
0.34987502130811493	0.2966951684221155
0.34987502130811493	0.4450427526331733
0.5248125319621724	0.38570371894875016
0.4665000284108199	0.23735613473769243
0.40818752485946735	0.38570371894875016
0.20409376242973368	0.17801710105326934
0.4373437766351436	0.38570371894875016
0.7580625461675823	0.534051303159808
0.4373437766351436	0.20768661789548087
0.4956562801864961	0.593390336844231
0.2624062659810862	0.267025651579904
0.23325001420540994	0.23735613473769243
0.40818752485946735	0.41537323579096175
0.29156251775676245	0.14834758421105776
0.23325001420540994	0.11867806736884622
0.4373437766351436	0.41537323579096175
0.4373437766351436	0.267025651579904
0.37903127308379114	0.2966951684221155
0.32071876953243866	0.23735613473769243
0.29156251775676245	0.3263646852643271
0.2624062659810862	0.38570371894875016
0.4665000284108199	0.2966951684221155
0.34987502130811493	0.5043817863175964
0.4956562801864961	0.3263646852643271
0.37903127308379114	0.267025651579904
0.32071876953243866	0.4450427526331733
0.23325001420540994	0.38570371894875016
0.20409376242973368	0.3263646852643271
0.23325001420540994	0.23735613473769243
0.23325001420540994	0.2966951684221155
0.37903127308379114	0.20768661789548087
0.34987502130811493	0.3560342021065387
0.37903127308379114	0.267025651579904
0.20409376242973368	0.267025651579904
0.32071876953243866	0.11867806736884622
0.2624062659810862	0.3263646852643271
0.32071876953243866	0.3560342021065387
0.20409376242973368	0.2966951684221155
0.4373437766351436	0.38570371894875016
0.4665000284108199	0.4450427526331733
0.23325001420540994	0.41537323579096175
0.29156251775676245	0.3560342021065387
0.29156251775676245	0.41537323579096175
0.34987502130811493	0.3263646852643271
0.4956562801864961	0.41537323579096175
0.37903127308379114	0.6527293705286542
0.2624062659810862	0.267025651579904
0.058312503551352486	0.17801710105326934
0.2624062659810862	0.14834758421105776
0.17493751065405747	0.2966951684221155
0.29156251775676245	0.267025651579904
0.34987502130811493	0.41537323579096175
0.37903127308379114	0.3263646852643271
0.37903127308379114	0.20768661789548087
0.23325001420540994	0.3560342021065387
0.40818752485946735	0.3263646852643271
0.34987502130811493	0.2966951684221155
0.4665000284108199	0.3263646852643271
0.34987502130811493	0.23735613473769243
0.32071876953243866	0.3560342021065387
0.29156251775676245	0.267025651579904
0.17493751065405747	0.23735613473769243
0.29156251775676245	0.38570371894875016
0.37903127308379114	0.38570371894875016
0.40818752485946735	0.3263646852643271
0.32071876953243866	0.23735613473769243
0.37903127308379114	0.2966951684221155
0.4665000284108199	0.2966951684221155
0.4373437766351436	0.593390336844231
0.4956562801864961	0.3263646852643271
0.2624062659810862	0.5043817863175964
0.29156251775676245	0.23735613473769243
0.34987502130811493	0.267025651579904
0.29156251775676245	0.23735613473769243
0.2624062659810862	0.267025651579904
0.20409376242973368	0.14834758421105776
0.32071876953243866	0.267025651579904
0.29156251775676245	0.4450427526331733
0.14578125887838123	0.20768661789548087
0.20409376242973368	0.20768661789548087
0.29156251775676245	0.38570371894875016
0.37903127308379114	0.3560342021065387
0.4956562801864961	0.2966951684221155
0.2624062659810862	0.4450427526331733
0.4373437766351436	0.2966951684221155
0.17493751065405747	0.23735613473769243
0.32071876953243866	0.17801710105326934
0.2624062659810862	0.267025651579904
0.4373437766351436	0.3263646852643271
0.29156251775676245	0.3560342021065387
0.37903127308379114	0.3263646852643271
0.29156251775676245	0.23735613473769243
0.34987502130811493	0.17801710105326934
0.40818752485946735	0.23735613473769243
0.14578125887838123	0.38570371894875016
0.4956562801864961	0.3263646852643271
0.37903127308379114	0.14834758421105776
0.029156251775676243	0.267025651579904
0.32071876953243866	0.3263646852643271
0.4665000284108199	0.3263646852643271
0.29156251775676245	0.2966951684221155
0.37903127308379114	0.11867806736884622
0.11662500710270497	0.11867806736884622
0.20409376242973368	0.2966951684221155
0.29156251775676245	0.23735613473769243
0.34987502130811493	0.2966951684221155
0.32071876953243866	0.17801710105326934
0.29156251775676245	0.20768661789548087
0.20409376242973368	0.05933903368442311
0.40818752485946735	0.3263646852643271
0.23325001420540994	0.08900855052663467
0.32071876953243866	0.267025651579904
0.34987502130811493	0.17801710105326934
0.23325001420540994	0.05933903368442311
0.32071876953243866	0.23735613473769243
0.2624062659810862	0.20768661789548087
0.23325001420540994	0.23735613473769243
0.17493751065405747	0.23735613473769243
0.2624062659810862	0.38570371894875016
0.2624062659810862	0.20768661789548087
0.14578125887838123	0.267025651579904
0.2624062659810862	0.4450427526331733
0.4956562801864961	0.3263646852643271
0.29156251775676245	0.2966951684221155
