DKO	Prdm1KO
0.5303521063236654	0.46784964828312686
0.4425023709203589	0.42030395231939444
0.47503930995862054	0.42600943583504236
0.5140836368045345	0.43171491935069023
0.5140836368045345	0.4336167471892395
0.45877084043948974	0.4298130915121409
0.5238447185160131	0.42220578015794374
0.48480039167009903	0.47355513179877473
0.5368594941313177	0.4906715823457184
0.5336058002274915	0.475456959637324
0.4978151672854037	0.46784964828312686
0.5075762489968823	0.475456959637324
0.5368594941313177	0.4830642709915212
0.5043225550930561	0.43742040286633804
0.48480039167009903	0.47926061531442266
0.5140836368045345	0.39938384609535216
0.43924867701653275	0.42220578015794374
0.48154669776627285	0.43551857502778885
0.4717856160547944	0.4583405090903804
0.5205910246121869	0.4830642709915212
0.4913077794777514	0.4583405090903804
0.5010688611892299	0.40318750177245083
0.4522634526318373	0.41079481312664795
0.48154669776627285	0.4488313698976339
0.46853192215096817	0.4279112636735916
0.5140836368045345	0.47926061531442266
0.4490097587280112	0.3955801904182536
0.5140836368045345	0.4412240585434367
0.47503930995862054	0.4412240585434367
0.4782930038624467	0.475456959637324
0.45877084043948974	0.4336167471892395
0.5075762489968823	0.47355513179877473
0.46853192215096817	0.43171491935069023
0.559635351458101	0.456438681251831
0.4782930038624467	0.4811624431529719
0.46853192215096817	0.456438681251831
0.5303521063236654	0.494475238022817
0.5205910246121869	0.4906715823457184
0.5498742697466223	0.46214416476747894
0.5628890453619271	0.47926061531442266
0.5791575148810579	0.46404599260602825
0.5075762489968823	0.4659478204445775
0.5140836368045345	0.4830642709915212
0.5140836368045345	0.456438681251831
0.5270984124198392	0.4773587874758733
0.540113188035144	0.5534319010178451
0.5986796783040149	0.49637706586136626
0.5075762489968823	0.475456959637324
0.5498742697466223	0.5230026556010565
0.5791575148810579	0.559137384533493
0.6051870661116673	0.5762538350804367
0.5563816575542747	0.5306099669552536
0.5889185965925364	0.494475238022817
0.5889185965925364	0.5230026556010565
0.5628890453619271	0.564842868049141
0.6279629234384504	0.5667446958876902
0.637724005149929	0.564842868049141
0.5693964331695794	0.5952721134659297
0.6604998624767121	0.6237995310441691
0.6116944539193195	0.5534319010178451
0.6344703112461028	0.5819593185960846
0.5759038209772317	0.6066830804972254
0.6702609441881906	0.597173941304479
0.7027978832264523	0.6180940475285213
0.6116944539193195	0.597173941304479
0.6247092295346243	0.5344136226323521
0.6312166173422766	0.5705483515647889
0.5824112087848842	0.5363154504709016
0.6182018417269719	0.610486736174324
0.559635351458101	0.5477264175021973
0.6051870661116673	0.5439227618250987
0.6507387807652336	0.5020825493770141
0.6670072502843644	0.5838611464346339
0.6735146380920168	0.597173941304479
0.6539924746690597	0.5534319010178451
0.5954259844001888	0.5401191061480001
0.6930368015149738	0.5382172783094508
0.6051870661116673	0.5439227618250987
0.5498742697466223	0.5572355566949437
0.46853192215096817	0.4868679266686198
0.6116944539193195	0.5153953442468593
0.6279629234384504	0.456438681251831
0.5563816575542747	0.545824589663648
0.5433668819389701	0.475456959637324
0.5368594941313177	0.4849660988300706
0.48480039167009903	0.4050893296110001
0.48154669776627285	0.46975147612167617
0.48480039167009903	0.494475238022817
0.6247092295346243	0.526806311278155
0.4945614733815775	0.391776534741155
0.6084407600154934	0.5496282453407466
0.5173373307083607	0.4298130915121409
0.7581106795914971	0.6276031867212678
0.559635351458101	0.4982788936999156
0.6051870661116673	0.578155662918986
0.5889185965925364	0.5363154504709016
0.7125589649379308	0.629505014559817
0.6735146380920168	0.6580324321380564
0.6604998624767121	0.564842868049141
0.4490097587280112	0.391776534741155
0.5303521063236654	0.46784964828312686
0.7288274344570617	0.5838611464346339
0.7255737405532354	0.6237995310441691
0.5856649026887103	0.5439227618250987
0.5270984124198392	0.47355513179877473
0.6865294137073215	0.5420209339865494
0.5563816575542747	0.4868679266686198
0.6279629234384504	0.578155662918986
0.5824112087848842	0.456438681251831
0.4425023709203589	0.48876975450716914
0.45551714653566355	0.39938384609535216
0.4425023709203589	0.43742040286633804
0.5270984124198392	0.45263502557473245
0.4229802074974019	0.45453685341328176
0.426233901401228	0.42030395231939444
0.4099654318820972	0.4583405090903804
0.46527822824714204	0.46404599260602825
0.48805408557392527	0.48876975450716914
0.5205910246121869	0.4773587874758733
0.5921722904963626	0.5686465237262396
0.6247092295346243	0.6009775969815776
0.5921722904963626	0.5572355566949437
0.6084407600154934	0.49637706586136626
0.5726501270734056	0.545824589663648
0.6474850868614075	0.5610392123720424
0.6474850868614075	0.5857629742731831
0.5661427392657532	0.578155662918986
0.5954259844001888	0.5667446958876902
0.5921722904963626	0.5153953442468593
0.5173373307083607	0.5153953442468593
0.5433668819389701	0.47926061531442266
0.5693964331695794	0.5515300731792959
0.6312166173422766	0.559137384533493
0.6149481478231458	0.64852329294531
0.5954259844001888	0.564842868049141
0.5889185965925364	0.5686465237262396
0.5498742697466223	0.5287081391167043
0.5628890453619271	0.5230026556010565
0.5563816575542747	0.5572355566949437
0.5531279636504486	0.4849660988300706
0.5759038209772317	0.494475238022817
0.5986796783040149	0.5553337288563945
0.6442313929575813	0.4716533039602254
0.5010688611892299	0.5230026556010565
0.5986796783040149	0.5058862050541127
0.5824112087848842	0.5020825493770141
0.5303521063236654	0.5857629742731831
0.5693964331695794	0.5306099669552536
0.5498742697466223	0.5191989999239578
0.5368594941313177	0.4811624431529719
0.5661427392657532	0.5039843772155636
0.4913077794777514	0.475456959637324
0.4913077794777514	0.4488313698976339
0.5303521063236654	0.44502771422053533
0.5303521063236654	0.46404599260602825
0.5921722904963626	0.5249044834396057
0.5661427392657532	0.4773587874758733
0.5336058002274915	0.48876975450716914
0.5693964331695794	0.45263502557473245
0.5075762489968823	0.49637706586136626
0.559635351458101	0.47355513179877473
0.5043225550930561	0.4830642709915212
0.5466205758427962	0.475456959637324
0.5010688611892299	0.46975147612167617
0.5010688611892299	0.37846373987130993
0.5205910246121869	0.44312588638198597
0.5043225550930561	0.4906715823457184
0.5108299429007084	0.4811624431529719
0.5043225550930561	0.46404599260602825
0.48480039167009903	0.3955801904182536
0.48805408557392527	0.42600943583504236
0.5010688611892299	0.4602423369289297
0.5010688611892299	0.46404599260602825
0.5433668819389701	0.4488313698976339
0.5043225550930561	0.4279112636735916
0.41972651359357566	0.3955801904182536
0.4490097587280112	0.4126966409651973
0.5433668819389701	0.41840212448084513
0.5238447185160131	0.43171491935069023
0.3969506562667925	0.4145984688037465
0.43274128920888033	0.42220578015794374
0.4522634526318373	0.424107607996493
0.48805408557392527	0.4412240585434367
0.48805408557392527	0.456438681251831
0.445756064824185	0.44692954205908453
0.4294875953050542	0.36134728932436627
0.41972651359357566	0.4279112636735916
0.48154669776627285	0.47355513179877473
0.5010688611892299	0.4336167471892395
0.3969506562667925	0.424107607996493
0.3741747989400093	0.36705277284001414
0.406711737978271	0.41079481312664795
0.5010688611892299	0.4069911574495494
0.4294875953050542	0.4336167471892395
0.4229802074974019	0.42030395231939444
0.4099654318820972	0.3860710512255071
0.37092110503618314	0.4298130915121409
0.4359949831127065	0.43551857502778885
0.3806821867476617	0.40889298528809864
0.406711737978271	0.3746600841942113
