WT	KO
0.1351829337154766	0.0
0.5407317348619064	0.6164486229358468
0.4055488011464298	0.6164486229358468
0.8110976022928597	0.6164486229358468
0.4055488011464298	0.20548287431194892
0.675914668577383	0.6164486229358468
0.4055488011464298	0.8219314972477957
0.675914668577383	1.0274143715597448
0.675914668577383	0.6164486229358468
0.2703658674309532	0.41096574862389784
0.1351829337154766	0.41096574862389784
0.675914668577383	0.41096574862389784
0.9462805360083363	0.6164486229358468
0.9462805360083363	1.2328972458716936
0.675914668577383	1.2328972458716936
0.8110976022928597	0.8219314972477957
0.4055488011464298	0.8219314972477957
0.5407317348619064	0.6164486229358468
0.8110976022928597	1.4383801201836426
0.4055488011464298	0.6164486229358468
0.5407317348619064	0.41096574862389784
0.5407317348619064	0.6164486229358468
0.5407317348619064	0.8219314972477957
0.9462805360083363	1.4383801201836426
0.4055488011464298	0.8219314972477957
0.2703658674309532	0.8219314972477957
0.9462805360083363	0.20548287431194892
0.5407317348619064	0.41096574862389784
1.0814634697238128	0.6164486229358468
0.4055488011464298	0.20548287431194892
0.1351829337154766	0.41096574862389784
0.0	0.20548287431194892
0.0	0.41096574862389784
0.8110976022928597	0.8219314972477957
0.4055488011464298	0.41096574862389784
0.4055488011464298	0.20548287431194892
0.2703658674309532	0.41096574862389784
0.675914668577383	0.41096574862389784
0.5407317348619064	0.41096574862389784
0.5407317348619064	0.8219314972477957
0.2703658674309532	0.0
0.5407317348619064	0.6164486229358468
0.8110976022928597	0.8219314972477957
0.4055488011464298	0.8219314972477957
0.5407317348619064	0.8219314972477957
0.675914668577383	0.6164486229358468
0.5407317348619064	0.41096574862389784
0.4055488011464298	0.20548287431194892
0.0	0.20548287431194892
0.5407317348619064	0.6164486229358468
0.5407317348619064	0.6164486229358468
1.0814634697238128	1.4383801201836426
1.0814634697238128	0.8219314972477957
0.2703658674309532	0.20548287431194892
0.675914668577383	0.8219314972477957
0.675914668577383	1.2328972458716936
0.2703658674309532	0.41096574862389784
0.5407317348619064	0.0
0.4055488011464298	0.20548287431194892
0.9462805360083363	0.6164486229358468
0.5407317348619064	0.8219314972477957
0.5407317348619064	0.8219314972477957
1.351829337154766	0.8219314972477957
0.2703658674309532	0.0
0.5407317348619064	0.20548287431194892
0.9462805360083363	0.6164486229358468
0.8110976022928597	0.6164486229358468
1.2166464034392894	1.0274143715597448
0.2703658674309532	0.6164486229358468
0.4055488011464298	0.8219314972477957
0.675914668577383	0.8219314972477957
0.675914668577383	0.8219314972477957
0.675914668577383	0.8219314972477957
0.2703658674309532	0.20548287431194892
0.8110976022928597	0.41096574862389784
0.5407317348619064	0.41096574862389784
0.675914668577383	0.41096574862389784
0.9462805360083363	1.0274143715597448
0.5407317348619064	0.41096574862389784
0.5407317348619064	0.20548287431194892
0.4055488011464298	1.0274143715597448
0.8110976022928597	0.6164486229358468
1.0814634697238128	1.2328972458716936
0.675914668577383	0.41096574862389784
0.5407317348619064	0.6164486229358468
0.2703658674309532	0.0
0.5407317348619064	0.0
0.675914668577383	0.41096574862389784
0.9462805360083363	1.2328972458716936
0.4055488011464298	0.8219314972477957
0.4055488011464298	0.20548287431194892
0.2703658674309532	0.8219314972477957
0.1351829337154766	0.20548287431194892
0.1351829337154766	0.0
0.5407317348619064	0.20548287431194892
0.4055488011464298	0.6164486229358468
0.4055488011464298	0.6164486229358468
0.4055488011464298	0.6164486229358468
0.0	0.6164486229358468
0.1351829337154766	0.0
0.4055488011464298	1.2328972458716936
0.4055488011464298	0.20548287431194892
0.9462805360083363	0.8219314972477957
0.8110976022928597	0.41096574862389784
0.0	0.0
0.5407317348619064	0.6164486229358468
0.4055488011464298	0.8219314972477957
0.4055488011464298	1.0274143715597448
0.8110976022928597	0.6164486229358468
0.675914668577383	0.0
0.4055488011464298	0.6164486229358468
0.4055488011464298	0.41096574862389784
0.2703658674309532	0.41096574862389784
1.0814634697238128	0.6164486229358468
0.675914668577383	0.20548287431194892
0.8110976022928597	0.8219314972477957
0.8110976022928597	1.2328972458716936
0.2703658674309532	0.6164486229358468
0.675914668577383	0.0
0.8110976022928597	1.2328972458716936
0.5407317348619064	0.8219314972477957
0.8110976022928597	1.4383801201836426
0.5407317348619064	0.6164486229358468
0.9462805360083363	0.8219314972477957
0.675914668577383	0.8219314972477957
0.4055488011464298	0.8219314972477957
0.5407317348619064	0.6164486229358468
0.675914668577383	0.6164486229358468
0.5407317348619064	0.0
0.9462805360083363	0.6164486229358468
0.8110976022928597	0.6164486229358468
0.4055488011464298	0.6164486229358468
1.351829337154766	1.0274143715597448
0.675914668577383	0.20548287431194892
0.8110976022928597	1.0274143715597448
0.5407317348619064	0.6164486229358468
0.4055488011464298	0.20548287431194892
0.1351829337154766	0.41096574862389784
0.1351829337154766	0.0
0.4055488011464298	0.41096574862389784
0.4055488011464298	0.6164486229358468
0.4055488011464298	0.20548287431194892
0.5407317348619064	0.6164486229358468
0.5407317348619064	0.8219314972477957
0.5407317348619064	0.41096574862389784
0.4055488011464298	0.6164486229358468
0.5407317348619064	0.6164486229358468
0.4055488011464298	0.41096574862389784
0.1351829337154766	0.41096574862389784
0.2703658674309532	0.20548287431194892
0.8110976022928597	1.2328972458716936
0.8110976022928597	0.6164486229358468
0.0	0.0
0.675914668577383	0.20548287431194892
0.4055488011464298	0.0
0.4055488011464298	0.41096574862389784
0.5407317348619064	1.2328972458716936
0.675914668577383	1.2328972458716936
0.675914668577383	0.8219314972477957
0.4055488011464298	0.6164486229358468
0.675914668577383	0.6164486229358468
0.9462805360083363	1.4383801201836426
0.8110976022928597	1.2328972458716936
0.2703658674309532	0.0
0.2703658674309532	0.6164486229358468
0.4055488011464298	1.2328972458716936
0.8110976022928597	0.8219314972477957
0.5407317348619064	0.8219314972477957
0.1351829337154766	0.20548287431194892
0.8110976022928597	0.8219314972477957
0.5407317348619064	1.2328972458716936
0.5407317348619064	0.8219314972477957
0.675914668577383	0.6164486229358468
0.4055488011464298	0.20548287431194892
0.675914668577383	0.6164486229358468
0.4055488011464298	0.8219314972477957
0.4055488011464298	0.8219314972477957
0.5407317348619064	0.6164486229358468
0.675914668577383	0.0
0.1351829337154766	0.0
0.4055488011464298	0.41096574862389784
0.2703658674309532	0.20548287431194892
0.1351829337154766	0.8219314972477957
0.5407317348619064	0.6164486229358468
0.1351829337154766	0.41096574862389784
0.675914668577383	0.6164486229358468
0.5407317348619064	0.6164486229358468
0.5407317348619064	0.6164486229358468
0.4055488011464298	0.41096574862389784
0.1351829337154766	0.20548287431194892
0.4055488011464298	0.6164486229358468
0.4055488011464298	0.8219314972477957
0.4055488011464298	0.8219314972477957
0.5407317348619064	1.2328972458716936
0.2703658674309532	0.6164486229358468
0.4055488011464298	0.6164486229358468
0.4055488011464298	0.6164486229358468
0.5407317348619064	0.6164486229358468
0.675914668577383	1.2328972458716936
0.4055488011464298	0.0
