WT	KO
0.6761355325945314	0.7255653967206344
0.5362454224025595	0.5276839248877341
0.44298534894124475	0.5111938022349923
0.6761355325945314	0.3957629436658005
0.5828754591332167	0.5936444154987008
0.6061904774985454	0.7090752740678926
0.7460805876905174	0.5936444154987008
0.5362454224025595	0.5771542928459591
0.48961538567190205	0.5936444154987008
0.6761355325945314	0.6266246608041842
0.5828754591332167	0.4947036795822507
0.7460805876905174	0.6596049061096675
0.7927106244211748	0.5936444154987008
0.3730402938452587	0.3627826983603172
0.5595604407678881	0.3957629436658005
0.3730402938452587	0.3627826983603172
0.5129304040372308	0.5276839248877341
0.5595604407678881	0.6596049061096675
0.6528205142292028	0.5606641701932173
0.5595604407678881	0.4122530663185422
0.41967033057591613	0.5936444154987008
0.41967033057591613	0.6431147834569259
0.5362454224025595	0.4947036795822507
0.48961538567190205	0.5111938022349923
0.5828754591332167	0.5606641701932173
0.8160256427865035	0.6101345381514425
0.9792307713438041	0.7090752740678926
0.6061904774985454	0.6431147834569259
0.5362454224025595	0.5771542928459591
0.6061904774985454	0.5606641701932173
0.7693956060558462	0.5276839248877341
0.7927106244211748	0.7585456420261177
0.9092857162478181	0.5111938022349923
0.6295054958638742	0.5606641701932173
0.6061904774985454	0.4947036795822507
0.6528205142292028	0.6266246608041842
0.5595604407678881	0.5936444154987008
0.5828754591332167	0.5771542928459591
0.6994505509598602	0.6266246608041842
0.6994505509598602	0.6101345381514425
1.1890659366317622	0.7585456420261177
1.072490844805119	0.8080160099843428
1.1191208815357763	0.7090752740678926
0.6761355325945314	0.6101345381514425
0.6295054958638742	0.5276839248877341
0.7693956060558462	0.4947036795822507
0.9792307713438041	0.7090752740678926
0.9559157529784755	0.7090752740678926
0.8393406611518323	0.6925851514151509
0.9092857162478181	0.7750357646788594
0.8626556795171608	0.8080160099843428
0.7227655693251888	0.6431147834569259
0.7227655693251888	0.791525887331601
0.5828754591332167	0.7750357646788594
0.6761355325945314	0.5276839248877341
0.7927106244211748	0.6596049061096675
0.6761355325945314	0.7585456420261177
1.0025457897091328	0.742055519373376
0.8160256427865035	0.6431147834569259
0.8859706978824895	0.9564271138590179
0.9792307713438041	0.6925851514151509
0.8160256427865035	0.8574863779425678
0.9792307713438041	0.7750357646788594
1.0025457897091328	0.8409962552898261
0.8626556795171608	0.791525887331601
0.7927106244211748	0.7750357646788594
0.7693956060558462	0.6266246608041842
1.0025457897091328	0.7090752740678926
1.0958058631704475	0.8080160099843428
0.8859706978824895	0.7255653967206344
0.7693956060558462	0.7090752740678926
0.9326007346131469	0.6596049061096675
0.8859706978824895	0.6925851514151509
1.0491758264397901	0.7255653967206344
0.8393406611518323	0.7750357646788594
0.8626556795171608	0.7255653967206344
1.0025457897091328	0.7750357646788594
0.6061904774985454	0.6596049061096675
0.9559157529784755	0.8409962552898261
0.8160256427865035	0.5936444154987008
0.7927106244211748	0.5441740475404757
0.9092857162478181	0.6596049061096675
1.1191208815357763	0.8574863779425678
1.0958058631704475	0.8245061326370844
0.7227655693251888	0.6266246608041842
0.6061904774985454	0.5771542928459591
0.9092857162478181	0.5441740475404757
0.9792307713438041	0.7585456420261177
0.9326007346131469	0.5771542928459591
0.7460805876905174	0.7255653967206344
0.6994505509598602	0.6266246608041842
0.7927106244211748	0.6596049061096675
1.422216120285049	1.0223876044699847
0.8393406611518323	0.8245061326370844
1.0025457897091328	0.9399369912062763
1.0958058631704475	0.7585456420261177
0.6994505509598602	0.6431147834569259
0.7927106244211748	0.5771542928459591
0.5828754591332167	0.6596049061096675
1.1890659366317622	0.9729172365117598
1.1424358999011048	0.9234468685535346
0.7460805876905174	0.3957629436658005
0.8859706978824895	0.5276839248877341
0.3730402938452587	0.4287431889712839
0.8626556795171608	0.8904666232480511
1.422216120285049	1.0883480950809514
1.3755860835543916	0.9564271138590179
1.1424358999011048	0.9564271138590179
0.6994505509598602	0.4452333116240256
0.8626556795171608	0.7090752740678926
0.8626556795171608	0.6596049061096675
0.7927106244211748	0.7750357646788594
0.8393406611518323	0.7090752740678926
1.3755860835543916	0.8904666232480511
0.9092857162478181	0.8080160099843428
0.9092857162478181	0.8904666232480511
0.7927106244211748	0.6596049061096675
1.0025457897091328	0.6925851514151509
1.072490844805119	1.0553678497754682
0.8859706978824895	0.8574863779425678
0.9326007346131469	0.8245061326370844
0.7460805876905174	0.7090752740678926
0.6761355325945314	0.5276839248877341
0.7460805876905174	0.5606641701932173
0.8859706978824895	0.7255653967206344
1.0958058631704475	0.7585456420261177
0.6994505509598602	0.742055519373376
0.8859706978824895	0.6760950287624092
0.7693956060558462	0.5606641701932173
0.9559157529784755	0.7255653967206344
0.8160256427865035	0.742055519373376
0.8393406611518323	0.791525887331601
0.8859706978824895	0.6266246608041842
1.1657509182664334	0.8904666232480511
0.6528205142292028	0.6760950287624092
0.7460805876905174	0.6431147834569259
0.6528205142292028	0.4617234342767673
0.7227655693251888	0.5276839248877341
0.7693956060558462	0.6266246608041842
0.7460805876905174	0.6596049061096675
0.8626556795171608	0.5606641701932173
0.6061904774985454	0.5936444154987008
0.5595604407678881	0.4617234342767673
0.8160256427865035	0.47821355692950895
0.9559157529784755	0.6925851514151509
0.8160256427865035	0.6431147834569259
0.6761355325945314	0.6431147834569259
0.6061904774985454	0.6596049061096675
0.6295054958638742	0.4947036795822507
0.6761355325945314	0.5936444154987008
0.6295054958638742	0.4947036795822507
0.48961538567190205	0.5936444154987008
0.8160256427865035	0.6925851514151509
0.8859706978824895	0.6101345381514425
0.6761355325945314	0.5111938022349923
0.4663003673065734	0.5276839248877341
0.8160256427865035	0.6101345381514425
0.6994505509598602	0.6596049061096675
0.9326007346131469	0.6596049061096675
0.6761355325945314	0.7090752740678926
0.7927106244211748	0.5441740475404757
0.6994505509598602	0.7090752740678926
0.9326007346131469	0.5936444154987008
0.8160256427865035	0.7585456420261177
0.9092857162478181	0.7255653967206344
0.7927106244211748	0.5441740475404757
0.8393406611518323	0.5606641701932173
0.6528205142292028	0.5936444154987008
0.9092857162478181	0.5606641701932173
0.5362454224025595	0.5276839248877341
0.5828754591332167	0.5936444154987008
0.8393406611518323	0.7255653967206344
0.8626556795171608	0.7090752740678926
0.6061904774985454	0.6266246608041842
0.7460805876905174	0.6101345381514425
0.6295054958638742	0.5606641701932173
0.6994505509598602	0.6431147834569259
0.7460805876905174	0.6101345381514425
0.5828754591332167	0.4452333116240256
0.48961538567190205	0.5276839248877341
0.4663003673065734	0.47821355692950895
0.5595604407678881	0.5606641701932173
0.7460805876905174	0.6101345381514425
0.5828754591332167	0.37927282101305887
0.5129304040372308	0.4947036795822507
0.5362454224025595	0.37927282101305887
0.6761355325945314	0.6101345381514425
0.7227655693251888	0.5441740475404757
0.6528205142292028	0.4947036795822507
0.44298534894124475	0.4287431889712839
0.44298534894124475	0.3957629436658005
0.44298534894124475	0.4287431889712839
0.41967033057591613	0.4617234342767673
0.3730402938452587	0.37927282101305887
0.5828754591332167	0.4122530663185422
0.27978022038394407	0.32980245305483374
0.5362454224025595	0.37927282101305887
0.4663003673065734	0.37927282101305887
0.4663003673065734	0.4452333116240256
0.5828754591332167	0.5936444154987008
