WT	KO
0.9988153867706803	0.6055173038086747
0.5707516495832459	0.3363985021159305
0.9036901118401393	0.4373180527507096
0.6183142870485163	0.6055173038086747
0.9512527493054098	0.5382376033854888
0.7610021994443278	0.8746361055014192
0.28537582479162293	0.4036782025391165
0.09512527493054097	0.2691188016927444
0.6183142870485163	0.3027586519043374
0.5231890121179754	0.5382376033854888
0.4756263746527049	0.672797004231861
0.5231890121179754	0.4036782025391165
0.9036901118401393	0.5045977531738957
0.6183142870485163	0.3363985021159305
0.7610021994443278	0.4373180527507096
0.5707516495832459	0.47095790296230267
0.3805010997221639	0.4373180527507096
0.3805010997221639	0.3363985021159305
0.5707516495832459	0.4036782025391165
0.7134395619790573	0.4036782025391165
0.7610021994443278	0.672797004231861
0.4280637371874344	0.5382376033854888
0.5231890121179754	0.5382376033854888
0.33293846225689344	0.4373180527507096
0.8085648369095984	0.6055173038086747
0.5231890121179754	0.37003835232752347
0.19025054986108195	0.6391571540202678
0.6183142870485163	0.4036782025391165
0.5231890121179754	0.4373180527507096
0.9036901118401393	0.5718774535970818
1.5220043988886556	1.1101150569825706
1.2841912115623033	1.1101150569825706
0.9988153867706803	0.8746361055014192
0.6183142870485163	0.7400767046550469
0.3805010997221639	0.6055173038086747
1.2366285740970326	0.6391571540202678
0.8085648369095984	0.672797004231861
1.3317538490275738	0.7400767046550469
1.2841912115623033	0.9755556561361982
0.8561274743748688	0.807356405078233
1.1890659366317622	0.9082759557130122
1.0939406617012213	0.807356405078233
0.9036901118401393	0.7064368544434539
1.0939406617012213	0.5382376033854888
0.6658769245137869	0.5382376033854888
1.1890659366317622	0.7064368544434539
0.9036901118401393	0.8409962552898261
0.9512527493054098	0.5382376033854888
0.6658769245137869	0.6391571540202678
0.9512527493054098	0.9082759557130122
1.0939406617012213	0.7400767046550469
1.3317538490275738	1.0091955063477913
1.0939406617012213	1.1101150569825706
0.6658769245137869	0.7064368544434539
0.7134395619790573	0.77371655486664
0.9988153867706803	0.5718774535970818
0.7610021994443278	0.5045977531738957
0.6658769245137869	0.6391571540202678
0.6658769245137869	0.7064368544434539
1.2366285740970326	1.0091955063477913
0.8085648369095984	0.807356405078233
1.0939406617012213	0.8746361055014192
1.1415032991664917	0.8746361055014192
0.7134395619790573	0.672797004231861
0.9036901118401393	0.7400767046550469
0.9988153867706803	0.672797004231861
1.1890659366317622	0.9082759557130122
1.1890659366317622	0.8409962552898261
1.3317538490275738	0.807356405078233
0.8085648369095984	0.7064368544434539
0.6658769245137869	0.8409962552898261
0.8085648369095984	0.6055173038086747
1.0463780242359508	0.807356405078233
0.9988153867706803	0.77371655486664
0.9988153867706803	1.0091955063477913
1.0939406617012213	0.7400767046550469
0.6658769245137869	0.7400767046550469
1.1890659366317622	0.9755556561361982
1.379316486492844	1.0764752067709775
1.1890659366317622	0.6055173038086747
1.4268791239581147	0.8746361055014192
0.8085648369095984	0.4373180527507096
0.6658769245137869	0.4373180527507096
0.9036901118401393	0.6055173038086747
0.7134395619790573	0.7400767046550469
1.1890659366317622	1.0091955063477913
0.9512527493054098	0.77371655486664
0.4756263746527049	0.4036782025391165
0.4280637371874344	0.3363985021159305
0.7610021994443278	0.5382376033854888
1.0463780242359508	0.672797004231861
0.9512527493054098	1.0091955063477913
1.379316486492844	0.672797004231861
0.6658769245137869	0.5045977531738957
0.9036901118401393	0.47095790296230267
0.8561274743748688	0.7400767046550469
1.2366285740970326	0.8409962552898261
1.1890659366317622	0.5382376033854888
0.8085648369095984	0.7400767046550469
0.19025054986108195	0.2691188016927444
0.3805010997221639	0.3363985021159305
0.8085648369095984	0.5718774535970818
0.9988153867706803	0.7400767046550469
1.3317538490275738	0.7064368544434539
0.7610021994443278	0.6391571540202678
0.5707516495832459	0.6055173038086747
0.4280637371874344	0.4373180527507096
0.9512527493054098	0.5718774535970818
1.3317538490275738	0.9419158059246053
1.3317538490275738	0.807356405078233
0.9512527493054098	0.4373180527507096
0.7134395619790573	0.672797004231861
0.5231890121179754	0.5382376033854888
0.8085648369095984	0.672797004231861
0.7134395619790573	0.5718774535970818
0.4280637371874344	0.37003835232752347
0.6183142870485163	0.5382376033854888
0.6183142870485163	0.6055173038086747
0.8561274743748688	0.77371655486664
1.379316486492844	0.77371655486664
1.2366285740970326	0.672797004231861
0.7134395619790573	0.6055173038086747
1.1415032991664917	0.6391571540202678
1.1415032991664917	0.6055173038086747
0.9512527493054098	0.7064368544434539
1.1890659366317622	0.7064368544434539
0.9036901118401393	0.7064368544434539
0.9036901118401393	1.0091955063477913
0.8085648369095984	0.4036782025391165
0.8085648369095984	0.5045977531738957
0.7134395619790573	0.5382376033854888
0.8561274743748688	0.672797004231861
0.9036901118401393	0.5045977531738957
0.9036901118401393	0.6391571540202678
0.7610021994443278	0.47095790296230267
1.1415032991664917	0.5382376033854888
0.7134395619790573	0.5718774535970818
0.8085648369095984	0.5718774535970818
1.0939406617012213	0.5382376033854888
0.8561274743748688	0.5045977531738957
1.2366285740970326	0.5382376033854888
0.5231890121179754	0.5045977531738957
0.7134395619790573	0.47095790296230267
0.4756263746527049	0.23547895148115133
0.5231890121179754	0.672797004231861
1.0463780242359508	1.0091955063477913
0.7134395619790573	0.9755556561361982
0.3805010997221639	0.5718774535970818
0.7134395619790573	0.672797004231861
0.4280637371874344	0.37003835232752347
0.9036901118401393	0.5382376033854888
0.8085648369095984	0.7400767046550469
0.5707516495832459	0.4036782025391165
0.6658769245137869	0.4373180527507096
0.7134395619790573	0.4373180527507096
1.0463780242359508	0.672797004231861
0.9988153867706803	0.672797004231861
0.6183142870485163	0.4036782025391165
0.9512527493054098	0.7400767046550469
0.9036901118401393	0.7064368544434539
0.7134395619790573	0.672797004231861
0.7610021994443278	0.6391571540202678
0.9036901118401393	0.47095790296230267
0.5707516495832459	0.6391571540202678
0.8561274743748688	0.47095790296230267
0.4756263746527049	0.5382376033854888
0.6183142870485163	0.5718774535970818
0.8085648369095984	0.37003835232752347
0.9988153867706803	0.807356405078233
0.7610021994443278	0.5045977531738957
0.8561274743748688	0.9082759557130122
0.7610021994443278	0.47095790296230267
0.9512527493054098	0.6055173038086747
0.5707516495832459	0.807356405078233
0.9988153867706803	0.7400767046550469
1.0463780242359508	0.77371655486664
0.4756263746527049	0.47095790296230267
0.6658769245137869	0.672797004231861
0.5231890121179754	0.5045977531738957
0.9988153867706803	0.77371655486664
0.8561274743748688	0.672797004231861
0.7610021994443278	0.5718774535970818
0.33293846225689344	0.5382376033854888
0.33293846225689344	0.4373180527507096
0.7610021994443278	0.6055173038086747
0.6658769245137869	0.20183910126955826
0.5707516495832459	0.4036782025391165
0.3805010997221639	0.5045977531738957
0.3805010997221639	0.23547895148115133
0.7610021994443278	0.5045977531738957
0.33293846225689344	0.37003835232752347
0.3805010997221639	0.3363985021159305
0.33293846225689344	0.3027586519043374
0.5231890121179754	0.20183910126955826
0.5707516495832459	0.37003835232752347
0.7610021994443278	0.4373180527507096
0.5231890121179754	0.37003835232752347
0.19025054986108195	0.2691188016927444
0.3805010997221639	0.2691188016927444
0.4756263746527049	0.5045977531738957
