WT	KO
0.47979853583386894	0.5459098499249748
0.6258241771746117	0.4573839283155195
0.4172161181164078	0.5164012093884898
0.43807692402222814	0.4573839283155195
0.5423809535513301	0.6196814512661877
0.6466849830804321	0.5459098499249748
0.6466849830804321	0.6491900918026727
0.43807692402222814	0.5311555296567323
0.22946886496402427	0.5016468891202471
0.3963553122105874	0.4573839283155195
0.5006593417396893	0.5901728107297025
0.6258241771746117	0.5164012093884898
0.43807692402222814	0.4868925688520046
0.5215201476455097	0.7082073728756431
0.5841025653629709	0.6196814512661877
0.6884065948920729	0.6196814512661877
0.5006593417396893	0.5311555296567323
0.5423809535513301	0.6196814512661877
0.45893772992804854	0.4278752877790344
0.6258241771746117	0.57541849046146
0.5841025653629709	0.5459098499249748
0.5632417594571505	0.6049271309979452
0.5841025653629709	0.6934530526074005
0.7927106244211748	0.7082073728756431
0.375494506304767	0.5901728107297025
0.45893772992804854	0.6491900918026727
0.6258241771746117	0.6196814512661877
0.5423809535513301	0.7229616931438856
0.5632417594571505	0.7229616931438856
0.6258241771746117	0.6491900918026727
0.7092674007978932	0.6639444120709154
0.9178754598560971	0.8557505755580688
0.9595970716677379	0.8557505755580688
0.855293042138636	0.7524703336803708
0.6675457889862524	0.6934530526074005
0.6258241771746117	0.6639444120709154
0.9387362657619176	0.7524703336803708
0.9387362657619176	0.8852592160945537
0.8970146539502768	0.7672246539486133
0.9595970716677379	0.9885394579722518
0.9595970716677379	0.811487614753341
0.8761538480444563	0.7967332944850983
0.855293042138636	0.7524703336803708
0.9178754598560971	0.811487614753341
0.7301282067037137	0.6491900918026727
0.6675457889862524	0.8262419350215835
1.0221794893851992	0.8409962552898261
0.9595970716677379	0.6639444120709154
0.8970146539502768	0.6196814512661877
0.9595970716677379	0.8262419350215835
0.9387362657619176	0.8705048958263113
0.9178754598560971	0.8262419350215835
0.8970146539502768	1.0623110593134646
0.8761538480444563	0.944276497167524
0.9387362657619176	0.8557505755580688
0.8344322362328156	0.6639444120709154
0.8344322362328156	0.914767856631039
0.855293042138636	0.7672246539486133
0.6884065948920729	0.6344357715344302
0.5423809535513301	0.6639444120709154
0.9595970716677379	0.5901728107297025
0.855293042138636	0.7229616931438856
0.6884065948920729	0.7819789742168559
0.855293042138636	0.8705048958263113
0.6884065948920729	0.7377160134121281
0.855293042138636	0.6786987323391579
0.9178754598560971	0.7229616931438856
0.9178754598560971	0.7377160134121281
0.9387362657619176	0.7082073728756431
0.9595970716677379	0.7229616931438856
0.7927106244211748	0.7229616931438856
1.0221794893851992	0.9000135363627964
0.855293042138636	0.6049271309979452
0.5632417594571505	0.6934530526074005
1.0430402952910194	0.7967332944850983
0.8135714303269952	0.8409962552898261
1.0639011011968398	0.811487614753341
1.0221794893851992	0.8557505755580688
1.0013186834793786	0.8557505755580688
1.2725091602550438	0.8705048958263113
0.855293042138636	0.7967332944850983
0.8344322362328156	0.944276497167524
1.0013186834793786	0.9295221768992816
0.9595970716677379	0.7377160134121281
0.750989012609534	0.811487614753341
0.6258241771746117	0.5901728107297025
0.7092674007978932	0.57541849046146
0.7092674007978932	0.7819789742168559
0.7301282067037137	0.9590308174357666
0.9595970716677379	0.6934530526074005
0.6884065948920729	0.7377160134121281
1.1473443248201214	0.7967332944850983
1.2099267425375826	0.8852592160945537
1.0639011011968398	0.9000135363627964
1.0639011011968398	0.9000135363627964
0.6049633712687913	0.6196814512661877
0.9595970716677379	0.7524703336803708
1.2933699661608642	1.180345621459405
0.855293042138636	0.811487614753341
0.5423809535513301	0.5311555296567323
0.47979853583386894	0.38361232697430664
0.5215201476455097	0.4573839283155195
1.0221794893851992	0.914767856631039
1.1682051307259418	0.9295221768992816
0.7927106244211748	0.6639444120709154
0.5423809535513301	0.4573839283155195
0.7301282067037137	0.8557505755580688
1.0430402952910194	1.0032937782404943
1.126483518914301	0.8409962552898261
0.855293042138636	0.8262419350215835
0.8135714303269952	0.6344357715344302
0.8135714303269952	0.4868925688520046
0.6884065948920729	0.6786987323391579
0.5006593417396893	0.6344357715344302
0.3963553122105874	0.472138248583762
0.6258241771746117	0.6344357715344302
0.750989012609534	0.6934530526074005
0.750989012609534	0.811487614753341
0.9387362657619176	0.7229616931438856
0.9178754598560971	0.7229616931438856
1.0639011011968398	1.0328024187769795
1.0847619071026602	0.914767856631039
1.1056227130084806	0.9885394579722518
1.1473443248201214	0.6639444120709154
0.9804578775735583	0.8852592160945537
0.8344322362328156	0.7819789742168559
0.8970146539502768	0.7524703336803708
0.7092674007978932	0.6196814512661877
0.7927106244211748	0.8705048958263113
0.9387362657619176	0.811487614753341
1.0221794893851992	0.8705048958263113
0.855293042138636	0.8262419350215835
0.7092674007978932	0.6639444120709154
0.7301282067037137	0.5901728107297025
1.0013186834793786	0.6639444120709154
0.7301282067037137	0.7082073728756431
0.6466849830804321	0.6934530526074005
0.7718498185153544	0.6491900918026727
0.855293042138636	0.6196814512661877
0.8135714303269952	0.7229616931438856
0.7718498185153544	0.7672246539486133
0.8970146539502768	0.7377160134121281
0.7927106244211748	0.7082073728756431
0.6884065948920729	0.6639444120709154
0.6466849830804321	0.7082073728756431
0.7092674007978932	0.7377160134121281
0.7301282067037137	0.7229616931438856
0.6675457889862524	0.8409962552898261
0.750989012609534	0.9590308174357666
0.855293042138636	0.8262419350215835
0.7718498185153544	0.6491900918026727
0.7301282067037137	0.7082073728756431
0.9804578775735583	0.7229616931438856
0.6049633712687913	0.6934530526074005
0.6884065948920729	0.8262419350215835
0.5841025653629709	0.4573839283155195
0.7092674007978932	0.7082073728756431
0.5841025653629709	0.5311555296567323
0.6049633712687913	0.6049271309979452
0.8344322362328156	0.7524703336803708
0.6884065948920729	0.7229616931438856
0.8344322362328156	0.6786987323391579
0.6884065948920729	0.6786987323391579
0.6884065948920729	0.6344357715344302
0.5423809535513301	0.6639444120709154
0.5632417594571505	0.6344357715344302
0.750989012609534	0.6786987323391579
0.6675457889862524	0.6491900918026727
0.7301282067037137	0.7229616931438856
0.6258241771746117	0.8557505755580688
0.8970146539502768	0.6344357715344302
0.7092674007978932	0.57541849046146
0.6258241771746117	0.6786987323391579
0.7718498185153544	0.6196814512661877
0.6049633712687913	0.6196814512661877
0.6258241771746117	0.5311555296567323
0.6466849830804321	0.5606641701932173
0.750989012609534	0.5606641701932173
0.7301282067037137	0.7524703336803708
0.9178754598560971	0.6491900918026727
0.8344322362328156	0.7229616931438856
0.5841025653629709	0.7082073728756431
0.7092674007978932	0.6491900918026727
0.7301282067037137	0.7377160134121281
0.6884065948920729	0.57541849046146
0.6049633712687913	0.6786987323391579
0.6884065948920729	0.5606641701932173
0.5215201476455097	0.4868925688520046
0.3546337003989466	0.36885800670606406
0.375494506304767	0.4278752877790344
0.5423809535513301	0.6491900918026727
0.5632417594571505	0.7082073728756431
0.5006593417396893	0.5016468891202471
0.3963553122105874	0.36885800670606406
0.5841025653629709	0.4868925688520046
0.6049633712687913	0.5016468891202471
0.5632417594571505	0.6639444120709154
0.5006593417396893	0.5016468891202471
0.3963553122105874	0.36885800670606406
0.375494506304767	0.4868925688520046
