WT	KO
0.2427364556649051	0.23638240359851376
0.25472029328701706	0.2481727667950333
0.24350138147057188	0.25018575563346346
0.25115063952723904	0.2513360349697093
0.23483222233968237	0.24357164945005005
0.24248148039634956	0.25679986181687686
0.2537003922127947	0.2674399456771506
0.2514056147957946	0.25047332546752493
0.24834591157312771	0.26312639816622885
0.2524255158700169	0.26255125849810595
0.2654292545663511	0.2519111746378322
0.26058472446379516	0.25219874447189367
0.2616046255380175	0.2901579625680053
0.26364442768646207	0.2662896663409048
0.27613821584568515	0.26974050434964225
0.2695088588632403	0.27405405186056403
0.2700188094003514	0.25651229198281544
0.2695088588632403	0.268302655179335
0.2654292545663511	0.26571452667278195
0.2677240319833512	0.28411899605271485
0.2682339825204624	0.2789427390396087
0.2740984136972406	0.2754919010308713
0.2781780179941297	0.2855568452230221
0.27792304272557417	0.298209917921726
0.2743533889657961	0.28699469439332936
0.2789429437997964	0.28354385638459195
0.27333348789157386	0.2821060072142847
0.2911817566904639	0.3007980464282791
0.2804727954111299	0.2864195547252064
0.28455239970801904	0.30166075593046343
0.28684717712501917	0.3097127112841841
0.27996284487401873	0.3007980464282791
0.29067180615335275	0.2852692753889607
0.29067180615335275	0.2918833815723741
0.29016185561624164	0.30396131460295506
0.29475141045024195	0.3062618732754467
0.2914367319590195	0.2993601972579718
0.28684717712501917	0.298209917921726
0.29424145991313083	0.29332123074268135
0.2939864846445752	0.29360880057674277
0.3082650996836873	0.3028110352667092
0.31565938247179887	0.32811718066411705
0.31387455559190985	0.313451119126983
0.2967912125986865	0.30769972244575394
0.2944964351816864	0.2938963704108042
0.3199939620372436	0.3120132699566757
0.3118347534434653	0.32696690132787126
0.307245198609465	0.3229409236510109
0.31387455559190985	0.3200652253103964
0.29424145991313083	0.3048240241051394
0.3171892340831323	0.31402625879510593
0.3148944566661322	0.3177646666379048
0.3210138631114659	0.3091375716160612
0.31795415988879905	0.31230083979073714
0.3212688383800215	0.32495391248944105
0.32509346740835504	0.33990754386063654
0.3261133684825774	0.33415614717940756
0.31565938247179887	0.32437877282131816
0.3329977007335778	0.3355939963497148
0.3202489373057992	0.31431382862916735
0.335292478150578	0.3347312868475304
0.3340176018078001	0.3330058678431617
0.3210138631114659	0.33329343767722314
0.33095789858513325	0.34134539303094386
0.32917307170524424	0.32869232033223994
0.33478252761346683	0.3338685773453461
0.3375872555675781	0.3384696946903293
0.3350375028820224	0.33185558850691593
0.3480412415783566	0.34824706904841873
0.3391171071789116	0.33099287900473157
0.3426867609386896	0.3186273761400891
0.3437066620129119	0.32380363315319527
0.3505909942639123	0.3367442756859606
0.33886213191035597	0.3548611752318321
0.35135592006957905	0.35687416407026223
0.3554355243664682	0.3577368735724466
0.35645542544069053	0.34565894054186563
0.35365069748657924	0.3600374322449382
0.36563453510869115	0.3663639685942902
0.35416064802369035	0.36435097975586
0.3556904996350238	0.3508351975549718
0.35135592006957905	0.3646385495899215
0.3490611426525789	0.35428603556370925
0.30469544592390924	0.2852692753889607
0.28302254809668564	0.27692975020117855
0.27052875993746256	0.2674399456771506
0.25599516962979485	0.240983520943497
0.27766806745701855	0.27347891219244114
0.30469544592390924	0.2984974877557875
0.29755613840435324	0.31000028111824557
0.3233086405284661	0.3068370129435696
0.24401133200768296	0.2487479064631562
0.31412953086046547	0.31258840962479867
0.3554355243664682	0.35888715290869244
0.41458978667136104	0.43336773993060856
0.42147411892236153	0.41898924822753597
0.2598197986581285	0.2645642473365361
0.22131853310623703	0.2162525152142121
0.2503857137215723	0.2524863143059551
0.34855119211546776	0.3557238847340165
0.4326930307388067	0.4388315667777761
0.3635947329602465	0.3508351975549718
0.2552302438241282	0.2464473477906646
0.20805981914134725	0.20877569952861436
0.23942177717368265	0.2404083812753741
0.4140798361342499	0.42013952756378176
0.40617560280902715	0.41668868955504434
0.34574646416135646	0.36090014174712265
0.3082650996836873	0.3022358955985864
0.2531904416756836	0.2536365936422009
0.30214569323835355	0.30166075593046343
0.303675544849687	0.3033861749348321
0.28429742443946343	0.292458521240497
0.2580349717782395	0.265139387004659
0.24452128254479413	0.23638240359851376
0.25446531801846145	0.2622636886640445
0.2593098481210174	0.2622636886640445
0.2789429437997964	0.28469413572083774
0.31514943193468775	0.31431382862916735
0.3444715878185786	0.34853463888248015
0.35645542544069053	0.34652165004405
0.34013700825313387	0.3560114545680779
0.3765984716565808	0.3663639685942902
0.36053502973757967	0.3738407842798879
0.3692041888684691	0.3534233260615249
0.35645542544069053	0.36837695743272036
0.346001439429912	0.35514874506589356
0.34702134050413436	0.3548611752318321
0.3556904996350238	0.35227304672527904
0.34090193405880054	0.3367442756859606
0.33886213191035597	0.3200652253103964
0.3462564146984676	0.3393324041925137
0.3278981953624664	0.3131635492929215
0.3278981953624664	0.34077025336282096
0.3447265630871342	0.3304177393366087
0.3294280469737998	0.32265335381694943
0.3271332695567996	0.3327182980091003
0.33580242868768917	0.33818212485626786
0.337077305030467	0.3384696946903293
0.32203376418568824	0.3240912029872567
0.30928500075790955	0.3197776554763349
0.3261133684825774	0.31891494597415054
0.3248384921397995	0.3163268174675975
0.33325267600213343	0.322365783982888
0.32993799751091096	0.3137386889610444
0.3080101244151317	0.3194900856422735
0.30036086635846454	0.3120132699566757
0.307245198609465	0.3062618732754467
0.3001058910899089	0.2938963704108042
0.3159143577403544	0.3108629906204299
0.29806608894146436	0.3065494431095081
0.2876121029306859	0.29734720841954165
0.2886320040049082	0.3151765381313517
0.2848073749765746	0.2987850575898489
0.30112579216413127	0.31115056045449135
0.30214569323835355	0.30022290676015617
0.307245198609465	0.29993533692609475
0.305460371729576	0.3053991637732623
0.3013807674326868	0.2864195547252064
0.2899068803476861	0.30798729227981536
0.30597032226668713	0.292458521240497
0.2967912125986865	0.29734720841954165
0.28225762229101886	0.30453645427107795
0.2932215588389085	0.28699469439332936
0.28608225131935244	0.29705963858548023
0.29755613840435324	0.29734720841954165
0.29092678142190836	0.289295253065821
0.29092678142190836	0.29044553240206683
0.2763931911142407	0.28411899605271485
0.279197919068352	0.27750488986930144
0.279197919068352	0.27980544854179307
0.28276757282813003	0.2766421803671171
0.2789429437997964	0.2826811468824076
0.27052875993746256	0.28756983406145226
0.2718036362802404	0.2789427390396087
0.2763931911142407	0.2786551692055473
0.275628265308574	0.265139387004659
0.27511831477146287	0.27347891219244114
0.2797078696054631	0.25938799032342996
0.26134965026946194	0.2648518171705975
0.2695088588632403	0.25938799032342996
0.26874393305757355	0.25651229198281544
0.26415437822357324	0.25766257131906123
0.25727004597257275	0.25651229198281544
0.2677240319833512	0.2622636886640445
0.25727004597257275	0.27060321385182656
0.24783596103601657	0.268302655179335
0.2585449223153506	0.26312639816622885
0.2631344771493509	0.25679986181687686
0.24401133200768296	0.2614009791618601
0.25905487285246176	0.25708743165093834
0.24809093630457218	0.2404083812753741
0.24350138147057188	0.24127109077755846
0.24528620835046083	0.24702248745878752
0.245796158887572	0.24357164945005005
0.24452128254479413	0.25392416347626234
0.2447762578133497	0.24673491762472605
0.23202749438557108	0.2349445544282065
0.23126256857990435	0.23695754326663668
0.24426630727623858	0.2349445544282065
