WT	KO
0.264265203340301	0.2689957946273919
0.2633111773354624	0.24747613105720054
0.23182831917578756	0.2582359628422962
0.23946052721449662	0.25393203012825794
0.25281689128223744	0.2765276768769589
0.2604490993209465	0.25393203012825794
0.2585410473112692	0.2582359628422962
0.27094338537417145	0.3023512731611885
0.24804676125804428	0.2528560469497484
0.2699893593693328	0.2560839964852771
0.29288598348545997	0.27545169369844935
0.2957480614999759	0.2765276768769589
0.2718974113790101	0.2797556264124876
0.28429974944191233	0.2765276768769589
0.24709273525320563	0.2528560469497484
0.27094338537417145	0.2399442488076336
0.2575870213064306	0.29481939091162157
0.3014722175290077	0.278679643233978
0.2728514373838487	0.28836349184056415
0.2986101395144918	0.29374340773311197
0.2986101395144918	0.30773118905373636
0.2900239054709441	0.28836349184056415
0.2957480614999759	0.3055792226967172
0.3081503995628781	0.3001993068041694
0.2814376714273964	0.30773118905373636
0.2995641655193304	0.3023512731611885
0.2909779314757827	0.26361587873484404
0.2852537754467509	0.2819075927695067
0.3253228676499734	0.3055792226967172
0.3167366336064258	0.33893470123051384
0.29288598348545997	0.31095913858926505
0.31196650358223266	0.3152630713033033
0.35298962179029375	0.3195670040173416
0.32818494566448936	0.3195670040173416
0.30624234755320084	0.33785871805200424
0.2995641655193304	0.29589537409013106
0.3091044255677167	0.29051545819758323
0.29288598348545997	0.29589537409013106
0.32818494566448936	0.30127528998267894
0.3167366336064258	0.3163390544818129
0.34535741375158474	0.3270988862669086
0.30051819152416903	0.3152630713033033
0.3348631276983598	0.333554785337966
0.35394364779513243	0.34754256665859035
0.32818494566448936	0.32494691990988944
0.31959871162094167	0.30665520587522677
0.3176906596112644	0.3314028189809468
0.3129205295870713	0.3464665834800808
0.3558516998048097	0.3679862470502721
0.365391959853196	0.3453906003015712
0.37588624590642095	0.34431461712306166
0.34631143975642337	0.33678273487349464
0.33104702367900524	0.3314028189809468
0.3424953357370688	0.3421626507660425
0.29765611350965315	0.32064298719585116
0.3520355957854552	0.3195670040173416
0.35108156978061655	0.35937838162219554
0.33581715370319837	0.37551812929983913
0.357759751814487	0.36583428069325297
0.357759751814487	0.33893470123051384
0.34535741375158474	0.33032683580243727
0.3615758558338415	0.35937838162219554
0.33963325772255293	0.3539984657296477
0.35489767379997106	0.3862779610849348
0.3615758558338415	0.35077051619411903
0.3568057258096483	0.3410866675875329
0.3444033877467461	0.35937838162219554
0.3482194917661006	0.35830239844368605
0.3606218298290028	0.35722641526517646
0.3386792317177143	0.3281748694454181
0.3568057258096483	0.33032683580243727
0.3424953357370688	0.35292248255113823
0.37207014188706644	0.37121419658580085
0.37684027191125957	0.38950591062046347
0.3482194917661006	0.37336616294281993
0.37207014188706644	0.41425352372618357
0.3892426099741618	0.3862779610849348
0.38351845394513	0.3690622302287817
0.36825403786771194	0.3486185498370999
0.365391959853196	0.3884299274419539
0.3959207920080322	0.4121015573691644
0.3520355957854552	0.3550744489081573
0.347265465761262	0.34323863394455206
0.311012477577394	0.3023512731611885
0.24995481326772157	0.2668438282703728
0.264265203340301	0.2765276768769589
0.3129205295870713	0.30988315541075545
0.2547249432919147	0.29051545819758323
0.22896624116127165	0.23564031609359531
0.22896624116127165	0.2195005684159518
0.30051819152416903	0.3131111049462842
0.4340818322015775	0.46159678358060446
0.40259897404190265	0.4024177087625783
0.33581715370319837	0.36691026387176257
0.22705818915159437	0.2334883497365762
0.29193195748062134	0.2819075927695067
0.44743819626931836	0.4325452377608462
0.4875072884725409	0.47343259854420977
0.2900239054709441	0.29374340773311197
0.12974753665805394	0.13126994777816725
0.11543714658547445	0.12589003188561942
0.29288598348545997	0.2991233236256598
0.4321737801919002	0.4831164471507959
0.44648417026447973	0.44330506954594184
0.26235715133062376	0.271147760984411
0.19557533099191954	0.2087407366308561
0.32818494566448936	0.3174150376603224
0.3911506619838391	0.3690622302287817
0.42931170217738435	0.44115310318892276
0.3167366336064258	0.318491020838832
0.2003454610161127	0.23671629927210489
0.23850650120965797	0.23564031609359531
0.2757135153983646	0.24855211423571014
0.24995481326772157	0.2722237441629206
0.24423065723868978	0.246400147878691
0.27666754140320327	0.2420962151646527
0.3052883215483622	0.3131111049462842
0.31196650358223266	0.33032683580243727
0.33581715370319837	0.3314028189809468
0.33104702367900524	0.37982206201387736
0.41500131210480484	0.3862779610849348
0.39401273999835495	0.37444214612132953
0.3644379338483574	0.37444214612132953
0.36825403786771194	0.39058189379897307
0.34631143975642337	0.37874607883536776
0.37016208987738913	0.35615043208666686
0.35394364779513243	0.37982206201387736
0.35298962179029375	0.3862779610849348
0.37111611588222776	0.38412599472791564
0.3606218298290028	0.35077051619411903
0.33390910169352117	0.3346307685164755
0.33677117970803705	0.3453906003015712
0.3606218298290028	0.35937838162219554
0.3615758558338415	0.3227949535528703
0.3434493617419075	0.3421626507660425
0.3424953357370688	0.3626063311577243
0.3386792317177143	0.34431461712306166
0.31196650358223266	0.30665520587522677
0.33963325772255293	0.333554785337966
0.34631143975642337	0.3346307685164755
0.31387455559190985	0.33032683580243727
0.32723091965965073	0.3120351217677746
0.3434493617419075	0.3270988862669086
0.31959871162094167	0.3314028189809468
0.3052883215483622	0.3314028189809468
0.33963325772255293	0.3055792226967172
0.30719637355803947	0.318491020838832
0.33963325772255293	0.3400106844090234
0.31959871162094167	0.34323863394455206
0.33581715370319837	0.3400106844090234
0.31864468561610304	0.333554785337966
0.31387455559190985	0.30665520587522677
0.29765611350965315	0.29697135726864066
0.3081503995628781	0.30773118905373636
0.29765611350965315	0.3088071722322459
0.28429974944191233	0.3227949535528703
0.2995641655193304	0.2840595591265258
0.29288598348545997	0.2991233236256598
0.32818494566448936	0.3001993068041694
0.30051819152416903	0.3023512731611885
0.2862078014515895	0.3195670040173416
0.30433429554352354	0.2819075927695067
0.2757135153983646	0.278679643233978
0.28906987946610546	0.31095913858926505
0.29765611350965315	0.29159144137609283
0.30051819152416903	0.27545169369844935
0.2785755934128805	0.31095913858926505
0.27380546338868733	0.30127528998267894
0.29288598348545997	0.3001993068041694
0.31387455559190985	0.286211525483545
0.29288598348545997	0.2797556264124876
0.28906987946610546	0.29159144137609283
0.2862078014515895	0.2797556264124876
0.2795296194177191	0.27760366005546844
0.31005845157255535	0.29374340773311197
0.2871618274564282	0.303427256339698
0.2575870213064306	0.2797556264124876
0.2604490993209465	0.27545169369844935
0.29670208750481447	0.26791981144888233
0.3024262435338463	0.2571599796637867
0.2795296194177191	0.2689957946273919
0.27380546338868733	0.2797556264124876
0.2785755934128805	0.2560839964852771
0.26712728135481695	0.271147760984411
0.2490007872628829	0.2625398955563345
0.2594950733161079	0.2431721983431623
0.2594950733161079	0.25070408059272925
0.27094338537417145	0.2528560469497484
0.2776215674080419	0.28836349184056415
0.28048364542255777	0.2431721983431623
0.23850650120965797	0.24747613105720054
0.2337363711854648	0.25500801330676753
0.24041455321933522	0.24424818152167185
0.25663299530159195	0.25393203012825794
0.2509088392725602	0.26146391237782496
0.2423226052290125	0.26038792919931536
0.24041455321933522	0.24962809741421968
0.24709273525320563	0.25070408059272925
0.26235715133062376	0.2625398955563345
0.2547249432919147	0.2560839964852771
