WT	KO
0.42046821692454367	0.4148668253220778
0.4049894419058929	0.3987791575951347
0.4086858657909438	0.42071688631369347
0.4086858657909438	0.4138918151568085
0.4255507997664887	0.41803560835920295
0.4403364953066925	0.43022323542506896
0.4299403031299867	0.43436702862746335
0.42116129640299077	0.447042160775964
0.4313264620868808	0.43582954387536726
0.4359469919431945	0.4241294218921359
0.44056752179950814	0.42632319476399183
0.4273990117090142	0.43582954387536726
0.424626693795226	0.4219356490202801
0.4313264620868808	0.42632319476399183
0.45581527032534325	0.43509828625141533
0.4585875882391314	0.46166731325500315
0.45627732331097465	0.46069230308973386
0.43340570052222194	0.43680455404063656
0.4620529856313667	0.4558172522633875
0.46228401212418235	0.4675173742466188
0.47591457520030767	0.48774883517595635
0.47753176065001746	0.47385494032086917
0.47268020430088814	0.464592343750811
0.4648253035451549	0.452404716684945
0.466904541980496	0.457767272593926
0.47799381363564886	0.47531745556877303
0.4872348733482762	0.48555506230410045
0.5010964629172172	0.47287993015559987
0.5036377543381897	0.488236340258591
0.4999413304531388	0.4982301944526011
0.4967069595537192	0.49359889616757197
0.5059480192663465	0.4740986928621865
0.4886210323051703	0.47897374368853285
0.5094134166585819	0.505786523233438
0.49370361514711536	0.49408640125020664
0.5188855028640248	0.5145616147208615
0.5239680857059698	0.5138303570969095
0.5087203371801348	0.5252867265388235
0.5010964629172172	0.5165116350514001
0.5064100722519779	0.488236340258591
0.517268317414315	0.5155366248861307
0.5260473241413111	0.5204116757124772
0.5299747745191776	0.5160241299687655
0.5200406353281032	0.5357680858154682
0.5225819267490757	0.5001802147831397
0.5200406353281032	0.5074927910226592
0.5283575890694677	0.5179741502993039
0.5461466290162754	0.5304055299064873
0.5553876887289028	0.5328430553196604
0.5530774238007459	0.5479557128813343
0.5650908014271615	0.5674559161867198
0.5620874570205575	0.559168329781931
0.5530774238007459	0.5460056925507958
0.5484568939444323	0.5423494044310359
0.5597771920924008	0.5533182687903152
0.557466927164244	0.5379618586873242
0.5683251723265811	0.574524739884922
0.566939013369687	0.5423494044310359
0.5491499734228793	0.5657496483974985
0.5835729208524162	0.5713559568477969
0.5798764969673652	0.5720872144717489
0.5851901063021259	0.5662371534801333
0.6052894111770903	0.5620933602777388
0.6025170932633022	0.575255997508874
0.5861142122733887	0.5769622652980952
0.5900416626512552	0.5659934009388158
0.5958173249716473	0.5635558755256428
0.5905037156368866	0.5801310483352204
0.614299444396902	0.5759872551328259
0.6122202059615609	0.5852498517028841
0.6311643783724469	0.594268695731625
0.6147614973825334	0.5857373567855187
0.6163786828322432	0.5828123262897109
0.6045963316986434	0.5940249431903076
0.6080617290908785	0.6001187567232407
0.6348608022574979	0.6135251464956931
0.631857457850894	0.609625105834616
0.6253887160520548	0.5954874584382115
0.6270059015017646	0.6001187567232407
0.614299444396902	0.592806180483721
0.6330125903149724	0.6113313736238374
0.6022860667704865	0.5979249838513847
0.5990516958710669	0.5823248212070763
0.5891175566799925	0.5664809060214505
0.5939691130291219	0.5647746382322293
0.5306678539976246	0.5196804180885252
0.5401399402030677	0.5155366248861307
0.5357504368395697	0.5257742316214581
0.5161131849502366	0.49335514362625466
0.4782248401284645	0.4799487538538021
0.5200406353281032	0.5128553469316403
0.5579289801498754	0.5472244552573823
0.8113650427686799	0.7775706068022492
0.6397123586066272	0.6108438685412027
0.6353228552431291	0.6215689803591647
0.5158821584574209	0.49652392666337986
0.8390882219065618	0.7958520474010482
1.0825901453342923	1.0447233920860313
1.0289919990010536	0.9928041007854423
0.5995137488566983	0.5974374787687501
0.28785901004834147	0.2773903920191096
0.27954205630697687	0.2764153818538403
0.6332436168077881	0.6142564041196452
1.0726560061432178	1.02302941590879
1.0682665027797198	1.0430171242968103
0.8289230562226719	0.8207148066154147
0.4849246084201193	0.4818987741843407
0.6265438485161332	0.6169376820741357
0.6279300074730273	0.6113313736238374
0.763080505770202	0.7556328780836905
0.5475327879731695	0.5299180248238526
0.531129906983256	0.5031052452789474
0.4835384494632252	0.4750737030274557
0.5151890789789739	0.487505082634639
0.5380607017677266	0.5162678825100827
0.502713648366927	0.5011552249484089
0.520964741299366	0.5335743129436125
0.5625495100061889	0.5399118790178626
0.5898106361584396	0.5737934822609702
0.6122202059615609	0.5759872551328259
0.6221543451526352	0.5969499736861155
0.6364779877072076	0.6084063431280294
0.6447949414485722	0.6079188380453948
0.6313954048652626	0.62108147527653
0.6129132854400079	0.5903686550705478
0.6154545768609805	0.6010937668885098
0.6288541134442901	0.6040187973843177
0.6276989809802116	0.5971937262274328
0.6168407358178746	0.617181434615453
0.6159166298466119	0.6006062618058753
0.6022860667704865	0.5867123669507881
0.5895796096656238	0.5735497297196529
0.6025170932633022	0.5830560788310283
0.5833418943596005	0.5796435432525858
0.5916588481009651	0.5740372348022875
0.581493682417075	0.5669684111040851
0.5854211327949417	0.575255997508874
0.5803385499529966	0.5735497297196529
0.5680941458337654	0.5662371534801333
0.5921209010865964	0.5642871331495947
0.5944311660147532	0.5701371941412103
0.5930450070578592	0.5616058551951042
0.5861142122733887	0.5489307230466035
0.5750249406182358	0.5533182687903152
0.5602392450780321	0.5372306010633722
0.5329781189257815	0.5289430146585834
0.5433743111024872	0.5211429333364291
0.5433743111024872	0.529430519741218
0.5468397084947224	0.515780377427448
0.5637046424702674	0.5611183501124696
0.5426812316240403	0.5382056112286414
0.5549256357432714	0.5338180654849297
0.5274334830982051	0.4974989368286491
0.5362124898252011	0.5230929536669676
0.5265093771269423	0.5152928723448134
0.539908913710252	0.5389368688525935
0.5422191786384088	0.5230929536669676
0.49555182708964074	0.4982301944526011
0.5024826218741113	0.5011552249484089
0.5089513636729505	0.5089553062705632
0.504099807323821	0.5055427706921206
0.5170372909214994	0.5201679231711598
0.5036377543381897	0.4982301944526011
0.5142649730077111	0.5191929130058905
0.5073341782232406	0.5009114724070916
0.4990172244818761	0.482142526725658
0.5013274894100329	0.4926238860023027
0.5010964629172172	0.48701757755200437
0.5098754696442132	0.5113928316837363
0.4826143434919625	0.48774883517595635
0.49023821775488	0.4809237640190714
0.47268020430088814	0.4740986928621865
0.475683548707492	0.47897374368853285
0.49693798604653483	0.4816550216430234
0.47083199235836265	0.46776112678793613
0.4717560983296254	0.46824863187057075
0.46944583340146856	0.4787299911472155
0.46251503861699805	0.46069230308973386
0.44957755501931984	0.44533589298674275
0.4745284162434136	0.44923593364781983
0.45442911136844916	0.44631090315201205
0.4636701710810765	0.46191106579632046
0.44888447554087274	0.45167345906099304
0.4364090449288258	0.44679840823464667
0.4421847072492179	0.45191721160231035
0.45281192591873937	0.4372920591232712
0.4433398397132963	0.44216710994961755
0.4548911643540805	0.43704830658195387
0.4237025878239633	0.43631704895800194
0.4357159654503788	0.43217325575560744
0.43340570052222194	0.43461078116878066
0.4320195415653279	0.4248606795160879
0.42277848185270056	0.43631704895800194
0.4197751374460966	0.40243544571489454
0.41815795199638683	0.41949812360710687
0.41792692550357113	0.4138918151568085
0.4086858657909438	0.4251044320574052
0.4045273889202615	0.41852311344183757
0.4045273889202615	0.417304350735251
0.3996758325711322	0.3946353643927403
