WT	KO
0.3550334089028446	0.38306254169228476
0.29238045439057797	0.6129000667076556
0.29238045439057797	0.4213687958615132
0.37591772707360016	0.45967505003074166
0.2506118180490668	0.44052192294612746
0.48033931792737805	0.5362875583691987
0.2506118180490668	0.49798130419997017
0.45945499975662246	0.5554406854538129
0.2714961362198224	0.5362875583691987
0.6474138632934225	0.6320531937922699
0.5638765906104003	0.6320531937922699
0.5638765906104003	0.727818829215341
0.7100668178056893	0.8235844646384122
0.45945499975662246	0.32560316043844206
0.4385706815858669	0.49798130419997017
0.5638765906104003	0.6895125750461125
0.5221079542688891	0.45967505003074166
0.45945499975662246	0.5554406854538129
0.5012236360981336	0.4788281771153559
0.5221079542688891	0.28729690626921356
0.6265295451226669	0.7086657021307268
0.45945499975662246	0.5171344312845845
0.6056452269519114	0.6320531937922699
0.5012236360981336	0.6129000667076556
0.3550334089028446	0.40221566877689896
0.18795886353680008	0.49798130419997017
0.5847609087811559	0.7086657021307268
0.41768636341511134	0.8810438458922549
0.7518354541472003	0.8618907188076407
0.5429922724396448	0.7661250833845695
0.48033931792737805	0.44052192294612746
0.3550334089028446	0.6703594479614983
0.45945499975662246	0.7086657021307268
0.6474138632934225	0.5937469396230414
0.6056452269519114	0.7852782104691837
0.6056452269519114	0.727818829215341
0.7100668178056893	0.7661250833845695
0.5221079542688891	0.7469719562999553
0.6682981814641781	0.7852782104691837
0.8562570450009781	0.9576563542307118
0.6474138632934225	0.8427375917230264
0.33414909073208904	0.6129000667076556
0.39680204524435575	0.49798130419997017
0.48033931792737805	0.7661250833845695
0.8353727268302227	0.9768094813153261
0.5847609087811559	0.8235844646384122
0.4385706815858669	0.727818829215341
0.48033931792737805	0.7086657021307268
0.5221079542688891	0.8810438458922549
0.7100668178056893	0.727818829215341
0.5847609087811559	0.8427375917230264
0.45945499975662246	0.5937469396230414
0.6265295451226669	0.7469719562999553
0.5221079542688891	0.49798130419997017
0.6056452269519114	0.7661250833845695
0.5847609087811559	0.8044313375537979
0.6682981814641781	0.6320531937922699
0.7936040904887115	0.9385032271460976
0.8144884086594671	0.8618907188076407
0.6682981814641781	0.7661250833845695
0.48033931792737805	0.9193501000614833
0.8980256813424893	0.8618907188076407
0.7100668178056893	0.6129000667076556
0.6056452269519114	0.5745938125384271
0.5012236360981336	0.6895125750461125
0.5429922724396448	0.9001969729768691
0.5429922724396448	0.8235844646384122
0.6474138632934225	1.034268862569169
0.5221079542688891	0.6895125750461125
0.6891824996349337	0.8810438458922549
0.7936040904887115	0.5937469396230414
0.5221079542688891	0.5745938125384271
0.5221079542688891	0.6703594479614983
0.6265295451226669	0.7469719562999553
0.5847609087811559	0.7852782104691837
0.7100668178056893	0.9385032271460976
0.5012236360981336	0.7469719562999553
0.48033931792737805	0.6320531937922699
0.7518354541472003	0.7852782104691837
0.6682981814641781	0.6895125750461125
0.6891824996349337	0.8235844646384122
0.48033931792737805	0.6703594479614983
0.5221079542688891	0.5171344312845845
0.6056452269519114	0.6895125750461125
0.6474138632934225	0.6895125750461125
0.4385706815858669	0.6129000667076556
0.7309511359764448	0.727818829215341
0.6891824996349337	0.5937469396230414
0.41768636341511134	0.7086657021307268
0.41768636341511134	0.5362875583691987
0.29238045439057797	0.6129000667076556
0.6682981814641781	0.6129000667076556
0.5638765906104003	0.5937469396230414
0.6891824996349337	0.9193501000614833
0.5221079542688891	0.5362875583691987
0.29238045439057797	0.26814377918459936
0.39680204524435575	0.5171344312845845
0.37591772707360016	0.4213687958615132
0.7936040904887115	0.8044313375537979
0.8771413631717337	1.0725751167383974
0.9815629540255115	1.0725751167383974
0.8353727268302227	0.9959626083999403
0.7309511359764448	0.8810438458922549
0.5638765906104003	0.38306254169228476
0.4385706815858669	0.727818829215341
0.37591772707360016	0.5171344312845845
0.6056452269519114	0.6129000667076556
0.37591772707360016	0.49798130419997017
0.3550334089028446	0.5171344312845845
0.7100668178056893	0.8235844646384122
0.7100668178056893	0.6512063208768841
0.5638765906104003	0.49798130419997017
0.3550334089028446	0.6703594479614983
0.6056452269519114	0.6703594479614983
0.7100668178056893	0.9001969729768691
0.7100668178056893	0.8618907188076407
0.6682981814641781	0.7852782104691837
0.6265295451226669	0.6320531937922699
0.6056452269519114	0.8810438458922549
0.4385706815858669	0.6895125750461125
0.6265295451226669	0.8235844646384122
0.5429922724396448	0.727818829215341
0.41768636341511134	0.44052192294612746
0.6265295451226669	0.8044313375537979
0.16707454536604452	0.6320531937922699
0.6056452269519114	0.6895125750461125
0.5638765906104003	0.6512063208768841
0.6682981814641781	0.7852782104691837
0.48033931792737805	0.8427375917230264
0.37591772707360016	0.6320531937922699
0.6265295451226669	0.6895125750461125
0.5221079542688891	0.7469719562999553
0.7100668178056893	0.7086657021307268
0.6474138632934225	0.6512063208768841
0.6265295451226669	0.6895125750461125
0.48033931792737805	0.5937469396230414
0.5638765906104003	1.034268862569169
0.5012236360981336	0.8235844646384122
0.8144884086594671	0.8810438458922549
0.772719772317956	0.8810438458922549
0.8144884086594671	0.727818829215341
0.6056452269519114	0.8810438458922549
0.9189099995132449	1.1491876250768542
0.7936040904887115	1.034268862569169
0.6474138632934225	0.8427375917230264
0.772719772317956	0.8427375917230264
0.6265295451226669	0.8235844646384122
0.7309511359764448	0.9768094813153261
0.772719772317956	1.0725751167383974
0.29238045439057797	0.5362875583691987
0.6682981814641781	0.7469719562999553
0.5012236360981336	0.6703594479614983
0.6682981814641781	0.8427375917230264
0.7518354541472003	0.8810438458922549
0.5429922724396448	0.7086657021307268
0.4385706815858669	0.5745938125384271
0.48033931792737805	0.6512063208768841
0.41768636341511134	0.5171344312845845
0.7518354541472003	0.8044313375537979
0.6056452269519114	0.7661250833845695
0.29238045439057797	0.5554406854538129
0.3550334089028446	0.4788281771153559
0.3550334089028446	0.45967505003074166
0.6891824996349337	0.6895125750461125
0.4385706815858669	0.7661250833845695
0.772719772317956	0.6703594479614983
0.6682981814641781	0.727818829215341
0.5638765906104003	0.6512063208768841
0.41768636341511134	0.49798130419997017
0.39680204524435575	0.7086657021307268
0.5847609087811559	0.6320531937922699
0.5847609087811559	0.6512063208768841
0.5847609087811559	0.6703594479614983
0.7518354541472003	0.8810438458922549
0.6474138632934225	0.5171344312845845
0.5429922724396448	0.5937469396230414
0.8144884086594671	0.8235844646384122
0.7100668178056893	0.8044313375537979
0.5012236360981336	0.7086657021307268
0.48033931792737805	0.6320531937922699
0.45945499975662246	0.5554406854538129
0.6056452269519114	0.7469719562999553
0.7518354541472003	0.6320531937922699
0.5221079542688891	0.6703594479614983
0.5012236360981336	0.49798130419997017
0.4385706815858669	0.5171344312845845
0.5638765906104003	0.5745938125384271
0.5847609087811559	0.6512063208768841
0.7100668178056893	0.6895125750461125
0.5429922724396448	0.6512063208768841
0.6056452269519114	0.5745938125384271
0.5429922724396448	0.5171344312845845
0.5012236360981336	0.6512063208768841
0.5221079542688891	0.5745938125384271
0.6682981814641781	0.8618907188076407
0.5847609087811559	0.8427375917230264
0.48033931792737805	0.6320531937922699
0.33414909073208904	0.5937469396230414
0.5847609087811559	0.7086657021307268
0.6682981814641781	0.5937469396230414
