WT	KO
0.5641166402445469	0.19813579742704382
0.5761191219518776	0.6274300251856387
0.61212656707387	0.3742565062510828
0.49210175000056217	0.39627159485408764
0.6241290487812009	0.429294227758595
0.45609430487856983	0.3412338733465755
0.5161067134152237	0.40727913915559005
0.5161067134152237	0.3412338733465755
0.6361315304885317	0.2201508860300487
0.7081464207325162	0.4843319492661072
0.5641166402445469	0.4182866834570925
0.7081464207325162	0.5173545821706145
0.3960818963419159	0.39627159485408764
0.46809678658590065	0.3852640505525852
0.5161067134152237	0.29720369614056574
0.5401116768298854	0.4182866834570925
0.732151384147178	0.429294227758595
0.6001240853665392	0.29720369614056574
0.7681588292691702	0.3522414176480779
0.6721389756105239	0.5503772150751217
0.6001240853665392	0.6494451137886436
0.6721389756105239	0.5173545821706145
0.504104231707893	0.4733244049646047
0.6241290487812009	0.28619615183906333
0.43208934146390826	0.4623168606631023
0.8281712378058242	0.5503772150751217
0.7201489024398472	0.5283621264721169
0.5881216036592084	0.5283621264721169
0.6241290487812009	0.5063470378691121
0.6841414573178547	0.3522414176480779
0.61212656707387	0.3852640505525852
0.6481340121958624	0.4623168606631023
0.732151384147178	0.39627159485408764
0.5881216036592084	0.36324896194958034
0.45609430487856983	0.4623168606631023
0.45609430487856983	0.6274300251856387
0.7201489024398472	0.4403017720600974
0.6961439390251855	0.5063470378691121
0.5161067134152237	0.40727913915559005
0.5161067134152237	0.4513093163615998
0.732151384147178	0.5283621264721169
0.5881216036592084	0.429294227758595
0.780161310976501	0.5173545821706145
0.6481340121958624	0.4623168606631023
0.8041662743911625	0.5613847593766241
0.5641166402445469	0.3302263290450731
0.7081464207325162	0.40727913915559005
0.6601364939031932	0.4403017720600974
0.61212656707387	0.429294227758595
0.5641166402445469	0.28619615183906333
0.5281091951225546	0.4843319492661072
0.6601364939031932	0.6384375694871411
0.6481340121958624	0.5503772150751217
0.8161687560984934	0.5613847593766241
0.888183646342478	0.3742565062510828
0.8161687560984934	0.682467746693151
0.6361315304885317	0.4513093163615998
0.3480719695125927	0.5833998479796291
0.780161310976501	0.6714602023916486
0.8281712378058242	0.5063470378691121
0.6601364939031932	0.5063470378691121
0.780161310976501	0.6384375694871411
0.9241910914644704	0.5063470378691121
0.9601985365864628	0.5283621264721169
0.8281712378058242	0.6274300251856387
0.732151384147178	0.5503772150751217
0.732151384147178	0.4953394935676096
0.8041662743911625	0.4843319492661072
1.0562183902451092	0.6384375694871411
0.8281712378058242	0.5613847593766241
0.732151384147178	0.429294227758595
0.8521762012204858	0.5833998479796291
0.8041662743911625	0.3852640505525852
0.6001240853665392	0.5063470378691121
0.8281712378058242	0.4953394935676096
0.780161310976501	0.7154903795976583
0.6241290487812009	0.5173545821706145
0.732151384147178	0.4953394935676096
0.6841414573178547	0.36324896194958034
0.9962059817084551	0.5944073922811315
0.8641786829278165	0.7705281011051704
0.780161310976501	0.6384375694871411
0.6601364939031932	0.5173545821706145
0.7081464207325162	0.4623168606631023
0.6001240853665392	0.429294227758595
0.840173719513155	0.31921878474357057
0.7561563475618395	0.5833998479796291
0.8521762012204858	0.5833998479796291
0.8641786829278165	0.7375054682006631
0.6721389756105239	0.4843319492661072
0.5161067134152237	0.2421659746330536
0.7201489024398472	0.7485130125021656
0.9241910914644704	0.7705281011051704
0.8761811646351473	0.5944073922811315
0.6241290487812009	0.31921878474357057
0.7561563475618395	0.4623168606631023
0.9601985365864628	0.6934752909946534
1.0682208719524398	0.7154903795976583
0.6481340121958624	0.39627159485408764
0.3480719695125927	0.17612070882403896
0.4800992682932314	0.28619615183906333
0.5761191219518776	0.3742565062510828
1.2362556158550708	0.8695959998186924
0.6841414573178547	0.5283621264721169
0.732151384147178	0.5173545821706145
0.5521141585372161	0.23115843033155115
0.8641786829278165	0.5393696707736193
0.9962059817084551	0.6274300251856387
0.7561563475618395	0.682467746693151
0.504104231707893	0.39627159485408764
0.7561563475618395	0.29720369614056574
0.8761811646351473	0.6384375694871411
0.6841414573178547	0.5283621264721169
0.6601364939031932	0.5283621264721169
0.5761191219518776	0.39627159485408764
0.7441538658545087	0.4403017720600974
0.5881216036592084	0.30821124044206816
0.7201489024398472	0.429294227758595
0.5641166402445469	0.5613847593766241
0.5881216036592084	0.4513093163615998
1.0442159085377782	0.7154903795976583
0.6001240853665392	0.682467746693151
0.8761811646351473	0.4513093163615998
0.7201489024398472	0.4843319492661072
0.840173719513155	0.4623168606631023
0.9121886097571397	0.5944073922811315
0.6361315304885317	0.5833998479796291
0.8521762012204858	0.5723923036781267
0.8281712378058242	0.6054149365826339
1.0442159085377782	0.5503772150751217
0.7081464207325162	0.7485130125021656
0.6481340121958624	0.7044828352961559
0.8281712378058242	0.5723923036781267
0.9121886097571397	0.6384375694871411
0.8641786829278165	0.4403017720600974
0.8521762012204858	0.4733244049646047
0.5281091951225546	0.39627159485408764
0.7561563475618395	0.40727913915559005
0.780161310976501	0.4403017720600974
0.7561563475618395	0.5944073922811315
0.7441538658545087	0.6384375694871411
0.5881216036592084	0.5393696707736193
0.6481340121958624	0.3852640505525852
0.6241290487812009	0.4403017720600974
0.7921637926838317	0.4623168606631023
0.7081464207325162	0.5833998479796291
0.4080843780492467	0.31921878474357057
0.504104231707893	0.3302263290450731
0.6001240853665392	0.40727913915559005
0.6241290487812009	0.5393696707736193
0.8641786829278165	0.5723923036781267
0.504104231707893	0.5063470378691121
0.504104231707893	0.1210829873165268
0.45609430487856983	0.26418106323605844
0.6481340121958624	0.4403017720600974
0.7081464207325162	0.40727913915559005
0.6601364939031932	0.3852640505525852
0.5521141585372161	0.39627159485408764
0.45609430487856983	0.31921878474357057
0.46809678658590065	0.29720369614056574
0.6721389756105239	0.3412338733465755
0.6961439390251855	0.4513093163615998
0.9842035000011243	0.5944073922811315
0.8161687560984934	0.4623168606631023
0.6241290487812009	0.4733244049646047
0.7201489024398472	0.429294227758595
0.4200868597565775	0.26418106323605844
0.6481340121958624	0.3522414176480779
0.7081464207325162	0.40727913915559005
0.5161067134152237	0.4623168606631023
0.6721389756105239	0.5393696707736193
0.5161067134152237	0.429294227758595
0.5761191219518776	0.5173545821706145
0.7081464207325162	0.4623168606631023
0.7561563475618395	0.4513093163615998
0.6001240853665392	0.5503772150751217
0.6721389756105239	0.6384375694871411
0.780161310976501	0.6054149365826339
0.8041662743911625	0.6054149365826339
0.6361315304885317	0.40727913915559005
0.8281712378058242	0.5393696707736193
0.7921637926838317	0.5503772150751217
0.6241290487812009	0.5723923036781267
0.5761191219518776	0.5833998479796291
0.7201489024398472	0.36324896194958034
0.3960818963419159	0.4843319492661072
0.5281091951225546	0.3852640505525852
0.6241290487812009	0.4953394935676096
0.46809678658590065	0.5063470378691121
0.780161310976501	0.5503772150751217
0.732151384147178	0.5283621264721169
0.780161310976501	0.39627159485408764
0.6001240853665392	0.39627159485408764
0.4080843780492467	0.30821124044206816
0.5401116768298854	0.5063470378691121
0.7561563475618395	0.5613847593766241
0.8521762012204858	0.5393696707736193
0.6001240853665392	0.36324896194958034
0.49210175000056217	0.4403017720600974
0.4800992682932314	0.17612070882403896
