WT	KO
0.47630901091196903	0.3864227394264276
0.43966985622643295	0.4536266941092845
0.6045460523113454	0.5208306487921416
0.3297523921698247	0.4032237280971418
0.5679068976258093	0.47042768277999875
0.3663915468553608	0.4872286714507131
0.5312677429402732	0.5208306487921416
0.6228656296541133	0.47042768277999875
0.5862264749685773	0.6552385581578555
0.5312677429402732	0.4872286714507131
0.3663915468553608	0.4872286714507131
0.45798943356920097	0.47042768277999875
0.3663915468553608	0.5208306487921416
0.47630901091196903	0.3696217507557133
0.6778243616824176	0.5376316374628557
0.49462858825473704	0.5208306487921416
0.5129481655975051	0.55443262613357
0.5312677429402732	0.5712336148042843
0.3847111241981288	0.5880346034749985
0.5129481655975051	0.5376316374628557
0.45798943356920097	0.3696217507557133
0.47630901091196903	0.5208306487921416
0.43966985622643295	0.5880346034749985
0.6411852069968814	0.47042768277999875
0.5129481655975051	0.6720395468285697
0.49462858825473704	0.4872286714507131
0.4213502788836649	0.5040296601214272
0.47630901091196903	0.6384375694871411
0.5129481655975051	0.7728454788528552
0.3297523921698247	0.4368257054385703
0.5495873202830411	0.5208306487921416
0.6778243616824176	0.5208306487921416
0.45798943356920097	0.55443262613357
0.5862264749685773	0.47042768277999875
0.47630901091196903	0.4032237280971418
0.4213502788836649	0.4032237280971418
0.5129481655975051	0.7224425128407125
0.47630901091196903	0.5880346034749985
0.5679068976258093	0.47042768277999875
0.5495873202830411	0.5880346034749985
0.6045460523113454	0.420024716767856
0.5679068976258093	0.5376316374628557
0.45798943356920097	0.4536266941092845
0.3663915468553608	0.4872286714507131
0.5129481655975051	0.4536266941092845
0.5312677429402732	0.5712336148042843
0.6411852069968814	0.5208306487921416
0.4213502788836649	0.7224425128407125
0.3480719695125927	0.5040296601214272
0.45798943356920097	0.5208306487921416
0.7511026710534897	0.7896464675235694
0.6045460523113454	0.5208306487921416
0.5495873202830411	0.4872286714507131
0.47630901091196903	0.4536266941092845
0.3847111241981288	0.4536266941092845
0.4030307015408969	0.5712336148042843
0.49462858825473704	0.5040296601214272
0.5312677429402732	0.6720395468285697
0.6411852069968814	0.7392435015114266
0.43966985622643295	0.6384375694871411
0.3847111241981288	0.5208306487921416
0.5862264749685773	0.6048355921457127
0.47630901091196903	0.5208306487921416
0.6595047843396494	0.8736514108771406
0.5129481655975051	0.6552385581578555
0.3297523921698247	0.6888405354992839
0.43966985622643295	0.55443262613357
0.47630901091196903	0.6048355921457127
0.49462858825473704	0.6384375694871411
0.6228656296541133	0.5880346034749985
0.45798943356920097	0.7056415241699981
0.5312677429402732	0.5208306487921416
0.43966985622643295	0.5712336148042843
0.5129481655975051	0.5040296601214272
0.7327830937107216	0.7560444901821409
0.5129481655975051	0.7224425128407125
0.5862264749685773	0.7728454788528552
0.7144635163679536	0.6552385581578555
0.47630901091196903	0.6552385581578555
0.6961439390251855	0.7896464675235694
0.5312677429402732	0.6552385581578555
0.45798943356920097	0.6384375694871411
0.6411852069968814	0.55443262613357
0.5312677429402732	0.5712336148042843
0.7144635163679536	0.6888405354992839
0.6778243616824176	0.6552385581578555
0.6778243616824176	0.8064474561942836
0.5679068976258093	0.6888405354992839
0.3663915468553608	0.5040296601214272
0.6411852069968814	0.621636580816427
0.5129481655975051	0.4872286714507131
0.47630901091196903	0.4872286714507131
0.29311323748428864	0.5712336148042843
0.43966985622643295	0.33601977341428485
0.4030307015408969	0.420024716767856
0.27479366014152057	0.31921878474357057
0.23815450545598452	0.47042768277999875
0.1831957734276804	0.33601977341428485
0.45798943356920097	0.55443262613357
0.7694222483962576	0.6048355921457127
0.6411852069968814	0.5208306487921416
0.5129481655975051	0.6888405354992839
0.5129481655975051	0.6552385581578555
0.16487619608491236	0.2520148300607136
0.27479366014152057	0.4032237280971418
0.3480719695125927	0.2856168074021421
0.4213502788836649	0.4872286714507131
0.6228656296541133	0.4368257054385703
0.5312677429402732	0.5712336148042843
0.47630901091196903	0.621636580816427
0.47630901091196903	0.6048355921457127
0.6411852069968814	0.6720395468285697
0.6228656296541133	0.7560444901821409
0.8610201351100979	0.6048355921457127
0.45798943356920097	0.5712336148042843
0.6961439390251855	0.5376316374628557
0.7144635163679536	0.8568504222064264
0.5129481655975051	0.6720395468285697
0.6228656296541133	0.6048355921457127
0.47630901091196903	0.5712336148042843
0.6595047843396494	0.7728454788528552
0.6595047843396494	0.55443262613357
0.3297523921698247	0.4368257054385703
0.5679068976258093	0.5040296601214272
0.3847111241981288	0.4872286714507131
0.6045460523113454	0.55443262613357
0.6228656296541133	0.7560444901821409
0.3297523921698247	0.4872286714507131
0.5495873202830411	0.3528207620849991
0.45798943356920097	0.3864227394264276
0.7877418257390257	0.5712336148042843
0.897659289795634	0.7560444901821409
0.6045460523113454	0.5712336148042843
0.47630901091196903	0.4536266941092845
0.47630901091196903	0.5040296601214272
0.5679068976258093	0.5040296601214272
0.6228656296541133	0.5880346034749985
0.3847111241981288	0.47042768277999875
0.5862264749685773	0.8904523995478548
0.6595047843396494	0.7560444901821409
0.5862264749685773	0.55443262613357
0.6778243616824176	0.55443262613357
0.5679068976258093	0.5208306487921416
0.6228656296541133	0.6552385581578555
0.5679068976258093	0.5712336148042843
0.6045460523113454	0.5208306487921416
0.4213502788836649	0.47042768277999875
0.5862264749685773	0.47042768277999875
0.7327830937107216	0.7896464675235694
0.43966985622643295	0.4872286714507131
0.6961439390251855	0.6048355921457127
0.5495873202830411	0.6720395468285697
0.7694222483962576	0.7560444901821409
0.7694222483962576	0.621636580816427
0.5312677429402732	0.5208306487921416
0.43966985622643295	0.33601977341428485
0.49462858825473704	0.4872286714507131
0.6045460523113454	0.8232484448649979
0.6045460523113454	0.8064474561942836
0.5862264749685773	0.5880346034749985
0.5495873202830411	0.4536266941092845
0.29311323748428864	0.33601977341428485
0.5679068976258093	0.4368257054385703
0.5312677429402732	0.5040296601214272
0.45798943356920097	0.6552385581578555
0.4213502788836649	0.5040296601214272
0.4030307015408969	0.5040296601214272
0.45798943356920097	0.4872286714507131
0.5129481655975051	0.5712336148042843
0.7327830937107216	0.7224425128407125
0.6961439390251855	0.6888405354992839
0.5312677429402732	0.4032237280971418
0.6411852069968814	0.6720395468285697
0.4213502788836649	0.6888405354992839
0.4030307015408969	0.7560444901821409
0.5862264749685773	0.7056415241699981
0.5312677429402732	0.2856168074021421
0.5862264749685773	0.5880346034749985
0.47630901091196903	0.5040296601214272
0.5312677429402732	0.5040296601214272
0.4213502788836649	0.6384375694871411
0.3297523921698247	0.3864227394264276
0.5862264749685773	0.4368257054385703
0.6411852069968814	0.6552385581578555
0.3480719695125927	0.5376316374628557
0.5312677429402732	0.6552385581578555
0.49462858825473704	0.5208306487921416
0.43966985622643295	0.4032237280971418
0.47630901091196903	0.47042768277999875
0.5679068976258093	0.5040296601214272
0.49462858825473704	0.5208306487921416
0.4213502788836649	0.5208306487921416
0.3847111241981288	0.4872286714507131
0.4030307015408969	0.6552385581578555
0.31143281482705665	0.5208306487921416
0.3480719695125927	0.5208306487921416
0.7144635163679536	0.55443262613357
0.6778243616824176	0.6048355921457127
0.6045460523113454	0.6384375694871411
0.5312677429402732	0.5208306487921416
