WT	KO
0.4687810135715917	0.49588856347338517
0.5059858559185434	0.4845149725680324
0.47622198204098204	0.4685919453005383
0.44397778534029053	0.4344711725844797
0.5084661787416735	0.47314138166267944
0.5159071472110638	0.47541609984375005
0.5531119895580155	0.49588856347338517
0.5357497297961048	0.443570045308762
0.5307890841498446	0.5140863089219498
0.5059858559185434	0.44129532712769143
0.47374165921785194	0.4299217362223386
0.4960645646260229	0.43219645440340915
0.47622198204098204	0.4981632816544558
0.585356186258707	0.5118115907408792
0.5283087613267144	0.4776908180248206
0.5357497297961048	0.4708666634816089
0.5580726352042759	0.4617677907573266
0.49110391897976274	0.4845149725680324
0.5779152177893166	0.4776908180248206
0.5531119895580155	0.4845149725680324
0.5134268243879337	0.46631722711946777
0.543190698265495	0.4936138452923147
0.585356186258707	0.4913391271112441
0.6275216742519191	0.5641301089055024
0.540710375442365	0.5118115907408792
0.6275216742519191	0.5618553907244318
0.5555923123811457	0.518635745284091
0.5456710210886252	0.5413829270947967
0.6151200601362684	0.5322840543705144
0.5456710210886252	0.4822402543869618
0.6176003829593986	0.5686795452676436
0.5605529580274059	0.5300093361894438
0.5307890841498446	0.5413829270947967
0.6399232883675696	0.5254598998273028
0.5903168319049673	0.5482070816380085
0.6002381231974878	0.5504817998190791
0.6523249024832202	0.5823278543540671
0.5580726352042759	0.534558772551585
0.5531119895580155	0.48678969074910294
0.6324823198981793	0.5027127180165969
0.5754348949661866	0.5436576452758672
0.5655136036736662	0.5755036998108554
0.6473642568369599	0.5527565180001496
0.5803955406124468	0.5391082089137261
0.6473642568369599	0.5959761634404904
0.6994510361226923	0.5504817998190791
0.582875863435577	0.5459323634569379
0.6101594144900082	0.5436576452758672
0.6523249024832202	0.5755036998108554
0.6151200601362684	0.6118991907079846
0.692010067653302	0.5482070816380085
0.7068920045920827	0.5937014452594199
0.6746478078913912	0.5391082089137261
0.6597658709526105	0.5959761634404904
0.6523249024832202	0.6915143270454546
0.6473642568369599	0.6369210906997609
0.7044116817689526	0.657393554329396
0.7242542643539934	0.6028003179837023
0.7639394295240753	0.6278222179754785
0.711852650238343	0.6460199634240432
0.7192936187077332	0.6824154543211723
0.7316952328233839	0.6551188361483253
0.8061049175172873	0.6528441179672549
0.8755539565649305	0.6528441179672549
0.7366558784696441	0.6596682725104666
0.7292149100002537	0.7324592543047249
0.7416165241159043	0.6391958088808314
0.6870494220070418	0.6960637634075958
0.7168132958846031	0.6255474997944079
0.7019313589458225	0.6369210906997609
0.714332973061473	0.7893272088314893
0.8011442718710271	0.67331658159689
0.7912229805785066	0.6164486270701257
0.8358687913948487	0.6983384815886663
0.7540181382315548	0.7461075633911485
0.8135458859866777	0.7324592543047249
0.8383491142179788	0.6460199634240432
0.7738607208165958	0.7074373543129486
0.8160262088098078	0.7825030542882776
0.711852650238343	0.6642177088726077
0.778821366462856	0.6710418634158195
0.8482704055104993	0.7074373543129486
0.7019313589458225	0.6278222179754785
0.7490574925852946	0.6073497543458434
0.6200807057825286	0.5823278543540671
0.6101594144900082	0.5209104634651616
0.582875863435577	0.5049874361976675
0.6250413514287889	0.5254598998273028
0.7440968469390344	0.6323716543376197
0.6473642568369599	0.534558772551585
0.692010067653302	0.641470527061902
0.5927971547280975	0.5004379998355264
0.7416165241159043	0.6460199634240432
0.8805146022111907	0.7574811542965013
0.9772471923132652	0.8257226997286186
0.9970897748983061	0.8461951633582536
0.6200807057825286	0.6028003179837023
0.5307890841498446	0.5391082089137261
0.5803955406124468	0.5413829270947967
0.7738607208165958	0.7506569997532895
1.0094913890139567	0.8598434724446772
0.9226800902044026	0.807524954280054
0.692010067653302	0.6278222179754785
0.5183874700341939	0.5322840543705144
0.49358424180289284	0.4458447634898326
0.8780342793880607	0.87121706335003
1.059097845476559	0.994051845127841
0.8606720196261498	0.7779536179261365
0.7044116817689526	0.6755912997779606
0.582875863435577	0.5413829270947967
0.6572855481294804	0.5868772907162082
0.7093723274152128	0.6528441179672549
0.6820887763607815	0.6505693997861843
0.5977578003743577	0.630096936156549
0.582875863435577	0.5641301089055024
0.5580726352042759	0.5140863089219498
0.6176003829593986	0.5004379998355264
0.6424036111906998	0.598250881621561
0.692010067653302	0.6596682725104666
0.7316952328233839	0.6801407361401018
0.758978783877815	0.7142615088561605
0.7540181382315548	0.689239608864384
0.8061049175172873	0.6869648906833135
0.8333884685717186	0.7074373543129486
0.8581916968030197	0.7233603815804427
0.7887426577553764	0.6983384815886663
0.7366558784696441	0.6437452452429726
0.8457900826873691	0.6983384815886663
0.8085852403404175	0.7028879179508075
0.7713803979934657	0.6232727816133373
0.6200807057825286	0.6141739088890551
0.8061049175172873	0.716536227037231
0.8284278229254582	0.689239608864384
0.7912229805785066	0.684690172502243
0.7366558784696441	0.6346463725186903
0.6572855481294804	0.609624472526914
0.7440968469390344	0.641470527061902
0.7862623349322463	0.6664924270536783
0.7813016892859862	0.6664924270536783
0.7490574925852946	0.6187233452511963
0.778821366462856	0.630096936156549
0.7168132958846031	0.5777784179919259
0.778821366462856	0.6801407361401018
0.669687162245131	0.5777784179919259
0.6002381231974878	0.6141739088890551
0.6994510361226923	0.6073497543458434
0.6796084535376514	0.6391958088808314
0.6300019970750491	0.6278222179754785
0.6448839340138298	0.5959761634404904
0.6746478078913912	0.5800531361729965
0.6374429655444395	0.5800531361729965
0.6424036111906998	0.6050750361647728
0.6349626427213094	0.5595806725433613
0.6597658709526105	0.6073497543458434
0.6796084535376514	0.5641301089055024
0.6374429655444395	0.6255474997944079
0.6796084535376514	0.6209980634322668
0.7019313589458225	0.6619429906915372
0.6275216742519191	0.5368334907326555
0.6275216742519191	0.6028003179837023
0.6300019970750491	0.6346463725186903
0.6275216742519191	0.5550312361812202
0.6126397373131383	0.5482070816380085
0.5754348949661866	0.5846025725351377
0.5927971547280975	0.5868772907162082
0.5952774775512275	0.5937014452594199
0.6126397373131383	0.6505693997861843
0.6473642568369599	0.5595806725433613
0.5779152177893166	0.5391082089137261
0.5233481156804543	0.5118115907408792
0.5605529580274059	0.5118115907408792
0.5481513439117554	0.5777784179919259
0.585356186258707	0.6005255998026316
0.5779152177893166	0.5049874361976675
0.538230052619235	0.5686795452676436
0.5605529580274059	0.5095368725598086
0.5283087613267144	0.5322840543705144
0.5531119895580155	0.5573059543622908
0.6275216742519191	0.5618553907244318
0.5456710210886252	0.5095368725598086
0.5357497297961048	0.5163610271030205
0.5134268243879337	0.48906440893017356
0.5233481156804543	0.5413829270947967
0.5208677928573241	0.48678969074910294
0.5729545721430566	0.5800531361729965
0.6424036111906998	0.5618553907244318
0.5357497297961048	0.5732289816297848
0.5952774775512275	0.5027127180165969
0.5679939264967963	0.4799655362058912
0.5456710210886252	0.47314138166267944
0.5779152177893166	0.5049874361976675
0.5010252102722832	0.5049874361976675
0.585356186258707	0.5800531361729965
0.5878365090818372	0.5322840543705144
0.5729545721430566	0.46631722711946777
0.543190698265495	0.4458447634898326
0.540710375442365	0.4936138452923147
0.49110391897976274	0.4822402543869618
0.5903168319049673	0.5709542634487141
0.5977578003743577	0.5732289816297848
