WT	KO
0.5780480922262702	0.8678760710215826
0.4848145289639685	0.7353432719985824
0.4521827818221629	0.6883155046033241
0.5081229197795439	0.7609947814869049
0.5221079542688891	0.7225175172544209
0.5314313105951193	0.7310680204171952
0.4615061381483931	0.7396185235799695
0.4754911726377383	0.7310680204171952
0.5081229197795439	0.7524442783241307
0.5920331267156154	0.8807018257657439
0.6106798393680757	0.7609947814869049
0.4848145289639685	0.7652700330682921
0.512784597942659	0.7780957878124534
0.573386414063155	0.7780957878124534
0.629326552020536	0.8165730520449372
0.6013564830418455	0.8080225488821631
0.5174462761057741	0.7738205362310663
0.6712816554885718	0.8636008194401955
0.6386499083467663	0.884977077347131
0.629326552020536	0.8080225488821631
0.6106798393680757	0.7353432719985824
0.5500780232475797	0.7567195299055178
0.633988230183651	0.8892523289285181
0.5873714485525003	0.8764265741843568
0.49413788529019864	0.8550503162774213
0.5314313105951193	0.7310680204171952
0.5687247359000399	0.7567195299055178
0.6386499083467663	0.8379493099518729
0.685266689977917	0.8550503162774213
0.6712816554885718	0.9106285868354537
0.6013564830418455	0.8336740583704858
0.6572966209992265	0.7738205362310663
0.6526349428361115	0.8165730520449372
0.624664873857421	0.8165730520449372
0.6526349428361115	0.9063533352540666
0.6526349428361115	0.9875831153004215
0.6479732646729963	0.8721513226029697
0.6759433336516869	0.8379493099518729
0.5966948048787304	0.8336740583704858
0.6386499083467663	1.081638650090938
0.5873714485525003	0.9320048447423892
0.745868506098413	0.9362800963237763
0.6945900463041471	0.8251235552077116
0.6106798393680757	0.8550503162774213
0.6386499083467663	1.0688128953467766
0.6806050118148019	1.0474366374398412
0.7551918624246432	0.9362800963237763
0.6619582991623416	0.9491058510679377
0.6806050118148019	0.9320048447423892
0.745868506098413	1.0260603795329055
0.7132367589566075	0.9405553479051634
0.6666199773254566	0.9362800963237763
0.633988230183651	0.9362800963237763
0.8157936785451393	0.9875831153004215
0.7132367589566075	0.9362800963237763
0.6619582991623416	0.9063533352540666
0.573386414063155	0.9533811026493247
0.6572966209992265	0.8636008194401955
0.7085750807934924	0.8550503162774213
0.7878236095664488	0.9277295931610021
0.6992517244672622	0.9833078637190343
0.7132367589566075	0.9961336184631958
0.8064703222189091	1.0260603795329055
0.7831619314033337	1.0901891532537122
0.7924852877295638	1.1201159143234218
0.7225601152828376	1.0217851279515184
0.7831619314033337	0.961931605812099
0.7831619314033337	1.081638650090938
0.741206827935298	1.0901891532537122
0.7318834716090677	1.0431613858584539
0.8437637475238298	0.9704821089748732
0.7551918624246432	0.9790326121376474
0.7785002532402187	1.1585931785559058
0.8111320003820243	1.013234624788744
0.745868506098413	1.1072901595792606
0.7505301842615282	0.9533811026493247
0.7598535405877582	0.966206857393486
0.8391020693607147	1.406557770276358
0.8064703222189091	1.16714368171868
0.8297787130344845	1.1799694364628415
0.7691768969139885	1.0217851279515184
0.7318834716090677	0.961931605812099
0.7225601152828376	1.1372169206489704
0.8204553567082543	1.1158406627420348
0.8297787130344845	1.124391165904809
0.741206827935298	1.0303356311142926
0.6200031956943058	0.8978028320912923
0.685266689977917	0.8464998131146471
0.6386499083467663	0.8379493099518729
0.5873714485525003	0.8550503162774213
0.8344403911975997	1.0645376437653895
0.6759433336516869	0.961931605812099
0.5920331267156154	0.7909215425566146
0.40556600019101213	0.5515074539989366
0.5454163450844646	0.803747297300776
0.745868506098413	1.0987396564164864
0.47082949447462324	0.67976500144055
0.6572966209992265	0.8507750646960341
0.5454163450844646	0.7353432719985824
0.4987995634533138	0.6498382403708403
0.6386499083467663	0.919179089998228
0.4381977473328177	0.5942599698128078
0.6572966209992265	0.8978028320912923
0.6479732646729963	0.8379493099518729
0.5314313105951193	0.602810472975582
0.8484254256869449	1.0559871406026153
0.6153415175311908	0.84222456153326
0.5920331267156154	0.7909215425566146
0.6572966209992265	0.9020780836726794
0.6899283681410321	0.9533811026493247
0.8950422073180956	1.0688128953467766
0.5547397014106947	0.6712144982777757
0.5594013795738098	0.8080225488821631
0.6386499083467663	0.7738205362310663
0.6806050118148019	0.8593255678588084
0.7272217934459527	0.923454341579615
0.7645152187508734	0.919179089998228
0.8018086440557941	1.0431613858584539
0.7971469658926789	1.0517118890212283
0.857748782013175	1.1714189333000673
0.8064703222189091	1.1072901595792606
0.8484254256869449	1.000408870044583
0.745868506098413	1.1414921722303575
0.685266689977917	1.0089593732073572
0.7505301842615282	1.081638650090938
0.736545149772183	0.9790326121376474
0.6526349428361115	0.9491058510679377
0.7085750807934924	0.9747573605562602
0.745868506098413	1.0901891532537122
0.745868506098413	0.9533811026493247
0.7132367589566075	1.0987396564164864
0.7645152187508734	0.9576563542307118
0.7505301842615282	0.9320048447423892
0.6619582991623416	0.9576563542307118
0.633988230183651	0.8379493099518729
0.629326552020536	0.8978028320912923
0.6479732646729963	0.9448305994865506
0.629326552020536	0.966206857393486
0.7225601152828376	0.9961336184631958
0.6666199773254566	0.9918583668818087
0.6060181612049607	0.9020780836726794
0.685266689977917	0.803747297300776
0.629326552020536	0.9320048447423892
0.6806050118148019	0.8208483036263244
0.5966948048787304	0.7951967941380018
0.6759433336516869	0.9405553479051634
0.629326552020536	0.7695452846496792
0.7039134026303774	0.8379493099518729
0.6759433336516869	0.884977077347131
0.5640630577369249	0.8464998131146471
0.6013564830418455	0.9448305994865506
0.6759433336516869	0.8122978004635502
0.6013564830418455	0.8336740583704858
0.7738385750771036	0.9576563542307118
0.6666199773254566	0.9448305994865506
0.6712816554885718	0.8507750646960341
0.5873714485525003	0.9063533352540666
0.6945900463041471	0.8293988067890987
0.6153415175311908	0.7695452846496792
0.6572966209992265	0.7951967941380018
0.6572966209992265	0.9491058510679377
0.6386499083467663	0.923454341579615
0.736545149772183	0.9491058510679377
0.6060181612049607	0.8080225488821631
0.6572966209992265	0.8464998131146471
0.6479732646729963	0.8807018257657439
0.5687247359000399	0.7738205362310663
0.5687247359000399	0.8208483036263244
0.629326552020536	0.84222456153326
0.629326552020536	0.7609947814869049
0.633988230183651	0.7780957878124534
0.5221079542688891	0.7909215425566146
0.573386414063155	0.7567195299055178
0.5966948048787304	0.803747297300776
0.49413788529019864	0.7866462909752275
0.6200031956943058	0.7609947814869049
0.5687247359000399	0.7780957878124534
0.5547397014106947	0.7011412593474854
0.5594013795738098	0.8807018257657439
0.5966948048787304	0.8721513226029697
0.6013564830418455	0.7738205362310663
0.4801528508008534	0.7396185235799695
0.5267696324320043	0.7054165109288726
0.5174462761057741	0.6712144982777757
0.5547397014106947	0.7096917625102597
0.5873714485525003	0.7481690267427437
0.6060181612049607	0.8208483036263244
0.6060181612049607	0.8080225488821631
0.512784597942659	0.7396185235799695
0.4754911726377383	0.5985352213941949
0.5594013795738098	0.6455629887894531
0.4848145289639685	0.7652700330682921
0.5174462761057741	0.6883155046033241
0.512784597942659	0.6626639951150015
0.5780480922262702	0.7481690267427437
0.4987995634533138	0.67976500144055
0.5081229197795439	0.7310680204171952
0.4475211036590478	0.6669392466963886
0.4987995634533138	0.6156362277197434
0.47082949447462324	0.6370124856266788
