WT	KO
0.11679453692455694	0.1712408861462328
0.23358907384911387	0.1712408861462328
0.35038361077367075	0.2568613292193492
0.35038361077367075	0.2568613292193492
0.11679453692455694	0.42810221536558196
0.23358907384911387	0.0
0.23358907384911387	0.2568613292193492
0.11679453692455694	0.1712408861462328
0.23358907384911387	0.0
0.11679453692455694	0.1712408861462328
0.0	0.1712408861462328
0.23358907384911387	0.1712408861462328
0.0	0.1712408861462328
0.23358907384911387	0.0
0.23358907384911387	0.42810221536558196
0.35038361077367075	0.2568613292193492
0.11679453692455694	0.0856204430731164
0.0	0.0856204430731164
0.35038361077367075	0.0
0.11679453692455694	0.1712408861462328
0.23358907384911387	0.0
0.0	0.0856204430731164
0.23358907384911387	0.5993431015118147
0.0	0.3424817722924656
0.23358907384911387	0.0856204430731164
0.23358907384911387	0.0
0.0	0.0856204430731164
0.0	0.0
0.35038361077367075	0.3424817722924656
0.7007672215473415	0.7705839876580476
0.46717814769822774	0.2568613292193492
0.0	0.0856204430731164
0.35038361077367075	0.1712408861462328
0.35038361077367075	0.2568613292193492
0.23358907384911387	0.1712408861462328
0.35038361077367075	0.1712408861462328
0.11679453692455694	0.1712408861462328
0.11679453692455694	0.2568613292193492
0.46717814769822774	0.8562044307311639
0.23358907384911387	0.5137226584386984
0.35038361077367075	0.6849635445849312
0.0	0.0
0.11679453692455694	0.2568613292193492
0.46717814769822774	0.42810221536558196
0.0	0.3424817722924656
0.7007672215473415	0.5137226584386984
0.46717814769822774	0.1712408861462328
0.11679453692455694	0.3424817722924656
0.35038361077367075	0.3424817722924656
0.35038361077367075	0.42810221536558196
0.23358907384911387	0.3424817722924656
0.11679453692455694	0.0
0.35038361077367075	0.1712408861462328
0.23358907384911387	0.5137226584386984
0.5839726846227846	0.42810221536558196
0.23358907384911387	0.3424817722924656
0.35038361077367075	0.1712408861462328
0.11679453692455694	0.1712408861462328
0.46717814769822774	0.5993431015118147
0.46717814769822774	0.7705839876580476
0.7007672215473415	0.42810221536558196
0.11679453692455694	0.3424817722924656
0.23358907384911387	0.1712408861462328
0.23358907384911387	0.2568613292193492
0.35038361077367075	0.42810221536558196
0.5839726846227846	0.5137226584386984
0.11679453692455694	0.42810221536558196
0.5839726846227846	0.42810221536558196
0.0	0.3424817722924656
0.5839726846227846	0.5137226584386984
0.46717814769822774	0.1712408861462328
0.11679453692455694	0.3424817722924656
0.46717814769822774	0.42810221536558196
0.5839726846227846	0.5137226584386984
0.46717814769822774	0.2568613292193492
0.11679453692455694	0.2568613292193492
0.23358907384911387	0.1712408861462328
0.35038361077367075	0.2568613292193492
0.46717814769822774	0.5993431015118147
0.5839726846227846	0.5137226584386984
0.46717814769822774	0.6849635445849312
0.23358907384911387	0.1712408861462328
0.11679453692455694	0.0856204430731164
0.5839726846227846	0.2568613292193492
0.11679453692455694	0.0
0.46717814769822774	0.42810221536558196
0.0	0.3424817722924656
0.23358907384911387	0.42810221536558196
0.11679453692455694	0.3424817722924656
0.23358907384911387	0.3424817722924656
0.0	0.1712408861462328
0.23358907384911387	0.6849635445849312
0.11679453692455694	0.0856204430731164
0.35038361077367075	0.1712408861462328
0.23358907384911387	0.0856204430731164
0.0	0.1712408861462328
0.11679453692455694	0.1712408861462328
0.35038361077367075	0.3424817722924656
0.5839726846227846	0.0856204430731164
0.46717814769822774	0.42810221536558196
0.35038361077367075	0.6849635445849312
0.23358907384911387	0.42810221536558196
0.23358907384911387	0.3424817722924656
0.0	0.2568613292193492
0.11679453692455694	0.0856204430731164
0.11679453692455694	0.2568613292193492
0.46717814769822774	0.1712408861462328
0.35038361077367075	0.3424817722924656
0.5839726846227846	0.2568613292193492
0.11679453692455694	0.1712408861462328
0.46717814769822774	0.3424817722924656
0.23358907384911387	0.3424817722924656
0.35038361077367075	0.3424817722924656
0.11679453692455694	0.2568613292193492
0.46717814769822774	0.3424817722924656
0.8175617584718985	0.6849635445849312
0.7007672215473415	0.3424817722924656
0.23358907384911387	0.3424817722924656
0.35038361077367075	0.2568613292193492
0.35038361077367075	0.5137226584386984
0.35038361077367075	0.6849635445849312
0.23358907384911387	0.5993431015118147
0.0	0.2568613292193492
0.11679453692455694	0.2568613292193492
0.11679453692455694	0.1712408861462328
0.35038361077367075	0.5137226584386984
0.35038361077367075	0.5137226584386984
0.23358907384911387	0.0856204430731164
0.0	0.1712408861462328
0.11679453692455694	0.0856204430731164
0.46717814769822774	0.5993431015118147
0.5839726846227846	0.42810221536558196
0.11679453692455694	0.0
0.23358907384911387	0.0856204430731164
0.0	0.2568613292193492
0.0	0.2568613292193492
0.11679453692455694	0.6849635445849312
0.23358907384911387	0.3424817722924656
0.35038361077367075	0.3424817722924656
0.35038361077367075	0.2568613292193492
0.35038361077367075	0.0856204430731164
0.11679453692455694	0.1712408861462328
0.5839726846227846	0.2568613292193492
0.46717814769822774	0.6849635445849312
0.5839726846227846	0.5993431015118147
0.35038361077367075	0.42810221536558196
0.11679453692455694	0.3424817722924656
0.11679453692455694	0.0856204430731164
0.35038361077367075	0.1712408861462328
0.35038361077367075	0.0856204430731164
0.23358907384911387	0.1712408861462328
0.11679453692455694	0.1712408861462328
0.11679453692455694	0.3424817722924656
0.46717814769822774	0.1712408861462328
0.23358907384911387	0.2568613292193492
0.46717814769822774	0.3424817722924656
0.46717814769822774	0.5993431015118147
0.0	0.0
0.0	0.0
0.46717814769822774	0.0856204430731164
0.23358907384911387	0.0856204430731164
0.35038361077367075	0.3424817722924656
0.46717814769822774	0.2568613292193492
0.23358907384911387	0.42810221536558196
0.11679453692455694	0.2568613292193492
0.11679453692455694	0.3424817722924656
0.23358907384911387	0.0856204430731164
0.23358907384911387	0.3424817722924656
0.35038361077367075	0.0
0.7007672215473415	0.1712408861462328
0.23358907384911387	0.2568613292193492
0.0	0.2568613292193492
0.0	0.2568613292193492
0.11679453692455694	0.0856204430731164
0.35038361077367075	0.6849635445849312
0.23358907384911387	0.42810221536558196
0.0	0.0856204430731164
0.35038361077367075	0.1712408861462328
0.11679453692455694	0.0856204430731164
0.11679453692455694	0.2568613292193492
0.35038361077367075	0.3424817722924656
0.11679453692455694	0.0856204430731164
0.0	0.1712408861462328
0.11679453692455694	0.0856204430731164
0.0	0.1712408861462328
0.5839726846227846	0.3424817722924656
0.46717814769822774	0.1712408861462328
0.23358907384911387	0.0856204430731164
0.23358907384911387	0.2568613292193492
0.0	0.0856204430731164
0.0	0.0856204430731164
0.0	0.1712408861462328
0.5839726846227846	0.3424817722924656
0.35038361077367075	0.5137226584386984
0.0	0.3424817722924656
0.11679453692455694	0.2568613292193492
0.0	0.0856204430731164
0.35038361077367075	0.5993431015118147
0.23358907384911387	0.5993431015118147
0.23358907384911387	0.3424817722924656
