WT	KO
0.2919863423113923	0.10702555384139549
0.43797951346708847	0.0
0.0	0.0
0.14599317115569616	0.21405110768279098
0.43797951346708847	0.10702555384139549
0.14599317115569616	0.42810221536558196
0.0	0.10702555384139549
0.0	0.21405110768279098
0.14599317115569616	0.21405110768279098
0.0	0.0
0.2919863423113923	0.42810221536558196
0.2919863423113923	0.3210766615241865
0.0	0.0
0.0	0.21405110768279098
0.14599317115569616	0.3210766615241865
0.5839726846227846	0.42810221536558196
0.5839726846227846	0.642153323048373
0.14599317115569616	0.10702555384139549
0.0	0.3210766615241865
0.0	0.10702555384139549
0.2919863423113923	0.10702555384139549
0.2919863423113923	0.21405110768279098
0.14599317115569616	0.21405110768279098
0.43797951346708847	0.642153323048373
0.14599317115569616	0.21405110768279098
0.0	0.21405110768279098
0.2919863423113923	0.0
0.14599317115569616	0.0
0.2919863423113923	0.0
0.7299658557784808	0.3210766615241865
0.43797951346708847	0.642153323048373
0.0	0.3210766615241865
0.14599317115569616	0.10702555384139549
0.2919863423113923	0.10702555384139549
0.2919863423113923	0.42810221536558196
0.14599317115569616	0.21405110768279098
0.2919863423113923	0.0
0.0	0.21405110768279098
0.2919863423113923	0.10702555384139549
0.43797951346708847	0.5351277692069775
0.14599317115569616	0.3210766615241865
0.0	0.5351277692069775
0.2919863423113923	0.0
0.43797951346708847	0.21405110768279098
0.7299658557784808	0.42810221536558196
0.43797951346708847	0.3210766615241865
0.14599317115569616	0.3210766615241865
0.14599317115569616	0.3210766615241865
0.14599317115569616	0.21405110768279098
0.43797951346708847	0.21405110768279098
0.14599317115569616	0.42810221536558196
0.43797951346708847	0.21405110768279098
0.14599317115569616	0.10702555384139549
0.43797951346708847	0.5351277692069775
0.2919863423113923	0.42810221536558196
0.14599317115569616	0.10702555384139549
0.14599317115569616	0.21405110768279098
0.5839726846227846	0.42810221536558196
0.5839726846227846	0.3210766615241865
0.7299658557784808	0.7491788768897685
0.2919863423113923	0.21405110768279098
0.2919863423113923	0.21405110768279098
0.14599317115569616	0.21405110768279098
0.2919863423113923	0.42810221536558196
0.14599317115569616	0.42810221536558196
0.43797951346708847	0.42810221536558196
0.43797951346708847	0.42810221536558196
0.14599317115569616	0.3210766615241865
0.43797951346708847	0.42810221536558196
0.0	0.21405110768279098
0.43797951346708847	0.5351277692069775
0.0	0.42810221536558196
0.8759590269341769	0.42810221536558196
0.43797951346708847	0.42810221536558196
0.2919863423113923	0.42810221536558196
0.7299658557784808	0.3210766615241865
0.14599317115569616	0.10702555384139549
0.5839726846227846	0.3210766615241865
0.7299658557784808	0.642153323048373
0.5839726846227846	0.7491788768897685
0.7299658557784808	0.8562044307311639
0.14599317115569616	0.3210766615241865
0.5839726846227846	0.42810221536558196
0.14599317115569616	0.3210766615241865
0.8759590269341769	0.642153323048373
0.2919863423113923	0.42810221536558196
0.2919863423113923	0.42810221536558196
0.0	0.10702555384139549
0.5839726846227846	0.42810221536558196
0.0	0.10702555384139549
0.14599317115569616	0.42810221536558196
0.2919863423113923	0.10702555384139549
0.5839726846227846	0.42810221536558196
0.43797951346708847	0.10702555384139549
0.0	0.0
0.0	0.10702555384139549
0.43797951346708847	0.10702555384139549
0.43797951346708847	0.21405110768279098
0.5839726846227846	0.10702555384139549
0.14599317115569616	0.21405110768279098
0.0	0.10702555384139549
0.7299658557784808	0.9632299845725595
0.2919863423113923	0.3210766615241865
0.14599317115569616	0.3210766615241865
0.14599317115569616	0.3210766615241865
0.2919863423113923	0.3210766615241865
0.2919863423113923	0.21405110768279098
0.7299658557784808	0.3210766615241865
0.14599317115569616	0.42810221536558196
0.2919863423113923	0.21405110768279098
0.0	0.21405110768279098
0.2919863423113923	0.21405110768279098
0.7299658557784808	0.642153323048373
0.14599317115569616	0.5351277692069775
0.43797951346708847	0.3210766615241865
0.8759590269341769	0.42810221536558196
0.2919863423113923	0.5351277692069775
0.7299658557784808	0.42810221536558196
0.14599317115569616	0.642153323048373
0.14599317115569616	0.42810221536558196
0.5839726846227846	0.642153323048373
0.2919863423113923	0.9632299845725595
0.2919863423113923	0.5351277692069775
0.43797951346708847	0.21405110768279098
0.14599317115569616	0.5351277692069775
0.5839726846227846	0.3210766615241865
0.14599317115569616	0.21405110768279098
0.14599317115569616	0.5351277692069775
0.0	0.21405110768279098
0.14599317115569616	0.0
0.14599317115569616	0.3210766615241865
1.0219521980898731	0.5351277692069775
0.43797951346708847	0.8562044307311639
0.14599317115569616	0.3210766615241865
0.0	0.42810221536558196
0.14599317115569616	0.0
0.14599317115569616	0.10702555384139549
0.5839726846227846	0.5351277692069775
0.7299658557784808	0.5351277692069775
0.0	0.10702555384139549
0.0	0.10702555384139549
0.7299658557784808	0.21405110768279098
0.14599317115569616	0.21405110768279098
0.2919863423113923	0.3210766615241865
0.43797951346708847	0.9632299845725595
0.7299658557784808	0.3210766615241865
0.43797951346708847	0.3210766615241865
0.0	0.3210766615241865
0.14599317115569616	0.5351277692069775
0.5839726846227846	0.21405110768279098
0.5839726846227846	0.5351277692069775
0.43797951346708847	0.7491788768897685
0.43797951346708847	0.3210766615241865
0.14599317115569616	0.3210766615241865
0.43797951346708847	0.3210766615241865
0.8759590269341769	0.642153323048373
0.0	0.3210766615241865
0.0	0.10702555384139549
0.2919863423113923	0.10702555384139549
0.2919863423113923	0.21405110768279098
0.14599317115569616	0.10702555384139549
0.43797951346708847	0.3210766615241865
0.14599317115569616	0.42810221536558196
0.14599317115569616	0.21405110768279098
0.0	0.3210766615241865
0.14599317115569616	0.0
0.14599317115569616	0.21405110768279098
0.14599317115569616	0.10702555384139549
0.43797951346708847	0.3210766615241865
0.43797951346708847	0.42810221536558196
0.2919863423113923	0.10702555384139549
0.14599317115569616	0.3210766615241865
0.14599317115569616	0.3210766615241865
0.14599317115569616	0.3210766615241865
0.14599317115569616	0.21405110768279098
0.2919863423113923	0.42810221536558196
0.14599317115569616	0.42810221536558196
0.14599317115569616	0.21405110768279098
0.43797951346708847	0.3210766615241865
0.0	0.0
0.43797951346708847	0.3210766615241865
0.0	0.42810221536558196
0.43797951346708847	0.0
0.2919863423113923	0.5351277692069775
0.43797951346708847	0.642153323048373
0.0	0.10702555384139549
0.2919863423113923	0.42810221536558196
0.2919863423113923	0.3210766615241865
0.14599317115569616	0.10702555384139549
0.2919863423113923	0.10702555384139549
0.14599317115569616	0.3210766615241865
0.14599317115569616	0.21405110768279098
0.14599317115569616	0.10702555384139549
0.5839726846227846	0.5351277692069775
0.43797951346708847	0.21405110768279098
0.0	0.42810221536558196
0.14599317115569616	0.7491788768897685
0.43797951346708847	0.3210766615241865
0.14599317115569616	0.7491788768897685
0.14599317115569616	0.0
