WT	KO
0.16684933846365274	0.3669447560276417
0.16684933846365274	0.3669447560276417
0.667397353854611	0.0
0.0	0.12231491867588055
0.5005480153909583	0.0
0.0	0.2446298373517611
0.3336986769273055	0.2446298373517611
0.0	0.12231491867588055
0.16684933846365274	0.2446298373517611
0.16684933846365274	0.2446298373517611
0.0	0.3669447560276417
0.5005480153909583	0.2446298373517611
0.16684933846365274	0.12231491867588055
0.16684933846365274	0.0
0.0	0.0
0.3336986769273055	0.3669447560276417
0.0	0.0
0.16684933846365274	0.0
0.16684933846365274	0.12231491867588055
0.3336986769273055	0.0
0.0	0.12231491867588055
0.16684933846365274	0.0
0.3336986769273055	0.0
0.667397353854611	0.0
0.16684933846365274	0.2446298373517611
0.0	0.12231491867588055
0.0	0.2446298373517611
0.3336986769273055	0.3669447560276417
0.3336986769273055	0.0
0.0	0.3669447560276417
0.3336986769273055	0.12231491867588055
0.16684933846365274	0.2446298373517611
0.5005480153909583	0.12231491867588055
0.3336986769273055	0.3669447560276417
0.0	0.12231491867588055
0.3336986769273055	0.12231491867588055
0.0	0.0
0.16684933846365274	0.0
0.5005480153909583	0.7338895120552834
0.16684933846365274	0.0
0.8342466923182638	0.4892596747035222
0.5005480153909583	0.0
0.0	0.0
0.0	0.12231491867588055
0.0	0.2446298373517611
0.3336986769273055	0.4892596747035222
0.0	0.4892596747035222
0.16684933846365274	0.0
0.16684933846365274	0.12231491867588055
0.0	0.2446298373517611
0.16684933846365274	0.12231491867588055
0.3336986769273055	0.3669447560276417
0.16684933846365274	0.0
0.16684933846365274	0.0
0.0	0.12231491867588055
0.5005480153909583	0.3669447560276417
0.16684933846365274	0.2446298373517611
0.0	0.0
0.0	0.0
0.0	0.0
0.16684933846365274	0.6115745933794029
0.16684933846365274	0.2446298373517611
0.3336986769273055	0.2446298373517611
0.3336986769273055	0.3669447560276417
0.3336986769273055	0.4892596747035222
0.0	0.3669447560276417
0.0	0.2446298373517611
0.0	0.0
0.667397353854611	0.4892596747035222
1.0010960307819166	0.2446298373517611
0.667397353854611	0.0
0.0	0.3669447560276417
0.3336986769273055	0.12231491867588055
0.5005480153909583	0.6115745933794029
0.5005480153909583	0.12231491867588055
0.667397353854611	0.7338895120552834
0.0	0.12231491867588055
0.3336986769273055	0.4892596747035222
0.667397353854611	0.7338895120552834
0.5005480153909583	0.3669447560276417
0.5005480153909583	0.4892596747035222
0.5005480153909583	0.4892596747035222
0.3336986769273055	0.2446298373517611
0.667397353854611	0.6115745933794029
0.667397353854611	0.6115745933794029
0.3336986769273055	0.2446298373517611
0.16684933846365274	0.2446298373517611
0.16684933846365274	0.2446298373517611
0.16684933846365274	0.2446298373517611
0.667397353854611	0.2446298373517611
0.5005480153909583	0.2446298373517611
0.16684933846365274	0.12231491867588055
0.0	0.2446298373517611
0.5005480153909583	0.3669447560276417
0.8342466923182638	0.8562044307311639
0.3336986769273055	0.2446298373517611
0.667397353854611	0.12231491867588055
0.3336986769273055	0.12231491867588055
0.3336986769273055	0.0
0.16684933846365274	0.12231491867588055
0.0	0.0
0.0	0.2446298373517611
0.5005480153909583	0.4892596747035222
0.16684933846365274	0.12231491867588055
0.16684933846365274	0.12231491867588055
0.667397353854611	0.3669447560276417
0.3336986769273055	0.3669447560276417
0.16684933846365274	0.12231491867588055
0.0	0.2446298373517611
1.0010960307819166	0.4892596747035222
0.16684933846365274	0.0
0.16684933846365274	0.12231491867588055
0.16684933846365274	0.3669447560276417
0.3336986769273055	0.0
0.0	0.0
0.16684933846365274	0.2446298373517611
0.0	0.12231491867588055
0.0	0.0
0.0	0.12231491867588055
0.16684933846365274	0.0
0.0	0.12231491867588055
0.3336986769273055	0.12231491867588055
0.3336986769273055	0.3669447560276417
0.3336986769273055	0.2446298373517611
0.16684933846365274	0.12231491867588055
0.5005480153909583	0.12231491867588055
0.16684933846365274	0.3669447560276417
0.5005480153909583	0.4892596747035222
0.3336986769273055	0.3669447560276417
0.0	0.0
0.16684933846365274	0.12231491867588055
0.16684933846365274	0.4892596747035222
0.3336986769273055	0.3669447560276417
0.16684933846365274	0.3669447560276417
0.3336986769273055	0.8562044307311639
0.16684933846365274	0.2446298373517611
0.5005480153909583	0.2446298373517611
0.16684933846365274	0.2446298373517611
0.0	0.12231491867588055
0.3336986769273055	0.0
0.16684933846365274	0.4892596747035222
0.16684933846365274	0.12231491867588055
0.3336986769273055	0.3669447560276417
0.3336986769273055	0.12231491867588055
0.3336986769273055	0.12231491867588055
0.3336986769273055	0.2446298373517611
0.16684933846365274	0.12231491867588055
0.5005480153909583	0.4892596747035222
0.3336986769273055	0.2446298373517611
0.0	0.0
0.16684933846365274	0.0
0.16684933846365274	0.2446298373517611
0.8342466923182638	0.3669447560276417
0.0	0.12231491867588055
0.16684933846365274	0.12231491867588055
0.0	0.12231491867588055
0.0	0.0
0.3336986769273055	0.12231491867588055
0.16684933846365274	0.12231491867588055
0.0	0.0
0.0	0.12231491867588055
0.3336986769273055	0.12231491867588055
0.3336986769273055	0.4892596747035222
0.5005480153909583	0.4892596747035222
0.0	0.0
0.5005480153909583	0.2446298373517611
0.8342466923182638	0.12231491867588055
0.0	0.12231491867588055
0.16684933846365274	0.0
0.16684933846365274	0.0
0.5005480153909583	0.3669447560276417
0.3336986769273055	0.3669447560276417
0.667397353854611	0.4892596747035222
0.0	0.2446298373517611
0.0	0.2446298373517611
0.0	0.12231491867588055
0.3336986769273055	0.12231491867588055
0.667397353854611	0.3669447560276417
0.0	0.2446298373517611
0.16684933846365274	0.0
0.3336986769273055	0.3669447560276417
0.3336986769273055	0.12231491867588055
0.0	0.2446298373517611
0.667397353854611	0.2446298373517611
0.3336986769273055	0.2446298373517611
0.0	0.2446298373517611
0.16684933846365274	0.2446298373517611
0.16684933846365274	0.12231491867588055
0.0	0.0
0.5005480153909583	0.0
0.0	0.12231491867588055
0.16684933846365274	0.3669447560276417
0.16684933846365274	0.12231491867588055
0.0	0.2446298373517611
0.16684933846365274	0.0
0.16684933846365274	0.0
0.16684933846365274	0.0
0.0	0.12231491867588055
0.16684933846365274	0.0
0.0	0.0
