WT-Tfh	WT-Th1
0.23230097242006487	0.2964710939368815
0.261338593972573	0.2964710939368815
0.27101780115674234	0.3439064689667825
0.2855366119329964	0.23717687514950517
0.3242534406696739	0.18974150011960414
0.3436118550380126	0.27275340642193097
0.33393264785384325	0.3439064689667825
0.32909304426175856	0.24903571890698042
0.3823286837746901	0.2846122501794062
0.261338593972573	0.27275340642193097
0.4113663053271982	0.367624156481733
0.3242534406696739	0.367624156481733
0.2855366119329964	0.2846122501794062
0.29521581911716577	0.18974150011960414
0.27585740474882703	0.2964710939368815
0.3097346298934198	0.3439064689667825
0.35329106222218193	0.33204762520930725
0.33877225144592793	0.30832993769435674
0.2855366119329964	0.23717687514950517
0.22746136882798018	0.24903571890698042
0.39684749455094415	0.4032006877541588
0.3629702694063514	0.27275340642193097
0.4113663053271982	0.22531803139202994
0.4307247196955369	0.30832993769435674
0.29521581911716577	0.17788265636212888
0.44040392687970636	0.35576531272425777
0.3581306658142666	0.30832993769435674
0.2855366119329964	0.3439064689667825
0.26617819756465766	0.23717687514950517
0.3436118550380126	0.22531803139202994
0.35329106222218193	0.3439064689667825
0.3629702694063514	0.30832993769435674
0.32909304426175856	0.33204762520930725
0.39200789095885946	0.27275340642193097
0.42588511610345225	0.33204762520930725
0.42588511610345225	0.3794830002392083
0.3436118550380126	0.2964710939368815
0.3436118550380126	0.30832993769435674
0.36780987299843604	0.33204762520930725
0.3629702694063514	0.2846122501794062
0.3774890801826054	0.35576531272425777
0.3726494765905207	0.3439064689667825
0.44524353047179105	0.3794830002392083
0.40168709814302883	0.3794830002392083
0.42104551251136757	0.3439064689667825
0.33877225144592793	0.30832993769435674
0.39684749455094415	0.33204762520930725
0.40168709814302883	0.22531803139202994
0.29521581911716577	0.3439064689667825
0.23230097242006487	0.320188781451832
0.3871682873667748	0.2964710939368815
0.44040392687970636	0.26089456266445565
0.40168709814302883	0.41505953151163405
0.44524353047179105	0.2964710939368815
0.33393264785384325	0.39134184399668354
0.3629702694063514	0.3439064689667825
0.3629702694063514	0.22531803139202994
0.42104551251136757	0.35576531272425777
0.4307247196955369	0.4032006877541588
0.36780987299843604	0.367624156481733
0.48396035920846847	0.35576531272425777
0.44040392687970636	0.30832993769435674
0.43556432328762157	0.30832993769435674
0.44040392687970636	0.46249490654153513
0.4162059089192829	0.30832993769435674
0.48396035920846847	0.39134184399668354
0.32909304426175856	0.35576531272425777
0.36780987299843604	0.22531803139202994
0.3774890801826054	0.26089456266445565
0.4113663053271982	0.4387772190265845
0.39200789095885946	0.2964710939368815
0.4162059089192829	0.24903571890698042
0.3242534406696739	0.3439064689667825
0.35329106222218193	0.3439064689667825
0.5129979807609766	0.49807143781396085
0.48879996280055316	0.35576531272425777
0.39684749455094415	0.22531803139202994
0.3823286837746901	0.24903571890698042
0.3581306658142666	0.27275340642193097
0.4500831340638757	0.39134184399668354
0.5129979807609766	0.2964710939368815
0.3871682873667748	0.320188781451832
0.36780987299843604	0.42691837526910925
0.3774890801826054	0.320188781451832
0.4113663053271982	0.367624156481733
0.3774890801826054	0.3794830002392083
0.3629702694063514	0.26089456266445565
0.3097346298934198	0.30832993769435674
0.24681978319631892	0.27275340642193097
0.33393264785384325	0.2016003438770794
0.24681978319631892	0.18974150011960414
0.3436118550380126	0.3794830002392083
0.4162059089192829	0.35576531272425777
0.3242534406696739	0.2846122501794062
0.24198017960423424	0.17788265636212888
0.1935841436833874	0.16602381260465363
0.1935841436833874	0.16602381260465363
0.46460194484012973	0.3439064689667825
0.42588511610345225	0.39134184399668354
0.3629702694063514	0.2964710939368815
0.45492273765596036	0.42691837526910925
0.4500831340638757	0.49807143781396085
0.40168709814302883	0.4506360627840599
0.24198017960423424	0.18974150011960414
0.20326335086755676	0.13044728133222783
0.2516593867884036	0.26089456266445565
0.32909304426175856	0.2846122501794062
0.3823286837746901	0.35576531272425777
0.49363956639263784	0.4506360627840599
0.30489502630133514	0.24903571890698042
0.40168709814302883	0.4032006877541588
0.35329106222218193	0.2964710939368815
0.3726494765905207	0.3439064689667825
0.3629702694063514	0.35576531272425777
0.3145742334855045	0.30832993769435674
0.4742811520242991	0.35576531272425777
0.33393264785384325	0.2846122501794062
0.44040392687970636	0.367624156481733
0.46460194484012973	0.46249490654153513
0.3726494765905207	0.22531803139202994
0.3629702694063514	0.33204762520930725
0.4113663053271982	0.2964710939368815
0.44040392687970636	0.41505953151163405
0.42588511610345225	0.2964710939368815
0.3194138370775892	0.22531803139202994
0.40168709814302883	0.27275340642193097
0.39684749455094415	0.41505953151163405
0.3726494765905207	0.33204762520930725
0.3242534406696739	0.23717687514950517
0.30489502630133514	0.15416496884717837
0.4742811520242991	0.27275340642193097
0.44524353047179105	0.2846122501794062
0.44040392687970636	0.4032006877541588
0.3774890801826054	0.15416496884717837
0.3726494765905207	0.27275340642193097
0.35329106222218193	0.23717687514950517
0.3436118550380126	0.30832993769435674
0.46460194484012973	0.42691837526910925
0.4307247196955369	0.33204762520930725
0.5081583771688919	0.47435375029901033
0.4500831340638757	0.3794830002392083
0.3823286837746901	0.35576531272425777
0.4742811520242991	0.41505953151163405
0.32909304426175856	0.3794830002392083
0.44040392687970636	0.4032006877541588
0.45492273765596036	0.4032006877541588
0.3774890801826054	0.4032006877541588
0.2806970083409117	0.3794830002392083
0.3242534406696739	0.3439064689667825
0.42104551251136757	0.42691837526910925
0.45976234124804505	0.3794830002392083
0.3871682873667748	0.2846122501794062
0.4162059089192829	0.41505953151163405
0.3581306658142666	0.39134184399668354
0.40168709814302883	0.3794830002392083
0.3871682873667748	0.2846122501794062
0.39684749455094415	0.367624156481733
0.27101780115674234	0.3439064689667825
0.40168709814302883	0.3439064689667825
0.3871682873667748	0.24903571890698042
0.3629702694063514	0.23717687514950517
0.42588511610345225	0.367624156481733
0.3871682873667748	0.4032006877541588
0.3629702694063514	0.4032006877541588
0.3194138370775892	0.49807143781396085
0.3484514586300973	0.2964710939368815
0.33877225144592793	0.27275340642193097
0.3145742334855045	0.2964710939368815
0.3726494765905207	0.3794830002392083
0.4113663053271982	0.3794830002392083
0.3581306658142666	0.33204762520930725
0.3097346298934198	0.26089456266445565
0.35329106222218193	0.23717687514950517
0.33877225144592793	0.22531803139202994
0.3774890801826054	0.35576531272425777
0.45976234124804505	0.24903571890698042
0.36780987299843604	0.26089456266445565
0.39200789095885946	0.2016003438770794
0.2855366119329964	0.30832993769435674
0.30489502630133514	0.21345918763455463
0.27585740474882703	0.24903571890698042
0.32909304426175856	0.35576531272425777
0.35329106222218193	0.39134184399668354
0.35329106222218193	0.26089456266445565
0.2806970083409117	0.21345918763455463
0.2806970083409117	0.24903571890698042
0.3242534406696739	0.2846122501794062
0.23230097242006487	0.27275340642193097
0.33393264785384325	0.35576531272425777
0.3581306658142666	0.2964710939368815
0.33877225144592793	0.3794830002392083
0.36780987299843604	0.27275340642193097
0.3145742334855045	0.22531803139202994
0.2855366119329964	0.2964710939368815
0.33393264785384325	0.320188781451832
0.2903762155250811	0.27275340642193097
0.3097346298934198	0.2846122501794062
0.27101780115674234	0.33204762520930725
0.24198017960423424	0.2016003438770794
0.3242534406696739	0.2016003438770794
