WT	KO
0.16062792357536798	0.18234492052334242
0.16062792357536798	0.1409028931316737
0.17952532634894067	0.19063332600167618
0.1322818194150089	0.22378694791501116
0.17952532634894067	0.22378694791501116
0.2078714305092997	0.1740565150450087
0.17952532634894067	0.1989217314800099
0.1700766249621543	0.1740565150450087
0.17952532634894067	0.14919129861000743
0.16062792357536798	0.1989217314800099
0.2740123402168042	0.1989217314800099
0.1511792221885816	0.13261448765333994
0.1700766249621543	0.18234492052334242
0.17952532634894067	0.1740565150450087
0.19842272912251338	0.19063332600167618
0.12283311802822255	0.19063332600167618
0.19842272912251338	0.24865216435001242
0.18897402773572702	0.2320753533933449
0.16062792357536798	0.19063332600167618
0.12283311802822255	0.19063332600167618
0.1511792221885816	0.1574797040883412
0.16062792357536798	0.19063332600167618
0.19842272912251338	0.18234492052334242
0.1322818194150089	0.20721013695834367
0.1700766249621543	0.19063332600167618
0.19842272912251338	0.2320753533933449
0.1700766249621543	0.1989217314800099
0.22676883328287242	0.20721013695834367
0.16062792357536798	0.24865216435001242
0.1511792221885816	0.22378694791501116
0.1511792221885816	0.18234492052334242
0.18897402773572702	0.24865216435001242
0.2078714305092997	0.19063332600167618
0.22676883328287242	0.16576810956667493
0.17952532634894067	0.22378694791501116
0.1700766249621543	0.2320753533933449
0.21732013189608607	0.2154985424366774
0.22676883328287242	0.2818057862633474
0.2740123402168042	0.2900941917416811
0.2456662360564451	0.2569405698283461
0.2078714305092997	0.20721013695834367
0.23621753466965878	0.20721013695834367
0.3023584443771632	0.24865216435001242
0.2551149374432315	0.2652289753066799
0.2740123402168042	0.2320753533933449
0.2456662360564451	0.2652289753066799
0.2645636388300178	0.3232478136550161
0.23621753466965878	0.27351738078501364
0.2456662360564451	0.29838259722001487
0.1511792221885816	0.2320753533933449
0.2456662360564451	0.24036375887167866
0.17952532634894067	0.3232478136550161
0.22676883328287242	0.2569405698283461
0.32125584715073596	0.2900941917416811
0.19842272912251338	0.24036375887167866
0.2551149374432315	0.2569405698283461
0.2078714305092997	0.2818057862633474
0.3023584443771632	0.22378694791501116
0.2551149374432315	0.2154985424366774
0.2645636388300178	0.29838259722001487
0.32125584715073596	0.22378694791501116
0.2551149374432315	0.2900941917416811
0.2740123402168042	0.3398246246116836
0.32125584715073596	0.18234492052334242
0.21732013189608607	0.24036375887167866
0.2740123402168042	0.2154985424366774
0.2645636388300178	0.2569405698283461
0.19842272912251338	0.27351738078501364
0.2645636388300178	0.22378694791501116
0.22676883328287242	0.2818057862633474
0.3023584443771632	0.24865216435001242
0.32125584715073596	0.3149594081766824
0.2078714305092997	0.3066710026983486
0.18897402773572702	0.1989217314800099
0.18897402773572702	0.20721013695834367
0.21732013189608607	0.2900941917416811
0.2456662360564451	0.3232478136550161
0.2456662360564451	0.3729782465250186
0.2740123402168042	0.2154985424366774
0.2078714305092997	0.2154985424366774
0.29290974299037686	0.2818057862633474
0.19842272912251338	0.2154985424366774
0.1511792221885816	0.2154985424366774
0.28346104160359054	0.24036375887167866
0.16062792357536798	0.22378694791501116
0.1700766249621543	0.24865216435001242
0.22676883328287242	0.24036375887167866
0.3023584443771632	0.27351738078501364
0.3023584443771632	0.29838259722001487
0.1322818194150089	0.1740565150450087
0.18897402773572702	0.20721013695834367
0.14173052080179527	0.16576810956667493
0.32125584715073596	0.3066710026983486
0.33070454853752224	0.44757389583002233
0.3118071457639496	0.3564014355683511
0.2740123402168042	0.24865216435001242
0.23621753466965878	0.19063332600167618
0.3401532499243086	0.2320753533933449
0.349601951311095	0.27351738078501364
0.18897402773572702	0.1574797040883412
0.08503831248107716	0.1574797040883412
0.17952532634894067	0.24865216435001242
0.29290974299037686	0.3066710026983486
0.3023584443771632	0.2818057862633474
0.16062792357536798	0.1740565150450087
0.29290974299037686	0.22378694791501116
0.28346104160359054	0.3232478136550161
0.37794805547145405	0.3481130300900174
0.35905065269788133	0.2900941917416811
0.11338441664143621	0.16576810956667493
0.11338441664143621	0.08288405478333746
0.18897402773572702	0.24865216435001242
0.3401532499243086	0.3066710026983486
0.3023584443771632	0.3149594081766824
0.17952532634894067	0.20721013695834367
0.2456662360564451	0.24036375887167866
0.19842272912251338	0.2154985424366774
0.2645636388300178	0.2154985424366774
0.22676883328287242	0.27351738078501364
0.349601951311095	0.33153621913334985
0.2456662360564451	0.2818057862633474
0.28346104160359054	0.2154985424366774
0.29290974299037686	0.24865216435001242
0.3023584443771632	0.24865216435001242
0.29290974299037686	0.2652289753066799
0.33070454853752224	0.2652289753066799
0.2456662360564451	0.2320753533933449
0.2740123402168042	0.2652289753066799
0.18897402773572702	0.24036375887167866
0.2645636388300178	0.24036375887167866
0.3023584443771632	0.2818057862633474
0.23621753466965878	0.24036375887167866
0.2456662360564451	0.3066710026983486
0.3023584443771632	0.2900941917416811
0.2551149374432315	0.27351738078501364
0.3118071457639496	0.33153621913334985
0.2456662360564451	0.1989217314800099
0.2456662360564451	0.2320753533933449
0.2078714305092997	0.22378694791501116
0.2740123402168042	0.24036375887167866
0.33070454853752224	0.2900941917416811
0.2645636388300178	0.27351738078501364
0.2456662360564451	0.2154985424366774
0.2740123402168042	0.24865216435001242
0.2551149374432315	0.24865216435001242
0.35905065269788133	0.38955505748168606
0.2645636388300178	0.2652289753066799
0.2078714305092997	0.27351738078501364
0.22676883328287242	0.24036375887167866
0.22676883328287242	0.18234492052334242
0.18897402773572702	0.24865216435001242
0.21732013189608607	0.24036375887167866
0.23621753466965878	0.2569405698283461
0.23621753466965878	0.29838259722001487
0.18897402773572702	0.27351738078501364
0.1700766249621543	0.2569405698283461
0.21732013189608607	0.2569405698283461
0.2645636388300178	0.22378694791501116
0.2551149374432315	0.29838259722001487
0.16062792357536798	0.18234492052334242
0.22676883328287242	0.2320753533933449
0.32125584715073596	0.2320753533933449
0.2551149374432315	0.18234492052334242
0.33070454853752224	0.22378694791501116
0.21732013189608607	0.20721013695834367
0.2078714305092997	0.19063332600167618
0.21732013189608607	0.20721013695834367
0.3118071457639496	0.2320753533933449
0.22676883328287242	0.22378694791501116
0.1700766249621543	0.20721013695834367
0.21732013189608607	0.2154985424366774
0.2551149374432315	0.18234492052334242
0.22676883328287242	0.2154985424366774
0.18897402773572702	0.2320753533933449
0.16062792357536798	0.1574797040883412
0.19842272912251338	0.24865216435001242
0.2456662360564451	0.24865216435001242
0.23621753466965878	0.20721013695834367
0.22676883328287242	0.2818057862633474
0.2078714305092997	0.22378694791501116
0.17952532634894067	0.20721013695834367
0.2551149374432315	0.1989217314800099
0.17952532634894067	0.19063332600167618
0.19842272912251338	0.2818057862633474
0.2078714305092997	0.20721013695834367
0.21732013189608607	0.2154985424366774
0.23621753466965878	0.1989217314800099
0.23621753466965878	0.19063332600167618
0.1511792221885816	0.1740565150450087
0.17952532634894067	0.20721013695834367
0.1322818194150089	0.1077492712183387
0.14173052080179527	0.20721013695834367
0.21732013189608607	0.2320753533933449
0.22676883328287242	0.1989217314800099
0.17952532634894067	0.16576810956667493
0.1700766249621543	0.1409028931316737
0.21732013189608607	0.19063332600167618
0.19842272912251338	0.24036375887167866
0.17952532634894067	0.1574797040883412
0.22676883328287242	0.1740565150450087
