WT	KO
0.19668217886705272	0.1848532537602066
0.16390181572254395	0.21771605442868774
0.14048727061932337	0.16431400334240584
0.21541381494962916	0.24236315493004865
0.1919992698464086	0.24647100501360877
0.21073090592898505	0.25879455526428924
0.20604799690834094	0.19717680401088702
0.16858472474318803	0.19717680401088702
0.21073090592898505	0.2053925041780073
0.22009672397027327	0.20128465409444718
0.22946254201156152	0.21771605442868774
0.2341454510322056	0.23414745476292834
0.16858472474318803	0.2053925041780073
0.22477963299091738	0.19717680401088702
0.17795054278447625	0.24236315493004865
0.20136508788769683	0.24236315493004865
0.17326763376383217	0.1602061532588457
0.19668217886705272	0.22593175459580805
0.21073090592898505	0.2053925041780073
0.19668217886705272	0.2136082043451276
0.22477963299091738	0.18896110384376671
0.22477963299091738	0.24236315493004865
0.24351126907349382	0.24647100501360877
0.17326763376383217	0.20128465409444718
0.24351126907349382	0.24236315493004865
0.22009672397027327	0.23414745476292834
0.23882836005284974	0.18074540367664643
0.24351126907349382	0.2053925041780073
0.23882836005284974	0.19717680401088702
0.22946254201156152	0.21771605442868774
0.22477963299091738	0.308088756267011
0.30907199536251145	0.24236315493004865
0.28097454123864674	0.2752259555985298
0.21541381494962916	0.2382553048464885
0.20136508788769683	0.20128465409444718
0.20604799690834094	0.23414745476292834
0.24819417809413796	0.21771605442868774
0.22946254201156152	0.2136082043451276
0.24351126907349382	0.26290240534784937
0.24819417809413796	0.2670102554314095
0.2622429051560703	0.2382553048464885
0.22946254201156152	0.24647100501360877
0.2762916322180027	0.2711181055149697
0.21541381494962916	0.24236315493004865
0.23882836005284974	0.24647100501360877
0.22946254201156152	0.23003960467936818
0.22009672397027327	0.21771605442868774
0.22477963299091738	0.18896110384376671
0.22946254201156152	0.2218239045122479
0.2762916322180027	0.21771605442868774
0.22477963299091738	0.2916573559327704
0.28097454123864674	0.27933380568208993
0.23882836005284974	0.23003960467936818
0.2669258141767144	0.23414745476292834
0.2341454510322056	0.1766375535930863
0.23882836005284974	0.22593175459580805
0.23882836005284974	0.24647100501360877
0.21073090592898505	0.2382553048464885
0.21541381494962916	0.2752259555985298
0.22009672397027327	0.25879455526428924
0.24819417809413796	0.24236315493004865
0.23882836005284974	0.25468670518072906
0.2575599961354262	0.21771605442868774
0.19668217886705272	0.26290240534784937
0.2575599961354262	0.23414745476292834
0.28097454123864674	0.22593175459580805
0.22009672397027327	0.23414745476292834
0.22946254201156152	0.26290240534784937
0.2762916322180027	0.25057885509716893
0.2762916322180027	0.2916573559327704
0.2622429051560703	0.3286280066848117
0.22477963299091738	0.2957652060163305
0.2669258141767144	0.25057885509716893
0.2622429051560703	0.25468670518072906
0.21541381494962916	0.2136082043451276
0.21541381494962916	0.26290240534784937
0.21541381494962916	0.19717680401088702
0.19668217886705272	0.22593175459580805
0.2762916322180027	0.1848532537602066
0.2528770871147821	0.2957652060163305
0.28097454123864674	0.2752259555985298
0.20136508788769683	0.25879455526428924
0.3043890863418673	0.30398090618345086
0.24351126907349382	0.2670102554314095
0.22009672397027327	0.23003960467936818
0.21073090592898505	0.24236315493004865
0.2528770871147821	0.26290240534784937
0.22946254201156152	0.25057885509716893
0.30907199536251145	0.20950035426156746
0.16390181572254395	0.18896110384376671
0.1592189067018998	0.23414745476292834
0.17795054278447625	0.1766375535930863
0.21073090592898505	0.22593175459580805
0.20136508788769683	0.22593175459580805
0.16858472474318803	0.17252970350952612
0.1592189067018998	0.15199045309172543
0.1498530886606116	0.19306895392732687
0.2575599961354262	0.2834416557656501
0.2575599961354262	0.30398090618345086
0.2575599961354262	0.2752259555985298
0.2341454510322056	0.25879455526428924
0.2622429051560703	0.25879455526428924
0.2341454510322056	0.1602061532588457
0.21073090592898505	0.18896110384376671
0.14048727061932337	0.1766375535930863
0.14517017963996748	0.17252970350952612
0.1826334518051204	0.16431400334240584
0.2575599961354262	0.23414745476292834
0.20604799690834094	0.2218239045122479
0.15453599768125573	0.16431400334240584
0.22009672397027327	0.18074540367664643
0.21073090592898505	0.21771605442868774
0.2716087231973585	0.22593175459580805
0.2622429051560703	0.24236315493004865
0.1919992698464086	0.25057885509716893
0.17795054278447625	0.2382553048464885
0.22477963299091738	0.2916573559327704
0.24351126907349382	0.24236315493004865
0.24351126907349382	0.28754950584921024
0.24819417809413796	0.25468670518072906
0.2528770871147821	0.24236315493004865
0.20604799690834094	0.2218239045122479
0.24819417809413796	0.25057885509716893
0.28565745025929085	0.23003960467936818
0.21073090592898505	0.23003960467936818
0.21541381494962916	0.25468670518072906
0.24819417809413796	0.2218239045122479
0.22009672397027327	0.1848532537602066
0.2575599961354262	0.21771605442868774
0.1919992698464086	0.2053925041780073
0.2950232683005791	0.24647100501360877
0.22009672397027327	0.2834416557656501
0.3043890863418673	0.28754950584921024
0.20604799690834094	0.21771605442868774
0.21073090592898505	0.24236315493004865
0.22009672397027327	0.25879455526428924
0.16390181572254395	0.22593175459580805
0.2575599961354262	0.20950035426156746
0.2997061773212232	0.25057885509716893
0.2716087231973585	0.2957652060163305
0.2950232683005791	0.25057885509716893
0.2762916322180027	0.2752259555985298
0.2716087231973585	0.26290240534784937
0.22477963299091738	0.2053925041780073
0.20136508788769683	0.2218239045122479
0.2575599961354262	0.30398090618345086
0.2341454510322056	0.2670102554314095
0.28097454123864674	0.25468670518072906
0.22477963299091738	0.25879455526428924
0.22009672397027327	0.22593175459580805
0.23882836005284974	0.23414745476292834
0.21073090592898505	0.25057885509716893
0.21073090592898505	0.2670102554314095
0.2669258141767144	0.2382553048464885
0.1919992698464086	0.19717680401088702
0.2341454510322056	0.2834416557656501
0.3043890863418673	0.26290240534784937
0.23882836005284974	0.20950035426156746
0.24819417809413796	0.2382553048464885
0.16390181572254395	0.2053925041780073
0.24819417809413796	0.27933380568208993
0.2341454510322056	0.21771605442868774
0.20136508788769683	0.20128465409444718
0.17795054278447625	0.20950035426156746
0.1826334518051204	0.2053925041780073
0.2762916322180027	0.22593175459580805
0.22009672397027327	0.2053925041780073
0.20136508788769683	0.2136082043451276
0.16390181572254395	0.15199045309172543
0.18731636082576447	0.1848532537602066
0.16858472474318803	0.19306895392732687
0.21541381494962916	0.23003960467936818
0.22009672397027327	0.18074540367664643
0.18731636082576447	0.21771605442868774
0.2341454510322056	0.2136082043451276
0.20136508788769683	0.2136082043451276
0.17795054278447625	0.22593175459580805
0.14048727061932337	0.13966690284104497
0.22946254201156152	0.20128465409444718
0.23882836005284974	0.20950035426156746
0.24351126907349382	0.24647100501360877
0.1826334518051204	0.18896110384376671
0.1919992698464086	0.23003960467936818
0.19668217886705272	0.2382553048464885
0.16858472474318803	0.1848532537602066
0.17326763376383217	0.20128465409444718
0.16858472474318803	0.168421853425966
0.19668217886705272	0.22593175459580805
0.1919992698464086	0.1766375535930863
0.22477963299091738	0.168421853425966
0.19668217886705272	0.2218239045122479
0.14517017963996748	0.2218239045122479
0.19668217886705272	0.25468670518072906
0.22477963299091738	0.2382553048464885
0.22009672397027327	0.18896110384376671
0.17795054278447625	0.17252970350952612
0.1498530886606116	0.16431400334240584
0.19668217886705272	0.1848532537602066
0.14517017963996748	0.168421853425966
0.1826334518051204	0.1766375535930863
