WT	KO
0.17587402751182798	0.18280767120859942
0.19397870681451615	0.1978624206022488
0.16811487923924734	0.16775292181495002
0.16811487923924734	0.17635563575417826
0.15776934820913982	0.18495834969340647
0.19915147232956992	0.20431445605666992
0.18880594129946238	0.18280767120859942
0.19397870681451615	0.17635563575417826
0.13966466890645163	0.17205427878456417
0.18880594129946238	0.17205427878456417
0.19656508957204302	0.2193692054503193
0.16552849648172047	0.206465134541477
0.2017378550870968	0.19356106363263467
0.21466976887473124	0.19141038514782763
0.19139232405698928	0.1978624206022488
0.1603557309666667	0.18495834969340647
0.13449190339139788	0.17850631423898533
0.1862195585419355	0.20216377757186288
0.19915147232956992	0.20431445605666992
0.19139232405698928	0.16775292181495002
0.20949700335967747	0.17205427878456417
0.20949700335967747	0.2150678484807052
0.19139232405698928	0.2193692054503193
0.20949700335967747	0.22582124090474046
0.2224289171473119	0.2236705624199334
0.21466976887473124	0.22582124090474046
0.19139232405698928	0.16560224333014298
0.16811487923924734	0.1978624206022488
0.17328764475430108	0.1978624206022488
0.25605189299516135	0.20431445605666992
0.2586382757526882	0.2193692054503193
0.23536083093494628	0.2107664915110911
0.22501529990483876	0.23012259787435457
0.19397870681451615	0.22151988393512634
0.19656508957204302	0.22582124090474046
0.19139232405698928	0.17635563575417826
0.23794721369247318	0.20861581302628404
0.21208338611720434	0.20431445605666992
0.21466976887473124	0.2365746333287757
0.2069106206021506	0.2107664915110911
0.21466976887473124	0.21291716999589813
0.1862195585419355	0.2322732763591616
0.219842534389785	0.2150678484807052
0.19656508957204302	0.21721852696551225
0.23794721369247318	0.22151988393512634
0.20949700335967747	0.2279719193895475
0.219842534389785	0.19571174211744172
0.20949700335967747	0.22151988393512634
0.20432423784462367	0.21721852696551225
0.2482927447225807	0.20861581302628404
0.219842534389785	0.20001309908705583
0.2482927447225807	0.21291716999589813
0.24053359645000005	0.20861581302628404
0.2224289171473119	0.2365746333287757
0.2327744481774194	0.247328025752811
0.2224289171473119	0.20216377757186288
0.2224289171473119	0.21721852696551225
0.21466976887473124	0.17850631423898533
0.19656508957204302	0.19571174211744172
0.23018806541989253	0.26668413211607445
0.2741565722978495	0.23872531181358278
0.28450210332795706	0.2623827751464603
0.23536083093494628	0.2602320966616533
0.26898380678279576	0.26668413211607445
0.26381104126774196	0.2408759902983898
0.2663974240252689	0.24517734726800391
0.24570636196505383	0.249478704237618
0.24311997920752693	0.249478704237618
0.2482927447225807	0.2580814181768462
0.25605189299516135	0.2559307396920392
0.23536083093494628	0.19571174211744172
0.23018806541989253	0.249478704237618
0.18363317578440863	0.21721852696551225
0.219842534389785	0.2795882030249167
0.24053359645000005	0.247328025752811
0.2612246585102151	0.28819091696414495
0.2819157205704302	0.2516293827224251
0.2663974240252689	0.2236705624199334
0.23536083093494628	0.2516293827224251
0.27932933781290326	0.2559307396920392
0.27157018954032264	0.2580814181768462
0.23794721369247318	0.2430266687831969
0.24053359645000005	0.28388955999453086
0.22760168266236563	0.247328025752811
0.22760168266236563	0.2602320966616533
0.23794721369247318	0.2516293827224251
0.24311997920752693	0.2774375245401097
0.27674295505537644	0.2602320966616533
0.27932933781290326	0.23012259787435457
0.19397870681451615	0.206465134541477
0.2069106206021506	0.1978624206022488
0.19915147232956992	0.15054749393649364
0.18880594129946238	0.14409545848207247
0.13707828614892476	0.14624613696687952
0.2508791274801076	0.2322732763591616
0.22760168266236563	0.2602320966616533
0.18363317578440863	0.1699036002997571
0.20432423784462367	0.21291716999589813
0.15776934820913982	0.15699952939091477
0.1293191378763441	0.16345156484533593
0.12414637236129035	0.16775292181495002
0.14225105166397853	0.14839681545168656
0.2534655102376345	0.2150678484807052
0.21725615163225812	0.1978624206022488
0.18363317578440863	0.16560224333014298
0.21725615163225812	0.23872531181358278
0.18880594129946238	0.2344239548439687
0.19397870681451615	0.14194477999726543
0.17846041026935486	0.18065699272379238
0.16811487923924734	0.18925970666302058
0.18880594129946238	0.22582124090474046
0.2663974240252689	0.2365746333287757
0.27674295505537644	0.2795882030249167
0.29484763435806455	0.290341595448952
0.29226125160053773	0.24517734726800391
0.24570636196505383	0.2516293827224251
0.27674295505537644	0.2602320966616533
0.27674295505537644	0.3032456663577943
0.26898380678279576	0.2623827751464603
0.2508791274801076	0.249478704237618
0.28450210332795706	0.2344239548439687
0.2612246585102151	0.3032456663577943
0.24570636196505383	0.247328025752811
0.2586382757526882	0.2559307396920392
0.25605189299516135	0.290341595448952
0.22760168266236563	0.2150678484807052
0.23536083093494628	0.2537800612072321
0.24311997920752693	0.20001309908705583
0.2663974240252689	0.2623827751464603
0.19915147232956992	0.2344239548439687
0.2508791274801076	0.247328025752811
0.23536083093494628	0.2623827751464603
0.24053359645000005	0.2408759902983898
0.24570636196505383	0.2408759902983898
0.27674295505537644	0.2537800612072321
0.2741565722978495	0.247328025752811
0.28450210332795706	0.2580814181768462
0.22760168266236563	0.2623827751464603
0.19915147232956992	0.22582124090474046
0.24570636196505383	0.23872531181358278
0.24311997920752693	0.27098548908568854
0.23794721369247318	0.2322732763591616
0.2327744481774194	0.249478704237618
0.24570636196505383	0.2193692054503193
0.23794721369247318	0.2365746333287757
0.23794721369247318	0.2344239548439687
0.2327744481774194	0.247328025752811
0.2224289171473119	0.247328025752811
0.21466976887473124	0.20431445605666992
0.21466976887473124	0.2430266687831969
0.23536083093494628	0.2150678484807052
0.25605189299516135	0.2344239548439687
0.24053359645000005	0.2236705624199334
0.2508791274801076	0.22151988393512634
0.23536083093494628	0.249478704237618
0.23018806541989253	0.20216377757186288
0.24053359645000005	0.20216377757186288
0.24053359645000005	0.247328025752811
0.21725615163225812	0.2365746333287757
0.2534655102376345	0.2193692054503193
0.23536083093494628	0.2193692054503193
0.219842534389785	0.20216377757186288
0.16811487923924734	0.20861581302628404
0.19139232405698928	0.18065699272379238
0.18880594129946238	0.20001309908705583
0.2586382757526882	0.206465134541477
0.1862195585419355	0.2602320966616533
0.21466976887473124	0.18280767120859942
0.21466976887473124	0.2193692054503193
0.19656508957204302	0.20216377757186288
0.19397870681451615	0.18280767120859942
0.17846041026935486	0.2107664915110911
0.21466976887473124	0.21291716999589813
0.22760168266236563	0.20861581302628404
0.18880594129946238	0.2279719193895475
0.22501529990483876	0.2107664915110911
0.19139232405698928	0.20001309908705583
0.20432423784462367	0.2107664915110911
0.21725615163225812	0.19571174211744172
0.2327744481774194	0.2344239548439687
0.20949700335967747	0.2236705624199334
0.1862195585419355	0.22151988393512634
0.19656508957204302	0.2193692054503193
0.2069106206021506	0.1978624206022488
0.20432423784462367	0.1978624206022488
0.219842534389785	0.18495834969340647
0.21466976887473124	0.206465134541477
0.16294211372419357	0.19356106363263467
0.1603557309666667	0.18065699272379238
0.16811487923924734	0.1978624206022488
0.19656508957204302	0.1742049572693712
0.19915147232956992	0.18495834969340647
0.17328764475430108	0.15054749393649364
0.1707012619967742	0.18495834969340647
0.19915147232956992	0.18065699272379238
0.19139232405698928	0.1742049572693712
0.20432423784462367	0.18065699272379238
0.2069106206021506	0.17850631423898533
0.2017378550870968	0.17635563575417826
0.19397870681451615	0.17635563575417826
