WT	KO
0.45733753095448865	0.6329711325781769
0.3914809264970423	0.562237968765716
0.41343312798285775	0.5858156900365362
0.4170918282304937	0.6347848034451632
0.46648428157357846	0.613020753041329
0.42257987860194757	0.5513559435637988
0.40062767711613206	0.5513559435637988
0.4244092287257655	0.6021387278394119
0.4244092287257655	0.5821883483025639
0.45733753095448865	0.672871891651873
0.526852835659571	0.6402258160461217
0.3878222262494064	0.5767473357016054
0.45916688107830667	0.6583625247159834
0.46831363169739637	0.6257164491102323
0.525023485535753	0.6583625247159834
0.5067299842975734	0.6656172081839282
0.42806792897340135	0.5948840443714672
0.5213647852881171	0.692822271188721
0.5030712840499375	0.672871891651873
0.5140473847928453	0.672871891651873
0.5378289364024788	0.5985113861054395
0.4463614302115809	0.6365984743121493
0.49209518330702984	0.6692445499179006
0.5067299842975734	0.7073316381246104
0.4957538835546657	0.6946359420557071
0.5067299842975734	0.6764992333858453
0.4756310321926682	0.6601761955829697
0.4902658331832119	0.7000769546566656
0.5396582865262965	0.6656172081839282
0.5725865887550198	0.7254683467944721
0.5231941354119349	0.7218410050604999
0.5414876366501146	0.7363503719963892
0.5488050371453864	0.7145863215925551
0.48111908256412206	0.6384121451791355
0.5305115359072069	0.7726237893361129
0.5579517877644762	0.7345367011294032
0.5469756870215685	0.7145863215925551
0.5634398381359301	0.743605055464334
0.46648428157357846	0.6910086003217347
0.5433169867739326	0.8161518901437812
0.5670985383835659	0.7708101184691267
0.5981974904884712	0.8215929027447397
0.6018561907361071	0.7327230302624169
0.568927888507384	0.7871331562720023
0.5616104880121121	0.8415432822815877
0.5744159388788378	0.8107108775428227
0.6585660445744637	0.7399777137303617
0.5652691882597479	0.8034561940748779
0.6146616416028328	0.8125245484098089
0.605514890983743	0.8270339153456984
0.6238083922219225	0.7726237893361129
0.5963681403646531	0.7943878397399471
0.5744159388788378	0.7581144224002234
0.6347844929648303	0.7853194854050162
0.6018561907361071	0.7689964476021405
0.5890507398693814	0.7835058145380299
0.5652691882597479	0.8361022696806292
0.6549073443268277	0.8234065736117259
0.6274670924695585	0.7816921436710437
0.6402725433362841	0.8270339153456984
0.6201496919742867	0.8633073326854219
0.6201496919742867	0.8487979657495324
0.6951530470508227	0.8614936618184357
0.6933236969270048	0.9104627752270626
0.6713714954411893	0.9231584712959658
0.6164909917266508	0.8687483452863805
0.6530779942030097	0.8070835358088504
0.6750301956888253	0.9032080917591179
0.6585660445744637	0.8868850539562422
0.6512486440791919	0.8506116366165186
0.6677127951935535	0.8560526492174771
0.6201496919742867	0.8361022696806292
0.6622247448220996	0.9086491043600764
0.6091735912313789	0.8324749279466569
0.6439312435839201	0.9013944208921316
0.687835646555551	0.8560526492174771
0.6256377423457405	0.8524253074835049
0.6512486440791919	1.024724039847192
0.6549073443268277	0.9050217626261041
0.7518629008891794	0.9938916351084268
0.687835646555551	0.8886987248232284
0.6677127951935535	0.8070835358088504
0.6347844929648303	0.9177174586950073
0.6366138430886482	0.8977670791581593
0.7335693996509999	0.9249721421629521
0.7171052485366383	0.8760030287543251
0.6164909917266508	0.7327230302624169
0.6164909917266508	0.6891949294547485
0.5469756870215685	0.6746855625188591
0.5341702361548427	0.672871891651873
0.7811325028702667	0.8905123956902146
0.6823475961840971	0.8614936618184357
0.5780746391264737	0.692822271188721
0.3914809264970423	0.5277782222929785
0.5140473847928453	0.7218410050604999
0.7262519991557279	0.9412951799658277
0.36587002476359093	0.5078278427561306
0.5927094401170173	0.7599280932672097
0.5195354351642991	0.642039486913108
0.45002013045921685	0.5205235388250338
0.5579517877644762	0.7798784728040576
0.4390440297163091	0.5386602474948956
0.5890507398693814	0.7726237893361129
0.5927094401170173	0.7109589798585827
0.40794507761140386	0.48787746321928255
0.6896649966793689	0.843356953148574
0.5286821857833889	0.7018906255236519
0.48294843268794	0.6112070821743428
0.5853920396217456	0.7544870806662511
0.6439312435839201	0.814338219276795
0.7390574500224537	0.874189357887339
0.4884364830593939	0.6093934113073567
0.49941258380230164	0.6692445499179006
0.5542930875168403	0.672871891651873
0.5542930875168403	0.6674308790509145
0.6183203418504687	0.7617417641341957
0.6622247448220996	0.8288475862126844
0.6933236969270048	0.8886987248232284
0.7171052485366383	0.9013944208921316
0.6677127951935535	0.8959534082911731
0.6677127951935535	0.9213448004289796
0.7207639487842741	0.8705620161533666
0.6750301956888253	0.9304131547639106
0.6311257927171944	0.8760030287543251
0.6183203418504687	0.8306612570796706
0.5890507398693814	0.7998288523409056
0.6183203418504687	0.8252202444787121
0.605514890983743	0.8633073326854219
0.6439312435839201	0.9213448004289796
0.647589943831556	0.8379159405476154
0.605514890983743	0.8614936618184357
0.6658834450697355	0.8796303704882975
0.6238083922219225	0.814338219276795
0.6073442411075609	0.7907604980059747
0.5670985383835659	0.7544870806662511
0.6018561907361071	0.7581144224002234
0.5762452890026557	0.843356953148574
0.605514890983743	0.8560526492174771
0.6603953946982817	0.8252202444787121
0.5670985383835659	0.8361022696806292
0.525023485535753	0.7925741688729608
0.6164909917266508	0.7762511310700853
0.6512486440791919	0.8270339153456984
0.6183203418504687	0.7563007515332372
0.5670985383835659	0.7182136633265275
0.5890507398693814	0.7526734097992649
0.5670985383835659	0.723654675927486
0.6164909917266508	0.7581144224002234
0.5652691882597479	0.7962015106069332
0.5707572386312019	0.7254683467944721
0.5469756870215685	0.7726237893361129
0.5945387902408353	0.7454187263313202
0.5524637373930223	0.7599280932672097
0.6183203418504687	0.7526734097992649
0.5762452890026557	0.8252202444787121
0.5780746391264737	0.7581144224002234
0.47197233194503235	0.6710582207848867
0.5744159388788378	0.692822271188721
0.5488050371453864	0.6710582207848867
0.525023485535753	0.7000769546566656
0.5396582865262965	0.7472323971983064
0.5359995862786607	0.7454187263313202
0.5597811378882941	0.7381640428633754
0.5213647852881171	0.7000769546566656
0.5030712840499375	0.6275301199772184
0.5012419339261196	0.6746855625188591
0.46648428157357846	0.593070373504481
0.5122180346690274	0.703704296390638
0.5195354351642991	0.6873812585877624
0.5231941354119349	0.6474804995140664
0.5067299842975734	0.6402258160461217
0.45002013045921685	0.6565488538489973
0.4884364830593939	0.6547351829820112
0.49941258380230164	0.6257164491102323
0.46648428157357846	0.6257164491102323
0.47380168206885026	0.6565488538489973
0.47746038231648613	0.6365984743121493
0.42806792897340135	0.5894430317705087
0.47014298182121433	0.6910086003217347
0.47746038231648613	0.6873812585877624
0.4884364830593939	0.6202754365092737
0.41892117835431164	0.643853157780094
0.47380168206885026	0.5912567026374947
0.4481907803353989	0.562237968765716
0.43538532946867325	0.6057660695733843
0.5030712840499375	0.6184617656422875
0.4756310321926682	0.663803537316942
0.43355597934485524	0.6184617656422875
0.4097744277352219	0.5785610065685916
0.4244092287257655	0.5078278427561306
0.47380168206885026	0.5586106270317436
0.4097744277352219	0.5876293609035225
0.43355597934485524	0.5821883483025639
0.44270272996394505	0.5459149309628403
0.4609962312021246	0.5821883483025639
0.46465493144976044	0.5694926522336607
0.4170918282304937	0.613020753041329
0.38233417587795254	0.5694926522336607
0.404286377363768	0.502386830155172
0.39879832699231416	0.5114551844901029
