DKO	Prdm1KO
0.46353563289091126	0.3778074315209244
0.4534418921411929	0.32743310731813446
0.5023577126975202	0.3554188429863511
0.4650885160831756	0.39180029935503274
0.4945932967361984	0.3796731472321388
0.46353563289091126	0.3348959701629923
0.4907110887555375	0.32929882302934893
0.48449955598648003	0.3824717207989605
0.5000283879091236	0.34142597515224277
0.5008048295052558	0.36661313725363776
0.4984755047168593	0.3731431422428883
0.48682888077487657	0.37127742653167384
0.5186629862162959	0.40206173576671217
0.5559321828306406	0.39459887292185436
0.5077928038704455	0.39926316219989044
0.5062399206781811	0.39366601506624715
0.5070163622743133	0.40019602005549765
0.5341918181389396	0.3862031522213894
0.5598143908113015	0.39926316219989044
0.54506200048479	0.43471176071296486
0.5295331685621465	0.389001725788211
0.5093456870627098	0.405793167189141
0.5295331685621465	0.39366601506624715
0.540403350907997	0.38340457865456773
0.5644730403880945	0.3964645886330688
0.5862134050797956	0.4487046285470732
0.5240980773892213	0.39926316219989044
0.5660259235803589	0.42071889287885655
0.5613672740035659	0.439376049991001
0.6032951201947035	0.4543017756807165
0.5504970916577153	0.42631604001249984
0.5551557412345084	0.38433743651017493
0.6265883680786689	0.4319131871461432
0.5963071458295139	0.42165175073446376
0.5745667811378129	0.42911461357932157
0.5823311970991347	0.414188887889606
0.5846605218875311	0.39180029935503274
0.5807783139068704	0.38433743651017493
0.6126124193482897	0.4300474714349288
0.6296941344631977	0.45989892281435985
0.5768961059262094	0.4440403392690371
0.5683552483687554	0.41978603502324935
0.5963071458295139	0.43657747642417927
0.6227061600980079	0.4487046285470732
0.6296941344631977	0.39833030434428324
0.6366821088283873	0.4440403392690371
0.6048480033869679	0.4319131871461432
0.6692926558659388	0.4710932170816465
0.6716219806543353	0.48601894277136204
0.6498816159626343	0.4505703442582876
0.678609955019525	0.5121389627283642
0.6809392798079215	0.494414663471827
0.6452229663858412	0.4729589327928609
0.6258119264825368	0.4766903642152898
0.631247017655462	0.45989892281435985
0.6723984222504675	0.4496374864026804
0.6677397726736743	0.502810384172292
0.6739513054427319	0.5205346834288291
0.6848214877885823	0.5000118106054703
0.6809392798079215	0.4906832320493981
0.6925859037499041	0.5270646884180796
0.6817157214040537	0.48695180062696924
0.683268604596318	0.4953475213274342
0.670069097462071	0.4580332071031454
0.6584224735200882	0.48601894277136204
0.7166555932300018	0.494414663471827
0.7174320348261339	0.4673617856592176
0.7329608667487776	0.5140046784395786
0.713549826845473	0.5224003991400437
0.6972445533266973	0.4850860849157548
0.7197613596145305	0.5419904141077952
0.6995738781150939	0.5009446684610775
0.7057854108841513	0.4664289278036104
0.7096676188648121	0.5093403891615426
0.7345137499410419	0.5168032520064003
0.7849824536896335	0.561580429075547
0.7725593881515187	0.5727747233428335
0.7632420889979326	0.5587818555087253
0.76945362176699	0.5214675412844364
0.7251964507874558	0.511206104872757
0.7717829465553865	0.5466547033858313
0.8020641688045415	0.5718418654872263
0.7143262684416052	0.511206104872757
0.7158791516338696	0.5391918405409736
0.7034560860957547	0.4981460948942559
0.7143262684416052	0.49628037918304146
0.6848214877885823	0.4757575063596826
0.6056244449831001	0.4468389128358587
0.6723984222504675	0.5168032520064003
0.6933623453460364	0.5438561298190097
0.7748887129399152	0.5774390126208697
0.6087302113676288	0.469227501370432
0.7251964507874558	0.5261318305624725
0.833898274245961	0.6315447682460885
0.8665088212835124	0.6371419153797317
0.6056244449831001	0.4412417657022154
0.4169491371229805	0.3106416659172045
0.5714610147532841	0.42538318215689264
0.7026796444996225	0.5056089577391136
0.8703910292641733	0.6007604590110501
0.8439920149956792	0.6147533268451585
0.6755041886349962	0.4850860849157548
0.5691316899648876	0.40859174075596266
0.44179526819921017	0.3153059551952406
0.6048480033869679	0.4487046285470732
0.8385569238227539	0.6250147632568379
0.8191458839194494	0.583036159754513
0.7244200091913235	0.511206104872757
0.6436700831935769	0.43564461856857206
0.7647949721901969	0.5597147133643324
0.6933623453460364	0.5373261248297592
0.6591989151162204	0.4580332071031454
0.6296941344631977	0.4403089078466082
0.6118359777521575	0.4505703442582876
0.6949152285383007	0.5168032520064003
0.7174320348261339	0.4832203692045403
0.7228671259990591	0.5102732470171497
0.6956916701344329	0.5130718205839714
0.7376195163255705	0.6044918904334791
0.7554776730366107	0.5429232719634025
0.8005112856122771	0.5130718205839714
0.7383959579217028	0.4990789527498631
0.7469368154791568	0.5186689677176147
0.7151027100377374	0.5242661148512581
0.7686771801708577	0.511206104872757
0.799734844016145	0.5140046784395786
0.7616892058056682	0.49348180561621974
0.7189849180183983	0.5485204190970457
0.7492661402675532	0.5186689677176147
0.7096676188648121	0.5046760998835064
0.7283022171719844	0.49254894776061253
0.6879272541731112	0.4981460948942559
0.66618688948141	0.48788465848257645
0.7143262684416052	0.5326618355517231
0.6956916701344329	0.519601825573222
0.7104440604609443	0.5037432420278992
0.7042325276918868	0.519601825573222
0.6809392798079215	0.4850860849157548
0.6879272541731112	0.4953475213274342
0.6824921630001859	0.5149375362951858
0.6064008865792323	0.4682946435148248
0.635129225636123	0.4571003492475382
0.66618688948141	0.5168032520064003
0.6568695903278239	0.5140046784395786
0.6444465247897091	0.49348180561621974
0.6747277470388641	0.4710932170816465
0.6514344991548987	0.43657747642417927
0.6708455390582032	0.4645632120923959
0.631247017655462	0.4505703442582876
0.6498816159626343	0.4645632120923959
0.6258119264825368	0.4804217956377187
0.6335763424438586	0.46083178066996705
0.6366821088283873	0.4729589327928609
0.6623046815007492	0.4487046285470732
0.5846605218875311	0.3862031522213894
0.5963071458295139	0.405793167189141
0.618047510521215	0.43471176071296486
0.5900956130604565	0.45989892281435985
0.5730138979455486	0.4468389128358587
0.6017422370024391	0.4039274514779266
0.58776628827206	0.43657747642417927
0.6056244449831001	0.48601894277136204
0.5916484962527209	0.4440403392690371
0.575343222733945	0.4384431921353938
0.579225430714606	0.4048603093335338
0.5497206500615831	0.422584608590071
0.5574850660229049	0.42724889786810705
0.5916484962527209	0.42818175572371436
0.579225430714606	0.4543017756807165
0.5419562341002614	0.42724889786810705
0.5559321828306406	0.41139031432278433
0.5605908324074337	0.39180029935503274
0.5605908324074337	0.42538318215689264
0.5481677668693188	0.4029945936223194
0.5807783139068704	0.42631604001249984
0.5683552483687554	0.39459887292185436
0.5675788067726233	0.3871360100769966
0.54506200048479	0.39833030434428324
0.5171101030240316	0.3899345836438182
0.5054634790820489	0.3731431422428883
0.48217023119808355	0.37034456867606663
0.5202158694085603	0.39086744149942554
0.510122128658842	0.37127742653167384
0.4922639719478018	0.37594171580971
0.49381685514006624	0.3516874115639222
0.4526654505450607	0.3600831322643872
0.45188900894892853	0.3544859851307439
0.4705236072561008	0.39926316219989044
0.47906446481355475	0.3600831322643872
0.4914875303516697	0.3488888379971006
0.45421833373732506	0.3554188429863511
0.4674178408715722	0.36568027939803055
0.45732410012185376	0.35635170084195833
0.4728529320444974	0.3787402893765316
0.4270428778726988	0.33956025944102836
0.4449010345837389	0.33862740158542115
0.46431207448704337	0.34049311729663556
0.46198274969864683	0.31717167090645504
0.4511125673527963	0.3078430923503829
0.4169491371229805	0.35635170084195833
