WT	KO
0.32279823038385214	0.3360650332740993
0.32629424009920066	0.34255121003210365
0.31036797361816826	0.33728119141622515
0.320856002764214	0.33038962861084553
0.3426089521041607	0.34660507050585637
0.293276370565353	0.3332273309424724
0.3297902498145493	0.3628205124008672
0.3286249132427664	0.3616043542587414
0.32551734905134544	0.34701045655323165
0.3243520124795626	0.34092966584260254
0.3204675572402864	0.3555235635481123
0.33717071476917404	0.3693066891588715
0.36436190144410746	0.3843059729117565
0.3383360513409569	0.364036670542993
0.3507663081066408	0.3705228473009973
0.30959108257031304	0.34011889374785204
0.3259057945752731	0.3766036380116264
0.37213081192265984	0.3705228473009973
0.37057702982694934	0.3656582147324941
0.3806766134490675	0.41025067994377384
0.3538738722980617	0.383495200817006
0.3453280707716541	0.3883598333855092
0.35698143648948266	0.3721443914904984
0.3732961484944427	0.35917203797448977
0.3771806037337189	0.38552213105388233
0.3585352185851931	0.3867382891960081
0.3604774462048313	0.3607935821639909
0.37135392087480457	0.3980890985225157
0.3682463566833836	0.39403523804876306
0.3694116932551665	0.3899813775750103
0.3923299791668961	0.40335911713839423
0.39388376126260655	0.3928190799066372
0.3915530881190409	0.41470992646490185
0.37290770297051506	0.4122776101806502
0.39349531573867896	0.3988998706172663
0.36436190144410746	0.40579143342264584
0.39349531573867896	0.4061968194700211
0.39776821650188277	0.40295373109101895
0.3899993060233303	0.42443919160190835
0.3876686328797646	0.4021429589962684
0.39543754335831705	0.38511674500650706
0.3915530881190409	0.41714224274915346
0.44632390699283525	0.4463300381601729
0.38883396945154747	0.4260607357914094
0.4218518389853952	0.42565534974403413
0.4051486814565075	0.4341684567389148
0.4202980568896847	0.4337630706915395
0.41214070088720467	0.4438977218759213
0.40709090907614565	0.41308838227540073
0.43777810546642765	0.4580862335340558
0.4284554128921647	0.4771393777606935
0.4125291464111323	0.42970921021778685
0.42262873003325047	0.4467354242075482
0.41214070088720467	0.43295229859678896
0.4168020471743361	0.4552485312024289
0.4443816793731971	0.44754619630229875
0.45642349061495335	0.47754476380806876
0.4140829285068428	0.4552485312024289
0.46069639137815716	0.4564646893445547
0.456811936138881	0.45322160096555253
0.45797727271066385	0.4730855172869408
0.48905291462487344	0.48078785218707093
0.4704075294763477	0.5071379452664635
0.44243945175355903	0.4686262707658128
0.4366127688946448	0.46295086610255903
0.456811936138881	0.4588970056288063
0.4878875780530906	0.4767339917133182
0.44826613461247333	0.5095702615507152
0.48011866757453814	0.4998409964137086
0.46147328242601243	0.5014625406032097
0.4824493407181039	0.5071379452664635
0.5030369534862676	0.5184887545929711
0.500706280342702	0.5314611081089798
0.5061445176776888	0.5383526709143593
0.4770111033831172	0.5172725964508452
0.4836146772898868	0.48281478242394726
0.4909951422445115	0.51686721040347
0.5096405273930373	0.5111918057402162
0.49837560719913626	0.4945709777978301
0.4711844205242029	0.4852470987081989
0.5061445176776888	0.515245666213969
0.4638039555695781	0.5063271731717129
0.4735150936677686	0.507948717361214
0.4719613115720582	0.4767339917133182
0.44243945175355903	0.45038389863392564
0.5018716169144848	0.4994356103663334
0.4979871616752087	0.5160564383087195
0.5453775155943783	0.5448388476723637
0.5294512491133458	0.5338934243932314
0.5795607217000088	0.5736212570360079
0.5515926439772202	0.5549734988567454
0.37135392087480457	0.3689013031114962
0.6685147466794338	0.6964532293907149
0.6902676960193805	0.6753731549272008
0.5236245662544315	0.5338934243932314
0.3161946564770826	0.34052427979522726
0.46729996528492673	0.4909225033714527
0.6914330325911634	0.7491534155495
0.7842715128098646	0.8079343924189143
0.48749913252916294	0.4698424289079386
0.3029875086635435	0.3157957309053358
0.28395367799109017	0.2934994982996959
0.4638039555695781	0.4491677404917998
0.7481460790845958	0.7933404947134046
0.6953174878304396	0.7195602340911054
0.5193516654912278	0.5209210708772227
0.31969066619243114	0.30485030762620347
0.4824493407181039	0.510786419692841
0.6708454198229995	0.6709139084060728
0.661134281724809	0.687534736348459
0.3449396252477265	0.3664689868272446
0.5341125954004773	0.5464603918618648
0.5717918112214565	0.5833505221730143
0.476234212335262	0.4961925219873312
0.4944911519598601	0.497408680129457
0.4634155100456505	0.4844363266134483
0.4820608951941763	0.5071379452664635
0.44127411518177617	0.4698424289079386
0.4820608951941763	0.4909225033714527
0.4995409437709191	0.5237587732088496
0.4859453504334525	0.501867926650585
0.48478001386166963	0.5249749313509754
0.4805071130984658	0.4864632568503247
0.4820608951941763	0.49294943360832905
0.48322623176595914	0.5059217871243378
0.48089555862239336	0.49538174989258066
0.4863337959573801	0.5038948568874614
0.46147328242601243	0.5010571545558344
0.46263861899779524	0.4820040103291967
0.4727382026199134	0.482409396376572
0.4820608951941763	0.5014625406032097
0.4742919847156239	0.5006517685084592
0.44049722413392095	0.467410112623687
0.45564659956709813	0.4840309405660731
0.44554701594498	0.45687007539193
0.45409281747138763	0.4686262707658128
0.45448126299531527	0.4609239358656827
0.44127411518177617	0.4495731265391751
0.4474892435646181	0.45119467072867614
0.4241825121289609	0.43943847535479336
0.4665230742370715	0.4836255545186978
0.4502083622321114	0.4665993405289364
0.43544743232286187	0.43011459626516213
0.4059255725043628	0.4138991543701513
0.426124739748599	0.41714224274915346
0.44399323384926953	0.476328605665943
0.43505898679893423	0.4609239358656827
0.41563671060255325	0.4260607357914094
0.40903313669578373	0.41511531251227707
0.4063140180282904	0.41795301484390396
0.4032064538368694	0.452410828870802
0.40864469117185614	0.43619538697579113
0.4101984732675666	0.428493052075661
0.4249594031768162	0.4264661218387847
0.42301717555717805	0.4341684567389148
0.4187442747939742	0.44065463349691913
0.398545107549738	0.41268299622802546
0.40242956278901415	0.40943990784902334
0.3993219985975932	0.4082237497068975
0.43700121441857237	0.42687150788615996
0.4117522553632771	0.42484457764928363
0.4074793546000733	0.4191691729860298
0.3876686328797646	0.3980890985225157
0.39116464259511324	0.41268299622802546
0.39543754335831705	0.3871436752433834
0.37213081192265984	0.4041698892331448
0.3647503469680351	0.3616043542587414
0.3356169326734636	0.3530912472638607
0.3666925745876732	0.3668743728746199
0.3806766134490675	0.3839005868643813
0.37213081192265984	0.4070075915647717
0.3608658917287589	0.38227904267488017
0.3519316446784236	0.35795587983236393
0.346493407343437	0.3839005868643813
0.33950138791273976	0.38754906129075867
0.35465076334591694	0.3632258984482425
0.34416273419987126	0.3616043542587414
0.3375591602931017	0.34295659607947887
0.34105517000845026	0.34457814026898004
0.3363938237213188	0.3611989682113661
0.3593121096330484	0.37011746125362205
0.3356169326734636	0.35065893097960904
0.33522848714953596	0.3453889123637306
0.3492125260109303	0.3571451077376134
0.34610496181950934	0.3518750891217349
0.3507663081066408	0.3530912472638607
0.3200791117163588	0.3449835263163553
0.3259057945752731	0.34214582398472837
0.3317324774341874	0.35876665192711443
0.31231020123780634	0.34214582398472837
0.31697154752493784	0.33728119141622515
0.3449396252477265	0.34944277283748326
0.33250936848204266	0.34457814026898004
0.3243520124795626	0.3287680844213445
0.3111448646660235	0.3129580285737089
0.3022106176156883	0.32228190766334014
0.29638393475677394	0.32268729371071536
0.3006568355199778	0.33565964722672403
0.31697154752493784	0.34052427979522726
0.2781269951321758	0.32309267975809064
