condition1	condition1
0.21635913046490177	0.2167641194255009
0.2184189391035277	0.21472071709305837
0.21303174727942908	0.2146389809997607
0.21604223682819007	0.2156198141193331
0.2162006836465459	0.21692759161209627
0.2215878754706445	0.21259557866731818
0.22000340728708612	0.20998002368179178
0.2222216627440679	0.21970661878421807
0.21889427955859522	0.221096132370279
0.2245191416102276	0.2201152992507066
0.2253113757020068	0.21390335616008135
0.22475681183776136	0.2167641194255009
0.2272127375222769	0.2183171051981572
0.22554904592954056	0.22976015825983523
0.23410517412075602	0.2310679357525984
0.2324414825280197	0.23450085167110182
0.22745040774981065	0.23482779604429263
0.23362983366568849	0.23352001855152943
0.23402595071157808	0.23245744933865933
0.23877935526225336	0.23670772619013972
0.23846246162554166	0.23597210135046043
0.23465973798500148	0.23425564339120872
0.24186906822019225	0.23785203149630754
0.237115663669517	0.23793376758960522
0.2466224727708675	0.23777029540300984
0.24947451550127267	0.24545348817299367
0.24947451550127267	0.24855945971830626
0.2516135475490765	0.25280973656978667
0.2462263557249779	0.24684300175905455
0.24559256845155453	0.25003070939766486
0.2448003343597753	0.25395404187595444
0.25660462232728554	0.25289147266308437
0.2527226752775674	0.2582860548207326
0.2538318030060583	0.2506028620507488
0.24781082390853632	0.24839598753171085
0.25620850528139594	0.2533818892228706
0.2569215159639972	0.25256452828989356
0.26183336733302826	0.2733254959875094
0.2549409307345492	0.2586129991939234
0.26595298461028016	0.2657240393108233
0.2539902498244141	0.25019418158426027
0.26088268642289325	0.2604111932464728
0.2674582293846607	0.2699743161623037
0.26547764415521263	0.2662961919639072
0.26737900597548275	0.26507015056444166
0.2680920166580841	0.2665414002438003
0.2669036655204152	0.2675222333633727
0.267141335747949	0.2752871622266542
0.26864658052232954	0.2733254959875094
0.2755390171208086	0.2716907741215554
0.2770442618951891	0.272344662867937
0.27252852757204765	0.27348896817410484
0.27292464461793725	0.2738976486405933
0.2757766873483424	0.27651320362611975
0.2793417407613488	0.2762679953462266
0.27720270871354497	0.2818260496904702
0.285125049631337	0.2803548000111116
0.28520427304051493	0.2762679953462266
0.2908291350921473	0.29367778321863675
0.2812431025816189	0.28346077155642424
0.28298601758353314	0.2926969500990644
0.289165443499411	0.29204306135268276
0.2872640816791409	0.29702896304384246
0.2850458262221591	0.2978463239768195
0.2797378578072384	0.28844667324758394
0.2857588369047604	0.29711069913714017
0.2935227310041966	0.29899062928298725
0.2912252521380369	0.2918795891660873
0.2922551564573499	0.2949038246181022
0.2939188480500862	0.29122570041970575
0.28773942213420844	0.28795625668779773
0.2939188480500862	0.29204306135268276
0.2939188480500862	0.29106222823311034
0.3067530403369094	0.30732771079935267
0.3064361467001977	0.3137031260765733
0.3139623705721002	0.3157465284090158
0.3158637323923703	0.3197515969806031
0.3298070524076844	0.324410554298572
0.3257666585396104	0.32514617913825133
0.330203169453574	0.3168908337151836
0.3186365517135975	0.3217132632197479
0.32323150944591694	0.32105937447336635
0.312219455570186	0.3105971545312607
0.28647184758736166	0.28877361762077475
0.25169277095825443	0.25509834718212226
0.23877935526225336	0.23956848945555925
0.23568964230431444	0.23131314403249154
0.22277622660831334	0.2242838400088893
0.2605657927861816	0.2587764713805188
0.2648438568817893	0.26286327604540377
0.30580235942677436	0.30610166939988714
0.2709440593884892	0.266623136337098
0.23275837616473138	0.24071279476172702
0.2756182405299865	0.2768401479993105
0.3955624820253586	0.39118894252279307
0.4403237082108839	0.4437452505132143
0.3424035744669738	0.3322572192551513
0.16882508495814927	0.17401614263080367
0.15187127539407422	0.15521684117233264
0.24519645140566493	0.25534355546201537
0.4537916877711305	0.44202879255396255
0.4392938038915709	0.44047580678130627
0.25256422845921156	0.25142022298372574
0.15607011608050403	0.15750545178466827
0.16953809564075056	0.17295357341793358
0.3487414472012074	0.34419068887661547
0.44262118707704357	0.4448895558193821
0.39532481179782486	0.3913524147093885
0.27038949552424374	0.2693204274159221
0.23980925958156632	0.23826071196279602
0.2610411332412491	0.2582043187274349
0.30477245510746137	0.31713604199507667
0.25478248391619335	0.2591851518470073
0.250108302774696	0.2587764713805188
0.23196614207295216	0.2247742565686755
0.23909624889896502	0.24700647394564995
0.24472111095059743	0.24136668350810864
0.24598868549744415	0.2549348749955269
0.27633125121258784	0.28419639639610356
0.3162598494382599	0.31966986088730537
0.32457830740194155	0.3296416642696249
0.3217262646715364	0.32040548572698474
0.3168144133025053	0.3214680549398548
0.31903266875948716	0.3215497910331525
0.3197456794420884	0.32800694240367084
0.316180626029082	0.32547312351144214
0.3219639348990702	0.3145204870095503
0.31530916852812485	0.3163186810620997
0.30596080624513017	0.30095229552213204
0.3014450719219887	0.306428613773078
0.28892777327187724	0.2993175736561781
0.30033594419349785	0.3026687534813838
0.2896407839544785	0.29098049213981264
0.2903537946370798	0.28975445074034717
0.2963747737346018	0.2902448673001334
0.29193826282063823	0.28975445074034717
0.282114560082576	0.2899996590202402
0.29399807145926415	0.2899179229269425
0.2873433050883188	0.28460507686259207
0.2912252521380369	0.29106222823311034
0.2897992307728343	0.28158084141057715
0.27680659166765537	0.2819895218770656
0.28599650713229413	0.28321556327653113
0.28060931530819555	0.2799461195446231
0.2804508684898397	0.283787715929615
0.276172804394232	0.2719359824014485
0.2676958996121944	0.2697291078824106
0.2672205591571269	0.264988414471144
0.26310094187987504	0.26302674823199923
0.27007260188753207	0.2647432061912509
0.2648438568817893	0.2722629267746393
0.26476463347261137	0.2675222333633727
0.2626256014248075	0.27013778834889907
0.25937744164851273	0.2688300108561359
0.2606450161953595	0.2721811906813416
0.25763452664659847	0.2636806369783808
0.25898132460262313	0.25755042998105326
0.26674521870205936	0.2716907741215554
0.2569215159639972	0.25599744420839693
0.25414869664276996	0.24676126566575685
0.2608034630137154	0.25027591767755797
0.2613580268779608	0.26016598496657967
0.2556539414171505	0.25199237563680965
0.25969433528522445	0.26605098368401414
0.2500290793655181	0.2555887637419085
0.25787219687413226	0.25542529155531307
0.25074209004811937	0.25452619452903835
0.24567179186073246	0.24112147522821556
0.2524850050500337	0.24986723721106946
0.2526434518683895	0.25223758391670276
0.250108302774696	0.24847772362500856
0.23925469571732086	0.24349182193384883
0.24384965344964027	0.24430918286682585
0.24709781322593505	0.23989543382875006
0.24733548345346879	0.24618911301267296
0.23608575935020404	0.23499126823088803
0.24749393027182465	0.23131314403249154
0.2272127375222769	0.230087102633026
0.23505585503089105	0.2313948801257892
0.23759100412458453	0.24022237820194084
0.2374325573062287	0.23466432385769723
0.23545197207678067	0.23074099137940762
0.22127098183393282	0.2274715476474996
0.23164924843624046	0.225182937035164
0.2302232270710379	0.23245744933865933
0.2306193441169275	0.2310679357525984
0.22665817365803145	0.22150481283676748
0.22253855638077957	0.2288610612335605
0.2234892372909146	0.2214230767434698
0.22333079047255877	0.22297606251612612
0.2244399182010497	0.22779849202069039
0.21635913046490177	0.21153300945444808
0.21889427955859522	0.21071564852147107
0.2223008861532458	0.2211778684635767
0.2180228220576381	0.20883571837562395
0.2215878754706445	0.21725453598528707
0.21936962001366273	0.21398509225337908
0.21754748160257056	0.21194168992093657
0.21762670501174847	0.21259557866731818
0.2107342684132694	0.21218689820082967
