WT-Tfh	WT-Th1
0.2454415899574219	0.6790481869661097
0.3068019874467774	0.594167163595346
0.9204059623403322	0.8771039081645584
0.6749643723829102	0.6790481869661097
0.6749643723829102	0.8488102337076372
0.6136039748935548	0.9619849315353222
0.7363247698722657	0.9902786059922433
0.7976851673616212	0.594167163595346
1.0431267573190433	0.707341861423031
0.7363247698722657	0.7639292103368734
0.9817663598296876	0.9336912570784008
0.9204059623403322	1.1317469782768497
0.8590455648509767	0.6507545125091885
0.9817663598296876	0.7922228847937948
0.9204059623403322	1.0185722804491646
1.0431267573190433	1.1600406527337708
0.9204059623403322	0.9902786059922433
0.9817663598296876	0.8771039081645584
0.9204059623403322	0.6507545125091885
0.5522435774041993	0.6790481869661097
1.0431267573190433	0.7922228847937948
0.9204059623403322	0.9902786059922433
1.288568347276465	0.9053975826214796
0.6749643723829102	0.9053975826214796
0.9817663598296876	0.8771039081645584
0.9817663598296876	0.9336912570784008
1.0431267573190433	1.046865954906086
1.4726495397445314	0.9053975826214796
0.9817663598296876	0.9053975826214796
0.9817663598296876	0.9053975826214796
0.7363247698722657	0.9619849315353222
1.0431267573190433	0.7356355358799521
1.0431267573190433	0.9336912570784008
1.288568347276465	1.1034533038199283
0.8590455648509767	0.8488102337076372
0.7363247698722657	0.8205165592507159
1.1044871548083985	0.8771039081645584
0.8590455648509767	0.5658734891384248
0.8590455648509767	0.8771039081645584
0.9204059623403322	0.9619849315353222
1.0431267573190433	1.075159629363007
0.7976851673616212	0.8205165592507159
1.0431267573190433	1.046865954906086
0.7976851673616212	0.8771039081645584
0.9204059623403322	0.9053975826214796
0.5522435774041993	0.8488102337076372
0.5522435774041993	0.6790481869661097
0.6749643723829102	0.6790481869661097
1.3499287447658204	1.2166280016476134
0.6136039748935548	1.046865954906086
1.165847552297754	0.9336912570784008
0.9204059623403322	0.6224608380522673
0.8590455648509767	0.9619849315353222
0.9204059623403322	1.301509025018377
1.3499287447658204	1.075159629363007
1.4726495397445314	1.2732153505614558
0.9817663598296876	0.9902786059922433
0.9817663598296876	0.9902786059922433
2.0248931171487308	1.3298026994752983
1.5953703347232424	1.3863900483891407
1.1044871548083985	1.3298026994752983
0.9817663598296876	1.1600406527337708
0.7976851673616212	0.6790481869661097
1.8408119246806645	1.046865954906086
1.411289142255176	0.9902786059922433
0.9817663598296876	1.075159629363007
1.4726495397445314	1.0185722804491646
0.6749643723829102	0.8488102337076372
1.1044871548083985	0.9902786059922433
1.288568347276465	1.301509025018377
1.3499287447658204	1.1600406527337708
1.2272079497871096	1.301509025018377
1.165847552297754	1.0185722804491646
1.0431267573190433	1.1317469782768497
1.5340099372338871	1.075159629363007
0.6136039748935548	0.9053975826214796
0.3068019874467774	0.6224608380522673
0.8590455648509767	0.9336912570784008
1.3499287447658204	1.1600406527337708
1.1044871548083985	0.9053975826214796
1.0431267573190433	0.8771039081645584
0.8590455648509767	0.707341861423031
1.288568347276465	0.9336912570784008
1.3499287447658204	1.2732153505614558
0.7976851673616212	1.046865954906086
0.7976851673616212	1.1034533038199283
0.9204059623403322	0.6224608380522673
0.4908831799148438	0.7922228847937948
0.8590455648509767	0.7922228847937948
1.0431267573190433	0.6507545125091885
0.42952278242548836	0.6224608380522673
0.7976851673616212	0.9336912570784008
1.0431267573190433	0.9902786059922433
1.165847552297754	1.0185722804491646
0.5522435774041993	0.6224608380522673
0.42952278242548836	0.2829367445692124
0.36816238493613285	0.5375798146815035
0.9817663598296876	1.1600406527337708
1.0431267573190433	1.4995647462168258
1.7794515271913087	1.3298026994752983
1.4726495397445314	1.3298026994752983
1.1044871548083985	1.075159629363007
0.7976851673616212	0.8488102337076372
0.7363247698722657	0.7356355358799521
0.8590455648509767	0.8488102337076372
0.4908831799148438	0.7639292103368734
0.7363247698722657	0.7639292103368734
1.1044871548083985	1.2166280016476134
1.0431267573190433	0.9902786059922433
0.8590455648509767	0.7922228847937948
0.6749643723829102	0.9619849315353222
0.7976851673616212	1.046865954906086
0.6136039748935548	0.7356355358799521
1.1044871548083985	0.9902786059922433
1.2272079497871096	0.9053975826214796
1.0431267573190433	0.9902786059922433
0.9817663598296876	0.9053975826214796
0.6136039748935548	0.8488102337076372
0.7976851673616212	1.2449216761045345
1.5340099372338871	0.9619849315353222
0.8590455648509767	1.1317469782768497
1.2272079497871096	1.075159629363007
1.1044871548083985	1.075159629363007
0.6136039748935548	1.046865954906086
0.6136039748935548	0.8205165592507159
0.42952278242548836	0.8771039081645584
1.5953703347232424	1.1600406527337708
0.9204059623403322	1.046865954906086
0.9817663598296876	1.046865954906086
1.0431267573190433	1.075159629363007
1.0431267573190433	1.046865954906086
1.1044871548083985	1.1317469782768497
0.7363247698722657	0.7922228847937948
0.9204059623403322	0.8205165592507159
0.8590455648509767	0.7922228847937948
0.7363247698722657	0.7639292103368734
1.1044871548083985	1.2166280016476134
1.8408119246806645	1.4429773973029831
1.1044871548083985	1.1600406527337708
1.165847552297754	0.9336912570784008
1.411289142255176	1.1317469782768497
1.411289142255176	1.188334327190692
1.0431267573190433	0.9902786059922433
0.9204059623403322	0.8771039081645584
1.0431267573190433	0.7356355358799521
0.9817663598296876	0.9336912570784008
0.2454415899574219	0.9902786059922433
1.2272079497871096	0.9336912570784008
0.8590455648509767	0.9336912570784008
1.0431267573190433	1.2166280016476134
0.8590455648509767	0.9902786059922433
0.6136039748935548	1.0185722804491646
1.165847552297754	0.8488102337076372
1.288568347276465	0.8771039081645584
1.3499287447658204	1.1034533038199283
0.4908831799148438	0.9053975826214796
0.7363247698722657	0.9902786059922433
0.6136039748935548	0.9619849315353222
0.7976851673616212	0.8205165592507159
0.7976851673616212	0.594167163595346
0.7976851673616212	0.8771039081645584
0.6136039748935548	0.8205165592507159
0.9817663598296876	0.7922228847937948
1.165847552297754	0.707341861423031
0.9817663598296876	0.9336912570784008
0.9204059623403322	0.7639292103368734
0.4908831799148438	0.7356355358799521
0.5522435774041993	0.5658734891384248
0.6749643723829102	0.7356355358799521
0.4908831799148438	0.6790481869661097
1.0431267573190433	0.8488102337076372
1.0431267573190433	0.7639292103368734
0.6749643723829102	0.7639292103368734
1.0431267573190433	0.9336912570784008
0.7976851673616212	1.1317469782768497
0.7976851673616212	0.7639292103368734
1.1044871548083985	1.1317469782768497
0.4908831799148438	0.6507545125091885
1.165847552297754	0.9902786059922433
0.6749643723829102	1.0185722804491646
1.0431267573190433	0.9336912570784008
1.1044871548083985	0.9053975826214796
0.6749643723829102	0.5375798146815035
1.0431267573190433	0.7639292103368734
0.8590455648509767	0.707341861423031
1.2272079497871096	0.7922228847937948
0.9204059623403322	0.8771039081645584
0.5522435774041993	0.4244051168538186
0.7363247698722657	0.707341861423031
0.9204059623403322	0.8488102337076372
0.8590455648509767	0.707341861423031
0.9817663598296876	1.0185722804491646
0.7363247698722657	0.9053975826214796
1.288568347276465	1.2166280016476134
0.7976851673616212	0.7922228847937948
0.7976851673616212	0.6224608380522673
1.0431267573190433	0.9336912570784008
0.4908831799148438	0.707341861423031
0.8590455648509767	0.8205165592507159
0.6136039748935548	0.594167163595346
