WT-Tfh	WT-Th1
1.2622710340667411	1.0670757223753153
0.7363247698722657	0.8730619546707126
0.6311355170333706	0.5335378611876577
1.051892528388951	0.8245585127445617
1.1570817812278462	0.9215653965968632
0.6311355170333706	0.8730619546707126
0.6311355170333706	0.9215653965968632
1.2622710340667411	0.630544745039959
0.2103785056777902	0.5335378611876577
0.7363247698722657	0.970068838523014
0.9467032755500561	0.8245585127445617
0.7363247698722657	0.7760550708184111
1.051892528388951	0.8245585127445617
0.7363247698722657	0.5820413031138083
0.9467032755500561	0.7760550708184111
0.5259462641944755	0.7760550708184111
0.8415140227111608	1.0670757223753153
0.6311355170333706	1.1155791643014659
0.9467032755500561	0.5335378611876577
0.8415140227111608	0.5820413031138083
1.051892528388951	0.8730619546707126
0.4207570113555804	1.4551032577845209
1.6830280454223217	1.4551032577845209
0.8415140227111608	0.8245585127445617
0.2103785056777902	0.630544745039959
0.3155677585166853	0.7275516288922604
0.3155677585166853	0.630544745039959
0.6311355170333706	0.6790481869661097
0.2103785056777902	0.7275516288922604
0.9467032755500561	0.8245585127445617
0.4207570113555804	0.5335378611876577
0.7363247698722657	0.7275516288922604
1.998595803939007	0.8730619546707126
0.3155677585166853	0.7275516288922604
0.1051892528388951	0.4365309773353563
0.4207570113555804	0.38802753540920554
0.6311355170333706	0.5335378611876577
0.7363247698722657	0.8245585127445617
0.8415140227111608	0.8730619546707126
0.4207570113555804	0.5335378611876577
0.3155677585166853	0.7275516288922604
0.5259462641944755	0.630544745039959
1.2622710340667411	0.7760550708184111
0.8415140227111608	0.7275516288922604
0.5259462641944755	0.8730619546707126
0.4207570113555804	0.5820413031138083
0.9467032755500561	0.9215653965968632
0.5259462641944755	0.5335378611876577
1.4726495397445314	0.9215653965968632
0.6311355170333706	0.7275516288922604
0.3155677585166853	0.4365309773353563
0.7363247698722657	0.7760550708184111
0.2103785056777902	0.5335378611876577
1.051892528388951	0.5820413031138083
0.6311355170333706	0.7760550708184111
0.6311355170333706	0.7760550708184111
0.4207570113555804	0.7275516288922604
1.051892528388951	1.0185722804491646
0.6311355170333706	1.0670757223753153
0.5259462641944755	0.970068838523014
1.3674602869056365	0.7760550708184111
1.3674602869056365	0.6790481869661097
0.7363247698722657	0.630544745039959
1.051892528388951	0.7760550708184111
0.9467032755500561	0.7760550708184111
0.7363247698722657	0.7275516288922604
0.4207570113555804	0.8245585127445617
1.3674602869056365	0.8730619546707126
0.4207570113555804	0.9215653965968632
1.051892528388951	0.7275516288922604
0.6311355170333706	0.7760550708184111
0.0	0.29102065155690415
0.8415140227111608	0.485034419261507
0.7363247698722657	0.7760550708184111
1.4726495397445314	0.7275516288922604
0.6311355170333706	0.6790481869661097
0.8415140227111608	0.33952409348305485
0.6311355170333706	0.5335378611876577
0.6311355170333706	0.7760550708184111
0.6311355170333706	0.970068838523014
1.2622710340667411	1.0185722804491646
0.9467032755500561	1.0185722804491646
0.6311355170333706	0.970068838523014
0.2103785056777902	0.7275516288922604
0.6311355170333706	0.970068838523014
0.8415140227111608	0.7760550708184111
0.5259462641944755	0.5335378611876577
0.9467032755500561	0.8730619546707126
1.4726495397445314	1.1640826062276166
1.2622710340667411	0.6790481869661097
1.4726495397445314	0.8730619546707126
0.6311355170333706	0.5820413031138083
1.4726495397445314	1.1155791643014659
2.103785056777902	1.3095929320060689
1.1570817812278462	0.9215653965968632
0.5259462641944755	0.6790481869661097
0.0	0.2425172096307535
1.051892528388951	0.8730619546707126
1.4726495397445314	1.2125860481537674
0.7363247698722657	0.5820413031138083
0.2103785056777902	0.38802753540920554
0.8415140227111608	0.33952409348305485
1.2622710340667411	1.0185722804491646
1.6830280454223217	1.261089490079918
0.7363247698722657	0.8245585127445617
0.8415140227111608	0.7760550708184111
0.6311355170333706	0.5820413031138083
1.3674602869056365	0.7760550708184111
1.2622710340667411	0.9215653965968632
0.6311355170333706	0.7760550708184111
0.4207570113555804	0.6790481869661097
0.8415140227111608	0.7275516288922604
1.1570817812278462	0.9215653965968632
1.051892528388951	1.261089490079918
0.5259462641944755	0.7275516288922604
0.6311355170333706	0.8730619546707126
0.8415140227111608	0.6790481869661097
1.051892528388951	0.7275516288922604
0.6311355170333706	1.2125860481537674
0.8415140227111608	1.0185722804491646
1.051892528388951	1.0670757223753153
0.6311355170333706	0.630544745039959
0.5259462641944755	0.630544745039959
0.3155677585166853	0.6790481869661097
1.1570817812278462	0.485034419261507
1.6830280454223217	1.0185722804491646
0.7363247698722657	0.9215653965968632
0.7363247698722657	0.8730619546707126
0.6311355170333706	0.7760550708184111
0.3155677585166853	0.38802753540920554
1.051892528388951	0.6790481869661097
0.6311355170333706	1.0670757223753153
0.7363247698722657	0.5820413031138083
1.051892528388951	0.8730619546707126
0.6311355170333706	0.6790481869661097
0.3155677585166853	0.5820413031138083
0.9467032755500561	1.2125860481537674
1.051892528388951	1.0670757223753153
1.051892528388951	1.2125860481537674
1.6830280454223217	1.1640826062276166
0.7363247698722657	0.6790481869661097
1.051892528388951	1.0185722804491646
0.8415140227111608	1.1640826062276166
1.051892528388951	1.0185722804491646
1.3674602869056365	1.1155791643014659
0.5259462641944755	0.9215653965968632
0.9467032755500561	0.8245585127445617
0.6311355170333706	0.8730619546707126
0.6311355170333706	0.7275516288922604
1.1570817812278462	1.2125860481537674
1.2622710340667411	1.0185722804491646
0.9467032755500561	0.970068838523014
0.6311355170333706	0.970068838523014
0.6311355170333706	0.6790481869661097
1.2622710340667411	0.9215653965968632
0.7363247698722657	0.970068838523014
0.6311355170333706	0.8245585127445617
1.6830280454223217	0.970068838523014
0.9467032755500561	0.970068838523014
0.4207570113555804	0.630544745039959
0.8415140227111608	0.7275516288922604
0.7363247698722657	0.630544745039959
1.6830280454223217	1.0185722804491646
0.5259462641944755	0.630544745039959
0.7363247698722657	0.8245585127445617
1.2622710340667411	1.1155791643014659
1.051892528388951	0.7275516288922604
0.4207570113555804	0.630544745039959
0.4207570113555804	0.630544745039959
0.7363247698722657	0.485034419261507
1.051892528388951	0.7760550708184111
0.8415140227111608	0.5335378611876577
1.051892528388951	1.0185722804491646
0.6311355170333706	0.8245585127445617
0.2103785056777902	0.7275516288922604
0.6311355170333706	0.38802753540920554
0.6311355170333706	0.7275516288922604
1.051892528388951	0.8730619546707126
1.4726495397445314	1.1155791643014659
0.9467032755500561	1.4065998158583704
0.8415140227111608	0.5820413031138083
0.8415140227111608	0.5820413031138083
1.5778387925834265	0.630544745039959
1.051892528388951	0.9215653965968632
0.9467032755500561	0.9215653965968632
0.9467032755500561	1.0670757223753153
0.4207570113555804	0.6790481869661097
0.6311355170333706	0.5820413031138083
1.051892528388951	0.8730619546707126
0.6311355170333706	0.8730619546707126
0.9467032755500561	0.8730619546707126
0.2103785056777902	0.630544745039959
0.7363247698722657	0.8730619546707126
0.8415140227111608	0.6790481869661097
0.6311355170333706	0.7275516288922604
0.2103785056777902	1.0185722804491646
0.6311355170333706	0.5335378611876577
1.1570817812278462	0.970068838523014
0.8415140227111608	0.9215653965968632
1.1570817812278462	1.1155791643014659
