WT-Tfh	WT-Th1
0.7307039701022484	0.715333204590253
0.68573757194211	0.7568017961607025
0.6407711737819717	0.6116617256641294
0.607046375161868	0.6894153348587221
0.7194623705622138	0.7412510743217838
0.6969791714821447	0.7671689440533149
0.5058719793015567	0.6427631693419665
0.5845631760817988	0.6634974651271912
0.6632543728620408	0.8293718314089891
0.6969791714821447	0.8241882574626828
0.8206367664225253	0.715333204590253
0.7082207710221793	0.7671689440533149
0.7082207710221793	0.715333204590253
0.6632543728620408	0.7308839264291714
0.989260759523044	0.8241882574626828
0.68573757194211	0.8241882574626828
0.8093951668824906	0.7205167785365593
0.933052761822871	0.8086375356237643
0.854361565042629	0.7827196658922334
0.741945569642283	0.7619853701070086
0.68573757194211	0.6323960214493541
0.741945569642283	0.8034539616774582
0.8993279632027673	0.8501061271942137
0.7644287687223522	0.7879032398385395
0.741945569642283	0.8345554053552952
0.7307039701022484	0.6634974651271912
0.933052761822871	0.8241882574626828
0.798153567342456	0.8501061271942137
0.7531871691823175	0.8552897011405199
0.8768447641226981	0.8812075708720508
0.8431199655025943	0.8449225532479075
0.9780191599830095	0.8708404229794384
0.933052761822871	0.9071254406035817
0.7869119678024215	0.6945989088050283
0.8880863636627327	0.8967582927109694
0.8318783659625598	0.772352517999621
0.8768447641226981	0.8345554053552952
0.7307039701022484	0.8034539616774582
0.8318783659625598	0.9641447540129496
0.8206367664225253	0.9434104582277251
0.854361565042629	0.9382268842814188
0.8768447641226981	0.9123090145498879
0.8656031645826635	0.9434104582277251
0.798153567342456	0.9900626237444806
1.0567103567632516	1.0367147892612363
0.7756703682623868	0.9485940321740312
0.8093951668824906	0.9071254406035817
0.7869119678024215	0.8345554053552952
0.9218111622828365	0.9382268842814188
0.8880863636627327	0.974511901905562
0.933052761822871	0.9641447540129496
0.741945569642283	0.9123090145498879
0.8318783659625598	1.03153121531493
0.8656031645826635	0.8501061271942137
0.8768447641226981	0.9123090145498879
0.8206367664225253	0.8449225532479075
0.7869119678024215	0.9796954758518683
1.0567103567632516	0.9123090145498879
1.0904351553833553	1.0522655111001549
0.9780191599830095	0.8760239969257446
0.798153567342456	0.8915747187646631
1.0117439586031134	0.9848790497981744
1.0679519563032862	1.0107969195297053
1.022985558143148	0.9952461976907868
0.8880863636627327	0.9330433103351127
0.8993279632027673	0.9693283279592559
1.0117439586031134	0.9641447540129496
0.9667775604429748	1.0107969195297053
1.180367951703632	1.000429771637093
1.1129183544634247	1.088550528724298
0.8318783659625598	0.974511901905562
0.933052761822871	0.9382268842814188
0.8318783659625598	0.8397389793016014
0.9555359609029402	1.0211640674223177
1.0005023590630786	0.9382268842814188
1.3152671461840473	1.1611205639725846
1.3377503452641164	1.1870384337041153
0.8880863636627327	0.9589611800666435
1.1916095512436666	1.1300191202947476
0.9667775604429748	1.0522655111001549
1.2028511507837014	1.0107969195297053
1.1466431530835284	1.1248355463484414
1.0791935558433208	1.0729998068853797
1.0567103567632516	1.0937341026706042
1.3152671461840473	1.088550528724298
1.0567103567632516	0.9693283279592559
0.933052761822871	0.8760239969257446
0.798153567342456	0.8086375356237643
0.8093951668824906	0.7827196658922334
1.0791935558433208	1.0781833808316856
1.1466431530835284	0.9796954758518683
0.9442943613629057	0.9330433103351127
0.4833887802214874	0.5753767080399861
0.47214718068145284	0.45615450727494394
0.8880863636627327	0.8449225532479075
0.8656031645826635	0.886391144818357
0.8880863636627327	0.9537776061203372
0.8431199655025943	0.974511901905562
0.7307039701022484	0.6375795953956603
0.7082207710221793	0.6116617256641294
0.5958047756218333	0.6375795953956603
0.7082207710221793	0.7930868137848458
1.0791935558433208	0.8760239969257446
1.0791935558433208	0.8812075708720508
0.8993279632027673	0.8345554053552952
0.7082207710221793	0.7101496306439469
0.47214718068145284	0.5494588383084552
0.8656031645826635	0.7568017961607025
0.854361565042629	0.9226761624425003
1.214092750323736	0.9589611800666435
0.8431199655025943	0.8345554053552952
0.933052761822871	0.7879032398385395
0.854361565042629	0.9382268842814188
0.9442943613629057	0.9278597363888064
0.910569562742802	0.9641447540129496
1.0567103567632516	0.9900626237444806
1.0791935558433208	1.0367147892612363
1.0117439586031134	1.0678162329390732
1.0117439586031134	0.9848790497981744
1.0567103567632516	1.0211640674223177
1.0679519563032862	1.145569842133666
1.1241599540034592	1.0781833808316856
0.8318783659625598	1.0522655111001549
0.7756703682623868	0.9693283279592559
0.9442943613629057	0.8967582927109694
0.8993279632027673	0.8915747187646631
1.1354015535434936	1.0678162329390732
0.8768447641226981	1.0574490850464608
0.7756703682623868	0.9900626237444806
0.9780191599830095	1.0159804934760115
0.7869119678024215	0.9485940321740312
0.8656031645826635	0.9226761624425003
0.8206367664225253	0.8501061271942137
0.6969791714821447	0.8397389793016014
0.933052761822871	0.9537776061203372
0.741945569642283	0.9019418666572755
0.7307039701022484	0.8552897011405199
0.8656031645826635	0.9796954758518683
0.7307039701022484	0.8656568490331322
0.8318783659625598	0.9330433103351127
0.6969791714821447	0.7775360919459271
0.8318783659625598	0.9278597363888064
0.8093951668824906	0.860473275086826
0.6969791714821447	0.7930868137848458
1.022985558143148	0.886391144818357
0.607046375161868	0.7879032398385395
0.7644287687223522	0.8086375356237643
0.6182879747019026	0.7412510743217838
0.8206367664225253	0.8345554053552952
0.7756703682623868	0.8708404229794384
0.8093951668824906	0.8190046835163767
0.8318783659625598	0.8293718314089891
0.7869119678024215	0.8449225532479075
0.8656031645826635	0.917492588496194
0.910569562742802	0.917492588496194
0.854361565042629	0.7464346482680901
0.798153567342456	0.7879032398385395
0.6407711737819717	0.7827196658922334
0.7307039701022484	0.8345554053552952
0.6632543728620408	0.8449225532479075
0.7869119678024215	0.7827196658922334
0.8093951668824906	0.8241882574626828
0.7194623705622138	0.8552897011405199
0.933052761822871	0.8552897011405199
0.8318783659625598	0.917492588496194
0.8318783659625598	0.9434104582277251
0.7869119678024215	0.7257003524828654
0.5395967779216604	0.7619853701070086
0.6407711737819717	0.772352517999621
0.6182879747019026	0.7257003524828654
0.5395967779216604	0.7101496306439469
0.6182879747019026	0.7775360919459271
0.8093951668824906	0.8034539616774582
0.5845631760817988	0.7412510743217838
0.7644287687223522	0.6738646130198035
0.7307039701022484	0.7879032398385395
0.8768447641226981	0.8190046835163767
0.8318783659625598	0.8034539616774582
0.7869119678024215	0.8501061271942137
0.6295295742419371	0.7619853701070086
0.607046375161868	0.6738646130198035
0.6407711737819717	0.7101496306439469
0.741945569642283	0.6375795953956603
0.494630379761522	0.6012945777715171
0.5283551783816258	0.6686810390734974
0.6969791714821447	0.6634974651271912
0.7531871691823175	0.7464346482680901
0.6969791714821447	0.6790481869661097
0.5395967779216604	0.544275264362149
0.7531871691823175	0.6634974651271912
0.7531871691823175	0.7360675003754777
0.8318783659625598	0.715333204590253
0.607046375161868	0.6842317609124159
0.4609055811414183	0.5598259862010676
0.5171135788415911	0.5805602819862923
0.6520127733220064	0.5390916904158428
0.6182879747019026	0.7464346482680901
0.6182879747019026	0.6116617256641294
0.4609055811414183	0.544275264362149
0.550838377461695	0.4976230988453934
