WT	KO
0.7963568060975202	0.5602551454312692
0.6211583087560657	0.5229048024025179
0.5255954920243634	0.5042296308881423
0.3503969946829089	0.45754170210220313
0.46188694753656173	0.5042296308881423
0.4141055391707105	0.49489204513095447
0.5415226281463137	0.49489204513095447
0.7326482616097186	0.49489204513095447
0.7007939893658178	0.5135672166453301
0.49374121978046254	0.5135672166453301
0.49374121978046254	0.5509175596740813
0.6370854448780162	0.5135672166453301
0.49374121978046254	0.5509175596740813
0.5255954920243634	0.4108537733162641
0.49374121978046254	0.5229048024025179
0.509668355902413	0.5229048024025179
0.509668355902413	0.5882679027028327
0.6211583087560657	0.569592731188457
0.49374121978046254	0.5042296308881423
0.5733769003902146	0.5042296308881423
0.46188694753656173	0.40151618755907625
0.5733769003902146	0.5042296308881423
0.589304036512165	0.6256182457315839
0.6530125809999666	0.5789303169456448
0.7326482616097186	0.7376692748178377
0.6052311726341154	0.569592731188457
0.47781408365851213	0.5976054884600205
0.5415226281463137	0.6629685887603352
0.6211583087560657	0.569592731188457
0.6370854448780162	0.5042296308881423
0.7007939893658178	0.5976054884600205
0.668939717121917	0.5882679027028327
0.5574497642682641	0.5882679027028327
0.589304036512165	0.4388665305878275
0.5574497642682641	0.569592731188457
0.47781408365851213	0.5415799739168935
0.6052311726341154	0.6442934172459596
0.509668355902413	0.5415799739168935
0.5415226281463137	0.466879287859391
0.6370854448780162	0.5976054884600205
0.5733769003902146	0.5415799739168935
0.46188694753656173	0.5042296308881423
0.7326482616097186	0.6069430742172083
0.6848668532438674	0.6069430742172083
0.7167211254877682	0.6442934172459596
0.6370854448780162	0.5509175596740813
0.3663241308048593	0.5135672166453301
0.3185427224390081	0.6256182457315839
0.5415226281463137	0.466879287859391
0.49374121978046254	0.5229048024025179
0.6530125809999666	0.5882679027028327
0.668939717121917	0.4388665305878275
0.589304036512165	0.5042296308881423
0.7645025338536193	0.5602551454312692
0.6370854448780162	0.6256182457315839
0.5574497642682641	0.5789303169456448
0.509668355902413	0.5602551454312692
0.589304036512165	0.5882679027028327
0.6530125809999666	0.6723061745175231
0.7167211254877682	0.6162806599743962
0.5415226281463137	0.569592731188457
0.6052311726341154	0.5322423881597057
0.6530125809999666	0.5415799739168935
0.7326482616097186	0.8030323751181525
0.668939717121917	0.7096565175462743
0.509668355902413	0.6723061745175231
0.6370854448780162	0.569592731188457
0.6052311726341154	0.5509175596740813
0.6211583087560657	0.6442934172459596
0.8122839422194706	0.5882679027028327
0.589304036512165	0.6909813460318986
0.7007939893658178	0.6723061745175231
0.7167211254877682	0.6442934172459596
0.7804296699755698	0.6909813460318986
0.7326482616097186	0.6256182457315839
0.6530125809999666	0.7376692748178377
0.7167211254877682	0.8123699608753403
0.7485753977316689	0.6069430742172083
0.509668355902413	0.6629685887603352
0.7645025338536193	0.6723061745175231
0.6211583087560657	0.5415799739168935
0.5415226281463137	0.6349558314887717
0.7804296699755698	0.5976054884600205
0.46188694753656173	0.5789303169456448
0.7167211254877682	0.6816437602747109
0.6370854448780162	0.5882679027028327
0.668939717121917	0.775019617846589
0.5733769003902146	0.6162806599743962
0.3503969946829089	0.4388665305878275
0.6052311726341154	0.5789303169456448
0.5574497642682641	0.5789303169456448
0.589304036512165	0.6536310030031474
0.6530125809999666	0.4855544593737666
0.3503969946829089	0.44820411634501534
0.5255954920243634	0.4201913590734519
0.3185427224390081	0.29880274423001024
0.4141055391707105	0.5509175596740813
0.23890704182925607	0.37350343028751276
0.4141055391707105	0.5415799739168935
0.8600653505853219	0.6349558314887717
0.7963568060975202	0.5135672166453301
0.668939717121917	0.6256182457315839
0.6370854448780162	0.6162806599743962
0.23890704182925607	0.31747791574438583
0.3981784030487601	0.2894651584728224
0.2229799057073057	0.2801275727156346
0.27076131407315684	0.33615308725876153
0.49374121978046254	0.4201913590734519
0.4459598114146114	0.4855544593737666
0.509668355902413	0.47621687361657883
0.6052311726341154	0.5042296308881423
0.589304036512165	0.5509175596740813
0.49374121978046254	0.6536310030031474
0.6848668532438674	0.5415799739168935
0.5733769003902146	0.45754170210220313
0.5574497642682641	0.47621687361657883
0.4300326752926609	0.6069430742172083
0.46188694753656173	0.6349558314887717
0.5574497642682641	0.47621687361657883
0.6211583087560657	0.569592731188457
0.6052311726341154	0.7656820320894012
0.7167211254877682	0.4855544593737666
0.5574497642682641	0.4855544593737666
0.509668355902413	0.5976054884600205
0.4459598114146114	0.5229048024025179
0.668939717121917	0.5509175596740813
0.5415226281463137	0.5415799739168935
0.6370854448780162	0.6629685887603352
0.7963568060975202	0.5042296308881423
0.7485753977316689	0.47621687361657883
0.828211078341421	0.5322423881597057
0.5415226281463137	0.5229048024025179
0.589304036512165	0.5042296308881423
0.7167211254877682	0.6536310030031474
0.668939717121917	0.7003189317890866
0.5574497642682641	0.5789303169456448
0.7326482616097186	0.6536310030031474
0.3981784030487601	0.5415799739168935
0.8441382144633715	0.8497203039040917
0.668939717121917	0.7656820320894012
0.5574497642682641	0.5602551454312692
0.5415226281463137	0.5322423881597057
0.6211583087560657	0.6816437602747109
0.6848668532438674	0.718994103303462
0.7485753977316689	0.6723061745175231
0.6370854448780162	0.42952894483063975
0.5255954920243634	0.4201913590734519
0.5415226281463137	0.5322423881597057
0.668939717121917	0.6349558314887717
0.6848668532438674	0.5415799739168935
0.589304036512165	0.6723061745175231
0.6211583087560657	0.6536310030031474
0.7167211254877682	0.5976054884600205
0.5733769003902146	0.5042296308881423
0.5574497642682641	0.569592731188457
0.5733769003902146	0.6723061745175231
0.7167211254877682	0.5509175596740813
0.5574497642682641	0.6256182457315839
0.4459598114146114	0.5882679027028327
0.3981784030487601	0.6069430742172083
0.47781408365851213	0.5415799739168935
0.47781408365851213	0.5135672166453301
0.49374121978046254	0.5602551454312692
0.6052311726341154	0.44820411634501534
0.46188694753656173	0.5789303169456448
0.3981784030487601	0.45754170210220313
0.47781408365851213	0.5509175596740813
0.509668355902413	0.49489204513095447
0.5255954920243634	0.6349558314887717
0.6370854448780162	0.6629685887603352
0.6530125809999666	0.6256182457315839
0.3981784030487601	0.4388665305878275
0.5255954920243634	0.6162806599743962
0.5733769003902146	0.6536310030031474
0.46188694753656173	0.5509175596740813
0.5574497642682641	0.5789303169456448
0.4459598114146114	0.45754170210220313
0.7485753977316689	0.6256182457315839
0.6848668532438674	0.569592731188457
0.6848668532438674	0.5229048024025179
0.6052311726341154	0.5882679027028327
0.4141055391707105	0.39217860180188846
0.6052311726341154	0.4388665305878275
0.7167211254877682	0.6629685887603352
0.49374121978046254	0.6069430742172083
0.5733769003902146	0.5322423881597057
0.38225126692680966	0.45754170210220313
0.3981784030487601	0.466879287859391
0.509668355902413	0.466879287859391
0.6211583087560657	0.5229048024025179
0.47781408365851213	0.49489204513095447
0.4459598114146114	0.44820411634501534
0.3344698585609585	0.4388665305878275
0.3663241308048593	0.4388665305878275
0.4141055391707105	0.569592731188457
0.3981784030487601	0.5882679027028327
0.6211583087560657	0.42952894483063975
0.4459598114146114	0.39217860180188846
0.4300326752926609	0.4201913590734519
0.5574497642682641	0.49489204513095447
