WT	KO
0.5102609935255553	0.562687260791281
0.5649318142604361	0.5876164432314009
0.41306842333021143	0.5698098843456009
0.4981119222511373	0.623229561003001
0.4495156371534654	0.562687260791281
0.5770808855348541	0.619668249225841
0.5649318142604361	0.5804938196770809
0.4616647084278834	0.598300378562881
0.5892299568092721	0.7051397318776811
0.5770808855348541	0.6089843138943609
0.4798883153395103	0.5163902076882008
0.4009193520557935	0.5804938196770809
0.5588572786232272	0.598300378562881
0.5224100647999733	0.6730879258832411
0.6074535637208991	0.658842678774601
0.5588572786232272	0.687333172991881
0.5224100647999733	0.665965302328921
0.5406336717116003	0.6730879258832411
0.637826241906944	0.598300378562881
0.4738137797023014	0.5769325078999209
0.4738137797023014	0.633913496334481
0.5102609935255553	0.6054230021172009
0.5406336717116003	0.669526614106081
0.5892299568092721	0.655281366997441
0.5892299568092721	0.658842678774601
0.4616647084278834	0.5876164432314009
0.43129203024183843	0.612545625671521
0.6256771706325261	0.7478754732036011
0.6499753131813621	0.7514367849807612
0.6499753131813621	0.7193849789863211
0.6317517062697351	0.658842678774601
0.6681989200929891	0.7051397318776811
0.5467082073488093	0.5876164432314009
0.637826241906944	0.6730879258832411
0.5588572786232272	0.6730879258832411
0.5953044924464812	0.690894484769041
0.674273455730198	0.7941725263066813
0.6135280993581081	0.7371915378721212
0.5831554211720632	0.7834885909752013
0.6560498488185711	0.6980171083233612
0.686422527004616	0.687333172991881
0.7471678833767059	0.7336302260949612
0.6074535637208991	0.7158236672091611
0.5892299568092721	0.7870499027523612
0.6560498488185711	0.7407528496492811
0.6256771706325261	0.7692433438665613
0.7957641684743778	0.9295023738387614
0.6803479913674071	0.8262243323011214
0.6013790280836901	0.7692433438665613
0.6317517062697351	0.7193849789863211
0.7046461339162431	0.7941725263066813
0.710720669553452	0.7763659674208813
0.6013790280836901	0.7977338380838412
0.6681989200929891	0.7549980967579212
0.5953044924464812	0.662403990551761
0.5770808855348541	0.7193849789863211
0.728944276465079	0.9081345031758016
0.686422527004616	0.9081345031758016
0.8079132397487959	0.8475922029640813
0.7896896328371689	0.9010118796214813
0.716795205190661	0.7407528496492811
0.6196026349953172	0.8084177734153213
0.6621243844557801	0.7906112145295212
0.6985715982790339	0.7870499027523612
0.7957641684743778	0.9188184385072814
0.710720669553452	0.8832053207356815
0.6681989200929891	0.8191017087468012
0.7410933477394969	0.7834885909752013
0.7471678833767059	0.8048564616381613
0.8747331317580948	0.8760826971813613
0.710720669553452	0.8582761382955614
0.6803479913674071	0.8903279442900015
0.716795205190661	0.8191017087468012
0.728944276465079	0.7585594085350812
0.6681989200929891	0.7941725263066813
0.5831554211720632	0.8155403969696413
0.710720669553452	0.8084177734153213
0.765391490288333	0.9081345031758016
0.759316954651124	0.8582761382955614
0.72286974082787	0.8084177734153213
0.7046461339162431	0.8012951498610014
0.637826241906944	0.8048564616381613
0.801838704111587	0.8867666325128414
0.7714660259255419	0.8832053207356815
0.8200623110232138	0.9259410620616014
0.7836150971999599	0.8832053207356815
0.759316954651124	0.7514367849807612
0.5649318142604361	0.7656820320894012
0.801838704111587	0.7656820320894012
0.72286974082787	0.7265076025406412
0.7410933477394969	0.9437476209474015
0.765391490288333	0.8725213854042014
0.7471678833767059	0.9081345031758016
0.759316954651124	0.8155403969696413
0.9901493088650656	0.9722381151646816
0.8625840604836769	0.9223797502844415
0.6560498488185711	0.7870499027523612
0.8139877753860049	0.9722381151646816
0.9719257019534386	1.0577095978165216
0.6803479913674071	0.9259410620616014
0.41306842333021143	0.6018616903400409
0.7775405615627509	0.8297856440782813
1.0751928077859914	1.0434643507078816
1.0751928077859914	1.1182518980282419
0.6681989200929891	0.7728046556437212
0.9537020950418117	0.8689600736270413
0.9719257019534386	1.0185351682677617
0.7775405615627509	0.8191017087468012
0.8139877753860049	0.9188184385072814
0.753242419013915	0.9829220504961615
0.8261368466604229	0.8689600736270413
0.7471678833767059	0.8226630205239613
0.7350188121022879	0.8475922029640813
0.5892299568092721	0.7478754732036011
0.686422527004616	0.7443141614264411
0.7775405615627509	0.9366249973930815
0.7775405615627509	0.8404695794097614
0.710720669553452	0.9045731913986415
0.7775405615627509	0.8618374500727213
0.6317517062697351	0.7585594085350812
0.728944276465079	0.7336302260949612
0.716795205190661	0.8475922029640813
0.7410933477394969	0.9045731913986415
0.7350188121022879	0.8582761382955614
0.6499753131813621	0.8119790851924812
0.7410933477394969	0.8832053207356815
0.637826241906944	0.7870499027523612
0.753242419013915	0.7906112145295212
0.7046461339162431	0.8084177734153213
0.7896896328371689	0.8404695794097614
0.7957641684743778	0.7549980967579212
0.637826241906944	0.7728046556437212
0.7350188121022879	0.7799272791980412
0.5892299568092721	0.7015784201005212
0.5284846004371823	0.7514367849807612
0.6621243844557801	0.658842678774601
0.728944276465079	0.7656820320894012
0.686422527004616	0.7977338380838412
0.637826241906944	0.7549980967579212
0.716795205190661	0.9116958149529615
0.759316954651124	0.8475922029640813
0.6013790280836901	0.7514367849807612
0.7714660259255419	0.7656820320894012
0.7957641684743778	0.7656820320894012
0.6439007775441531	0.7300689143178012
0.6013790280836901	0.669526614106081
0.674273455730198	0.7906112145295212
0.7350188121022879	0.7371915378721212
0.716795205190661	0.7051397318776811
0.5467082073488093	0.6054230021172009
0.637826241906944	0.687333172991881
0.6196026349953172	0.7193849789863211
0.8382859179348408	0.7763659674208813
0.6621243844557801	0.7763659674208813
0.6985715982790339	0.6730879258832411
0.6560498488185711	0.662403990551761
0.6560498488185711	0.7585594085350812
0.6560498488185711	0.7336302260949612
0.6803479913674071	0.8119790851924812
0.6135280993581081	0.655281366997441
0.7350188121022879	0.7300689143178012
0.674273455730198	0.7443141614264411
0.637826241906944	0.690894484769041
0.5770808855348541	0.7087010436548411
0.5345591360743912	0.6374748081116409
0.6074535637208991	0.658842678774601
0.6621243844557801	0.651720055220281
0.6621243844557801	0.7728046556437212
0.5710063498976452	0.6481587434431211
0.6560498488185711	0.6980171083233612
0.6439007775441531	0.630352184557321
0.6317517062697351	0.6730879258832411
0.6074535637208991	0.6054230021172009
0.5831554211720632	0.658842678774601
0.5041864578883463	0.5769325078999209
0.6256771706325261	0.6730879258832411
0.5527827429860183	0.6837718612147211
0.6621243844557801	0.6445974316659611
0.5224100647999733	0.5698098843456009
0.5710063498976452	0.651720055220281
0.5041864578883463	0.598300378562881
0.6560498488185711	0.5840551314542409
0.637826241906944	0.6374748081116409
0.728944276465079	0.7656820320894012
0.5710063498976452	0.655281366997441
0.716795205190661	0.6089843138943609
0.5831554211720632	0.562687260791281
0.5649318142604361	0.5555646372369609
0.5710063498976452	0.6089843138943609
0.5406336717116003	0.5804938196770809
0.5588572786232272	0.6802105494375611
0.5649318142604361	0.598300378562881
0.5710063498976452	0.5520033254598008
0.5163355291627643	0.641036119888801
0.6256771706325261	0.5769325078999209
0.4798883153395103	0.5377580783511609
0.5041864578883463	0.562687260791281
0.4373665658790474	0.5448807019054809
0.41306842333021143	0.5021449605795608
0.4677392440650923	0.5341967665740008
