DKO	Bcl6KO
0.265927176512335	0.3023521209371537
0.20115004377215087	0.2307424080836173
0.24547123985754002	0.2307424080836173
0.23183394875434335	0.17504596475308898
0.23865259430594166	0.16708932999158493
0.2556992081849375	0.22278577332211327
0.22501530320274502	0.2546123123681294
0.24206191708174085	0.15913269523008092
0.184103429893155	0.2148291385606092
0.26251785373653586	0.31030875569865773
0.22842462597854418	0.15117606046857684
0.24888056263333916	0.19891586903760114
0.16023817046256084	0.19891586903760114
0.17046613878995837	0.2705255818911375
0.22160598042694585	0.20687250379910516
0.24888056263333916	0.26256894712963347
0.1943313982205525	0.2148291385606092
0.22842462597854418	0.20687250379910516
0.21819665765114668	0.27848221665264156
0.2556992081849375	0.31826539046016183
0.28638311316713	0.27848221665264156
0.2727458220639334	0.2864388514141456
0.2556992081849375	0.2466556776066254
0.20796868932374918	0.2864388514141456
0.2147873348753475	0.23869904284512133
0.2727458220639334	0.26256894712963347
0.2727458220639334	0.2705255818911375
0.28638311316713	0.2705255818911375
0.2693364992881342	0.2466556776066254
0.23183394875434335	0.3023521209371537
0.265927176512335	0.2307424080836173
0.306839049821925	0.23869904284512133
0.26251785373653586	0.3023521209371537
0.24888056263333916	0.2148291385606092
0.27956446761553166	0.2864388514141456
0.2761551448397325	0.2148291385606092
0.22501530320274502	0.19095923427609707
0.25910853096073666	0.2546123123681294
0.2693364992881342	0.2864388514141456
0.31706701814932253	0.38191846855219413
0.30002040427032667	0.2546123123681294
0.28297379039133086	0.27848221665264156
0.265927176512335	0.31826539046016183
0.2897924359429292	0.29439548617564965
0.26251785373653586	0.27848221665264156
0.28297379039133086	0.3023521209371537
0.28297379039133086	0.20687250379910516
0.23865259430594166	0.23869904284512133
0.30002040427032667	0.22278577332211327
0.28638311316713	0.26256894712963347
0.31706701814932253	0.3898751033136982
0.30342972704612586	0.38191846855219413
0.28297379039133086	0.2864388514141456
0.27956446761553166	0.29439548617564965
0.306839049821925	0.29439548617564965
0.32388566370092087	0.35009192950617796
0.2897924359429292	0.2864388514141456
0.37502550533790835	0.31826539046016183
0.42616534697489583	0.358048564267682
0.36820685978631	0.34213529474467397
0.3136576953735234	0.3023521209371537
0.3136576953735234	0.31030875569865773
0.3102483725977242	0.4137450075982103
0.4227560241990967	0.43761491188272245
0.2693364992881342	0.27848221665264156
0.30342972704612586	0.29439548617564965
0.2693364992881342	0.3660051990291861
0.3716161825621092	0.27848221665264156
0.37843482811370754	0.34213529474467397
0.34093227757991673	0.31826539046016183
0.3443416003557158	0.38191846855219413
0.32047634092512167	0.29439548617564965
0.35456956868311335	0.2705255818911375
0.306839049821925	0.20687250379910516
0.3136576953735234	0.34213529474467397
0.31706701814932253	0.38191846855219413
0.33411363202831834	0.31030875569865773
0.30002040427032667	0.2864388514141456
0.31706701814932253	0.2864388514141456
0.2761551448397325	0.31030875569865773
0.32047634092512167	0.2864388514141456
0.29661108149452753	0.38191846855219413
0.33752295480411754	0.35009192950617796
0.3307043092525192	0.29439548617564965
0.32047634092512167	0.26256894712963347
0.3511602459073142	0.31030875569865773
0.33411363202831834	0.44557154664422655
0.28297379039133086	0.20687250379910516
0.32047634092512167	0.2705255818911375
0.4602585747328875	0.40578837283670627
0.39548144199270335	0.31030875569865773
0.3647975370105108	0.3978317380752023
0.4329839925264942	0.5251378942592669
0.37843482811370754	0.4296582771212184
0.40230008754430174	0.5012679899747549
0.36820685978631	0.44557154664422655
0.32388566370092087	0.33417865998316987
0.2693364992881342	0.2546123123681294
0.22501530320274502	0.26256894712963347
0.4602585747328875	0.4694414509287387
0.4807145113876825	0.4853547204517467
0.24888056263333916	0.31826539046016183
0.22842462597854418	0.2705255818911375
0.22501530320274502	0.29439548617564965
0.40230008754430174	0.43761491188272245
0.5386729985762684	0.4694414509287387
0.44662128362969084	0.4137450075982103
0.41934670142329755	0.4217016423597144
0.2727458220639334	0.31826539046016183
0.41593737864749836	0.3262220252216658
0.41593737864749836	0.4137450075982103
0.36820685978631	0.2466556776066254
0.24206191708174085	0.27848221665264156
0.32729498647672	0.27848221665264156
0.2932017587187284	0.3898751033136982
0.3136576953735234	0.358048564267682
0.34093227757991673	0.31826539046016183
0.3647975370105108	0.31030875569865773
0.2761551448397325	0.3262220252216658
0.347750923131515	0.31826539046016183
0.30342972704612586	0.27848221665264156
0.3716161825621092	0.31826539046016183
0.32729498647672	0.3660051990291861
0.33752295480411754	0.29439548617564965
0.34093227757991673	0.33417865998316987
0.34093227757991673	0.34213529474467397
0.41593737864749836	0.358048564267682
0.4329839925264942	0.38191846855219413
0.27956446761553166	0.29439548617564965
0.30002040427032667	0.358048564267682
0.4057094103201008	0.38191846855219413
0.35797889145891254	0.3262220252216658
0.32388566370092087	0.3262220252216658
0.2522898854091384	0.2705255818911375
0.29661108149452753	0.26256894712963347
0.29661108149452753	0.20687250379910516
0.2932017587187284	0.3023521209371537
0.3716161825621092	0.33417865998316987
0.33411363202831834	0.358048564267682
0.31706701814932253	0.31826539046016183
0.34093227757991673	0.3660051990291861
0.34093227757991673	0.29439548617564965
0.30342972704612586	0.2466556776066254
0.30002040427032667	0.31826539046016183
0.306839049821925	0.31030875569865773
0.27956446761553166	0.22278577332211327
0.2727458220639334	0.23869904284512133
0.30002040427032667	0.29439548617564965
0.3307043092525192	0.31030875569865773
0.33752295480411754	0.2705255818911375
0.32729498647672	0.27848221665264156
0.31706701814932253	0.3262220252216658
0.31706701814932253	0.26256894712963347
0.28638311316713	0.2307424080836173
0.33752295480411754	0.358048564267682
0.2932017587187284	0.2705255818911375
0.32388566370092087	0.3262220252216658
0.2556992081849375	0.2466556776066254
0.28297379039133086	0.2307424080836173
0.2932017587187284	0.33417865998316987
0.2897924359429292	0.2705255818911375
0.30002040427032667	0.31826539046016183
0.30342972704612586	0.22278577332211327
0.22842462597854418	0.19095923427609707
0.2727458220639334	0.3023521209371537
0.23183394875434335	0.26256894712963347
0.25910853096073666	0.26256894712963347
0.31706701814932253	0.26256894712963347
0.27956446761553166	0.29439548617564965
0.3136576953735234	0.27848221665264156
0.26251785373653586	0.20687250379910516
0.26251785373653586	0.2864388514141456
0.26251785373653586	0.31826539046016183
0.26251785373653586	0.29439548617564965
0.31706701814932253	0.3023521209371537
0.2932017587187284	0.29439548617564965
0.23524327153014252	0.23869904284512133
0.22842462597854418	0.19095923427609707
0.28297379039133086	0.22278577332211327
0.2897924359429292	0.2864388514141456
0.306839049821925	0.3262220252216658
0.22501530320274502	0.2307424080836173
0.2556992081849375	0.23869904284512133
0.2147873348753475	0.2148291385606092
0.2147873348753475	0.23869904284512133
0.22842462597854418	0.2307424080836173
0.24206191708174085	0.19095923427609707
0.2693364992881342	0.23869904284512133
0.24206191708174085	0.2148291385606092
0.24888056263333916	0.18300259951459305
0.2147873348753475	0.15117606046857684
0.26251785373653586	0.17504596475308898
0.2522898854091384	0.3262220252216658
0.2693364992881342	0.2148291385606092
0.26251785373653586	0.19891586903760114
0.2693364992881342	0.20687250379910516
0.23183394875434335	0.18300259951459305
0.20115004377215087	0.2148291385606092
0.24206191708174085	0.20687250379910516
0.22160598042694585	0.2148291385606092
