DKO	Bcl6KO
0.23542270957097405	0.24121166434875418
0.2296806922643649	0.24121166434875418
0.255519770144106	0.3551171725134437
0.30432691725028355	0.2814136084068799
0.24403573553088773	0.34841684850375604
0.2038416143846239	0.26801296038750466
0.24403573553088773	0.2747132843971923
0.24116472687758317	0.26801296038750466
0.255519770144106	0.3082149044456304
0.27848783937054244	0.314915228455318
0.22680968361106038	0.3082149044456304
0.24977775283749687	0.2546123123681294
0.255519770144106	0.3551171725134437
0.25839077879741057	0.3417165244940685
0.29284288263706526	0.26801296038750466
0.24116472687758317	0.2747132843971923
0.24977775283749687	0.32161555246500556
0.3158109518635018	0.30151458043594276
0.26413279610401963	0.2010097202906285
0.2698748134106288	0.2747132843971923
0.255519770144106	0.2546123123681294
0.20958363169123298	0.3685178205328189
0.32729498647672	0.4556220326587579
0.2727458220639334	0.3685178205328189
0.29284288263706526	0.34841684850375604
0.2727458220639334	0.38191846855219413
0.21819665765114668	0.26131263637781704
0.2842298566771516	0.2881139324165675
0.28135884802384703	0.3618174965231313
0.30145590859697896	0.3752181445425065
0.31868196051680636	0.32831587647469324
0.22680968361106038	0.3082149044456304
0.3244239778234155	0.314915228455318
0.2670038047573242	0.30151458043594276
0.28997187398376073	0.3350162004843808
0.30432691725028355	0.49582397671688366
0.29571389129036985	0.42882073662000747
0.28710086533045615	0.3350162004843808
0.29284288263706526	0.3350162004843808
0.3531340643564611	0.3350162004843808
0.37897314223620215	0.4489217086490704
0.32729498647672	0.46232235666844557
0.3875861681961158	0.41542008860063223
0.3531340643564611	0.4087197645909446
0.3129399432101972	0.3685178205328189
0.3215529691701109	0.402019440581257
0.35600507300976564	0.38191846855219413
0.3330370037833292	0.42882073662000747
0.25839077879741057	0.32831587647469324
0.2985848999436744	0.314915228455318
0.32729498647672	0.3886187925618818
0.29284288263706526	0.3551171725134437
0.29571389129036985	0.3417165244940685
0.28997187398376073	0.38191846855219413
0.3588760816630702	0.314915228455318
0.3129399432101972	0.402019440581257
0.3244239778234155	0.3752181445425065
0.2698748134106288	0.3618174965231313
0.3387790210899383	0.39531911657156943
0.34452103839654735	0.4422213846393827
0.3359080124366337	0.3886187925618818
0.34452103839654735	0.4087197645909446
0.26413279610401963	0.3886187925618818
0.2698748134106288	0.314915228455318
0.31006893455689266	0.48242332869750837
0.3646180989696793	0.314915228455318
0.47945844510186175	0.4489217086490704
0.3646180989696793	0.402019440581257
0.373231124929593	0.46232235666844557
0.373231124929593	0.4422213846393827
0.30432691725028355	0.42882073662000747
0.3359080124366337	0.4087197645909446
0.38471515954281127	0.48242332869750837
0.4277802893423797	0.49582397671688366
0.39045717684942033	0.576227864833135
0.3933281855027249	0.39531911657156943
0.4048122201159432	0.5695275408234474
0.4076832287692478	0.5494265687943846
0.465103401835339	0.4355210606296951
0.41916726338246596	0.5092246247362588
0.3961991941560295	0.402019440581257
0.4277802893423797	0.4355210606296951
0.34452103839654735	0.38191846855219413
0.3617470903163748	0.38191846855219413
0.32729498647672	0.4556220326587579
0.3071979259035881	0.32161555246500556
0.32729498647672	0.5159249487459465
0.28135884802384703	0.4355210606296951
0.26413279610401963	0.314915228455318
0.2985848999436744	0.2546123123681294
0.3588760816630702	0.489123652707196
0.49668449702168915	0.5963288368621978
0.44787734991551165	0.5561268928040722
0.3588760816630702	0.4422213846393827
0.27848783937054244	0.314915228455318
0.3875861681961158	0.4221204126103199
0.5397496268212576	0.7236349930462626
0.5942987912340443	0.6767327249784493
0.3330370037833292	0.402019440581257
0.12345337209209616	0.18090874826156564
0.15216345862514177	0.16080777623250278
0.3646180989696793	0.42882073662000747
0.5483626527811712	0.6030291608718855
0.582814756620826	0.7370356410656378
0.4076832287692478	0.402019440581257
0.21819665765114668	0.32161555246500556
0.3387790210899383	0.41542008860063223
0.41916726338246596	0.5561268928040722
0.48807147106177545	0.5829281888428227
0.3416500297432428	0.3886187925618818
0.18374455381149193	0.22111069231969135
0.19809959707801475	0.3752181445425065
0.25839077879741057	0.3417165244940685
0.30432691725028355	0.29481425642625514
0.3215529691701109	0.402019440581257
0.3416500297432428	0.32161555246500556
0.38471515954281127	0.402019440581257
0.3502630557031565	0.46232235666844557
0.28135884802384703	0.3417165244940685
0.38471515954281127	0.4355210606296951
0.43639331530229336	0.49582397671688366
0.38184415088950674	0.576227864833135
0.3933281855027249	0.4757230046878208
0.37036011627628845	0.3752181445425065
0.31868196051680636	0.32831587647469324
0.3531340643564611	0.46232235666844557
0.31868196051680636	0.34841684850375604
0.32729498647672	0.402019440581257
0.3330370037833292	0.4087197645909446
0.3588760816630702	0.42882073662000747
0.38184415088950674	0.4757230046878208
0.34452103839654735	0.4221204126103199
0.2985848999436744	0.3417165244940685
0.3301659951300246	0.3752181445425065
0.3617470903163748	0.4221204126103199
0.30432691725028355	0.39531911657156943
0.31006893455689266	0.3417165244940685
0.3646180989696793	0.26801296038750466
0.3301659951300246	0.314915228455318
0.34739204704985194	0.39531911657156943
0.3416500297432428	0.3752181445425065
0.28710086533045615	0.2881139324165675
0.3215529691701109	0.38191846855219413
0.27848783937054244	0.41542008860063223
0.3387790210899383	0.48242332869750837
0.3244239778234155	0.314915228455318
0.29571389129036985	0.3685178205328189
0.27848783937054244	0.30151458043594276
0.2842298566771516	0.34841684850375604
0.32729498647672	0.3886187925618818
0.29284288263706526	0.34841684850375604
0.2612617874507151	0.3350162004843808
0.27848783937054244	0.3417165244940685
0.24116472687758317	0.34841684850375604
0.25839077879741057	0.38191846855219413
0.2756168307172379	0.3417165244940685
0.3071979259035881	0.32831587647469324
0.26413279610401963	0.30151458043594276
0.30432691725028355	0.24791198835844183
0.2842298566771516	0.2814136084068799
0.30432691725028355	0.30151458043594276
0.28997187398376073	0.2814136084068799
0.2842298566771516	0.32161555246500556
0.2727458220639334	0.2345113403390666
0.2842298566771516	0.34841684850375604
0.3387790210899383	0.4422213846393827
0.28710086533045615	0.2881139324165675
0.24977775283749687	0.22781101632937895
0.2526487614908014	0.2345113403390666
0.2612617874507151	0.314915228455318
0.2038416143846239	0.26801296038750466
0.27848783937054244	0.29481425642625514
0.2670038047573242	0.26131263637781704
0.26413279610401963	0.24121166434875418
0.21245464034453757	0.3350162004843808
0.28710086533045615	0.4422213846393827
0.255519770144106	0.2546123123681294
0.2325517009176695	0.26131263637781704
0.2670038047573242	0.22781101632937895
0.24977775283749687	0.24121166434875418
0.1866155624647965	0.2546123123681294
0.17226051919827368	0.24791198835844183
0.2325517009176695	0.26131263637781704
0.24977775283749687	0.29481425642625514
0.22106766630445124	0.314915228455318
0.19235757977140563	0.21441036831000373
0.1579054759317509	0.18090874826156564
0.22680968361106038	0.24791198835844183
0.17513152785157826	0.2747132843971923
0.2325517009176695	0.24121166434875418
0.21532564899784212	0.22781101632937895
0.19809959707801475	0.314915228455318
0.2985848999436744	0.3618174965231313
0.24977775283749687	0.2546123123681294
0.19522858842471016	0.2345113403390666
0.18948657111810108	0.22781101632937895
0.2296806922643649	0.1943093962809409
0.23829371822427864	0.2881139324165675
0.21245464034453757	0.26801296038750466
0.18374455381149193	0.30151458043594276
