condition1	condition1
0.14696407904062636	0.13625661059184827
0.15013140833029504	0.15321558787581221
0.16976884992624078	0.13625661059184827
0.14569714732475889	0.13684140291198496
0.14506368146682513	0.14970683395499212
0.1463306131826926	0.14093494915294177
0.1444302156088914	0.1456132877140353
0.15519913519376488	0.15146121091540218
0.13936248874542154	0.15204600323553885
0.16216725963103598	0.15847871875704245
0.18180470122698172	0.15847871875704245
0.1647011230627709	0.16081788803758917
0.16850191821037333	0.16783539587922944
0.18243816708491548	0.14210453379321517
0.15646606690963238	0.15906351107717911
0.14126288631922276	0.15789392643690572
0.15519913519376488	0.15906351107717911
0.16850191821037333	0.16725060355909274
0.16153379377310223	0.15847871875704245
0.1723027133579757	0.16608101891881935
0.15139834004616248	0.15146121091540218
0.1647011230627709	0.14093494915294177
0.1539322034778974	0.1695897728396395
0.16533458892070466	0.15906351107717911
0.16596805477863835	0.16198747267786254
0.15139834004616248	0.17251373444032295
0.16406765720483718	0.164911434278546
0.1723027133579757	0.16081788803758917
0.17103578164210825	0.15146121091540218
0.16596805477863835	0.16374184963827262
0.16216725963103598	0.17192894212018625
0.16786845235243958	0.1707593574799129
0.1773704402214456	0.17836165764168982
0.17990430365318053	0.18070082692223657
0.17356964507384318	0.17719207300141643
0.1532987376199637	0.15204600323553885
0.17103578164210825	0.18128561924237327
0.16723498649450586	0.1754376960410064
0.1666015206365721	0.17426811140073298
0.18750589394838532	0.18245520388264663
0.18813935980631907	0.18011603460209988
0.15836646448343356	0.15847871875704245
0.190673223238054	0.1830399962027833
0.16913538406830703	0.16315705731813593
0.16723498649450586	0.18362478852292002
0.16533458892070466	0.17660728068127976
0.1773704402214456	0.16140268035772587
0.1723027133579757	0.17017456515977616
0.17420311093177693	0.1690049805195028
0.16723498649450586	0.17309852676045961
0.17356964507384318	0.17426811140073298
0.17673697436351185	0.18654875012360345
0.16786845235243958	0.18245520388264663
0.17293617921590945	0.17309852676045961
0.19954174524912627	0.1830399962027833
0.20777680140226484	0.19298146564510701
0.19510748424359015	0.1894727117242869
0.18433856465871665	0.18654875012360345
0.17610350850557813	0.18830312708401353
0.1773704402214456	0.17426811140073298
0.1647011230627709	0.17251373444032295
0.1830716329428492	0.17426811140073298
0.17800390607937935	0.1842095808430567
0.18750589394838532	0.19181188100483365
0.17673697436351185	0.18011603460209988
0.2160118575554034	0.18537916548333008
0.18180470122698172	0.1795312422819632
0.18433856465871665	0.19649021956592716
0.19130668909598775	0.19181188100483365
0.2141114599816022	0.19122708868469693
0.2084102672601986	0.1935662579652437
0.19194015495392147	0.19122708868469693
0.1830716329428492	0.19122708868469693
0.1830716329428492	0.17602248836114306
0.17293617921590945	0.17017456515977616
0.1647011230627709	0.18362478852292002
0.1830716329428492	0.17017456515977616
0.19257362081185522	0.18830312708401353
0.19954174524912627	0.19181188100483365
0.19384055252772267	0.19064229636456026
0.20207560868086125	0.2087708582887976
0.19384055252772267	0.1842095808430567
0.18243816708491548	0.1988293888464739
0.19447401838565642	0.18713354244374011
0.19384055252772267	0.18596395780346675
0.18117123536904797	0.18070082692223657
0.17483657678971068	0.17134414980004958
0.190673223238054	0.19181188100483365
0.1849720305166504	0.16842018819936613
0.1723027133579757	0.16023309571745248
0.13872902288748779	0.1356718182717116
0.1609003279151685	0.1695897728396395
0.14316328389302393	0.13742619523212168
0.1957409501015239	0.19590542724579046
0.17800390607937935	0.19064229636456026
0.17990430365318053	0.1397653645126684
0.1425298180350902	0.14093494915294177
0.1127569227122047	0.10643220226487721
0.21664532341333712	0.2233906662922148
0.2825257726384455	0.28771782150725045
0.29012736293365027	0.2853786522267037
0.25655367246316235	0.26491092102191965
0.21664532341333712	0.2070164813283875
0.12859356916054807	0.1023386560239204
0.1666015206365721	0.1350870259515749
0.15583260105169863	0.1491220416348554
0.19130668909598775	0.16666581123895607
0.1723027133579757	0.17017456515977616
0.1628007254889697	0.16315705731813593
0.16596805477863835	0.16608101891881935
0.12796010330261431	0.13274785667102817
0.1463306131826926	0.15146121091540218
0.1628007254889697	0.16666581123895607
0.17863737193731305	0.18771833476387684
0.18687242809045163	0.19181188100483365
0.17103578164210825	0.1690049805195028
0.19257362081185522	0.19122708868469693
0.20777680140226484	0.20058376580688397
0.20017521110706002	0.1888879194041502
0.19130668909598775	0.20116855812702064
0.1792708377952468	0.1830399962027833
0.18813935980631907	0.17602248836114306
0.19320708666978897	0.1888879194041502
0.19320708666978897	0.18771833476387684
0.2033425403967287	0.1830399962027833
0.19384055252772267	0.17719207300141643
0.18940629152218655	0.17719207300141643
0.1723027133579757	0.18011603460209988
0.18370509880078295	0.1830399962027833
0.17356964507384318	0.17660728068127976
0.19637441595945765	0.19005750404442356
0.16786845235243958	0.19999897348674725
0.18813935980631907	0.1748529037208697
0.18623896223251787	0.1795312422819632
0.19257362081185522	0.1935662579652437
0.18813935980631907	0.19941418116661058
0.20017521110706002	0.18771833476387684
0.17356964507384318	0.17602248836114306
0.1849720305166504	0.19298146564510701
0.18560549637458415	0.17719207300141643
0.1900397573801203	0.18245520388264663
0.20080867696499377	0.19415105028538038
0.19130668909598775	0.1888879194041502
0.18053776951111428	0.1847943731631934
0.17293617921590945	0.19064229636456026
0.2033425403967287	0.16432664195840932
0.19257362081185522	0.1982445965263372
0.18560549637458415	0.1736833190805963
0.2014421428229275	0.1935662579652437
0.1666015206365721	0.164911434278546
0.17673697436351185	0.1695897728396395
0.18053776951111428	0.18245520388264663
0.17547004264764438	0.19298146564510701
0.17420311093177693	0.19239667332497035
0.19637441595945765	0.1754376960410064
0.14569714732475889	0.16432664195840932
0.18243816708491548	0.17777686532155312
0.1666015206365721	0.16783539587922944
0.17040231578417453	0.1695897728396395
0.17800390607937935	0.17426811140073298
0.1666015206365721	0.16198747267786254
0.16850191821037333	0.17192894212018625
0.18560549637458415	0.1707593574799129
0.1647011230627709	0.16549622659868268
0.1589999303413673	0.18654875012360345
0.1666015206365721	0.16081788803758917
0.16723498649450586	0.15204600323553885
0.1609003279151685	0.16549622659868268
0.1666015206365721	0.15438517251608563
0.15139834004616248	0.16783539587922944
0.15709953276756608	0.16315705731813593
0.17293617921590945	0.15847871875704245
0.17800390607937935	0.1596483033973158
0.17483657678971068	0.15438517251608563
0.1482310107564938	0.15613954947649566
0.1666015206365721	0.1690049805195028
0.18560549637458415	0.16198747267786254
0.1792708377952468	0.17192894212018625
0.16533458892070466	0.15613954947649566
0.16850191821037333	0.17134414980004958
0.15139834004616248	0.15613954947649566
0.16026686205723475	0.16081788803758917
0.16596805477863835	0.16315705731813593
0.1773704402214456	0.1690049805195028
0.171669247500042	0.17251373444032295
0.17103578164210825	0.16315705731813593
0.1723027133579757	0.17426811140073298
0.16786845235243958	0.164911434278546
0.14759754489856008	0.16608101891881935
0.16596805477863835	0.15146121091540218
0.15013140833029504	0.15789392643690572
0.15836646448343356	0.14327411843348853
0.15013140833029504	0.15730913411676906
0.16026686205723475	0.1748529037208697
0.16976884992624078	0.16023309571745248
0.1425298180350902	0.15204600323553885
0.14886447661442756	0.13391744131130154
0.15013140833029504	0.15263079555567555
0.1444302156088914	0.14853724931471873
0.14506368146682513	0.1502916262751288
