WT	KO
0.32699313257373464	0.42049812764491307
0.38644642940532276	0.42049812764491307
0.41617307782111673	0.546647565938387
0.4458997262369108	0.5676724723206327
0.29726648415794055	0.3994732212626674
0.7134395619790573	0.42049812764491307
0.535079671484293	0.3574234084981761
0.5053530230684989	0.5045977531738957
0.5945329683158811	0.5045977531738957
0.2675398357421465	0.44152303402715876
0.6539862651474693	0.5256226595561413
0.32699313257373464	0.4625479404094044
0.4458997262369108	0.37844831488042174
0.29726648415794055	0.6097222850851239
0.35671978098952867	0.3994732212626674
0.564806319900087	0.42049812764491307
0.535079671484293	0.7148468169963522
0.6837129135632632	0.546647565938387
0.20808653891055837	0.5256226595561413
0.38644642940532276	0.5256226595561413
0.35671978098952867	0.5886973787028782
0.564806319900087	0.5676724723206327
0.38644642940532276	0.6938219106141065
0.41617307782111673	0.37844831488042174
0.535079671484293	0.44152303402715876
0.35671978098952867	0.5676724723206327
0.4458997262369108	0.5676724723206327
0.6539862651474693	0.6517720978496152
0.8323461556422335	0.7358717233785979
0.6539862651474693	0.672797004231861
0.4756263746527049	0.6097222850851239
0.4458997262369108	0.5886973787028782
0.5945329683158811	0.5256226595561413
0.7134395619790573	0.7148468169963522
0.7431662103948514	0.6307471914673696
0.7431662103948514	0.7989464425253348
0.535079671484293	0.6938219106141065
0.5053530230684989	0.546647565938387
0.7134395619790573	0.48357284679164997
0.6837129135632632	0.2943486893514391
0.5053530230684989	0.3153735957336848
0.7431662103948514	0.8620211616720717
0.4756263746527049	0.5676724723206327
0.35671978098952867	0.5045977531738957
0.6242596167316752	0.42049812764491307
0.535079671484293	0.7358717233785979
0.5945329683158811	0.5886973787028782
0.6242596167316752	0.7148468169963522
0.6539862651474693	0.5045977531738957
0.5945329683158811	0.37844831488042174
0.8917994524738216	0.546647565938387
0.7431662103948514	0.7148468169963522
0.7728928588106455	0.6938219106141065
0.5053530230684989	0.7148468169963522
0.6242596167316752	0.672797004231861
0.35671978098952867	0.48357284679164997
0.4458997262369108	0.4625479404094044
0.4458997262369108	0.6938219106141065
0.5945329683158811	0.8199713489075805
0.5945329683158811	0.6307471914673696
0.7431662103948514	0.5045977531738957
0.7431662103948514	0.5676724723206327
0.7431662103948514	0.7148468169963522
0.7728928588106455	0.7779215361430892
0.5945329683158811	0.5676724723206327
0.6242596167316752	0.6517720978496152
0.8026195072264396	0.6517720978496152
0.7728928588106455	0.6307471914673696
0.5945329683158811	0.6938219106141065
0.9215261008896157	0.8199713489075805
0.7431662103948514	0.546647565938387
1.040432694552792	0.8620211616720717
1.2485192334633504	0.8830460680543175
0.7134395619790573	0.7148468169963522
0.6837129135632632	0.7148468169963522
0.6242596167316752	0.672797004231861
0.535079671484293	0.5256226595561413
0.6242596167316752	0.7989464425253348
0.6539862651474693	0.546647565938387
0.7134395619790573	0.6097222850851239
0.5053530230684989	0.672797004231861
0.564806319900087	0.7358717233785979
0.6837129135632632	0.5886973787028782
0.8026195072264396	0.7148468169963522
0.6837129135632632	0.42049812764491307
0.7728928588106455	0.672797004231861
0.5053530230684989	0.48357284679164997
0.7431662103948514	0.6938219106141065
0.564806319900087	0.6097222850851239
0.6539862651474693	0.7358717233785979
0.4458997262369108	0.5256226595561413
0.8026195072264396	0.672797004231861
0.5945329683158811	0.6097222850851239
0.535079671484293	0.7989464425253348
0.7134395619790573	0.7779215361430892
0.17835989049476433	0.16819925105796524
0.8026195072264396	0.904070974436563
0.7431662103948514	0.6307471914673696
1.0107060461369979	0.7989464425253348
0.9809793977212038	0.672797004231861
0.38644642940532276	0.37844831488042174
0.564806319900087	0.6307471914673696
0.9512527493054098	0.8830460680543175
0.6242596167316752	0.546647565938387
1.2485192334633504	0.9671456935832999
0.6539862651474693	0.3153735957336848
0.6837129135632632	0.6938219106141065
0.8917994524738216	0.7989464425253348
0.535079671484293	0.6097222850851239
1.040432694552792	0.7989464425253348
0.41617307782111673	0.6307471914673696
0.4756263746527049	0.546647565938387
0.35671978098952867	0.48357284679164997
0.6837129135632632	0.6938219106141065
1.040432694552792	0.7779215361430892
0.6539862651474693	0.7148468169963522
1.040432694552792	0.8409962552898261
1.159339288215968	0.8199713489075805
0.7728928588106455	0.6938219106141065
0.7728928588106455	0.904070974436563
0.8026195072264396	1.0512453191122826
1.129612639800174	0.7568966297608435
0.7134395619790573	0.8199713489075805
0.8026195072264396	0.7779215361430892
0.8026195072264396	0.7989464425253348
0.9215261008896157	0.7779215361430892
0.8323461556422335	0.7568966297608435
0.8620728040580276	0.904070974436563
0.5053530230684989	0.546647565938387
0.9512527493054098	0.6938219106141065
0.4458997262369108	0.3994732212626674
0.535079671484293	0.3994732212626674
0.41617307782111673	0.5045977531738957
0.5053530230684989	0.48357284679164997
0.8323461556422335	0.8409962552898261
0.7728928588106455	0.7568966297608435
0.7728928588106455	0.48357284679164997
0.6539862651474693	0.44152303402715876
0.8026195072264396	0.7779215361430892
0.7728928588106455	0.6938219106141065
0.4756263746527049	0.6307471914673696
0.7728928588106455	0.5045977531738957
0.564806319900087	0.6097222850851239
0.6837129135632632	0.6097222850851239
0.535079671484293	0.5886973787028782
0.6539862651474693	0.42049812764491307
0.38644642940532276	0.5045977531738957
0.7134395619790573	0.8620211616720717
0.7431662103948514	0.7148468169963522
0.8026195072264396	0.5886973787028782
0.5053530230684989	0.44152303402715876
0.8917994524738216	0.6097222850851239
0.32699313257373464	0.8199713489075805
0.6539862651474693	0.7779215361430892
0.564806319900087	0.7358717233785979
0.7431662103948514	0.5676724723206327
0.4756263746527049	0.42049812764491307
0.8620728040580276	0.7358717233785979
0.535079671484293	0.546647565938387
0.8323461556422335	0.5886973787028782
0.5945329683158811	0.7358717233785979
0.7728928588106455	0.44152303402715876
0.8026195072264396	0.6097222850851239
0.7431662103948514	0.6307471914673696
0.4756263746527049	0.5886973787028782
0.7431662103948514	0.6517720978496152
0.6539862651474693	0.6938219106141065
0.6539862651474693	0.37844831488042174
0.7134395619790573	0.6307471914673696
0.6539862651474693	0.7779215361430892
0.8620728040580276	0.7779215361430892
0.564806319900087	0.48357284679164997
0.6837129135632632	0.4625479404094044
0.9809793977212038	0.672797004231861
0.9215261008896157	0.8409962552898261
0.9215261008896157	0.5676724723206327
0.4756263746527049	0.5676724723206327
0.564806319900087	0.5256226595561413
0.7728928588106455	0.6517720978496152
0.9809793977212038	0.7148468169963522
0.8620728040580276	0.6938219106141065
0.6837129135632632	0.6307471914673696
0.6539862651474693	0.48357284679164997
0.6242596167316752	0.6517720978496152
0.6242596167316752	0.6517720978496152
0.7431662103948514	0.6097222850851239
0.5945329683158811	0.4625479404094044
0.5945329683158811	0.3574234084981761
0.4756263746527049	0.42049812764491307
0.6242596167316752	0.48357284679164997
0.41617307782111673	0.5256226595561413
0.7134395619790573	0.3574234084981761
0.7134395619790573	0.5676724723206327
0.5053530230684989	0.6307471914673696
0.41617307782111673	0.44152303402715876
0.535079671484293	0.3994732212626674
0.7134395619790573	0.546647565938387
0.38644642940532276	0.48357284679164997
0.6539862651474693	0.5256226595561413
0.6539862651474693	0.5886973787028782
