WT	KO
0.7046316661521553	0.8409962552898261
0.6165527078831359	0.4983681512828599
0.7046316661521553	0.6541081985587537
0.4844342704796068	0.5918121796483962
0.3963553122105874	0.31148009455178743
0.44039479134509707	0.40492412291732366
0.6165527078831359	0.5606641701932173
1.1890659366317622	0.7475522269242898
0.7046316661521553	0.5606641701932173
0.7927106244211748	0.5295161607380386
0.6165527078831359	0.6229601891035749
0.4844342704796068	0.6852562080139324
0.7927106244211748	0.7787002363794686
0.5725132287486262	0.5918121796483962
0.6605921870176457	0.7164042174691111
0.5284737496141165	0.5918121796483962
0.6605921870176457	0.4983681512828599
1.2331054157662718	0.8098482458346473
0.8807895826901941	0.6229601891035749
0.6605921870176457	0.5606641701932173
0.26423687480705826	0.5606641701932173
0.5284737496141165	0.6852562080139324
0.6165527078831359	0.7475522269242898
0.35231583307607767	0.5918121796483962
0.30827635394156794	0.7164042174691111
0.6605921870176457	0.7475522269242898
0.5725132287486262	0.6541081985587537
0.7046316661521553	0.5918121796483962
0.5284737496141165	0.7164042174691111
0.35231583307607767	0.24918407564142994
0.3963553122105874	0.3737761134621449
0.8367501035556846	0.6229601891035749
1.0129080200937233	0.9344402836553624
1.2331054157662718	0.9655882931105411
0.7486711452866651	0.6229601891035749
0.6165527078831359	0.5295161607380386
0.9248290618247039	0.4983681512828599
0.4844342704796068	0.5606641701932173
1.1009869783627428	0.7164042174691111
0.30827635394156794	0.3737761134621449
0.8367501035556846	0.7475522269242898
0.7046316661521553	0.7475522269242898
0.6605921870176457	0.7475522269242898
0.7486711452866651	0.6229601891035749
0.6605921870176457	0.8098482458346473
0.6605921870176457	0.7475522269242898
0.8807895826901941	0.5918121796483962
0.7046316661521553	0.6541081985587537
0.8807895826901941	0.8098482458346473
0.8367501035556846	0.8409962552898261
0.9688685409592136	0.9655882931105411
1.056947499228233	1.090180330931256
1.1009869783627428	0.7164042174691111
0.7927106244211748	0.7164042174691111
0.6165527078831359	0.7475522269242898
0.6605921870176457	0.5295161607380386
0.8807895826901941	0.9967363025657198
0.9688685409592136	0.8409962552898261
0.6605921870176457	0.4360721323725024
0.5284737496141165	0.7164042174691111
0.7486711452866651	0.5295161607380386
0.9248290618247039	0.8098482458346473
0.9248290618247039	0.9344402836553624
0.7046316661521553	0.9032922742001837
0.5725132287486262	0.8409962552898261
0.7046316661521553	0.6541081985587537
0.6165527078831359	0.6852562080139324
0.5725132287486262	0.4672201418276812
0.7486711452866651	0.4983681512828599
0.9248290618247039	0.7787002363794686
0.7927106244211748	0.7787002363794686
0.7486711452866651	0.9655882931105411
1.0129080200937233	0.8098482458346473
0.5725132287486262	0.8721442647450048
0.8807895826901941	0.8409962552898261
0.7486711452866651	0.8409962552898261
0.8807895826901941	0.7787002363794686
0.8367501035556846	0.8098482458346473
0.8807895826901941	0.6852562080139324
1.1450264574972524	0.8721442647450048
0.8367501035556846	0.9344402836553624
0.6605921870176457	0.8098482458346473
0.6605921870176457	0.5918121796483962
0.4844342704796068	0.7787002363794686
0.8367501035556846	0.8098482458346473
1.0129080200937233	0.7475522269242898
0.7486711452866651	0.7164042174691111
0.7927106244211748	0.9344402836553624
0.5284737496141165	0.7475522269242898
0.35231583307607767	0.6541081985587537
0.3963553122105874	0.40492412291732366
0.7046316661521553	0.6229601891035749
0.8807895826901941	0.7164042174691111
0.44039479134509707	0.7164042174691111
0.7927106244211748	0.6229601891035749
0.5284737496141165	0.5606641701932173
0.6605921870176457	0.7475522269242898
0.22019739567254853	0.3737761134621449
0.7486711452866651	0.8721442647450048
0.8367501035556846	0.9032922742001837
0.8367501035556846	1.090180330931256
0.9688685409592136	0.8721442647450048
0.9248290618247039	0.6541081985587537
0.9688685409592136	0.7475522269242898
0.6605921870176457	0.4360721323725024
0.35231583307607767	0.40492412291732366
0.5284737496141165	0.40492412291732366
0.8807895826901941	0.7164042174691111
1.056947499228233	0.7787002363794686
0.6605921870176457	0.8409962552898261
0.6605921870176457	0.6229601891035749
1.1009869783627428	1.090180330931256
0.7927106244211748	0.7787002363794686
1.056947499228233	1.090180330931256
0.9688685409592136	0.9344402836553624
0.7486711452866651	0.8721442647450048
0.8807895826901941	0.9655882931105411
0.4844342704796068	0.8409962552898261
0.7046316661521553	0.8409962552898261
0.8807895826901941	0.8721442647450048
0.7927106244211748	0.9032922742001837
0.7486711452866651	0.6852562080139324
0.7046316661521553	0.7787002363794686
0.7486711452866651	0.9032922742001837
0.7486711452866651	0.6541081985587537
0.7046316661521553	0.7164042174691111
0.9248290618247039	0.7475522269242898
0.5725132287486262	0.8409962552898261
0.5284737496141165	0.4672201418276812
0.5725132287486262	0.6852562080139324
1.0129080200937233	0.6852562080139324
0.7486711452866651	0.7787002363794686
0.9248290618247039	0.9967363025657198
0.7046316661521553	0.5606641701932173
0.9688685409592136	0.8409962552898261
0.9688685409592136	0.8098482458346473
0.6165527078831359	0.3737761134621449
0.8367501035556846	0.8098482458346473
0.9248290618247039	0.9344402836553624
1.2331054157662718	0.9967363025657198
0.7927106244211748	1.2147723687519711
0.4844342704796068	0.5606641701932173
0.26423687480705826	0.5606641701932173
0.9688685409592136	0.7164042174691111
0.8807895826901941	0.9032922742001837
0.8807895826901941	0.8409962552898261
0.35231583307607767	0.5295161607380386
0.6165527078831359	0.7164042174691111
0.8367501035556846	0.8721442647450048
1.2771448949007818	0.9967363025657198
0.7486711452866651	0.9655882931105411
0.6165527078831359	0.8098482458346473
0.7486711452866651	0.6541081985587537
0.6165527078831359	0.6852562080139324
0.8807895826901941	0.5606641701932173
1.0129080200937233	0.8409962552898261
0.7486711452866651	0.8409962552898261
0.5284737496141165	0.5918121796483962
0.4844342704796068	0.4672201418276812
0.4844342704796068	0.40492412291732366
0.26423687480705826	0.6229601891035749
0.8367501035556846	0.5918121796483962
0.7927106244211748	0.7787002363794686
0.7486711452866651	0.6852562080139324
0.6605921870176457	0.7787002363794686
0.8807895826901941	0.6852562080139324
1.0129080200937233	1.1213283403864347
0.8367501035556846	0.5606641701932173
1.056947499228233	0.8098482458346473
0.6165527078831359	0.6852562080139324
0.4844342704796068	0.5606641701932173
0.7046316661521553	0.8409962552898261
0.7046316661521553	0.7475522269242898
0.5725132287486262	0.6541081985587537
0.5725132287486262	0.5606641701932173
0.4844342704796068	0.8098482458346473
0.7046316661521553	0.8098482458346473
0.5725132287486262	0.9655882931105411
0.3963553122105874	0.6229601891035749
0.5284737496141165	0.6852562080139324
0.6165527078831359	0.4360721323725024
0.7927106244211748	1.0278843120208987
0.7046316661521553	0.9032922742001837
0.7927106244211748	0.6229601891035749
0.6605921870176457	0.6541081985587537
0.8807895826901941	0.5295161607380386
0.5725132287486262	0.8721442647450048
0.6165527078831359	0.7475522269242898
0.6165527078831359	0.4983681512828599
0.5725132287486262	0.7787002363794686
0.4844342704796068	0.7164042174691111
0.7486711452866651	0.6852562080139324
0.6605921870176457	0.8098482458346473
0.5725132287486262	0.7787002363794686
0.4844342704796068	0.5295161607380386
0.4844342704796068	0.6229601891035749
0.7046316661521553	0.5295161607380386
0.6165527078831359	0.7164042174691111
0.44039479134509707	0.5918121796483962
0.4844342704796068	0.7164042174691111
