WT	KO
0.5156126627872243	0.6772624710741078
0.5366580775948661	0.617722913177483
0.4629991257681198	0.6028380237033267
0.45247641836429886	0.483758907910077
0.652407859036896	0.6995898052853421
0.5156126627872243	0.6326078026516391
0.4735218331719407	0.7219171394965764
0.5366580775948661	0.7591293631819669
0.6313624442292544	0.7219171394965764
0.5997943220177916	0.617722913177483
0.5156126627872243	0.7591293631819669
0.4945672479795825	0.5507409105437799
0.5261353701910453	0.617722913177483
0.5892716146139706	0.7070322500224202
0.6734532738445379	0.7591293631819669
0.6418851516330751	0.7219171394965764
0.5050899553834034	0.6251653579145611
0.6103170294216125	0.7888991421302793
0.7997257626903888	0.833553810552748
0.5997943220177916	0.7740142526561231
0.5997943220177916	0.6623775815999515
0.7260668108636423	0.7144746947594983
0.6839759812483588	0.7144746947594983
0.7050213960560007	0.8112264763415137
0.7050213960560007	0.8409962552898261
0.7365895182674633	0.7814566973932012
0.6629305664407169	0.7963415868673575
0.6208397368254334	0.6028380237033267
0.6103170294216125	0.766571807919045
0.5577034924025079	0.8930933684493729
0.7260668108636423	0.900535813186451
0.7365895182674633	0.8930933684493729
0.6734532738445379	0.833553810552748
0.768157640478926	0.7442444737078108
0.8418165923056723	0.900535813186451
0.6313624442292544	0.8037840316044356
0.7260668108636423	0.8558811447639824
0.7576349330751051	0.8484387000269042
0.7365895182674633	0.8558811447639824
0.8312938849018514	0.8856509237122948
0.5682261998063288	0.6995898052853421
0.6103170294216125	0.8037840316044356
0.8102484700942096	0.8037840316044356
0.7260668108636423	0.8930933684493729
0.7892030552865679	0.7740142526561231
0.547180784998687	0.7814566973932012
0.8839074219209561	0.8856509237122948
0.7365895182674633	0.9154207026606072
0.7576349330751051	0.9451904816089196
0.7260668108636423	0.7888991421302793
0.652407859036896	0.7888991421302793
0.7260668108636423	0.8782084789752167
0.8207711774980305	0.9228631473976853
0.768157640478926	0.907978257923529
0.8944301293247768	0.9303055921347634
0.7471122256712842	0.9600753710830758
0.8944301293247768	0.9154207026606072
0.8839074219209561	1.0047300395055445
0.8839074219209561	0.9228631473976853
0.9154755441324187	0.8782084789752167
0.8207711774980305	0.7442444737078108
0.9680890811515233	1.0121724842426227
0.8733847145171351	0.9972875947684664
0.778680347882747	0.8558811447639824
0.8523392997094933	0.8930933684493729
0.8523392997094933	0.9377480368718415
0.9154755441324187	0.967517815820154
1.1574978144202994	1.175906268458341
0.7576349330751051	1.0940393763504819
1.1154069848050159	1.1461364895100283
0.7997257626903888	1.0196149289797007
0.8207711774980305	1.0121724842426227
1.0207026181706278	1.0344998184538567
0.9365209589400605	1.0196149289797007
1.0627934477859113	1.0344998184538567
0.9049528367285977	0.9972875947684664
0.9049528367285977	1.0047300395055445
0.9049528367285977	0.9898451500313883
0.8102484700942096	0.967517815820154
1.0312253255744486	1.2131184921437315
1.0207026181706278	1.2056760474066535
0.8628620071133142	1.1014818210875599
0.8523392997094933	0.9154207026606072
0.8839074219209561	1.0940393763504819
0.9575663737477024	0.9451904816089196
0.6839759812483588	0.9451904816089196
0.6734532738445379	0.8112264763415137
0.5682261998063288	0.6474926921257953
0.5261353701910453	0.5135286868583894
0.7050213960560007	0.7442444737078108
0.8312938849018514	0.8856509237122948
0.8839074219209561	1.0121724842426227
0.5787489072101497	0.5879531342291705
0.3577720517299108	0.46887401843592075
0.5261353701910453	0.6028380237033267
0.6734532738445379	0.7442444737078108
0.8312938849018514	0.8261113658156699
0.6839759812483588	0.7516869184448888
0.5892716146139706	0.6028380237033267
0.7050213960560007	0.617722913177483
0.5892716146139706	0.558183355280858
0.5997943220177916	0.6326078026516391
0.8733847145171351	0.7442444737078108
0.7997257626903888	0.9600753710830758
0.5892716146139706	0.5879531342291705
0.7471122256712842	0.7070322500224202
0.5050899553834034	0.6474926921257953
0.652407859036896	0.5656258000179362
0.7997257626903888	0.8707660342381386
0.9154755441324187	0.9824027052943102
0.8944301293247768	0.766571807919045
0.7050213960560007	0.6549351368628734
0.6103170294216125	0.7516869184448888
0.9365209589400605	0.9600753710830758
1.0733161551897321	1.0270573737167787
1.083838862593553	1.0121724842426227
0.8944301293247768	1.175906268458341
0.8839074219209561	1.0791544868763256
0.7260668108636423	0.9526329263459977
0.7471122256712842	0.9154207026606072
1.0417480329782696	1.0568271526650912
0.989134495959165	0.9377480368718415
0.8628620071133142	0.967517815820154
0.9575663737477024	1.116366710561716
0.8102484700942096	0.9898451500313883
0.8839074219209561	0.8707660342381386
0.7576349330751051	0.8930933684493729
1.0101799107668068	0.8186689210785918
0.8733847145171351	1.041942263190935
0.9259982515362396	0.9898451500313883
1.094361569997374	1.0344998184538567
0.8733847145171351	1.0270573737167787
0.6734532738445379	0.900535813186451
0.9680890811515233	0.8930933684493729
0.8839074219209561	1.0344998184538567
0.7576349330751051	0.9377480368718415
0.7260668108636423	0.9600753710830758
0.8418165923056723	0.8409962552898261
0.7892030552865679	0.9600753710830758
0.8733847145171351	0.9154207026606072
0.8523392997094933	0.8484387000269042
0.778680347882747	0.9526329263459977
0.768157640478926	0.900535813186451
0.9365209589400605	0.9451904816089196
0.989134495959165	0.9526329263459977
0.6734532738445379	0.8484387000269042
0.7576349330751051	0.8186689210785918
0.8207711774980305	0.9377480368718415
0.768157640478926	0.8484387000269042
0.9154755441324187	0.9824027052943102
0.7050213960560007	0.8484387000269042
0.7155441034598216	0.8484387000269042
0.7365895182674633	0.8633235895010605
0.8733847145171351	0.8484387000269042
0.8207711774980305	0.9824027052943102
0.768157640478926	0.7814566973932012
0.7471122256712842	0.833553810552748
0.768157640478926	0.7814566973932012
0.7155441034598216	0.766571807919045
0.8102484700942096	0.9228631473976853
0.6734532738445379	0.7888991421302793
0.8628620071133142	0.9451904816089196
0.6839759812483588	0.7740142526561231
0.7050213960560007	0.5805106894920923
0.7471122256712842	0.766571807919045
0.768157640478926	0.8558811447639824
0.8628620071133142	0.967517815820154
0.8312938849018514	0.9526329263459977
0.8839074219209561	0.9451904816089196
0.7050213960560007	0.9154207026606072
0.7471122256712842	0.7070322500224202
0.8628620071133142	0.7814566973932012
0.6839759812483588	0.6623775815999515
0.5997943220177916	0.7144746947594983
0.6313624442292544	0.7516869184448888
0.6629305664407169	0.900535813186451
0.7050213960560007	0.6698200263370296
0.6629305664407169	0.6400502473887172
0.5787489072101497	0.8707660342381386
0.5366580775948661	0.7070322500224202
0.6629305664407169	0.7368020289707327
0.7155441034598216	0.8037840316044356
0.547180784998687	0.6326078026516391
0.4945672479795825	0.5879531342291705
0.652407859036896	0.6326078026516391
0.6839759812483588	0.7219171394965764
0.5156126627872243	0.6847049158111859
0.6839759812483588	0.6847049158111859
0.5997943220177916	0.7442444737078108
0.5997943220177916	0.6326078026516391
0.6313624442292544	0.7368020289707327
0.547180784998687	0.6847049158111859
0.5261353701910453	0.6995898052853421
0.5050899553834034	0.6772624710741078
0.6734532738445379	0.7293595842336545
0.7050213960560007	0.8484387000269042
0.6103170294216125	0.7293595842336545
0.6208397368254334	0.5432984658067018
0.5261353701910453	0.5879531342291705
0.4314310035566571	0.46143157369884263
