condition1	condition1
0.1270954322324806	0.12158098354953684
0.13619336989771239	0.13168866626743184
0.12985238304012658	0.13746448496337182
0.12902529779783278	0.14468425833329682
0.1359176748169478	0.1383308577677628
0.1331607240093018	0.13284383000661984
0.14115588135147517	0.13775327589816883
0.13288502892853718	0.1429515127245148
0.136469064978477	0.1412187671157328
0.14253435675529819	0.13486536655019885
0.13288502892853718	0.14612821300728182
0.13453919941312478	0.14670579487687582
0.1342635043323602	0.14612821300728182
0.14115588135147517	0.14814974955086083
0.1348148944938894	0.14497304926809382
0.1397774059476522	0.1550807319859888
0.1524593796628238	0.1550807319859888
0.14804825837059019	0.14699458581167282
0.143361441997592	0.1487273314204548
0.14308574691682738	0.14699458581167282
0.143361441997592	0.15363677731200379
0.1436371370783566	0.14555063113768782
0.14722117312829638	0.1490161223552518
0.1568705009550574	0.15912380507314677
0.1508052091782362	0.1530591954424098
0.1491510386936486	0.1573910594643648
0.1452913075629442	0.1530591954424098
0.15549202555123437	0.1605677597471318
0.14088018627071058	0.1472833767464698
0.15163229442052997	0.15912380507314677
0.15383785506664677	0.1576798503991618
0.1497024288551778	0.16114534161672578
0.15383785506664677	0.1510376588988308
0.14225866167453358	0.1640332509646958
0.148875343612884	0.16663236937786877
0.1651413533779954	0.1651884147038838
0.15108090425900078	0.16287808722550778
0.15742189111658658	0.1648996237690868
0.16376287797417238	0.1657659965734778
0.16376287797417238	0.1576798503991618
0.1491510386936486	0.1660547875082748
0.1656927435395246	0.17269697900860576
0.1728608156394042	0.1738521427477938
0.16596843862028918	0.17442972461738776
0.1651413533779954	0.1709642333998238
0.1513565993397654	0.17125302433462078
0.1761691566085794	0.17327456087819978
0.1706552549932874	0.17442972461738776
0.17148234023558118	0.1770288430305608
0.1725851205586396	0.17760642490015477
0.164038573054937	0.18655894387886177
0.18085597298157757	0.17731763396535777
0.17699624185087318	0.18627015294406477
0.17644485168934398	0.18684773481365877
0.18085597298157757	0.18655894387886177
0.17644485168934398	0.18915806229203475
0.1742392910432272	0.18078312518292178
0.1734122058009334	0.18395982546568876
0.17754763201240237	0.18395982546568876
0.18278583854692979	0.18107191611771878
0.18195875330463598	0.19002443509642578
0.18251014346616518	0.18915806229203475
0.1761691566085794	0.19175718070520775
0.19464072701980759	0.18742531668325277
0.18030458282004838	0.19493388098797476
0.18747265491992798	0.20388639996668176
0.17754763201240237	0.18944685322683175
0.1877483500006926	0.19117959883561375
0.17947749757775458	0.19435629911838076
0.18829974016222178	0.19117959883561375
0.1838886188699882	0.19637783566195977
0.17754763201240237	0.18655894387886177
0.17920180249698997	0.18742531668325277
0.18829974016222178	0.19666662659675674
0.1894025204852802	0.18713652574845577
0.1745149861239918	0.18771410761804974
0.17947749757775458	0.18540378013967376
0.18912682540451559	0.19522267192277173
0.18085597298157757	0.18800289855284674
0.19905184831204117	0.19117959883561375
0.18664556967763418	0.1845374073352828
0.17644485168934398	0.19204597164000475
0.18829974016222178	0.19406750818358376
0.188851130323751	0.18280466172650078
0.1855427893545758	0.17183060620421478
0.16844969434717058	0.19117959883561375
0.183337228708459	0.19782179033594477
0.19022960572757397	0.20302002716229073
0.180580277900813	0.19406750818358376
0.1905053008083386	0.1845374073352828
0.199878933554335	0.21023980053221572
0.21007965154262517	0.20821826398863674
0.1745149861239918	0.17240818807380878
0.21200951710797736	0.2145716645541707
0.23185956292302856	0.2394076849467127
0.20759839581574377	0.20273123622749373
0.17699624185087318	0.1770288430305608
0.119927360132601	0.12158098354953684
0.2059442253311562	0.20359760903188476
0.27927911681453976	0.27435138805714965
0.23682207437679137	0.2388301030771187
0.2754193856838354	0.26915315123080363
0.2037386646850394	0.20330881809708773
0.11386206835577979	0.11407241924481484
0.16376287797417238	0.17183060620421478
0.20704700565421458	0.20792947305383974
0.23020539243844096	0.2408516396206977
0.20704700565421458	0.21283891894538873
0.17148234023558118	0.1750073064869818
0.20787409089650838	0.20792947305383974
0.1907809958891032	0.20648551837985474
0.183337228708459	0.18684773481365877
0.17699624185087318	0.18886927135723777
0.18747265491992798	0.19493388098797476
0.18664556967763418	0.18829168948764377
0.1800288877392838	0.19522267192277173
0.18471570411228197	0.19464509005317776
0.19408933685827837	0.20446398183627573
0.18278583854692979	0.20533035464066676
0.1954678122621014	0.19435629911838076
0.19519211718133678	0.19724420846635074
0.1852670942738112	0.19291234444439576
0.1910566909698678	0.19233476257480175
0.18085597298157757	0.19406750818358376
0.1907809958891032	0.19031322603122278
0.1800288877392838	0.20475277277107273
0.18664556967763418	0.18973564416162875
0.18664556967763418	0.18944685322683175
0.19408933685827837	0.19637783566195977
0.18664556967763418	0.18540378013967376
0.19215947129292618	0.19926574500992975
0.1905053008083386	0.19608904472716276
0.18195875330463598	0.19695541753155374
0.17561776644705018	0.19117959883561375
0.17920180249698997	0.18627015294406477
0.1924351663736908	0.19175718070520775
0.18416431395075278	0.19262355350959875
0.18912682540451559	0.19724420846635074
0.18085597298157757	0.18886927135723777
0.17037955991252277	0.18713652574845577
0.18664556967763418	0.19348992631398973
0.1780990221739316	0.18482619827007976
0.17947749757775458	0.18800289855284674
0.17396359596246258	0.17991675237853078
0.1789261074162254	0.1770288430305608
0.16210870748958478	0.17991675237853078
0.1742392910432272	0.18540378013967376
0.1844400090315174	0.18627015294406477
0.16762260910487678	0.18915806229203475
0.16376287797417238	0.18309345266129776
0.1651413533779954	0.17298576994340278
0.17093095007405198	0.17731763396535777
0.16762260910487678	0.18858048042244077
0.17644485168934398	0.18020554331332775
0.17561776644705018	0.17442972461738776
0.17699624185087318	0.17731763396535777
0.16596843862028918	0.1738521427477938
0.15824897635888038	0.1747185155521848
0.15907606160117418	0.17587367929137276
0.16100592716652637	0.17587367929137276
0.15990314684346799	0.16836511498665077
0.15935175668193877	0.17327456087819978
0.16100592716652637	0.1738521427477938
0.15742189111658658	0.1709642333998238
0.15714619603582197	0.1663435784430718
0.141982966593769	0.16865390592144777
0.1552163304704698	0.16287808722550778
0.15549202555123437	0.1677875331170568
0.1541135501474114	0.16692116031266577
0.14722117312829638	0.1599901778775378
0.15273507474358838	0.1565246866599738
0.148875343612884	0.16114534161672578
0.15907606160117418	0.17154181526941778
0.15190798950129458	0.16692116031266577
0.147496868209061	0.1620117144211168
0.15659480587429278	0.16258929629071078
0.15714619603582197	0.16663236937786877
0.1524593796628238	0.17240818807380878
0.14832395345135477	0.1651884147038838
0.14722117312829638	0.1617229234863198
0.154389245228176	0.1648996237690868
0.14473991740141498	0.1585462232035528
0.1485996485321194	0.14843854048565783
0.141982966593769	0.1513264498336278
0.14060449118994597	0.1495937042248458
0.147496868209061	0.1498824951596428
0.14639408788600258	0.1487273314204548
0.1395017108668876	0.1614341325515228
0.1315065535247142	0.15392556824680081
0.13674476005924158	0.15594710479037982
0.1414315764322398	0.1524816135728158
0.13564197973618317	0.1432403036593118
0.14115588135147517	0.1400636033765448
0.13536628465541858	0.1322662481370258
0.132333638767008	0.1472833767464698
0.1331607240093018	0.1420851399201238
0.1287496027170682	0.14814974955086083
0.13371211417083098	0.14092997618093583
0.1293009928785974	0.1458394220724848
0.13729615022077077	0.1429515127245148
