condition1	condition1
0.11437228202490513	0.11315675727443725
0.13516724239306968	0.12690477451338755
0.14720642997463865	0.13325001323905694
0.12860041280312298	0.1263760046195818
0.11108886722993178	0.11632937663727193
0.12203358321317627	0.11791568631868928
0.11984464001652738	0.11315675727443725
0.12750594120479855	0.11950199600010662
0.1225808190123385	0.12796231430099914
0.12641146960647406	0.1147430669558546
0.1291476486022852	0.12478969493816444
0.12367529061066296	0.11844445621249507
0.13462000659390747	0.13483632292047432
0.13845065718804303	0.14065279175233789
0.13899789298720527	0.13060616377002804
0.12093911161485182	0.1263760046195818
0.12641146960647406	0.12267461536294132
0.13462000659390747	0.12003076589391241
0.14501748677798976	0.13007739387622225
0.12422252640982519	0.12478969493816444
0.12860041280312298	0.13060616377002804
0.12422252640982519	0.12055953578771819
0.14282854358134084	0.13377878313286273
0.13571447819223192	0.13536509281428005
0.14665919417547643	0.14065279175233789
0.13462000659390747	0.16127481761076337
0.12969488440144744	0.13219247345144539
0.13954512878636752	0.13536509281428005
0.16252903235118096	0.15281449930987087
0.1439230151796653	0.14594049069039572
0.13680894979055638	0.14699803047800727
0.13954512878636752	0.13272124334525115
0.13516724239306968	0.13060616377002804
0.13790342138888081	0.14488295090278414
0.14337577938050305	0.13483632292047432
0.13680894979055638	0.15492957888509398
0.14556472257715194	0.1602172778231518
0.1461119583763142	0.14065279175233789
0.14884813737212532	0.14276787132756102
0.15267878796626091	0.14594049069039572
0.1483009015729631	0.13695140249569743
0.1477536657738009	0.13642263260189164
0.13516724239306968	0.15281449930987087
0.15213155216709867	0.15281449930987087
0.15322602376542313	0.1686775961240443
0.13462000659390747	0.14805557026561883
0.14118683618385416	0.14594049069039572
0.1400923645855297	0.15492957888509398
0.15596220276123426	0.13113493366383383
0.15541496696207202	0.15915973803554026
0.15158431636793643	0.14594049069039572
0.1329782991964208	0.13589386270808584
0.15158431636793643	0.13377878313286273
0.1483009015729631	0.15175695952225932
0.1576039101587209	0.14646926058420148
0.15267878796626091	0.17819545421254837
0.15213155216709867	0.17132144559307322
0.15158431636793643	0.1686775961240443
0.16034008915453205	0.15757342835412289
0.1652652113469921	0.14858434015942462
0.13571447819223192	0.16233235739837493
0.14720642997463865	0.14065279175233789
0.14501748677798976	0.13906648207092054
0.15815114595788315	0.14594049069039572
0.17292651253526325	0.17819545421254837
0.16198179655201875	0.16762005633643276
0.16635968294531653	0.15492957888509398
0.150489844769612	0.15492957888509398
0.15541496696207202	0.17237898538068477
0.1614345607528565	0.15810219824792868
0.15322602376542313	0.16180358750456916
0.17292651253526325	0.15122818962845352
0.16471797554782985	0.16656251654882118
0.16964309774028988	0.15598711867270557
0.16854862614196545	0.16391866707979227
0.1718320409369388	0.15757342835412289
0.1636235039495054	0.16762005633643276
0.15650943856039648	0.1602172778231518
0.1576039101587209	0.15915973803554026
0.17675716312939882	0.16709128644262697
0.17511545573191215	0.17713791442493682
0.15596220276123426	0.15863096814173447
0.1483009015729631	0.15175695952225932
0.172379276736101	0.17185021548687898
0.16034008915453205	0.16127481761076337
0.16854862614196545	0.16709128644262697
0.16964309774028988	0.16656251654882118
0.16800139034280323	0.16444743697359807
0.1586983817570454	0.14118156164614365
0.1652652113469921	0.16180358750456916
0.13845065718804303	0.12743354440719334
0.1247697622089874	0.12161707557532976
0.13954512878636752	0.15598711867270557
0.18879635071096776	0.16233235739837493
0.1269587054056363	0.1263760046195818
0.09138837846009165	0.08724703247795394
0.08974667106260498	0.0946498109912349
0.20302448148918567	0.18506946283202355
0.21944155546405242	0.21891073603559355
0.17785163472772328	0.17766668431874258
0.1483009015729631	0.13483632292047432
0.14118683618385416	0.13536509281428005
0.16690691874447877	0.17978176389396572
0.2145164332715924	0.2120367274161184
0.18606017171515665	0.17343652516829636
0.09084114266092942	0.09940874003548693
0.10069138704584948	0.0914771916284002
0.13735618558971857	0.13219247345144539
0.18387122851850776	0.1829543832568004
0.13680894979055638	0.13800894228330898
0.11984464001652738	0.12108830568152397
0.12312805481150073	0.11051290780540834
0.14501748677798976	0.15598711867270557
0.17073756933861434	0.15598711867270557
0.15322602376542313	0.14012402185853212
0.16854862614196545	0.16814882623023855
0.1586983817570454	0.16286112729218072
0.1592456175562076	0.15122818962845352
0.15705667435955872	0.16973513591165587
0.17785163472772328	0.15651588856651133
0.16198179655201875	0.16233235739837493
0.15432049536374756	0.17555160474351947
0.15267878796626091	0.14646926058420148
0.15705667435955872	0.15863096814173447
0.16034008915453205	0.15175695952225932
0.1586983817570454	0.18824208219485822
0.15596220276123426	0.17555160474351947
0.14228130778217862	0.14012402185853212
0.15596220276123426	0.13589386270808584
0.1614345607528565	0.14646926058420148
0.15705667435955872	0.16286112729218072
0.1652652113469921	0.15651588856651133
0.15377325956458537	0.15651588856651133
0.13462000659390747	0.14382541111517258
0.14665919417547643	0.14171033153994944
0.1658124471461543	0.15387203909748243
0.15541496696207202	0.14435418100897834
0.150489844769612	0.14594049069039572
0.14884813737212532	0.16127481761076337
0.1576039101587209	0.13906648207092054
0.14939537317128754	0.1686775961240443
0.14939537317128754	0.14329664122136682
0.15213155216709867	0.15492957888509398
0.1652652113469921	0.15598711867270557
0.14556472257715194	0.14435418100897834
0.13790342138888081	0.15281449930987087
0.1477536657738009	0.16127481761076337
0.12422252640982519	0.14223910143375523
0.14556472257715194	0.14223910143375523
0.15541496696207202	0.15598711867270557
0.1417340719830164	0.15757342835412289
0.150489844769612	0.15017064984084194
0.13845065718804303	0.14858434015942462
0.13243106339725855	0.14752680037181304
0.1444702509788275	0.12796231430099914
0.13571447819223192	0.15228572941606508
0.13571447819223192	0.14223910143375523
0.13735618558971857	0.14646926058420148
0.1329782991964208	0.14964187994703618
0.1307893559997719	0.15704465846031712
0.13735618558971857	0.12743354440719334
0.13954512878636752	0.14223910143375523
0.13845065718804303	0.14594049069039572
0.12367529061066296	0.12214584546913552
0.13024212020060966	0.13589386270808584
0.13516724239306968	0.14541172079658993
0.13407277079474522	0.11844445621249507
0.150489844769612	0.13483632292047432
0.12367529061066296	0.12584723472577602
0.13735618558971857	0.12796231430099914
0.1307893559997719	0.13589386270808584
0.13516724239306968	0.13959525196472633
0.1247697622089874	0.12531846483197023
0.12422252640982519	0.1263760046195818
0.14118683618385416	0.13007739387622225
0.150489844769612	0.13800894228330898
0.14501748677798976	0.13272124334525115
0.12367529061066296	0.11791568631868928
0.12312805481150073	0.13113493366383383
0.1269587054056363	0.13800894228330898
0.12148634741401405	0.12214584546913552
0.12203358321317627	0.13430755302666852
0.12203358321317627	0.13748017238950322
0.12641146960647406	0.11738691642488351
0.1203918758156896	0.13325001323905694
0.10561650923830952	0.12426092504435865
0.11710846102071625	0.12214584546913552
0.11437228202490513	0.13060616377002804
0.12750594120479855	0.12003076589391241
0.1072582166357962	0.13589386270808584
0.0985024438492006	0.11950199600010662
0.1225808190123385	0.12320338525674711
0.14118683618385416	0.12426092504435865
0.13845065718804303	0.1263760046195818
0.12422252640982519	0.14171033153994944
0.111636103029094	0.12373215515055289
0.11765569681987847	0.12055953578771819
0.12805317700396077	0.11421429706204882
0.12586423380731185	0.12161707557532976
0.1225808190123385	0.11262798738063147
