WT	KO
0.3030000026064862	0.3106379604889648
0.40954945407250326	0.34126423828365143
0.37625275048937296	0.33251387319945525
0.3529450579811817	0.3631401509941419
0.3362967061896165	0.3106379604889648
0.382912091205999	0.3762656986204362
0.37958242084768595	0.3237635081152591
0.3895714319226251	0.3762656986204362
0.33962637654792954	0.3850160637046324
0.32630769511467744	0.34126423828365143
0.3429560469062426	0.39814161133092674
0.35960439869780775	0.35438978590994574
0.3895714319226251	0.4243927065835153
0.3729230801310599	0.3850160637046324
0.39956044299756416	0.40689197641512287
0.32963736547299044	0.3500146033678477
0.3895714319226251	0.3237635081152591
0.3929011022809381	0.40251679387302475
0.36959340977274685	0.40689197641512287
0.38624176156431206	0.4243927065835153
0.4195384651474424	0.3762656986204362
0.3529450579811817	0.2843868652363762
0.4495054983722597	0.40251679387302475
0.43618681693900757	0.4637693494623981
0.4661538501638249	0.4637693494623981
0.572703301629842	0.4506438018361038
0.4261978058640684	0.40689197641512287
0.3662637394144338	0.47251971454659436
0.3429560469062426	0.3893912462467305
0.3962307726392511	0.40251679387302475
0.39956044299756416	0.46814453200449624
0.4428461576556336	0.4987708097991829
0.4961208833886422	0.47251971454659436
0.4661538501638249	0.45501898437820193
0.4661538501638249	0.4200175240414172
0.43618681693900757	0.44626861929400574
0.4495054983722597	0.4331430716677115
0.4195384651474424	0.39814161133092674
0.48613187231370314	0.3806408811625343
0.4528351687305727	0.4506438018361038
0.5460659387633378	0.5600233653885562
0.4128791244308163	0.4200175240414172
0.3895714319226251	0.4243927065835153
0.4761428612387639	0.5250219050517715
0.5493956091216508	0.5337722701359676
0.4328571465806945	0.5206467225096734
0.4961208833886422	0.45939416692030005
0.48613187231370314	0.4856452621728886
0.47281319088045093	0.4987708097991829
0.4661538501638249	0.4637693494623981
0.4528351687305727	0.3718905160783381
0.5227582462551466	0.45939416692030005
0.4961208833886422	0.4943956272570848
0.5860219830630942	0.5118963574254772
0.4461758280139466	0.46814453200449624
0.5061098944635812	0.5293970875938696
0.4994505537469552	0.5162715399675752
0.5227582462551466	0.4243927065835153
0.5993406644963463	0.5293970875938696
0.47281319088045093	0.5337722701359676
0.4694835205221379	0.47251971454659436
0.4694835205221379	0.411267158957221
0.5027802241052682	0.40251679387302475
0.5527252794799637	0.5337722701359676
0.5660439609132158	0.595024825725341
0.5394065980467116	0.5862744606411447
0.40954945407250326	0.503145992341281
0.5593846201965899	0.4900204447149867
0.5627142905549029	0.6606525638568125
0.5826923127047811	0.4900204447149867
0.5127692351802073	0.5425226352201639
0.5627142905549029	0.5381474526780657
0.4894615426720161	0.4987708097991829
0.4594945094471988	0.5206467225096734
0.6093296755712854	0.6125255558937334
0.5327472573300855	0.4812700796307905
0.5127692351802073	0.5075211748833791
0.5127692351802073	0.5994000082674391
0.4428461576556336	0.45939416692030005
0.5061098944635812	0.45501898437820193
0.4961208833886422	0.4506438018361038
0.48613187231370314	0.5075211748833791
0.5660439609132158	0.590649643183243
0.5793626423464681	0.5512730003043601
0.4495054983722597	0.4200175240414172
0.4628241798055119	0.4200175240414172
0.47281319088045093	0.4856452621728886
0.4261978058640684	0.503145992341281
0.3962307726392511	0.45501898437820193
0.3895714319226251	0.39814161133092674
0.2930109915315471	0.2931372303205724
0.39956044299756416	0.42876788912561337
0.6426263791544157	0.4987708097991829
0.47281319088045093	0.4506438018361038
0.33962637654792954	0.40251679387302475
0.3229780247563644	0.31501314303106287
0.31298901368142523	0.3106379604889648
0.5826923127047811	0.4200175240414172
0.6392967087961027	0.595024825725341
0.5160989055385204	0.45939416692030005
0.5427362684050246	0.5118963574254772
0.5560549498382769	0.5818992780990467
0.5360769276883985	0.4943956272570848
0.36959340977274685	0.39814161133092674
0.3662637394144338	0.2887620477784743
0.32963736547299044	0.3937664287888286
0.47947253159707703	0.3850160637046324
0.4461758280139466	0.4243927065835153
0.40954945407250326	0.35876496845204386
0.2730329693816689	0.2800116826942781
0.42952747622238147	0.45501898437820193
0.42952747622238147	0.40251679387302475
0.4961208833886422	0.5293970875938696
0.5127692351802073	0.4900204447149867
0.5493956091216508	0.503145992341281
0.4961208833886422	0.5250219050517715
0.39956044299756416	0.3850160637046324
0.4894615426720161	0.5250219050517715
0.4894615426720161	0.4812700796307905
0.5560549498382769	0.5337722701359676
0.4561648390888858	0.45939416692030005
0.4328571465806945	0.46814453200449624
0.4994505537469552	0.4856452621728886
0.4528351687305727	0.4375182542098096
0.41620879478912937	0.3937664287888286
0.42952747622238147	0.42876788912561337
0.4261978058640684	0.4418934367519076
0.48613187231370314	0.47251971454659436
0.43951648729732057	0.3937664287888286
0.4761428612387639	0.4418934367519076
0.5560549498382769	0.503145992341281
0.4495054983722597	0.40251679387302475
0.5793626423464681	0.5600233653885562
0.47947253159707703	0.4768948970886924
0.5527252794799637	0.546897817762262
0.5560549498382769	0.546897817762262
0.3895714319226251	0.35438978590994574
0.4894615426720161	0.4768948970886924
0.4994505537469552	0.4418934367519076
0.4561648390888858	0.4987708097991829
0.5127692351802073	0.5162715399675752
0.4628241798055119	0.45939416692030005
0.4594945094471988	0.4812700796307905
0.47947253159707703	0.4812700796307905
0.4495054983722597	0.4418934367519076
0.4694835205221379	0.4243927065835153
0.3962307726392511	0.45501898437820193
0.3662637394144338	0.3893912462467305
0.4927912130303292	0.5162715399675752
0.4661538501638249	0.5118963574254772
0.38624176156431206	0.411267158957221
0.40954945407250326	0.4506438018361038
0.4561648390888858	0.40251679387302475
0.48613187231370314	0.4200175240414172
0.4195384651474424	0.4812700796307905
0.36959340977274685	0.4243927065835153
0.40954945407250326	0.4375182542098096
0.33962637654792954	0.35876496845204386
0.4961208833886422	0.4812700796307905
0.3929011022809381	0.34563942082574955
0.4561648390888858	0.4243927065835153
0.4694835205221379	0.4331430716677115
0.39956044299756416	0.4375182542098096
0.38624176156431206	0.3893912462467305
0.3429560469062426	0.33688905574155337
0.3529450579811817	0.3937664287888286
0.35627472833949475	0.319388325573161
0.4195384651474424	0.40689197641512287
0.4428461576556336	0.4200175240414172
0.42952747622238147	0.3937664287888286
0.43618681693900757	0.41564234149931906
0.34961538762286865	0.4200175240414172
0.39956044299756416	0.39814161133092674
0.43618681693900757	0.4243927065835153
0.3895714319226251	0.40689197641512287
0.4594945094471988	0.3500146033678477
0.39956044299756416	0.4243927065835153
0.47281319088045093	0.42876788912561337
0.3362967061896165	0.3106379604889648
0.35960439869780775	0.41564234149931906
0.37958242084768595	0.34563942082574955
0.39956044299756416	0.3850160637046324
0.4228681355057554	0.3718905160783381
0.382912091205999	0.3631401509941419
0.3929011022809381	0.41564234149931906
0.3662637394144338	0.3281386906573571
0.4461758280139466	0.3806408811625343
0.3462857172645556	0.31501314303106287
0.41620879478912937	0.33688905574155337
0.3662637394144338	0.33251387319945525
0.3362967061896165	0.34126423828365143
0.3629340690561208	0.3806408811625343
0.3529450579811817	0.3806408811625343
0.35960439869780775	0.35876496845204386
0.3529450579811817	0.3631401509941419
0.3462857172645556	0.35876496845204386
0.3729230801310599	0.3850160637046324
0.3729230801310599	0.30188759540476856
0.37958242084768595	0.3806408811625343
0.4195384651474424	0.3937664287888286
