WT	KO
0.3715665477628583	0.27596058774789095
0.3984916599195871	0.5094657004576448
0.3661815253315125	0.3113401502796719
0.35541148046882093	0.3184160627860281
0.47388197395842796	0.4457824879004393
0.36079650290016674	0.36087153782416515
0.45772690666439064	0.3891751878495899
0.4092617047822787	0.4528584004067954
0.3284863683120921	0.3396438003050966
0.425416772076316	0.48823796293857635
0.40387668235093294	0.396251100355946
0.43080179450766176	0.3891751878495899
0.38772161505689556	0.4033270128623022
0.37695157019420406	0.3396438003050966
0.3931066374882414	0.5023897879512887
0.41464672721362444	0.5519211754957819
0.37695157019420406	0.396251100355946
0.425416772076316	0.41040292536865836
0.425416772076316	0.4033270128623022
0.46311192909573645	0.41040292536865836
0.5277321982718857	0.4387065753940831
0.4792669963897737	0.35379562531780895
0.49542206368381103	0.5094657004576448
0.41464672721362444	0.4457824879004393
0.46849695152708226	0.3820992753432337
0.49542206368381103	0.5094657004576448
0.44695686180169913	0.41040292536865836
0.5061921085465027	0.5306934379767134
0.6408176693301469	0.48823796293857635
0.5385022431345772	0.5589970880021382
0.6031225123107264	0.6085284755466315
0.44695686180169913	0.3891751878495899
0.4846520188211195	0.3891751878495899
0.4792669963897737	0.42455475038137075
0.44695686180169913	0.5094657004576448
0.5169621534091942	0.37502336283687754
0.45772690666439064	0.4670102254195078
0.5385022431345772	0.5448452629894258
0.4415718393703534	0.5094657004576448
0.4846520188211195	0.43163066288772695
0.543887265565923	0.5519211754957819
0.6192775796047638	0.5165416129640011
0.6354326468988012	0.5448452629894258
0.45234188423304483	0.5377693504830696
0.5492722879972688	0.5448452629894258
0.5008070861151568	0.4953138754449325
0.6085075347420723	0.6509839505847684
0.6246626020361096	0.7571226381801113
0.543887265565923	0.6651357755974808
0.565427355291306	0.6226803005593438
0.5492722879972688	0.5448452629894258
0.6354326468988012	0.6085284755466315
0.6138925571734181	0.5306934379767134
0.5546573104286145	0.5094657004576448
0.5061921085465027	0.5448452629894258
0.49542206368381103	0.4528584004067954
0.5708123777226519	0.5448452629894258
0.6569727366241842	0.6226803005593438
0.5546573104286145	0.5519211754957819
0.6946678936436046	0.6439080380784123
0.44695686180169913	0.48823796293857635
0.4200317496449702	0.4953138754449325
0.5223471758405399	0.5094657004576448
0.5761974001539977	0.5165416129640011
0.6192775796047638	0.6368321255720562
0.47388197395842796	0.4599343129131517
0.40387668235093294	0.42455475038137075
0.5492722879972688	0.5802248255212067
0.5492722879972688	0.4599343129131517
0.5385022431345772	0.5873007380275629
0.5546573104286145	0.474086137925864
0.5061921085465027	0.5377693504830696
0.5169621534091942	0.4670102254195078
0.5546573104286145	0.43163066288772695
0.5277321982718857	0.4670102254195078
0.46849695152708226	0.4174788378750146
0.44695686180169913	0.4033270128623022
0.5008070861151568	0.5589970880021382
0.6569727366241842	0.5236175254703572
0.5331172207032315	0.5306934379767134
0.6138925571734181	0.6156043880529877
0.5008070861151568	0.4599343129131517
0.46311192909573645	0.3891751878495899
0.5223471758405399	0.5023897879512887
0.5385022431345772	0.4457824879004393
0.47388197395842796	0.474086137925864
0.5708123777226519	0.4033270128623022
0.6569727366241842	0.5448452629894258
0.6569727366241842	0.6439080380784123
0.41464672721362444	0.3820992753432337
0.3015612561553632	0.2688846752415348
0.32310134588074635	0.35379562531780895
0.6623577590555301	0.7288189881546865
0.8239084319959031	0.7571226381801113
0.5869674450166892	0.6580598630911246
0.5492722879972688	0.5236175254703572
0.38233659262554986	0.37502336283687754
0.6623577590555301	0.7358949006610426
0.7646731852510997	0.7783503756991798
0.49542206368381103	0.4457824879004393
0.40387668235093294	0.4599343129131517
0.45234188423304483	0.3891751878495899
0.7592881628197539	0.8278817632436729
0.7162079833689877	0.7288189881546865
0.5331172207032315	0.594376650533919
0.6408176693301469	0.474086137925864
0.7054379385062962	0.6509839505847684
0.8292934544272489	0.9694000133707965
0.7485181179570624	0.6863635131165494
0.4200317496449702	0.43163066288772695
0.37695157019420406	0.41040292536865836
0.46849695152708226	0.4953138754449325
0.7862132749764827	0.8066540257246044
0.6785128263495673	0.7288189881546865
0.565427355291306	0.5094657004576448
0.4846520188211195	0.3820992753432337
0.543887265565923	0.5802248255212067
0.5923524674480349	0.6297562130657
0.5169621534091942	0.5660730005084943
0.5815824225853434	0.6226803005593438
0.5600423328599603	0.4953138754449325
0.5385022431345772	0.5519211754957819
0.543887265565923	0.5519211754957819
0.6085075347420723	0.594376650533919
0.5061921085465027	0.5236175254703572
0.6246626020361096	0.5660730005084943
0.6192775796047638	0.48823796293857635
0.5277321982718857	0.5023897879512887
0.5331172207032315	0.5873007380275629
0.49542206368381103	0.4387065753940831
0.5331172207032315	0.5306934379767134
0.5923524674480349	0.5731489130148505
0.5923524674480349	0.5519211754957819
0.5223471758405399	0.5165416129640011
0.5277321982718857	0.474086137925864
0.5277321982718857	0.4670102254195078
0.5008070861151568	0.4599343129131517
0.5546573104286145	0.5094657004576448
0.46311192909573645	0.4670102254195078
0.46311192909573645	0.5873007380275629
0.565427355291306	0.5519211754957819
0.45234188423304483	0.5377693504830696
0.5277321982718857	0.48823796293857635
0.49542206368381103	0.4528584004067954
0.4200317496449702	0.4033270128623022
0.44695686180169913	0.5094657004576448
0.5331172207032315	0.5448452629894258
0.5600423328599603	0.5660730005084943
0.5600423328599603	0.48116205043222016
0.49003704125246533	0.4387065753940831
0.49542206368381103	0.5731489130148505
0.425416772076316	0.3679474503305213
0.47388197395842796	0.5306934379767134
0.4200317496449702	0.5023897879512887
0.425416772076316	0.4953138754449325
0.45234188423304483	0.35379562531780895
0.38233659262554986	0.42455475038137075
0.543887265565923	0.48823796293857635
0.49542206368381103	0.5023897879512887
0.4846520188211195	0.4670102254195078
0.5761974001539977	0.6580598630911246
0.43618681693900757	0.5094657004576448
0.41464672721362444	0.48823796293857635
0.4792669963897737	0.4457824879004393
0.5061921085465027	0.3113401502796719
0.45234188423304483	0.4174788378750146
0.425416772076316	0.48823796293857635
0.4415718393703534	0.474086137925864
0.46849695152708226	0.4457824879004393
0.43080179450766176	0.4387065753940831
0.46849695152708226	0.36087153782416515
0.4092617047822787	0.4387065753940831
0.46311192909573645	0.5306934379767134
0.5546573104286145	0.5165416129640011
0.44695686180169913	0.4457824879004393
0.5169621534091942	0.48116205043222016
0.43080179450766176	0.4033270128623022
0.4846520188211195	0.4528584004067954
0.5223471758405399	0.6226803005593438
0.5708123777226519	0.5802248255212067
0.49542206368381103	0.474086137925864
0.38772161505689556	0.396251100355946
0.3984916599195871	0.4033270128623022
0.5223471758405399	0.5094657004576448
0.47388197395842796	0.48823796293857635
0.45772690666439064	0.36087153782416515
0.4200317496449702	0.3679474503305213
0.4092617047822787	0.3891751878495899
0.46311192909573645	0.4953138754449325
0.45234188423304483	0.42455475038137075
0.45234188423304483	0.43163066288772695
0.425416772076316	0.4387065753940831
0.5546573104286145	0.48116205043222016
0.425416772076316	0.4670102254195078
0.43080179450766176	0.37502336283687754
0.40387668235093294	0.3396438003050966
0.35541148046882093	0.35379562531780895
0.3984916599195871	0.2547328502288224
0.38233659262554986	0.35379562531780895
0.41464672721362444	0.396251100355946
