WT	KO
0.7279409130372841	0.8440230230188588
0.7310921724010819	0.850924274229152
0.7531509879476663	0.8426427727768001
0.7111341964303627	0.7867426379734251
0.6806720225803176	0.8502341491081227
0.7542014077355988	0.8978527824591457
0.7631299759330259	0.8626564012866504
0.783087951903745	0.9068244090325268
0.7799366925399474	0.8881910307647352
0.7636551858269921	0.9192466612110546
0.7967434091468687	0.898542907580175
0.779411482645981	0.8875009056437059
0.8061971872382621	0.9399504148419343
0.8109240762839587	0.9323590385106117
0.793592149783071	0.9095849095166442
0.8019955080865316	0.9137256602428201
0.8109240762839587	0.9592739182307553
0.8371845709822734	0.9634146689569312
0.8319324720426104	0.9509924167784034
0.8361341511943409	0.9882591733139867
0.8093484466020598	0.9137256602428201
0.8251047434210487	0.9689356699251658
0.8608190162107566	0.9820480472247228
0.8813022020754422	1.0358778066650098
0.9122895858194535	1.0117234274289835
0.8156509653296553	0.9779072964985469
0.8035711377684306	0.9523726670204621
0.8492643985434981	0.9903295486770747
0.8776257328176781	1.053130934690743
0.9164912649711838	1.053821059811772
0.9138652155013524	1.0393284322701564
0.8676467448323185	1.0075826767028075
0.8566173370590263	1.0303568056967753
0.8776257328176781	1.0462296834804496
0.8671215349383522	1.0655531868692707
0.9385500805177682	1.0614124361430948
0.891806399954768	1.0572716854169188
0.8923316098487343	1.0048221762186904
0.8891803504849365	0.9965406747663386
0.9054618571978917	1.0572716854169188
0.9459030190332964	1.057961810537948
0.9380248706238019	1.0683136873533878
0.8828778317573409	1.044849433238391
0.9154408451832513	1.031737055938834
0.9359240310479366	1.1104113197361765
0.9196425243349816	1.0752149385636809
0.9070374868797906	1.0669334371113293
0.888129930697004	1.048990183964567
0.9285710925324087	1.1055804438889711
1.0084029964152854	1.142157075303525
0.9957979589600943	1.1324953236091146
0.9879198105506	1.1283545728829387
0.9254198331686109	1.1469879511507304
0.9206929441229141	1.0586519356589774
0.9632349455341841	1.1594102033292581
0.9789912423531729	1.1745929559919033
1.0036761073695888	1.1649312042974929
0.9448525992453637	1.0814260646529448
0.972163513731611	1.1380163245773491
0.9847685511868022	1.1476780762717596
0.9999996381118247	1.1538892023610237
0.9858189709747347	1.1732127057498447
0.9826677116109369	1.187015208170431
1.0761550727369373	1.2118597125274866
1.02048282397651	1.23877459224763
1.041491219735162	1.2215214642218968
1.0241592932342742	1.150438576755877
1.0099786260971844	1.1628608289344047
1.0173315646127123	1.1890855835335188
0.9978987985359594	1.187015208170431
1.018381984400645	1.195986834743812
1.0288861822799709	1.2008177105910174
1.0462181087808586	1.2511968444261579
1.0672265045395104	1.236704216884542
1.054096257190353	1.214620213011604
1.0656508748576115	1.2836327251145356
1.1029407773292184	1.2298029656742486
1.0887601101921285	1.290533976324829
1.1034659872231847	1.2546474700313042
1.0766802826309037	1.3195192314080604
1.0835080112524655	1.2111695874064572
1.0903357398740274	1.251886969547187
0.9994744282178585	1.1801139569601378
0.946953438821229	1.0738346883216225
0.8287812126788127	0.9765270462564882
0.7111341964303627	0.8171081432987153
0.71008377664243	0.8267698949931257
0.7599787165692281	0.8909515312488525
0.8335081017245093	0.9454714158101688
0.8109240762839587	0.9302886631475238
0.6748947137466884	0.7618981336163696
0.9233189935927456	1.0552013100538309
1.0808819617826342	1.2229017144639558
1.212709645168174	1.3864613681479043
0.9606088960643525	1.1214533216726454
0.6654409356552952	0.7687993848266628
0.7547266176295652	0.9144157853638494
0.9396005003057009	1.0807359395319156
0.9789912423531729	1.176663331354991
0.6832980720501491	0.7329128785331382
0.43172253284029405	0.49274933641493474
0.6969535292932728	0.7701796350687214
1.000524848005791	1.1469879511507304
0.94537780913933	1.0496803090855962
0.7762602232821832	0.915796035605908
0.6559871575639018	0.7329128785331382
0.9301467222143074	1.0483000588435376
1.1943272988793536	1.4016441208105495
1.0961130487076567	1.2719005980570375
0.9768904027773077	1.0959186921945605
0.6806720225803176	0.7508561316799005
0.7636551858269921	0.8412625225347415
0.8056719773442956	0.9095849095166442
0.7610291363571607	0.8764589037072369
0.6922266402475762	0.777771011400044
0.7526257780536999	0.7943340143047477
0.815125755435689	0.9509924167784034
0.9348736112600041	1.051060559327655
0.9642853653221166	1.0938483168314725
1.0646004550696788	1.242915342973806
1.1150206048904432	1.3181389811660018
1.1334029511792634	1.3064068541085034
1.100839937753353	1.3112377299557085
1.0908609497679937	1.2891537260827703
1.0740542331610723	1.2898438512037997
1.125524802769769	1.316758730923943
1.1118693455266455	1.3105476048346794
1.0745794430550386	1.2760413487832134
1.070377763903308	1.2028880859541053
1.0241592932342742	1.2180708386167503
0.9947475391721617	1.1835645825652843
1.0084029964152854	1.1518188269979355
0.9600836861703863	1.1435373255455838
0.9863441808687009	1.1214533216726454
1.0105038359911505	1.1594102033292581
0.9926466995962965	1.1732127057498447
1.0278357624920382	1.2084090869223398
0.9842433412928359	1.1863250830494017
0.9705878840497121	1.142157075303525
0.9879198105506	1.13732619945632
0.9716383038376448	1.1249039472777922
0.9590332663824538	1.1414669501824959
0.952205537760892	1.107650819252059
0.9217433639108469	1.1021298182838244
0.9201677342289478	1.1200730714305869
0.950629908078993	1.1249039472777922
0.9238442034867119	1.1104113197361765
0.8923316098487343	1.0338074313019219
0.8450627193917678	1.02552592984957
0.8834030416513073	1.0220753042444235
0.932772771684139	1.1062705690100005
0.9185921045470491	1.0848766902580915
0.9222685738048131	1.044849433238391
0.8823526218633747	1.0483000588435376
0.8592433865288578	1.0200049288813355
0.8870795109090714	1.029666680575746
0.8991593384702962	1.031737055938834
0.8839282515452737	1.0206950540023647
0.8597685964228241	1.0144839279131008
0.8828778317573409	1.0110333023079543
0.8907559801668354	1.0572716854169188
0.8792013624995769	1.0365679317860392
0.8665963250443859	1.0144839279131008
0.85609212716506	0.9993011752504558
0.8303568423607115	0.9647949191989899
0.8287812126788127	0.9447812906891395
0.8235291137391497	0.9503022916573741
0.8177518049055205	0.9710060452882537
0.8329828918305431	0.9965406747663386
0.8371845709822734	0.9503022916573741
0.8156509653296553	0.9254577873003185
0.8130249158598238	0.8757687785862074
0.7683820748726887	0.8840502800385592
0.8167013851175878	0.9834282974667815
0.8146005455417227	0.9316689133895825
0.8061971872382621	0.9082046592745855
0.7673316550847562	0.9075145341535562
0.7247896536734864	0.8433328978978295
0.7069325172786324	0.9151059104848787
0.7647056056149247	0.8578255254394452
0.7752098034942506	0.9109651597587027
0.7358190614467786	0.8757687785862074
0.7620795561450933	0.8695576524969436
0.7132350360062278	0.8674872771338556
0.7447476296442055	0.8495440239870934
0.7494745186899022	0.8695576524969436
0.7547266176295652	0.8847404051595886
0.7468484692200708	0.8771490288282661
0.7074577271725987	0.8357415215665069
0.7316173822950482	0.8288402703562137
0.7321425921890145	0.8150377679356273
0.7090333568544975	0.8198686437828325
0.7184871349458909	0.8412625225347415
0.699054368869138	0.7867426379734251
0.6659661455492614	0.7618981336163696
0.6370796013811152	0.7425746302275485
0.6654409356552952	0.7729401355528387
0.7373946911286775	0.8378118969295949
0.6880249610958458	0.8226291442669498
0.6638653059733962	0.7612080084953403
