WT	KO
0.6143324228670676	0.6943046485877917
0.6216741811719816	0.7218271458959306
0.6370054999851843	0.7221108829815814
0.6352780274428516	0.7229620942385342
0.63506209337506	0.7433911644054002
0.6713390167640468	0.7334603664076181
0.6577351704931768	0.7397025822919383
0.6676681376115898	0.7397025822919383
0.6959555004922878	0.7683600279426809
0.6745780277809206	0.7467960094332112
0.6631335221879664	0.7317579438937126
0.6752258299842954	0.7604153895444552
0.6817038520180431	0.7763046663409064
0.689045610322957	0.7652389200005207
0.6814879179502514	0.7663738683431244
0.6842950608315421	0.7788583001117647
0.6983307752379954	0.7890728351951976
0.6955236323567047	0.7697787133709354
0.6933642916787888	0.7822631451395757
0.6834313245603757	0.7726160842274445
0.6998423137125365	0.8007060557068851
0.7082637423564083	0.7927614173086596
0.73568736896594	0.821702600045053
0.7266181381186932	0.8497925715244937
0.727265940322068	0.8191489662741948
0.7233791271018194	0.8103531166190163
0.727265940322068	0.8185814921028929
0.7514505559147259	0.8373081397558534
0.7620313252365137	0.8452527781540791
0.7596560504908062	0.8517787311240501
0.7508027537113511	0.8077994828481581
0.7488593471012268	0.8458202523253808
0.7546895669315997	0.8426991443832208
0.7533939625248501	0.8605745807792285
0.752962094389267	0.8653981112352941
0.7613835230331389	0.8341870318136934
0.7425972591352707	0.8557510503231629
0.7512346218469343	0.8256749192441658
0.752962094389267	0.8824223363743491
0.759224182355223	0.8517787311240501
0.751882424050309	0.8378756139271553
0.7672137428635118	0.8409967218693153
0.7743395671006342	0.8619932662074831
0.7652703362533875	0.8597233695222758
0.7901027540494201	0.8744776979761234
0.7847044023546305	0.8741939608904725
0.7909664903205865	0.8710728529483124
0.7942055013374604	0.8855434443165092
0.8145033037098696	0.8866783926591129
0.7983082486255005	0.8883808151730184
0.8216291279469919	0.8977441389994986
0.800683523371208	0.8946230310573385
0.795932973879793	0.9255503733932884
0.8054340728626229	0.91675452373811
0.8199016554046592	0.9320763263632593
0.8160148421844107	0.9278202700784957
0.8356648423534452	0.9156195753955063
0.8430066006583591	0.9176057349950627
0.810616490489621	0.9181732091663646
0.8192538532012844	0.9261178475645903
0.8527236337089806	0.9408721760184378
0.8471093479463994	0.9786092084100096
0.867191216251017	0.9715157812687367
0.8544511062513133	0.9576126640718418
0.8615769304884358	0.980311630923915
0.8494846226921068	0.9468306548171069
0.8628725348951852	0.9550590303009835
0.881874732860845	0.9845676872086788
0.873453304216973	0.9769067858961041
0.8838181394709692	0.977190522981755
0.871941765742432	0.974069415039595
0.8812269306574702	0.9808791050952169
0.9062752825212943	1.007550391146403
0.9179357221820401	1.0194673487437416
0.9153445133685411	1.0379102593110512
0.9257093486225373	1.0288306725702219
0.9187994584532064	0.9896749547503954
0.9265730848937036	1.031668043426731
0.9265730848937036	1.0362078367971457
0.9166401177752905	1.004145546118592
0.9084346231992102	1.017481189144185
0.874532974555931	0.9993220156625265
0.791182424388378	0.896041716485593
0.7300730832033586	0.8077994828481581
0.663349456255758	0.7487821690327676
0.6331186867649357	0.7260832021806943
0.6700434123572973	0.7235295684098361
0.6935802257465804	0.778290825940463
0.7391423140506054	0.8154603841607329
0.6711230826962552	0.7502008544610222
0.6413241813410161	0.699695653215159
0.7117186874410737	0.7777233517691611
0.8827384691320114	0.9868375838938862
0.928516491503828	1.0265607758850144
0.8920236340470495	1.0058479686324975
0.7134461599834063	0.7967337365077723
0.6592467089677179	0.7076402916133847
0.6946598960855384	0.7936126285656123
0.7307208854067334	0.8270936046724204
0.6987626433735785	0.7581454928592478
0.6866703355772495	0.7842493047391321
0.7462681382877278	0.8225538113020058
0.6724186871030048	0.7553081220027387
0.6357098955784347	0.7042354465855738
0.7032972587972018	0.8041109007346962
0.8725895679458066	0.9581801382431436
0.9095142935381683	1.017481189144185
0.884465941674344	1.0038618090329412
0.7214357204916951	0.8038271636490453
0.6547120935440945	0.7263669392663452
0.6536324232051366	0.6945883856734426
0.7542576987960166	0.8007060557068851
0.6905571487974982	0.7456610610906075
0.6430516538833487	0.706789080356432
0.632470884561561	0.6809690055621986
0.6994104455769532	0.7618340749727097
0.7479956108300605	0.8137579616468273
0.8034906662524987	0.8906507118582256
0.8421428643871928	0.9615849832709547
0.9108098979449178	1.0061317057181485
0.9257093486225373	1.0302493579984764
0.9455752828593634	1.054934484450106
0.9503258323507783	1.0634465970196336
0.9187994584532064	1.017764926229836
0.9287324255716195	1.0611767003344263
0.9378016564188663	1.024007142114156
0.905411546250128	0.9987545414912247
0.899149458284172	1.001591912347734
0.8915917659114664	0.9822977905234715
0.8786357218439711	0.9581801382431436
0.8777719855728047	0.9627199316135583
0.8637362711663515	0.9411559131040886
0.8594175898105199	0.9561939786435872
0.8505642930310647	0.9374673309906267
0.820549457608034	0.9261178475645903
0.8281071499807395	0.9164707866524591
0.8399835237092769	0.9561939786435872
0.8369604467601947	0.9269690588215429
0.8265956115061984	0.9073911999116298
0.8227087982859499	0.9224292654511282
0.8155829740488275	0.9034188807125169
0.8207653916758255	0.9326438005345612
0.8166626443877855	0.9142008899672517
0.8125598970997453	0.9059725144833751
0.794853303540835	0.899730298599055
0.7855681386257968	0.8665330595778977
0.810616490489621	0.8900832376869239
0.7678615450668865	0.8560347874088139
0.7823291276089229	0.8716403271196143
0.7803857209987987	0.8985953502564513
0.7771467099819248	0.8775988059182835
0.7864318748969632	0.8909344489438765
0.7536098965926418	0.8469552006679846
0.7693730835414276	0.8707891158626615
0.7855681386257968	0.8747614350617744
0.7721802264227183	0.8642631628926905
0.7393582481183969	0.8168790695889874
0.7365511052371063	0.81148806496162
0.7395741821861885	0.8404292476980134
0.7693730835414276	0.8662493224922468
0.7605197867619726	0.8639794258070396
0.7318005557456914	0.848941360267541
0.7270500062542764	0.828512290100675
0.7251065996441521	0.8066645345055544
0.7359033030337315	0.8163115954176856
0.7361192371015232	0.8171628066746384
0.7428131932030624	0.8313496609571841
0.7294252809999839	0.8256749192441658
0.7151736325257391	0.8035434265633944
0.7061044016784925	0.8015572669638379
0.7108549511699073	0.8015572669638379
0.7169011050680718	0.7754534550839538
0.7184126435426129	0.8191489662741948
0.7097752808309494	0.798152421936027
0.723595061169611	0.8001385815355834
0.6894774784585402	0.7751697179983028
0.6780329728655861	0.7297717842941562
0.676521434391045	0.7669413425144262
0.6866703355772495	0.7567268074309933
0.6639972584591328	0.7587129670305497
0.6817038520180431	0.7672250796000771
0.6547120935440945	0.7283530988659016
0.6493137418493048	0.7320416809793635
0.6298796757480619	0.7226783571528833
0.6527686869339702	0.7144499816690068
0.6713390167640468	0.7567268074309933
0.6780329728655861	0.7553081220027387
0.649745609984888	0.7178548266968178
0.631391214222603	0.7107613995555448
0.6480181374425553	0.7209759346389778
0.6210263789686068	0.7286368359515526
0.6268565987989797	0.727218150523298
0.6329027526971441	0.7158686670972613
0.6024560491385302	0.6804015313908968
0.5961939611725743	0.6755780009348312
0.5933868182912836	0.6605399353953326
0.6151961591382339	0.7045191836712247
0.604615389816446	0.6758617380204821
0.5998648403250312	0.6704707333931147
0.5743846203256239	0.6409620764854195
