condition1	condition1
0.12992591839106968	0.13057590695750623
0.15110949204178759	0.13324072138521043
0.10591786825358943	0.11325461317742887
0.1256892036609261	0.10392776268046414
0.11439129771387656	0.12791109252980204
0.1285136801476885	0.1492296079514357
0.13416263312121327	0.14123516466832306
0.09744443879330227	0.08260924725883047
0.07908534162934677	0.10925739153587256
0.13698710960797564	0.13324072138521043
0.13133815663445086	0.11192220596357677
0.11721577420063896	0.12391387088824571
0.1271014419043073	0.1265786853159499
0.11721577420063896	0.1265786853159499
0.1256892036609261	0.13324072138521043
0.10733010649697061	0.1252462781020978
0.12992591839106968	0.12791109252980204
0.11721577420063896	0.11058979874972466
0.11862801244402014	0.12924349974365412
0.1454605390682628	0.15189442237913992
0.15393396852854996	0.13590553581291465
0.14969725379840637	0.14256757188217517
0.12286472717416372	0.12791109252980204
0.13133815663445086	0.11325461317742887
0.139811586094738	0.13990275745447098
0.1271014419043073	0.15056201516528778
0.12992591839106968	0.16788330894536513
0.13416263312121327	0.16388608730380885
0.13839934785135685	0.16122127287610463
0.1638196362322183	0.1452323863098794
0.1638196362322183	0.11991664924668938
0.16523187447559948	0.12924349974365412
0.1242769654175449	0.12258146367439358
0.15534620677193114	0.14123516466832306
0.18500320988293617	0.14256757188217517
0.146872777311644	0.1892018243669988
0.1595829215020747	0.153226829592992
0.16946858920574306	0.16788330894536513
0.17511754217926784	0.16521849451766094
0.17935425690941142	0.1825397882977383
0.1779420186660302	0.13324072138521043
0.18076649515279258	0.15988886566225252
0.16805635096236185	0.1812073810838862
0.15393396852854996	0.15056201516528778
0.17370530393588665	0.17321293780077357
0.14828501555502518	0.1585564584484004
0.17370530393588665	0.13857035024061884
0.183590971639555	0.22917404078256196
0.17229306569250544	0.16255368008995671
0.17229306569250544	0.17454534501462565
0.1638196362322183	0.1452323863098794
0.18782768636969854	0.16122127287610463
0.1454605390682628	0.16122127287610463
0.15675844501531233	0.16521849451766094
0.19347663934322332	0.20252589650551986
0.1624073979888371	0.1812073810838862
0.18923992461307976	0.1865370099392946
0.17370530393588665	0.15988886566225252
0.19347663934322332	0.16521849451766094
0.17229306569250544	0.16521849451766094
0.1454605390682628	0.16122127287610463
0.1821787333961738	0.1865370099392946
0.18923992461307976	0.191866638794703
0.18641544812631738	0.17987497387003407
0.1666441127189807	0.14389997909602725
0.18076649515279258	0.1812073810838862
0.20901126002041645	0.17987497387003407
0.19206440109984213	0.17987497387003407
0.12992591839106968	0.17454534501462565
0.19065216285646094	0.21584996864404088
0.18500320988293617	0.15722405123454833
0.19347663934322332	0.16122127287610463
0.22454588069760956	0.24916014899034353
0.20759902177703526	0.20918793257478038
0.19065216285646094	0.19852867486396356
0.18923992461307976	0.16521849451766094
0.20901126002041645	0.19453145322240725
0.19347663934322332	0.18786941715314673
0.18076649515279258	0.20252589650551986
0.15675844501531233	0.19719626765011145
0.2188969277240848	0.1852046027254425
0.17652978042264902	0.19986108207781567
0.1779420186660302	0.16122127287610463
0.1454605390682628	0.17987497387003407
0.15817068325869355	0.13590553581291465
0.19206440109984213	0.17987497387003407
0.16946858920574306	0.16255368008995671
0.20618678353365408	0.20385830371937194
0.23019483367113433	0.2118527470024846
0.22313364245422837	0.21584996864404088
0.23443154840127792	0.19053423158085092
0.10733010649697061	0.10792498432202044
0.22030916596746597	0.22650922635485773
0.21042349826379764	0.19586386043625933
0.2019500688035105	0.21584996864404088
0.15393396852854996	0.11725183481898518
0.15393396852854996	0.18786941715314673
0.21607245123732238	0.22917404078256196
0.2895088398931444	0.28513514376435034
0.16946858920574306	0.13990275745447098
0.11156682122711419	0.10792498432202044
0.11439129771387656	0.0946009121834994
0.20053783056012928	0.15189442237913992
0.3106924135438623	0.22517681914100562
0.22595811894099074	0.23716848406567456
0.183590971639555	0.16122127287610463
0.15675844501531233	0.08660646890038678
0.17935425690941142	0.20385830371937194
0.257027360295377	0.22784163356870982
0.25985183678213936	0.2198471902855972
0.12004025068740135	0.13057590695750623
0.19206440109984213	0.17454534501462565
0.25561512205199577	0.23983329849337875
0.21183573650717885	0.16521849451766094
0.19347663934322332	0.1865370099392946
0.15534620677193114	0.1758777522284778
0.20901126002041645	0.1865370099392946
0.15675844501531233	0.16255368008995671
0.18782768636969854	0.1865370099392946
0.17935425690941142	0.16921571615921727
0.17370530393588665	0.19852867486396356
0.22172140421084718	0.15988886566225252
0.19630111582998572	0.1812073810838862
0.1977133540733669	0.20119348929166775
0.2174846894807036	0.2198471902855972
0.21183573650717885	0.17188053058692146
0.20477454529027286	0.19453145322240725
0.2330193101578967	0.17987497387003407
0.19347663934322332	0.19852867486396356
0.16099515974545592	0.17987497387003407
0.1666441127189807	0.17454534501462565
0.19630111582998572	0.19719626765011145
0.17229306569250544	0.17721015944232987
0.183590971639555	0.1452323863098794
0.2188969277240848	0.1838721955115904
0.18076649515279258	0.17188053058692146
0.1666441127189807	0.17188053058692146
0.18076649515279258	0.1892018243669988
0.20901126002041645	0.20519071093322408
0.19912559231674812	0.20519071093322408
0.19065216285646094	0.17054812337306935
0.21324797475056	0.16655090173151305
0.19065216285646094	0.17054812337306935
0.20901126002041645	0.17321293780077357
0.17229306569250544	0.1492296079514357
0.19065216285646094	0.17987497387003407
0.16805635096236185	0.1825397882977383
0.16805635096236185	0.12791109252980204
0.15817068325869355	0.13457312859906254
0.17229306569250544	0.17987497387003407
0.1638196362322183	0.17721015944232987
0.17652978042264902	0.1558916440206962
0.13698710960797564	0.1545592368068441
0.17229306569250544	0.12391387088824571
0.1454605390682628	0.13723794302676676
0.19206440109984213	0.15056201516528778
0.12004025068740135	0.14389997909602725
0.17935425690941142	0.19053423158085092
0.15252173028516874	0.16255368008995671
0.183590971639555	0.17854256665618198
0.14828501555502518	0.14656479352373147
0.12992591839106968	0.11591942760513307
0.1624073979888371	0.1892018243669988
0.13557487136459445	0.15189442237913992
0.15534620677193114	0.12391387088824571
0.15110949204178759	0.15056201516528778
0.1454605390682628	0.16788330894536513
0.139811586094738	0.16921571615921727
0.15110949204178759	0.16122127287610463
0.1285136801476885	0.13457312859906254
0.12992591839106968	0.13990275745447098
0.15393396852854996	0.13057590695750623
0.16805635096236185	0.15722405123454833
0.10733010649697061	0.12791109252980204
0.14122382433811922	0.13457312859906254
0.13275039487783205	0.13590553581291465
0.17652978042264902	0.1545592368068441
0.1779420186660302	0.17854256665618198
0.12286472717416372	0.13057590695750623
0.10733010649697061	0.13990275745447098
0.139811586094738	0.12258146367439358
0.15110949204178759	0.13190831417135832
0.1426360625815004	0.10792498432202044
0.1242769654175449	0.11991664924668938
0.13416263312121327	0.11725183481898518
0.13698710960797564	0.10659257710816834
0.1242769654175449	0.17188053058692146
0.16523187447559948	0.11858424203283728
0.1454605390682628	0.13190831417135832
0.15393396852854996	0.16122127287610463
0.12992591839106968	0.11458702039128098
0.146872777311644	0.11591942760513307
0.1271014419043073	0.13190831417135832
0.1271014419043073	0.11591942760513307
0.1285136801476885	0.14256757188217517
0.1271014419043073	0.13190831417135832
0.1242769654175449	0.1558916440206962
0.1426360625815004	0.15189442237913992
0.1256892036609261	0.14389997909602725
0.09885667703668345	0.14123516466832306
