WT	KO
0.2122361256255017	0.21891287550918265
0.21115878488628598	0.24888309060865407
0.23809230336667958	0.24497393211741866
0.2456336885411898	0.2553983547607131
0.2434790070627583	0.24106477362618325
0.22839623671373785	0.24497393211741866
0.23486028114903235	0.23976172079577146
0.21008144414707022	0.24106477362618325
0.23593762188824807	0.23585256230453605
0.23055091819216939	0.23845866796535967
0.23055091819216939	0.24497393211741866
0.2553297551941315	0.24758003777824228
0.24994305149805277	0.23845866796535967
0.2391696441058953	0.2580044604215367
0.2510203922372685	0.2540953019303013
0.2779539107176621	0.2814594113689491
0.2585617774117787	0.2606105660823603
0.2531750737157	0.23976172079577146
0.2510203922372685	0.2514891962694777
0.2553297551941315	0.2580044604215367
0.2553297551941315	0.2658227774040075
0.2671805033255047	0.2931868868426553
0.2434790070627583	0.2762472000473019
0.24024698484511106	0.23194340381330067
0.2661031625862889	0.26451972457359574
0.25425241445491575	0.28797467552100814
0.2768765699784464	0.2970960453338907
0.29195934032746684	0.26451972457359574
0.2768765699784464	0.27755025287771373
0.29842338476276126	0.27364109438647827
0.2822632736745251	0.2514891962694777
0.2661031625862889	0.29839909816430255
0.28118593293530936	0.2723380415560665
0.2962687032843298	0.29188383401224355
0.2779539107176621	0.2593075132519485
0.2951913625451141	0.3010052038251262
0.28980465884903533	0.2970960453338907
0.2887273181098196	0.2970960453338907
0.2747218885000149	0.28276246419936096
0.2704125255431519	0.27755025287771373
0.3016554069804085	0.31273267929883236
0.27903125145687785	0.29188383401224355
0.3027327477196243	0.2866716226905964
0.3027327477196243	0.2957929925034789
0.2854952958921723	0.2866716226905964
0.30057806624119277	0.2892777283514199
0.2941140218058983	0.3101265736380088
0.29842338476276126	0.30752046797718513
0.2854952958921723	0.2970960453338907
0.29195934032746684	0.31533878495965595
0.29734604402354553	0.2997021509947143
0.3145834958509975	0.31664183779006777
0.28657263663138804	0.31794489062047954
0.29950072550197704	0.31273267929883236
0.3285889254608021	0.35182426421118634
0.29842338476276126	0.31273267929883236
0.3199701995470762	0.30230825665553795
0.28334061441374087	0.31794489062047954
0.3469037180274698	0.31664183779006777
0.32643424398237064	0.32576320760295036
0.3415170143313911	0.31664183779006777
0.3339756291568809	0.3387937359070684
0.31781551806864466	0.30491436231636154
0.27579922923923067	0.28797467552100814
0.30811945141570296	0.27364109438647827
0.30704211067648723	0.2997021509947143
0.31135147363335025	0.3205509962813032
0.3350529698960966	0.32836931326377394
0.350135740245117	0.3270662604333622
0.3232022217647234	0.3244601547725386
0.3425943550706068	0.32185404911171495
0.29950072550197704	0.29188383401224355
0.3232022217647234	0.34009678873748017
0.32751158472158637	0.33618763024624476
0.32751158472158637	0.3505212113807746
0.3619864883764902	0.32967236609418576
0.35444510320198	0.3335815245854212
0.3609091476372745	0.33749068307665653
0.3415170143313911	0.2905807811818317
0.3673731920725689	0.32836931326377394
0.3285889254608021	0.3622486868544808
0.3199701995470762	0.30882352080759695
0.3328982884176651	0.30752046797718513
0.3221248810255077	0.2801563585385373
0.27579922923923067	0.2788533057081255
0.2962687032843298	0.2970960453338907
0.29195934032746684	0.27364109438647827
0.2693351848039362	0.28406551702977273
0.28657263663138804	0.2997021509947143
0.2876499773706038	0.2892777283514199
0.30811945141570296	0.32315710194212677
0.4320136364255136	0.41567385290136466
0.3232022217647234	0.35703647553283363
0.3490583995059013	0.3596425811936572
0.28010859219609363	0.2749441472168901
0.43524565864316084	0.4378257510183653
0.561294525131403	0.56422187556831
0.565603888088266	0.5016753397085436
0.34367169580982254	0.2957929925034789
0.18207058492746087	0.1720029736143578
0.15405972570785148	0.16157855097106338
0.3425943550706068	0.3101265736380088
0.5559078214353242	0.5147058680126616
0.5720679325235605	0.5472821887729565
0.49342205856081106	0.45476543781371875
0.2671805033255047	0.29448993967306714
0.33074360693923366	0.30882352080759695
0.32535690324315486	0.3270662604333622
0.4126215031196302	0.38700669063230503
0.3199701995470762	0.30491436231636154
0.3102741328941345	0.3335815245854212
0.25963911815099444	0.25279224909988945
0.2531750737157	0.25670140759112486
0.2822632736745251	0.2801563585385373
0.27148986628236765	0.2801563585385373
0.2844179551529566	0.2957929925034789
0.30919679215491874	0.2905807811818317
0.32427956250393913	0.32185404911171495
0.33828499211374385	0.3140357321292441
0.34474903654903827	0.35443036987201
0.33828499211374385	0.360945634024069
0.3469037180274698	0.32836931326377394
0.34367169580982254	0.3453090000591274
0.33720765137452813	0.341399841567892
0.33613031063531235	0.3192479434508914
0.35444510320198	0.334884577415833
0.30596476993727145	0.3101265736380088
0.3350529698960966	0.37527921515859886
0.3609091476372745	0.35573342270242175
0.34474903654903827	0.2814594113689491
0.3221248810255077	0.34009678873748017
0.33720765137452813	0.31142962646842054
0.34474903654903827	0.3335815245854212
0.3339756291568809	0.33227847175500935
0.29950072550197704	0.33227847175500935
0.3533677624627643	0.34661205288953917
0.3350529698960966	0.3387937359070684
0.32535690324315486	0.3244601547725386
0.3232022217647234	0.31794489062047954
0.3016554069804085	0.32836931326377394
0.30596476993727145	0.3192479434508914
0.312428814372566	0.3309754189245976
0.31889285880786045	0.32576320760295036
0.29734604402354553	0.2710349887256547
0.27256720702158344	0.2866716226905964
0.29950072550197704	0.2853685698601845
0.31889285880786045	0.29448993967306714
0.312428814372566	0.31794489062047954
0.29842338476276126	0.28406551702977273
0.27579922923923067	0.30491436231636154
0.30381008845884	0.30491436231636154
0.312428814372566	0.30752046797718513
0.27148986628236765	0.2997021509947143
0.25425241445491575	0.25279224909988945
0.2854952958921723	0.2619136189127721
0.27148986628236765	0.29448993967306714
0.2704125255431519	0.29188383401224355
0.2941140218058983	0.2866716226905964
0.25640709593334726	0.2619136189127721
0.25963911815099444	0.28406551702977273
0.2768765699784464	0.2997021509947143
0.28010859219609363	0.29839909816430255
0.29950072550197704	0.28797467552100814
0.2671805033255047	0.2606105660823603
0.2661031625862889	0.2710349887256547
0.27579922923923067	0.2970960453338907
0.26394848110785746	0.2749441472168901
0.2951913625451141	0.2762472000473019
0.26179379962942595	0.26451972457359574
0.28334061441374087	0.2892777283514199
0.27148986628236765	0.31142962646842054
0.24778837001962126	0.2684288830648311
0.2768765699784464	0.27364109438647827
0.24886571075883704	0.2619136189127721
0.24886571075883704	0.2606105660823603
0.2693351848039362	0.2723380415560665
0.23270559967060084	0.24106477362618325
0.24132432558432684	0.23976172079577146
0.23378294040981662	0.24627698494783049
0.24240166632354257	0.2540953019303013
0.2671805033255047	0.2723380415560665
0.2671805033255047	0.2540953019303013
0.24132432558432684	0.2540953019303013
0.22624155523530637	0.24758003777824228
0.22624155523530637	0.21891287550918265
0.25209773297648425	0.23976172079577146
0.24886571075883704	0.24236782645659508
0.22516421449609064	0.25670140759112486
0.2316282589313851	0.24627698494783049
0.24455634780197402	0.23585256230453605
0.2391696441058953	0.2514891962694777
0.21762282932158042	0.25670140759112486
0.23055091819216939	0.24106477362618325
0.22300953301765916	0.23324645664371246
0.21870017006079617	0.24758003777824228
0.23486028114903235	0.21891287550918265
0.19930803675491277	0.24236782645659508
0.19930803675491277	0.21760982267877083
0.21331346636471746	0.21109455852671186
0.2122361256255017	0.23715561513494787
