WT	KO
0.13542402313375787	0.2027956830535927
0.1741166011719744	0.13259717738119522
0.18701412718471325	0.21839535098079216
0.2063604162038215	0.19499584908999298
0.23215546822929917	0.1637965132355941
0.16121907515923556	0.17159634719919384
0.18056536417834382	0.1637965132355941
0.1741166011719744	0.21839535098079216
0.16766783816560496	0.19499584908999298
0.18701412718471325	0.2027956830535927
0.21925794221656034	0.22619518494439186
0.1741166011719744	0.17159634719919384
0.1999116531974521	0.2885938566531896
0.12897526012738844	0.19499584908999298
0.18701412718471325	0.21059551701719242
0.18701412718471325	0.25739452079879077
0.21925794221656034	0.25739452079879077
0.22570670522292977	0.25739452079879077
0.21925794221656034	0.21839535098079216
0.16766783816560496	0.14039701134479493
0.23215546822929917	0.18719601512639325
0.16766783816560496	0.22619518494439186
0.22570670522292977	0.21059551701719242
0.16766783816560496	0.19499584908999298
0.21280917921019094	0.2339950189079916
0.1999116531974521	0.2729941887259902
0.22570670522292977	0.22619518494439186
0.22570670522292977	0.2729941887259902
0.22570670522292977	0.2027956830535927
0.16766783816560496	0.14039701134479493
0.24505299424203805	0.21839535098079216
0.1741166011719744	0.17159634719919384
0.1999116531974521	0.2339950189079916
0.18701412718471325	0.18719601512639325
0.22570670522292977	0.21059551701719242
0.25150175724840745	0.25739452079879077
0.22570670522292977	0.25739452079879077
0.2063604162038215	0.2027956830535927
0.18701412718471325	0.2729941887259902
0.18056536417834382	0.19499584908999298
0.1999116531974521	0.19499584908999298
0.14832154914649673	0.2417948528715913
0.22570670522292977	0.2027956830535927
0.2063604162038215	0.2729941887259902
0.24505299424203805	0.2339950189079916
0.14832154914649673	0.21839535098079216
0.21925794221656034	0.17939618116279357
0.21925794221656034	0.22619518494439186
0.25150175724840745	0.1637965132355941
0.25150175724840745	0.2339950189079916
0.2063604162038215	0.21059551701719242
0.2643992832611463	0.21059551701719242
0.24505299424203805	0.3197931925075885
0.23215546822929917	0.21839535098079216
0.21280917921019094	0.21839535098079216
0.21925794221656034	0.14819684530839466
0.21280917921019094	0.21059551701719242
0.2837455722802546	0.21059551701719242
0.1999116531974521	0.2885938566531896
0.23215546822929917	0.18719601512639325
0.24505299424203805	0.17159634719919384
0.21280917921019094	0.19499584908999298
0.2837455722802546	0.2339950189079916
0.22570670522292977	0.2417948528715913
0.2579505202547769	0.2339950189079916
0.2579505202547769	0.19499584908999298
0.23215546822929917	0.30419352458038906
0.2579505202547769	0.2027956830535927
0.24505299424203805	0.21059551701719242
0.27729680927388517	0.249594686835191
0.21925794221656034	0.2417948528715913
0.23215546822929917	0.22619518494439186
0.30309186129936283	0.17159634719919384
0.2579505202547769	0.3197931925075885
0.2579505202547769	0.26519435476239045
0.27084804626751574	0.2417948528715913
0.25150175724840745	0.22619518494439186
0.25150175724840745	0.22619518494439186
0.30309186129936283	0.249594686835191
0.30954062430573226	0.2417948528715913
0.22570670522292977	0.2417948528715913
0.25150175724840745	0.2339950189079916
0.21925794221656034	0.25739452079879077
0.2837455722802546	0.2339950189079916
0.25150175724840745	0.2339950189079916
0.3159893873121017	0.22619518494439186
0.18701412718471325	0.2729941887259902
0.2063604162038215	0.22619518494439186
0.23860423123566862	0.2339950189079916
0.22570670522292977	0.25739452079879077
0.22570670522292977	0.29639369061678933
0.21280917921019094	0.22619518494439186
0.2837455722802546	0.3509925283619874
0.18701412718471325	0.1637965132355941
0.13542402313375787	0.13259717738119522
0.12897526012738844	0.1169975094539958
0.2837455722802546	0.28079402268958986
0.34178443933757935	0.33539286043478794
0.30309186129936283	0.2729941887259902
0.24505299424203805	0.2729941887259902
0.1999116531974521	0.19499584908999298
0.24505299424203805	0.30419352458038906
0.3224381503184711	0.36659219628918677
0.24505299424203805	0.2729941887259902
0.1418727861401273	0.17939618116279357
0.14832154914649673	0.1559966792719944
0.19346289019108268	0.19499584908999298
0.29019433528662403	0.249594686835191
0.19346289019108268	0.19499584908999298
0.15477031215286613	0.2027956830535927
0.21925794221656034	0.19499584908999298
0.30309186129936283	0.21059551701719242
0.21280917921019094	0.26519435476239045
0.2643992832611463	0.2885938566531896
0.25150175724840745	0.21839535098079216
0.27084804626751574	0.26519435476239045
0.2579505202547769	0.249594686835191
0.18701412718471325	0.21839535098079216
0.2579505202547769	0.249594686835191
0.27729680927388517	0.249594686835191
0.23215546822929917	0.26519435476239045
0.23860423123566862	0.22619518494439186
0.22570670522292977	0.26519435476239045
0.22570670522292977	0.2339950189079916
0.27084804626751574	0.2339950189079916
0.2579505202547769	0.2417948528715913
0.21925794221656034	0.2027956830535927
0.23215546822929917	0.2885938566531896
0.21280917921019094	0.1169975094539958
0.29019433528662403	0.3119933585439888
0.30954062430573226	0.2885938566531896
0.25150175724840745	0.2729941887259902
0.30954062430573226	0.21059551701719242
0.23215546822929917	0.21839535098079216
0.2063604162038215	0.19499584908999298
0.27084804626751574	0.21839535098079216
0.25150175724840745	0.2417948528715913
0.2579505202547769	0.2729941887259902
0.27729680927388517	0.26519435476239045
0.24505299424203805	0.2417948528715913
0.22570670522292977	0.2885938566531896
0.3159893873121017	0.249594686835191
0.2643992832611463	0.25739452079879077
0.24505299424203805	0.19499584908999298
0.2643992832611463	0.249594686835191
0.2063604162038215	0.249594686835191
0.2837455722802546	0.3197931925075885
0.21925794221656034	0.29639369061678933
0.3159893873121017	0.2885938566531896
0.23215546822929917	0.2417948528715913
0.27729680927388517	0.2417948528715913
0.30954062430573226	0.36659219628918677
0.1999116531974521	0.28079402268958986
0.21280917921019094	0.2417948528715913
0.21925794221656034	0.17939618116279357
0.23215546822929917	0.19499584908999298
0.3159893873121017	0.26519435476239045
0.27729680927388517	0.30419352458038906
0.24505299424203805	0.22619518494439186
0.16766783816560496	0.17159634719919384
0.1999116531974521	0.21059551701719242
0.24505299424203805	0.2339950189079916
0.1741166011719744	0.21839535098079216
0.25150175724840745	0.21059551701719242
0.24505299424203805	0.18719601512639325
0.16121907515923556	0.21839535098079216
0.27084804626751574	0.1637965132355941
0.1999116531974521	0.2339950189079916
0.23215546822929917	0.26519435476239045
0.16121907515923556	0.18719601512639325
0.23215546822929917	0.2027956830535927
0.22570670522292977	0.17939618116279357
0.19346289019108268	0.249594686835191
0.21925794221656034	0.17159634719919384
0.2063604162038215	0.19499584908999298
0.18056536417834382	0.17939618116279357
0.22570670522292977	0.2339950189079916
0.2063604162038215	0.21839535098079216
0.21925794221656034	0.2027956830535927
0.16766783816560496	0.22619518494439186
0.23215546822929917	0.2729941887259902
0.19346289019108268	0.21839535098079216
0.18056536417834382	0.14039701134479493
0.18701412718471325	0.1559966792719944
0.22570670522292977	0.1637965132355941
0.21280917921019094	0.1637965132355941
0.16766783816560496	0.1559966792719944
0.16766783816560496	0.14039701134479493
0.21280917921019094	0.18719601512639325
0.12252649712101903	0.18719601512639325
0.2643992832611463	0.1637965132355941
0.18701412718471325	0.2027956830535927
0.19346289019108268	0.2027956830535927
0.22570670522292977	0.14819684530839466
0.22570670522292977	0.22619518494439186
0.21925794221656034	0.18719601512639325
0.2063604162038215	0.2339950189079916
0.1999116531974521	0.19499584908999298
0.1741166011719744	0.19499584908999298
0.1418727861401273	0.21839535098079216
