WT	KO
0.1633429192631297	0.07244037411702495
0.13611909938594138	0.13170977112186352
0.16878768323856733	0.15146623679014307
0.11434004348419076	0.12512428256577035
0.11978480745962844	0.10536781689749082
0.22323532299294388	0.15805172534623624
0.14156386336137905	0.17780819101451575
0.15789815528769202	0.17780819101451575
0.17967721118944266	0.19097916812670213
0.16878768323856733	0.1382952596779567
0.17967721118944266	0.1975646566827953
0.1960115031157556	0.20415014523888847
0.1851219751648803	0.17122270245842258
0.15245339131225435	0.11195330545358399
0.15789815528769202	0.12512428256577035
0.16878768323856733	0.20415014523888847
0.16878768323856733	0.15146623679014307
0.10345051553331545	0.19097916812670213
0.23412485094381918	0.18439367957060893
0.19056673914031794	0.13170977112186352
0.16878768323856733	0.15146623679014307
0.174232447214005	0.1448807482340499
0.174232447214005	0.15805172534623624
0.14700862733681672	0.17780819101451575
0.17967721118944266	0.20415014523888847
0.2831277267227581	0.12512428256577035
0.23412485094381918	0.1975646566827953
0.26679343479644513	0.11195330545358399
0.17967721118944266	0.15146623679014307
0.2069010310666309	0.16463721390232938
0.27223819877188277	0.15805172534623624
0.22868008696838152	0.13170977112186352
0.1851219751648803	0.2173211223510748
0.21234579504206857	0.24366307657544753
0.1633429192631297	0.09878232834139765
0.28857249069819574	0.1382952596779567
0.2069010310666309	0.2502485651315407
0.21779055901750624	0.24366307657544753
0.24501437889469452	0.27000503079982024
0.21234579504206857	0.20415014523888847
0.25045914287013216	0.21073563379498164
0.22868008696838152	0.23707758801935436
0.29946201864907107	0.2568340536876339
0.26679343479644513	0.19097916812670213
0.23956961491925688	0.24366307657544753
0.1960115031157556	0.13170977112186352
0.21234579504206857	0.1448807482340499
0.23956961491925688	0.17780819101451575
0.2069010310666309	0.23707758801935436
0.3212410745508217	0.21073563379498164
0.24501437889469452	0.15805172534623624
0.21779055901750624	0.32927442780465876
0.29401725467363343	0.17122270245842258
0.20145626709119327	0.27000503079982024
0.29946201864907107	0.20415014523888847
0.23956961491925688	0.19097916812670213
0.25590390684556985	0.2568340536876339
0.2069010310666309	0.28317600791200653
0.2613486708210075	0.26341954224372705
0.1960115031157556	0.27000503079982024
0.27768296274732046	0.1975646566827953
0.24501437889469452	0.16463721390232938
0.19056673914031794	0.15805172534623624
0.22323532299294388	0.15805172534623624
0.25590390684556985	0.19097916812670213
0.27768296274732046	0.17780819101451575
0.25590390684556985	0.18439367957060893
0.20145626709119327	0.23049209946326116
0.4083572981578242	0.27000503079982024
0.3212410745508217	0.2173211223510748
0.3702439503297606	0.28317600791200653
0.25590390684556985	0.2568340536876339
0.24501437889469452	0.22390661090716799
0.27223819877188277	0.24366307657544753
0.332130602501697	0.2765905193559134
0.29946201864907107	0.2502485651315407
0.332130602501697	0.28317600791200653
0.23956961491925688	0.24366307657544753
0.3593544223788853	0.1975646566827953
0.3266858385262594	0.2502485651315407
0.3266858385262594	0.26341954224372705
0.3266858385262594	0.2568340536876339
0.26679343479644513	0.18439367957060893
0.23956961491925688	0.19097916812670213
0.23956961491925688	0.23049209946326116
0.27223819877188277	0.17780819101451575
0.3212410745508217	0.2502485651315407
0.29401725467363343	0.1975646566827953
0.29401725467363343	0.15146623679014307
0.19056673914031794	0.18439367957060893
0.20145626709119327	0.17122270245842258
0.4355811180350125	0.3622018705851247
0.3539096584034476	0.29634698502419293
0.23412485094381918	0.21073563379498164
0.1633429192631297	0.17122270245842258
0.22868008696838152	0.18439367957060893
0.22323532299294388	0.27000503079982024
0.3920230062315112	0.2568340536876339
0.2069010310666309	0.15805172534623624
0.13067433541050374	0.15805172534623624
0.14156386336137905	0.05926939700483859
0.15789815528769202	0.12512428256577035
0.4192468261086995	0.32927442780465876
0.29401725467363343	0.28317600791200653
0.1851219751648803	0.18439367957060893
0.21779055901750624	0.19097916812670213
0.29401725467363343	0.15805172534623624
0.29401725467363343	0.23707758801935436
0.3103515465999464	0.3095179621363793
0.22868008696838152	0.11853879400967718
0.3049067826245087	0.3095179621363793
0.3430201304525723	0.26341954224372705
0.19056673914031794	0.20415014523888847
0.2069010310666309	0.17122270245842258
0.17967721118944266	0.10536781689749082
0.20145626709119327	0.1382952596779567
0.26679343479644513	0.23707758801935436
0.26679343479644513	0.15146623679014307
0.2069010310666309	0.17122270245842258
0.17967721118944266	0.22390661090716799
0.2831277267227581	0.23707758801935436
0.3430201304525723	0.21073563379498164
0.332130602501697	0.2765905193559134
0.25045914287013216	0.21073563379498164
0.23956961491925688	0.19097916812670213
0.20145626709119327	0.15805172534623624
0.21234579504206857	0.24366307657544753
0.2613486708210075	0.24366307657544753
0.20145626709119327	0.17780819101451575
0.25590390684556985	0.21073563379498164
0.3266858385262594	0.24366307657544753
0.27223819877188277	0.17122270245842258
0.25590390684556985	0.24366307657544753
0.27223819877188277	0.22390661090716799
0.3103515465999464	0.16463721390232938
0.21234579504206857	0.15805172534623624
0.25590390684556985	0.22390661090716799
0.23412485094381918	0.1975646566827953
0.27768296274732046	0.24366307657544753
0.17967721118944266	0.15805172534623624
0.21234579504206857	0.21073563379498164
0.1960115031157556	0.2173211223510748
0.27223819877188277	0.1975646566827953
0.25045914287013216	0.24366307657544753
0.25045914287013216	0.2568340536876339
0.22868008696838152	0.2568340536876339
0.20145626709119327	0.1448807482340499
0.24501437889469452	0.16463721390232938
0.1960115031157556	0.1382952596779567
0.29401725467363343	0.22390661090716799
0.3049067826245087	0.19097916812670213
0.15789815528769202	0.2173211223510748
0.11434004348419076	0.09878232834139765
0.25590390684556985	0.15805172534623624
0.21779055901750624	0.22390661090716799
0.2069010310666309	0.10536781689749082
0.25045914287013216	0.24366307657544753
0.16878768323856733	0.23049209946326116
0.23956961491925688	0.1975646566827953
0.1960115031157556	0.1448807482340499
0.15789815528769202	0.12512428256577035
0.12522957143506608	0.15146623679014307
0.2069010310666309	0.17122270245842258
0.24501437889469452	0.15805172534623624
0.22868008696838152	0.12512428256577035
0.23412485094381918	0.12512428256577035
0.11978480745962844	0.1975646566827953
0.15245339131225435	0.19097916812670213
0.2069010310666309	0.07244037411702495
0.14156386336137905	0.16463721390232938
0.1960115031157556	0.10536781689749082
0.22323532299294388	0.17122270245842258
0.21779055901750624	0.21073563379498164
0.1633429192631297	0.18439367957060893
0.11434004348419076	0.13170977112186352
0.1633429192631297	0.11853879400967718
0.14700862733681672	0.17780819101451575
0.13067433541050374	0.10536781689749082
0.16878768323856733	0.1448807482340499
0.15789815528769202	0.11853879400967718
0.16878768323856733	0.18439367957060893
0.2069010310666309	0.13170977112186352
0.23412485094381918	0.15146623679014307
0.0980057515578778	0.1975646566827953
0.14700862733681672	0.09878232834139765
0.12522957143506608	0.09219683978530446
0.22323532299294388	0.13170977112186352
0.13067433541050374	0.09219683978530446
0.11978480745962844	0.1382952596779567
0.08167145963156484	0.1448807482340499
0.15789815528769202	0.12512428256577035
0.11978480745962844	0.1382952596779567
0.11434004348419076	0.1448807482340499
0.13611909938594138	0.23707758801935436
0.1851219751648803	0.11195330545358399
0.11434004348419076	0.1975646566827953
0.0871162236070025	0.09219683978530446
0.11434004348419076	0.11195330545358399
0.0871162236070025	0.2173211223510748
0.1633429192631297	0.17780819101451575
