WT	KO
0.18481211054839197	0.17882546160448137
0.08870981306322816	0.16988418852425732
0.14784968843871357	0.21459055392537765
0.1700271417045206	0.09835400388246475
0.12567223517290654	0.17882546160448137
0.14784968843871357	0.12517782312313697
0.16263465728258494	0.16094291544403322
0.14784968843871357	0.12517782312313697
0.08870981306322816	0.16988418852425732
0.15524217286064929	0.15200164236380917
0.14045720401677791	0.20564928084515358
0.22177453265807037	0.1162365500429129
0.1700271417045206	0.1967080077649295
0.14784968843871357	0.15200164236380917
0.15524217286064929	0.17882546160448137
0.11827975075097087	0.17882546160448137
0.206989563814199	0.2324731000858258
0.15524217286064929	0.16094291544403322
0.1700271417045206	0.17882546160448137
0.16263465728258494	0.2324731000858258
0.17741962612645631	0.2235318270056017
0.16263465728258494	0.13411909620336102
0.19220459497032766	0.1967080077649295
0.19959707939226334	0.21459055392537765
0.2143820482361347	0.20564928084515358
0.15524217286064929	0.16094291544403322
0.14784968843871357	0.20564928084515358
0.2587369547677488	0.20564928084515358
0.11827975075097087	0.15200164236380917
0.2513444703458131	0.2235318270056017
0.11088726632903519	0.12517782312313697
0.18481211054839197	0.16094291544403322
0.19220459497032766	0.1162365500429129
0.15524217286064929	0.15200164236380917
0.2143820482361347	0.20564928084515358
0.18481211054839197	0.18776673468470545
0.19220459497032766	0.20564928084515358
0.13306471959484223	0.21459055392537765
0.15524217286064929	0.18776673468470545
0.18481211054839197	0.15200164236380917
0.17741962612645631	0.259296919326498
0.15524217286064929	0.2235318270056017
0.22177453265807037	0.25035564624627393
0.14045720401677791	0.25035564624627393
0.16263465728258494	0.20564928084515358
0.2143820482361347	0.20564928084515358
0.18481211054839197	0.20564928084515358
0.1700271417045206	0.17882546160448137
0.16263465728258494	0.2235318270056017
0.19959707939226334	0.26823819240672203
0.2587369547677488	0.25035564624627393
0.19220459497032766	0.16094291544403322
0.19959707939226334	0.16094291544403322
0.15524217286064929	0.16094291544403322
0.19220459497032766	0.2235318270056017
0.24395198592387743	0.18776673468470545
0.23655950150194174	0.15200164236380917
0.19220459497032766	0.18776673468470545
0.14784968843871357	0.18776673468470545
0.22177453265807037	0.18776673468470545
0.27352192361162014	0.18776673468470545
0.2513444703458131	0.21459055392537765
0.15524217286064929	0.12517782312313697
0.19220459497032766	0.2235318270056017
0.26612943918968446	0.2324731000858258
0.24395198592387743	0.3129445578078424
0.26612943918968446	0.18776673468470545
0.2143820482361347	0.16094291544403322
0.24395198592387743	0.1967080077649295
0.23655950150194174	0.24141437316604986
0.22916701708000603	0.20564928084515358
0.24395198592387743	0.17882546160448137
0.206989563814199	0.21459055392537765
0.22916701708000603	0.28612073856717024
0.2883068924554915	0.17882546160448137
0.22177453265807037	0.2324731000858258
0.2513444703458131	0.21459055392537765
0.2513444703458131	0.29506201164739426
0.22177453265807037	0.16094291544403322
0.24395198592387743	0.26823819240672203
0.2513444703458131	0.26823819240672203
0.22916701708000603	0.18776673468470545
0.22916701708000603	0.21459055392537765
0.2587369547677488	0.2771794654869461
0.15524217286064929	0.18776673468470545
0.19959707939226334	0.2324731000858258
0.19959707939226334	0.2771794654869461
0.27352192361162014	0.1967080077649295
0.2587369547677488	0.2324731000858258
0.22177453265807037	0.21459055392537765
0.17741962612645631	0.17882546160448137
0.206989563814199	0.24141437316604986
0.19959707939226334	0.24141437316604986
0.2513444703458131	0.28612073856717024
0.27352192361162014	0.3129445578078424
0.16263465728258494	0.16094291544403322
0.14784968843871357	0.1967080077649295
0.12567223517290654	0.12517782312313697
0.29569937687742714	0.3129445578078424
0.34744676783097694	0.30400328472761834
0.28091440803355583	0.36659219628918677
0.3178768301432342	0.32188583088806644
0.2513444703458131	0.25035564624627393
0.13306471959484223	0.15200164236380917
0.17741962612645631	0.21459055392537765
0.2143820482361347	0.14306036928358512
0.206989563814199	0.21459055392537765
0.19220459497032766	0.1967080077649295
0.19220459497032766	0.1967080077649295
0.206989563814199	0.24141437316604986
0.19959707939226334	0.15200164236380917
0.18481211054839197	0.2324731000858258
0.17741962612645631	0.17882546160448137
0.22916701708000603	0.259296919326498
0.2143820482361347	0.1967080077649295
0.22177453265807037	0.26823819240672203
0.2883068924554915	0.259296919326498
0.3178768301432342	0.25035564624627393
0.29569937687742714	0.2771794654869461
0.23655950150194174	0.28612073856717024
0.26612943918968446	0.2324731000858258
0.2587369547677488	0.2771794654869461
0.2513444703458131	0.29506201164739426
0.206989563814199	0.1967080077649295
0.22916701708000603	0.2235318270056017
0.23655950150194174	0.21459055392537765
0.22177453265807037	0.26823819240672203
0.2143820482361347	0.18776673468470545
0.27352192361162014	0.2235318270056017
0.27352192361162014	0.28612073856717024
0.26612943918968446	0.2235318270056017
0.29569937687742714	0.2235318270056017
0.3178768301432342	0.2324731000858258
0.22177453265807037	0.25035564624627393
0.28091440803355583	0.25035564624627393
0.24395198592387743	0.21459055392537765
0.206989563814199	0.21459055392537765
0.22177453265807037	0.13411909620336102
0.2143820482361347	0.25035564624627393
0.27352192361162014	0.28612073856717024
0.2883068924554915	0.26823819240672203
0.27352192361162014	0.24141437316604986
0.22916701708000603	0.25035564624627393
0.2143820482361347	0.25035564624627393
0.22916701708000603	0.1967080077649295
0.2587369547677488	0.33082710396829057
0.22177453265807037	0.28612073856717024
0.206989563814199	0.2324731000858258
0.29569937687742714	0.24141437316604986
0.22177453265807037	0.30400328472761834
0.34744676783097694	0.2771794654869461
0.14784968843871357	0.2771794654869461
0.22177453265807037	0.25035564624627393
0.28091440803355583	0.29506201164739426
0.23655950150194174	0.259296919326498
0.2513444703458131	0.1967080077649295
0.24395198592387743	0.21459055392537765
0.17741962612645631	0.18776673468470545
0.2143820482361347	0.20564928084515358
0.22916701708000603	0.29506201164739426
0.31048434572129857	0.26823819240672203
0.22177453265807037	0.20564928084515358
0.22916701708000603	0.17882546160448137
0.24395198592387743	0.2324731000858258
0.1700271417045206	0.20564928084515358
0.2883068924554915	0.16988418852425732
0.19220459497032766	0.13411909620336102
0.15524217286064929	0.18776673468470545
0.19220459497032766	0.2235318270056017
0.19959707939226334	0.21459055392537765
0.2587369547677488	0.26823819240672203
0.14045720401677791	0.25035564624627393
0.23655950150194174	0.16094291544403322
0.22916701708000603	0.18776673468470545
0.18481211054839197	0.20564928084515358
0.2883068924554915	0.2324731000858258
0.206989563814199	0.21459055392537765
0.22177453265807037	0.2235318270056017
0.1700271417045206	0.25035564624627393
0.23655950150194174	0.25035564624627393
0.26612943918968446	0.21459055392537765
0.17741962612645631	0.18776673468470545
0.22177453265807037	0.21459055392537765
0.19220459497032766	0.16988418852425732
0.19220459497032766	0.16988418852425732
0.2143820482361347	0.20564928084515358
0.22916701708000603	0.30400328472761834
0.2143820482361347	0.17882546160448137
0.18481211054839197	0.15200164236380917
0.18481211054839197	0.17882546160448137
0.19959707939226334	0.17882546160448137
0.15524217286064929	0.16988418852425732
0.1700271417045206	0.16094291544403322
0.16263465728258494	0.18776673468470545
0.2143820482361347	0.2235318270056017
0.206989563814199	0.16094291544403322
0.1700271417045206	0.16988418852425732
0.18481211054839197	0.12517782312313697
0.14784968843871357	0.17882546160448137
0.206989563814199	0.1967080077649295
