WT	KO
0.29797290314067026	0.31636177549554445
0.3019359675215935	0.3133659253488064
0.30317442514063203	0.31426468039282784
0.2950006048549778	0.3226530608036945
0.3058990319025168	0.3382314815667327
0.31357746914055573	0.33403729136129934
0.30540364885490145	0.3412273317134708
0.30738518104536305	0.33373770634662553
0.31357746914055573	0.32624808097978025
0.2997067438073242	0.3382314815667327
0.3118436284739018	0.345721106933578
0.31110055390247865	0.3442231818602089
0.31754053352147904	0.33373770634662553
0.32596204533094103	0.35530782740313993
0.32175128942621	0.34302484180151366
0.32670511990236417	0.34721903200694704
0.33091587580709514	0.3547086573737923
0.33017280123567205	0.3541094873444447
0.3262097368547487	0.35890284757922564
0.32076052333097915	0.35051446716835893
0.3294297266642489	0.3460206919482518
0.3237328216166717	0.3577045075205304
0.34082353675940336	0.363097037784659
0.32645742837855646	0.35680575247650903
0.340328153711788	0.3595020176085733
0.34255737742605735	0.3723841732395472
0.33933738761655713	0.372683758254221
0.35469426209263494	0.37358251329824244
0.35568502818786574	0.3654937179020495
0.3477588994260192	0.363097037784659
0.35667579428309654	0.3672912279900924
0.3467681333307884	0.3759791934156329
0.3621250078068661	0.388561764031933
0.35518964514025037	0.38466715884117336
0.3616296247592507	0.38167130869443533
0.3452819841879421	0.37687794845965433
0.3353743232356338	0.3723841732395472
0.3489973570450577	0.3765783634449805
0.3700511365687127	0.3849667438558472
0.35667579428309654	0.3786754585476972
0.35717117733071196	0.3822704787237829
0.36435423152113544	0.3783758735330234
0.3631157739020969	0.3840679888118258
0.3650973060925585	0.3744812683422638
0.3678219128544433	0.39065885913464965
0.3784726483781747	0.3930555392520401
0.382435712759098	0.401144334648233
0.36435423152113544	0.3924563692226925
0.38268340428290565	0.3999459945895378
0.3797111059972132	0.3834688187824781
0.37946341447340554	0.4026422597216021
0.3755003500924822	0.39455346432540916
0.38045418056863634	0.4176215104552926
0.3846649364733673	0.4032414297509497
0.37822495685436697	0.4002455796042116
0.395067980473291	0.39425387931073536
0.38194032971148256	0.4026422597216021
0.41414022780648435	0.41282815022051167
0.3940772143780602	0.41192939517649024
0.40646179056844545	0.4056381098683402
0.40522333294940693	0.42451196579279027
0.4062140990446378	0.4161235853819236
0.4037371838065607	0.43709453640909035
0.41042485494936876	0.4248115508074641
0.39432490590186786	0.41192939517649024
0.39704951266375266	0.4125285652058378
0.3913526076161754	0.40234267470692825
0.39011414999713684	0.39784889948682106
0.3861510856162136	0.40593769488301396
0.4086910142827148	0.4161235853819236
0.3836741703781365	0.40833437500040454
0.41909405828263846	0.42720823092485455
0.4252863463778311	0.44038997157050225
0.4285063361873313	0.45327212720147614
0.4344509327587162	0.4430862367025666
0.4359370819015625	0.45087544708408567
0.44212936999675506	0.44967710702539043
0.445597051330063	0.4664538678471239
0.43048786837779296	0.4337991012476784
0.4334601666634854	0.45866465746560475
0.43420324123490855	0.44967710702539043
0.41389253628267664	0.4314024211302879
0.3829310958067134	0.38706383895856394
0.3477588994260192	0.34452276687488276
0.31976975723574835	0.33104144121456125
0.30218365904540123	0.30437837490859204
0.33240202494994137	0.3154630204515231
0.3279435775214027	0.336134386464016
0.3574188688545197	0.36129952769661616
0.3205128318071715	0.30647547001130876
0.30986209628344014	0.3055767149672873
0.3328974079975568	0.358303677549878
0.42305712266356177	0.42930532602757127
0.4280109531397159	0.44937752201071657
0.4178556006635999	0.4346978562916999
0.32769588599759497	0.345721106933578
0.3081282556167862	0.3067750550259825
0.35172196380694243	0.34482235188955657
0.3663357637115971	0.36908873807813525
0.3477588994260192	0.3550082423884661
0.3383466215213263	0.34482235188955657
0.3549419536164426	0.35291114728574946
0.33933738761655713	0.3211551357303255
0.3130820860929403	0.29299414435098725
0.35097888923551934	0.3538099023297709
0.4297447938063698	0.43080325110094037
0.42627711247306194	0.43499744130637363
0.4208278989492924	0.4334995162330046
0.33562201475944153	0.3541094873444447
0.3202651402833638	0.3193576256422826
0.3205128318071715	0.3193576256422826
0.351226580759327	0.3460206919482518
0.33463124866421073	0.3328389513026041
0.31902668266432527	0.3157626054661969
0.2950006048549778	0.3157626054661969
0.34131891980701884	0.32564891095043264
0.34230968590224964	0.35051446716835893
0.3663357637115971	0.3669916429754186
0.3925910652352139	0.40953271505909977
0.43048786837779296	0.4433858217172404
0.43271709209206227	0.44128872661452373
0.4366801564729856	0.448778351981369
0.4418816784729474	0.4598629975243
0.44336782761579363	0.439191631511807
0.43990014628248575	0.43769370643843797
0.43271709209206227	0.4355966113357213
0.43098325142540833	0.4427866516878927
0.43643246494917787	0.42690864591018074
0.3995264279018297	0.41043147010312114
0.39927873637802197	0.40653686491236163
0.40076488552086825	0.41222898019116405
0.4057187159970223	0.4080347899857307
0.40893870580652253	0.40683644992703544
0.4193417498064462	0.4296049110422451
0.41537868542552286	0.41043147010312114
0.39333413980663706	0.4188198505139879
0.3972972041875603	0.43260076118898316
0.3972972041875603	0.421815700660726
0.38194032971148256	0.41192939517649024
0.38317878733052113	0.41162981016181643
0.37797726533055925	0.4002455796042116
0.38937107542571375	0.3966505594281258
0.3772341907591361	0.38916093406128055
0.3784726483781747	0.4002455796042116
0.3750049670448668	0.3897601040906282
0.3653449976163663	0.3708862481661781
0.3700511365687127	0.3873634239732377
0.37574804161628994	0.3759791934156329
0.3670788382830202	0.3954522193694306
0.3611342417116353	0.38257006373845676
0.3707942111401358	0.37747711848900195
0.36039116714021213	0.3804729686357401
0.3586573264735582	0.3759791934156329
0.359648092568789	0.3708862481661781
0.355437336664058	0.3783758735330234
0.3480065909498269	0.35980160262324706
0.3383466215213263	0.3556074124178138
0.33884200456894176	0.3609999426819423
0.34874966552125	0.36399579282868044
0.34230968590224964	0.35800409253520427
0.3465204418069806	0.36040077265259474
0.3440435265689036	0.3624978677553114
0.35890501799736596	0.36938832309280906
0.35246503837836557	0.3618986977259638
0.33983277066417256	0.36129952769661616
0.34478660114032667	0.35171280722705417
0.3504835061879039	0.3681899830341138
0.3467681333307884	0.37208458822487334
0.35147427228313477	0.36968790810748287
0.3390896960927494	0.36219828274063753
0.33463124866421073	0.35980160262324706
0.34330045199748044	0.3705866631515043
0.3289343436166335	0.3627974527699852
0.32918203514044125	0.352012392241728
0.32175128942621	0.33463646139064696
0.3172928419976713	0.3439235968455351
0.32249436399763315	0.33942982162542795
0.32175128942621	0.34751861702162085
0.31853129961670984	0.35620658244716136
0.31952206571194064	0.3238514008623898
0.32769588599759497	0.32145472074499926
0.31357746914055573	0.3358348014493422
0.304908265807286	0.3364339714786898
0.3083759471405939	0.33164061124390887
0.30887133018820934	0.323551815847716
0.3239805131404794	0.33733272652271123
0.30540364885490145	0.3280455910678231
0.30763287256917077	0.3265476659944541
0.30317442514063203	0.3328389513026041
0.3004498183787473	0.32175430575967306
0.3118436284739018	0.33853106658140647
0.29475291333117004	0.318758455612935
0.2885606252359774	0.313965095378154
0.2843498693312464	0.31636177549554445
0.28979908285501593	0.30917173514337304
0.2868267845693235	0.31636177549554445
0.2823683371407848	0.3085725651140254
0.2746898999027459	0.3031800348498968
0.271222218569438	0.291795804292292
0.26032379152189894	0.2941924844096825
