condition1	condition1
0.09772369403354064	0.09067622413246595
0.08876568874713275	0.09186933234473525
0.09853805815048683	0.10101649530546647
0.10138833255979843	0.09346014329442763
0.10057396844285225	0.09624406245638932
0.10423860696911003	0.09027852139504286
0.10464578902758312	0.08868771044535048
0.10057396844285225	0.09902798161835098
0.09528060168270214	0.10340271173000505
0.10505297108605618	0.0863014940208119
0.10423860696911003	0.0982325761435048
0.10383142491063695	0.09863027888092789
0.10179551461827152	0.09942568435577409
0.09650214785812139	0.10022108983062028
0.10220269667674459	0.10260730625515885
0.10953197372926014	0.10419811720485124
0.09731651197506756	0.0966417651938124
0.09935242226743299	0.10061879256804336
0.09731651197506756	0.09982338709319717
0.10098115050132533	0.10976595552877458
0.11156788402162557	0.10300500899258194
0.1107535199046794	0.10459581994227432
0.09975960432590607	0.1069820363668129
0.10220269667674459	0.10976595552877458
0.10057396844285225	0.10578892815454362
0.10505297108605618	0.10181190078031266
0.1079032454953678	0.10777744184165909
0.10953197372926014	0.10380041446742813
0.10138833255979843	0.11175446921589006
0.10016678638437916	0.10340271173000505
0.11767561489872186	0.11215217195331316
0.10668169931994854	0.10578892815454362
0.11523252254788335	0.11254987469073627
0.10993915578773324	0.09902798161835098
0.10586733520300237	0.10539122541712052
0.11034633784620632	0.1093682527913515
0.10912479167078705	0.10022108983062028
0.11401097637246409	0.1189131184895058
0.10220269667674459	0.0982325761435048
0.11604688666482953	0.09942568435577409
0.10220269667674459	0.11095906374104388
0.11523252254788335	0.11135676647846697
0.10627451726147545	0.10578892815454362
0.10993915578773324	0.11612919932754412
0.11563970460635643	0.10380041446742813
0.11889716107414113	0.12129933491404438
0.10708888137842162	0.12169703765146747
0.11726843284024878	0.11414068564042865
0.11482534048941026	0.11732230753981342
0.11808279695719495	0.10419811720485124
0.11238224813857174	0.11016365826619769
0.10423860696911003	0.10578892815454362
0.11482534048941026	0.11095906374104388
0.10831042755384088	0.12487865955085226
0.11401097637246409	0.11652690206496723
0.10586733520300237	0.12249244312631367
0.12052588930803347	0.12249244312631367
0.11889716107414113	0.1185154157520827
0.11604688666482953	0.11374298290300554
0.11848997901566805	0.11414068564042865
0.10953197372926014	0.11374298290300554
0.09853805815048683	0.12050392943919819
0.11238224813857174	0.12169703765146747
0.11278943019704483	0.10459581994227432
0.11971152519108728	0.11453838837785174
0.12093307136650655	0.12129933491404438
0.1274479843020759	0.11732230753981342
0.11767561489872186	0.12766257871281392
0.11319661225551793	0.11453838837785174
0.11441815843093717	0.12766257871281392
0.13192698694527988	0.12249244312631367
0.11686125078177569	0.11334528016558246
0.11645406872330259	0.12845798418766013
0.113603794313991	0.11414068564042865
0.10912479167078705	0.11334528016558246
0.11441815843093717	0.12209474038889057
0.11604688666482953	0.1189131184895058
0.1258192560681836	0.1288556869250832
0.12134025342497964	0.12567406502569842
0.11686125078177569	0.12527636228827535
0.12622643812665665	0.12607176776312154
0.11808279695719495	0.12010622670177508
0.1107535199046794	0.119708523964352
0.12785516636054903	0.11732230753981342
0.11278943019704483	0.11573149659012104
0.11767561489872186	0.1185154157520827
0.12337616371734507	0.12845798418766013
0.11523252254788335	0.11135676647846697
0.11767561489872186	0.12766257871281392
0.1107535199046794	0.11931082122692889
0.0960949657996483	0.10578892815454362
0.0728855884666824	0.0755635201103883
0.09568778374117522	0.08391527759627333
0.12419052783429124	0.12408325407600605
0.12459770989276434	0.11135676647846697
0.08347232198698264	0.09505095424412002
0.09120878109797127	0.08232446664658094
0.07980768346072487	0.07874514200977308
0.1429209025240532	0.13283271429931418
0.14943581545962256	0.14197987726004538
0.1461783589918379	0.14953622927108423
0.1567650925121381	0.1491385265336611
0.14088499223168777	0.13680974167354515
0.11604688666482953	0.11016365826619769
0.08591541433782116	0.08311987212142714
0.08713696051324042	0.0759612228478114
0.09650214785812139	0.09743717066865859
0.10831042755384088	0.11692460480239031
0.10953197372926014	0.12129933491404438
0.10179551461827152	0.10976595552877458
0.07532868081752092	0.07357500642327282
0.0989452402089599	0.09624406245638932
0.10464578902758312	0.10101649530546647
0.12296898165887198	0.12010622670177508
0.1343700792961184	0.13243501156189108
0.11645406872330259	0.12129933491404438
0.1250048919512374	0.13283271429931418
0.12948389459444135	0.11294757742815935
0.1079032454953678	0.12686717323796773
0.11726843284024878	0.11533379385269793
0.12011870724956038	0.12686717323796773
0.113603794313991	0.11573149659012104
0.12459770989276434	0.12010622670177508
0.11238224813857174	0.11056136100362078
0.12622643812665665	0.1185154157520827
0.10749606343689472	0.12050392943919819
0.12459770989276434	0.12766257871281392
0.11278943019704483	0.12010622670177508
0.10871760961231397	0.11732230753981342
0.10220269667674459	0.12010622670177508
0.11278943019704483	0.11493609111527484
0.11808279695719495	0.11414068564042865
0.10708888137842162	0.10300500899258194
0.11034633784620632	0.11612919932754412
0.10423860696911003	0.12050392943919819
0.10464578902758312	0.12249244312631367
0.10831042755384088	0.10340271173000505
0.10993915578773324	0.10260730625515885
0.11523252254788335	0.11493609111527484
0.10423860696911003	0.11135676647846697
0.11441815843093717	0.12289014586373677
0.12296898165887198	0.11414068564042865
0.11808279695719495	0.11016365826619769
0.10546015314452928	0.11095906374104388
0.11604688666482953	0.119708523964352
0.10586733520300237	0.12129933491404438
0.10586733520300237	0.10737973910423601
0.10342424285216385	0.11135676647846697
0.10953197372926014	0.10737973910423601
0.11604688666482953	0.12209474038889057
0.11156788402162557	0.12328784860115986
0.10708888137842162	0.11056136100362078
0.10342424285216385	0.10737973910423601
0.11197506608009866	0.10499352267969743
0.11645406872330259	0.11175446921589006
0.09080159903949818	0.10539122541712052
0.10831042755384088	0.11453838837785174
0.11156788402162557	0.11294757742815935
0.10708888137842162	0.10181190078031266
0.10383142491063695	0.11135676647846697
0.09731651197506756	0.10260730625515885
0.10708888137842162	0.11056136100362078
0.10179551461827152	0.10976595552877458
0.10220269667674459	0.0982325761435048
0.0932446913903367	0.10578892815454362
0.0960949657996483	0.09584635971896621
0.10871760961231397	0.10141419804288956
0.10220269667674459	0.09465325150669691
0.10708888137842162	0.1093682527913515
0.10260987873521768	0.09703946793123551
0.10098115050132533	0.09425554876927383
0.09772369403354064	0.09703946793123551
0.09853805815048683	0.10220960351773575
0.0932446913903367	0.09982338709319717
0.10586733520300237	0.0966417651938124
0.09731651197506756	0.10737973910423601
0.11197506608009866	0.10578892815454362
0.0932446913903367	0.08988081865761977
0.10138833255979843	0.08868771044535048
0.09039441698102509	0.09902798161835098
0.10342424285216385	0.10737973910423601
0.09975960432590607	0.09147162960731214
0.09690932991659447	0.08471068307111952
0.08876568874713275	0.09624406245638932
0.09283750933186362	0.09186933234473525
0.09568778374117522	0.09703946793123551
0.09731651197506756	0.09385784603185073
0.0989452402089599	0.09425554876927383
0.08672977845476733	0.08272216938400404
0.10301706079369076	0.10380041446742813
0.10464578902758312	0.09465325150669691
0.10179551461827152	0.10181190078031266
0.08998723492255202	0.09703946793123551
0.11116070196315249	0.09584635971896621
0.10627451726147545	0.09505095424412002
0.09161596315644435	0.07715433106008068
0.10831042755384088	0.10340271173000505
0.09731651197506756	0.10022108983062028
0.08591541433782116	0.09027852139504286
0.08876568874713275	0.09465325150669691
