condition1	condition1
0.14067568452676707	0.13453408552081553
0.12844301630704819	0.16541076088624862
0.14556875181465462	0.12902039349127392
0.12354994901916062	0.12681491667945727
0.13211281677296385	0.1378423007385405
0.1259964826631044	0.13453408552081553
0.14067568452676707	0.12902039349127392
0.13211281677296385	0.13563682392672385
0.1333360835949357	0.11689027102628236
0.12966628312902007	0.13894503914444883
0.1357826172388795	0.12460943986764063
0.14067568452676707	0.14004777755035716
0.1480152854585984	0.1411505159562655
0.1541316195684578	0.14445873117399044
0.1467920186366265	0.14776694639171542
0.1467920186366265	0.16320528407443197
0.14067568452676707	0.1587943304507987
0.1467920186366265	0.15328063842125705
0.17125735507606424	0.1510751616094404
0.13945241770479516	0.1587943304507987
0.1663642877881767	0.14997242320353207
0.14923855228057026	0.14997242320353207
0.1370058840608514	0.14997242320353207
0.17125735507606424	0.16210254566852364
0.16758755461014857	0.15658885363898203
0.1663642877881767	0.16761623769806525
0.14556875181465462	0.1378423007385405
0.15780142003437347	0.13894503914444883
0.13945241770479516	0.15548611523307368
0.15168508592451405	0.1687189761039736
0.16269448732226105	0.16541076088624862
0.15168508592451405	0.15769159204489033
0.1773736891859237	0.1687189761039736
0.13088954995099197	0.15548611523307368
0.1480152854585984	0.15658885363898203
0.15780142003437347	0.16210254566852364
0.16514102096620478	0.15658885363898203
0.1272197494850763	0.15658885363898203
0.15780142003437347	0.1510751616094404
0.13211281677296385	0.159897068856707
0.12844301630704819	0.16761623769806525
0.18349002329578312	0.18415731378669012
0.16024795367831726	0.1698217145098819
0.1565781532124016	0.15548611523307368
0.1480152854585984	0.15658885363898203
0.1541316195684578	0.1643080224803403
0.16024795367831726	0.17092445291579023
0.17003408825409236	0.1687189761039736
0.17248062189803612	0.15769159204489033
0.1639177541442329	0.15328063842125705
0.15780142003437347	0.1411505159562655
0.18593655693972688	0.16651349929215695
0.18104348965183933	0.17092445291579023
0.16024795367831726	0.1797463601630568
0.18226675647381121	0.1797463601630568
0.17615042236395181	0.1643080224803403
0.17859695600789557	0.18526005219259845
0.17125735507606424	0.17533540653942353
0.17982022282986745	0.15438337682716538
0.15290835274648593	0.17092445291579023
0.18349002329578312	0.1643080224803403
0.18960635740564255	0.1687189761039736
0.16024795367831726	0.1521779000153487
0.17003408825409236	0.15769159204489033
0.16514102096620478	0.17643814494533186
0.18349002329578312	0.1687189761039736
0.15902468685634538	0.1687189761039736
0.16881082143212045	0.18415731378669012
0.17982022282986745	0.1819518369748735
0.20673209291324898	0.20841755871667325
0.19816922515944577	0.17312992972760688
0.17003408825409236	0.16761623769806525
0.16758755461014857	0.18526005219259845
0.19205289104958634	0.17754088335124016
0.15290835274648593	0.19518469784577336
0.18593655693972688	0.1687189761039736
0.17125735507606424	0.18526005219259845
0.16758755461014857	0.1797463601630568
0.1749271555419799	0.16210254566852364
0.17615042236395181	0.1742326681335152
0.17982022282986745	0.1830545753807818
0.19082962422761446	0.18856826741032343
0.17982022282986745	0.16541076088624862
0.1871598237616988	0.19408195943986506
0.19449942469353013	0.19849291306349834
0.1663642877881767	0.18746552900441507
0.18838309058367067	0.1819518369748735
0.184713290117755	0.19518469784577336
0.19449942469353013	0.16761623769806525
0.14556875181465462	0.14335599276808214
0.1663642877881767	0.14666420798580712
0.1162103480873293	0.10917110218492408
0.15168508592451405	0.15438337682716538
0.1871598237616988	0.17312992972760688
0.16269448732226105	0.17202719132169855
0.1333360835949357	0.14556146957989877
0.1064242135115542	0.11247931740264905
0.1333360835949357	0.10917110218492408
0.2055088260912771	0.20400660509303997
0.21896476113296787	0.23267780364665638
0.22630436206479917	0.22936958842893143
0.21040189337916462	0.21282851234030653
0.2140716938450803	0.20400660509303997
0.20183902562536143	0.18084909856896514
0.14189895134873895	0.12350670146173232
0.1259964826631044	0.12240396305582397
0.1357826172388795	0.13343134711490723
0.17003408825409236	0.1609998072626153
0.19205289104958634	0.19959565146940667
0.15290835274648593	0.16761623769806525
0.1357826172388795	0.12130122464991565
0.13822915088282328	0.15328063842125705
0.1663642877881767	0.15658885363898203
0.17982022282986745	0.1797463601630568
0.18104348965183933	0.18967100581623172
0.17982022282986745	0.1609998072626153
0.17125735507606424	0.17754088335124016
0.18104348965183933	0.1830545753807818
0.17125735507606424	0.1643080224803403
0.18593655693972688	0.18856826741032343
0.18593655693972688	0.1698217145098819
0.17859695600789557	0.18084909856896514
0.20061575880338953	0.1819518369748735
0.19327615787155822	0.19408195943986506
0.18593655693972688	0.1786436217571485
0.184713290117755	0.18967100581623172
0.18226675647381121	0.17092445291579023
0.18960635740564255	0.1687189761039736
0.17370388872000803	0.1521779000153487
0.16758755461014857	0.16210254566852364
0.18838309058367067	0.17643814494533186
0.19449942469353013	0.1786436217571485
0.1663642877881767	0.17202719132169855
0.18104348965183933	0.17754088335124016
0.17248062189803612	0.17533540653942353
0.19327615787155822	0.17312992972760688
0.184713290117755	0.1929792210339567
0.16758755461014857	0.17754088335124016
0.19449942469353013	0.17533540653942353
0.16147122050028914	0.1587943304507987
0.16147122050028914	0.17312992972760688
0.18349002329578312	0.18415731378669012
0.18226675647381121	0.18746552900441507
0.18104348965183933	0.16651349929215695
0.1749271555419799	0.18084909856896514
0.18960635740564255	0.17312992972760688
0.16758755461014857	0.17312992972760688
0.17982022282986745	0.17754088335124016
0.1565781532124016	0.17092445291579023
0.16024795367831726	0.1698217145098819
0.15780142003437347	0.17202719132169855
0.17859695600789557	0.1698217145098819
0.15535488639042971	0.14445873117399044
0.13822915088282328	0.17754088335124016
0.1663642877881767	0.17643814494533186
0.14556875181465462	0.19077374422214005
0.1663642877881767	0.16541076088624862
0.16881082143212045	0.14335599276808214
0.1480152854585984	0.1643080224803403
0.16269448732226105	0.17312992972760688
0.16881082143212045	0.1797463601630568
0.15290835274648593	0.18084909856896514
0.16758755461014857	0.1742326681335152
0.16881082143212045	0.1742326681335152
0.1565781532124016	0.1687189761039736
0.16269448732226105	0.17202719132169855
0.1480152854585984	0.1786436217571485
0.1639177541442329	0.15548611523307368
0.16881082143212045	0.16541076088624862
0.16147122050028914	0.16761623769806525
0.1467920186366265	0.16541076088624862
0.1480152854585984	0.1521779000153487
0.15780142003437347	0.1587943304507987
0.16147122050028914	0.16761623769806525
0.14312221817071083	0.14997242320353207
0.1749271555419799	0.1587943304507987
0.15902468685634538	0.17643814494533186
0.15046181910254214	0.1510751616094404
0.1357826172388795	0.1422532543621738
0.14312221817071083	0.14776694639171542
0.16514102096620478	0.16761623769806525
0.15535488639042971	0.13894503914444883
0.15046181910254214	0.13453408552081553
0.1467920186366265	0.1411505159562655
0.13822915088282328	0.13563682392672385
0.14923855228057026	0.15328063842125705
0.1773736891859237	0.1742326681335152
0.14923855228057026	0.1411505159562655
0.1467920186366265	0.13894503914444883
0.15902468685634538	0.1521779000153487
0.16147122050028914	0.15548611523307368
0.13211281677296385	0.1422532543621738
0.1370058840608514	0.1367395623326322
0.14189895134873895	0.14886968479762375
0.13945241770479516	0.14776694639171542
0.14067568452676707	0.1609998072626153
0.1333360835949357	0.1378423007385405
0.12110341537521685	0.15328063842125705
0.15046181910254214	0.12681491667945727
0.1333360835949357	0.1422532543621738
