DKO	Bcl6KO
0.4520706153017206	0.45724212583184
0.387997614707776	0.3810351048598667
0.35596111441080364	0.4953456363178267
0.45918983758993664	0.5791733593869973
0.4093552815724242	0.5334491468038133
0.39511683699599204	0.5563112530954053
0.44139178186939654	0.388655806957064
0.3630803366990197	0.40389721115145866
0.4093552815724242	0.6248975719701813
0.4449513930135045	0.5105870405122213
0.3630803366990197	0.5791733593869973
0.42715333729296434	0.5867940614841947
0.4805475044545849	0.4877249342206293
0.4556302264458286	0.5715526572898
0.4200341150047483	0.4877249342206293
0.491226337886909	0.5639319551926026
0.44139178186939654	0.6248975719701813
0.5730973942013938	0.5410698489010106
0.4663090598781527	0.502966338415024
0.43783217072528846	0.5105870405122213
0.48410711559869296	0.47248353002623467
0.4485110041576126	0.5258284447066159
0.48410711559869296	0.5182077426094187
0.4627494487340447	0.617276869872984
0.4627494487340447	0.5791733593869973
0.494785949031017	0.7163459971365492
0.5303820604720973	0.5639319551926026
0.4449513930135045	0.5867940614841947
0.583776227633718	0.6248975719701813
0.5517397273367456	0.5563112530954053
0.5446205050485295	0.6248975719701813
0.4449513930135045	0.6706217845533653
0.5090243936074491	0.594414763581392
0.5446205050485295	0.6553803803589706
0.4627494487340447	0.5258284447066159
0.46986867102226076	0.6706217845533653
0.5588589496249617	0.6020354656785892
0.5802166164896099	0.617276869872984
0.5054647824633411	0.5791733593869973
0.5303820604720973	0.594414763581392
0.5624185607690697	0.6248975719701813
0.5695377830572859	0.6553803803589706
0.6229319502189063	0.7239666992337467
0.5232628381838813	0.8154151244001145
0.4769878933104768	0.5639319551926026
0.5125840047515572	0.6325182740673787
0.5303820604720973	0.594414763581392
0.6086935056424742	0.7620702097197334
0.5481801161926376	0.4953456363178267
0.5659781719131778	0.6401389761645759
0.5730973942013938	0.7468288055253386
0.5268224493279894	0.5867940614841947
0.5802166164896099	0.617276869872984
0.6051338944983661	0.7392081034281414
0.5659781719131778	0.7468288055253386
0.5873358387778259	0.8382772306917066
0.5802166164896099	0.594414763581392
0.5446205050485295	0.617276869872984
0.5446205050485295	0.6096561677757867
0.6122531167865822	0.7620702097197334
0.5944550610660421	0.68586318874776
0.6585280616599867	0.7544495076225359
0.4876667267428009	0.502966338415024
0.491226337886909	0.5639319551926026
0.5481801161926376	0.708725295039352
0.59801467221015	0.663001082456168
0.6976837842451751	0.708725295039352
0.5588589496249617	0.7011045929421547
0.5481801161926376	0.6477596782617733
0.6371703947953384	0.7696909118169306
0.5303820604720973	0.6020354656785892
0.6478492282276626	0.6782424866505626
0.6051338944983661	0.502966338415024
0.583776227633718	0.7163459971365492
0.6620876728040948	0.731587401330944
0.6371703947953384	0.663001082456168
0.6336107836512305	0.7239666992337467
0.6086935056424742	0.6706217845533653
0.6193723390747983	0.6706217845533653
0.6585280616599867	0.663001082456168
0.590895449921934	0.594414763581392
0.59801467221015	0.6325182740673787
0.6229319502189063	0.5715526572898
0.6442896170835546	0.7925530181085226
0.5481801161926376	0.731587401330944
0.5339416716162054	0.68586318874776
0.46986867102226076	0.5563112530954053
0.4164745038606402	0.502966338415024
0.4627494487340447	0.594414763581392
0.5552993384808537	0.5867940614841947
0.5802166164896099	0.731587401330944
0.7403991179744714	0.845897932788904
0.6086935056424742	0.663001082456168
0.6549684505158787	0.708725295039352
0.5517397273367456	0.68586318874776
0.8649855080182528	1.005932676830048
1.185350510987976	1.3641056753983225
1.0607641209441947	1.1812088250655866
0.6620876728040948	0.777311613914128
0.2562920023757786	0.30482808388789334
0.27053044695221073	0.3810351048598667
0.676326117380527	0.708725295039352
0.9504161754768456	1.1964502292599812
1.1177178992499235	1.3564849733011253
1.0038103426384661	1.1278639103852053
0.6264915613630143	0.731587401330944
0.775995229415552	0.8992428474692854
0.5766570053455019	0.7544495076225359
0.687004950812851	0.845897932788904
0.5303820604720973	0.617276869872984
0.5552993384808537	0.6096561677757867
0.5873358387778259	0.68586318874776
0.5375012827603135	0.480104232123432
0.45918983758993664	0.5258284447066159
0.44139178186939654	0.5563112530954053
0.5161436158956653	0.46486282792903727
0.4200341150047483	0.6096561677757867
0.5873358387778259	0.777311613914128
0.5410608939044215	0.5715526572898
0.6193723390747983	0.731587401330944
0.6371703947953384	0.731587401330944
0.6442896170835546	0.8077944223029173
0.6122531167865822	0.6934838908449573
0.5339416716162054	0.5410698489010106
0.5303820604720973	0.5182077426094187
0.5232628381838813	0.5867940614841947
0.5730973942013938	0.5563112530954053
0.5730973942013938	0.617276869872984
0.4876667267428009	0.594414763581392
0.6051338944983661	0.7392081034281414
0.6656472839482028	0.8077944223029173
0.6514088393717706	0.8611393369832986
0.5552993384808537	0.617276869872984
0.5446205050485295	0.502966338415024
0.6122531167865822	0.731587401330944
0.5766570053455019	0.7544495076225359
0.6407300059394465	0.6934838908449573
0.6371703947953384	0.5182077426094187
0.4769878933104768	0.548690550998208
0.6371703947953384	0.6325182740673787
0.5695377830572859	0.5563112530954053
0.5232628381838813	0.5563112530954053
0.4769878933104768	0.5715526572898
0.4164745038606402	0.411517913248656
0.5019051713192331	0.6020354656785892
0.5481801161926376	0.663001082456168
0.5268224493279894	0.4877249342206293
0.5161436158956653	0.594414763581392
0.47342828216636884	0.5715526572898
0.5197032270397732	0.6477596782617733
0.5375012827603135	0.5791733593869973
0.5125840047515572	0.594414763581392
0.45918983758993664	0.5105870405122213
0.5197032270397732	0.6325182740673787
0.5481801161926376	0.6934838908449573
0.494785949031017	0.6325182740673787
0.45918983758993664	0.68586318874776
0.5375012827603135	0.6934838908449573
0.5303820604720973	0.5563112530954053
0.49834556017512505	0.5258284447066159
0.5552993384808537	0.6553803803589706
0.4449513930135045	0.5258284447066159
0.46986867102226076	0.40389721115145866
0.494785949031017	0.5563112530954053
0.5481801161926376	0.5563112530954053
0.46986867102226076	0.4496214237346427
0.46986867102226076	0.6020354656785892
0.5446205050485295	0.5563112530954053
0.4805475044545849	0.548690550998208
0.38087839241955984	0.4953456363178267
0.4022360592842081	0.4267593174430507
0.4485110041576126	0.45724212583184
0.44139178186939654	0.32006948808228797
0.4556302264458286	0.4877249342206293
0.5054647824633411	0.5258284447066159
0.5197032270397732	0.4953456363178267
0.41291489271653214	0.5105870405122213
0.4057956704283161	0.5410698489010106
0.4663090598781527	0.5563112530954053
0.494785949031017	0.5639319551926026
0.4876667267428009	0.5867940614841947
0.4556302264458286	0.5258284447066159
0.4876667267428009	0.502966338415024
0.5802166164896099	0.4496214237346427
0.494785949031017	0.46486282792903727
0.4663090598781527	0.5258284447066159
0.4627494487340447	0.45724212583184
0.48410711559869296	0.45724212583184
0.42715333729296434	0.4420007216374453
0.45918983758993664	0.43438001954024796
0.45918983758993664	0.4877249342206293
0.48410711559869296	0.5867940614841947
0.4876667267428009	0.5258284447066159
0.5090243936074491	0.5410698489010106
0.4769878933104768	0.5867940614841947
0.4556302264458286	0.47248353002623467
0.4342725595811804	0.502966338415024
0.43783217072528846	0.4191386153458533
0.4663090598781527	0.411517913248656
0.3630803366990197	0.388655806957064
