DKO	Bcl6KO
0.4592752682573953	0.5150375305369845
0.3608591393450963	0.39798354632403354
0.3608591393450963	0.3043403589536727
0.3280537630409966	0.3043403589536727
0.37726182749714615	0.3160457573749678
0.3608591393450963	0.2926349605323776
0.33352132575834653	0.45651053843050904
0.388196952931846	0.3277511557962629
0.26791057315014727	0.2809295621110825
0.4045996410838958	0.4213943431666237
0.3608591393450963	0.23410796842590206
0.3936645156491959	0.339456554217558
0.3280537630409966	0.3745727494814433
0.26791057315014727	0.38627814790273846
0.33352132575834653	0.339456554217558
0.37726182749714615	0.3511619526388531
0.33352132575834653	0.2926349605323776
0.4264698919532956	0.339456554217558
0.4100672038012457	0.5033321321156894
0.43193745467064554	0.5150375305369845
0.43193745467064554	0.4330997415879188
0.4045996410838958	0.38627814790273846
0.4100672038012457	0.39798354632403354
0.34445645119304646	0.4213943431666237
0.32258620032364665	0.3511619526388531
0.42100232923594566	0.38627814790273846
0.4702103936920951	0.5033321321156894
0.4045996410838958	0.3277511557962629
0.4045996410838958	0.3277511557962629
0.32258620032364665	0.45651053843050904
0.3717942647797962	0.22240257000460698
0.47567795640944505	0.4096889447453287
0.4483401428226954	0.4682159368518041
0.3663267020624462	0.3745727494814433
0.4647428309747452	0.44480514000921395
0.37726182749714615	0.3745727494814433
0.3171186376062967	0.39798354632403354
0.3936645156491959	0.4330997415879188
0.3717942647797962	0.4213943431666237
0.4483401428226954	0.5150375305369845
0.3936645156491959	0.38627814790273846
0.4045996410838958	0.38627814790273846
0.4100672038012457	0.4682159368518041
0.45380770554004535	0.49162673369439436
0.4428725801053454	0.5033321321156894
0.3827293902144961	0.4213943431666237
0.39913207836654585	0.2926349605323776
0.39913207836654585	0.44480514000921395
0.4592752682573953	0.3277511557962629
0.4045996410838958	0.2809295621110825
0.4592752682573953	0.4682159368518041
0.43193745467064554	0.5501537258008699
0.4592752682573953	0.5267429289582797
0.4920806445614949	0.4682159368518041
0.45380770554004535	0.38627814790273846
0.4592752682573953	0.45651053843050904
0.4100672038012457	0.3745727494814433
0.486613081844145	0.4096889447453287
0.6670426515166931	0.6203861163286405
0.585029210756444	0.5267429289582797
0.5084833327135447	0.4096889447453287
0.4920806445614949	0.39798354632403354
0.47567795640944505	0.5267429289582797
0.6014318989084938	0.6086807179073453
0.3827293902144961	0.39798354632403354
0.4702103936920951	0.4213943431666237
0.4592752682573953	0.49162673369439436
0.5522238344523444	0.44480514000921395
0.6068994616258437	0.5384483273795747
0.5084833327135447	0.5267429289582797
0.5139508954308947	0.5150375305369845
0.43193745467064554	0.39798354632403354
0.5139508954308947	0.4213943431666237
0.5358211463002945	0.45651053843050904
0.4647428309747452	0.49162673369439436
0.4592752682573953	0.4682159368518041
0.5467562717349944	0.45651053843050904
0.4264698919532956	0.4213943431666237
0.4647428309747452	0.38627814790273846
0.37726182749714615	0.4213943431666237
0.47567795640944505	0.44480514000921395
0.4702103936920951	0.5033321321156894
0.5248860208655945	0.5735645226434601
0.486613081844145	0.5150375305369845
0.481145519126795	0.4213943431666237
0.5686265226043941	0.39798354632403354
0.5467562717349944	0.5969753194860502
0.4155347665185957	0.38627814790273846
0.5522238344523444	0.5150375305369845
0.6451724006472933	0.5501537258008699
0.585029210756444	0.5501537258008699
0.6233021497778936	0.6320915147499356
0.7053155905381427	0.8076724910693622
0.5412887090176445	0.6555023115925258
0.6123670243431937	0.678913108435116
0.5030157699961948	0.6437969131712307
0.4702103936920951	0.47992133527309927
0.43193745467064554	0.3511619526388531
0.33352132575834653	0.45651053843050904
0.6615750887993431	0.678913108435116
0.7107831532554927	0.7023239052777062
0.35539157662774634	0.4682159368518041
0.3717942647797962	0.3745727494814433
0.388196952931846	0.38627814790273846
0.5904967734737939	0.678913108435116
0.8037317194504416	0.5969753194860502
0.6287697124952435	0.678913108435116
0.6451724006472933	0.6437969131712307
0.4045996410838958	0.39798354632403354
0.6068994616258437	0.47992133527309927
0.6123670243431937	0.49162673369439436
0.585029210756444	0.3511619526388531
0.3608591393450963	0.4330997415879188
0.45380770554004535	0.39798354632403354
0.4374050173879955	0.5033321321156894
0.5194184581482446	0.49162673369439436
0.574094085321744	0.47992133527309927
0.574094085321744	0.49162673369439436
0.4483401428226954	0.4330997415879188
0.49754820727884486	0.44480514000921395
0.5412887090176445	0.5501537258008699
0.574094085321744	0.47992133527309927
0.486613081844145	0.561859124222165
0.49754820727884486	0.4096889447453287
0.5030157699961948	0.5150375305369845
0.5358211463002945	0.5033321321156894
0.6615750887993431	0.5969753194860502
0.7271858414075425	0.5501537258008699
0.4647428309747452	0.5384483273795747
0.5030157699961948	0.6203861163286405
0.6068994616258437	0.5384483273795747
0.5358211463002945	0.4682159368518041
0.5631589598870441	0.6086807179073453
0.45380770554004535	0.44480514000921395
0.4100672038012457	0.3745727494814433
0.4920806445614949	0.38627814790273846
0.4264698919532956	0.4213943431666237
0.5631589598870441	0.5033321321156894
0.5194184581482446	0.5033321321156894
0.4647428309747452	0.4096889447453287
0.5412887090176445	0.49162673369439436
0.49754820727884486	0.4096889447453287
0.4100672038012457	0.4213943431666237
0.486613081844145	0.49162673369439436
0.5030157699961948	0.4682159368518041
0.4647428309747452	0.3511619526388531
0.45380770554004535	0.44480514000921395
0.4702103936920951	0.3628673510601482
0.47567795640944505	0.3745727494814433
0.486613081844145	0.3745727494814433
0.49754820727884486	0.44480514000921395
0.4592752682573953	0.4213943431666237
0.5139508954308947	0.4330997415879188
0.4428725801053454	0.3043403589536727
0.4592752682573953	0.5150375305369845
0.4702103936920951	0.4213943431666237
0.4592752682573953	0.339456554217558
0.4264698919532956	0.3745727494814433
0.45380770554004535	0.4682159368518041
0.45380770554004535	0.5501537258008699
0.49754820727884486	0.339456554217558
0.45380770554004535	0.4682159368518041
0.47567795640944505	0.3043403589536727
0.3499240139103964	0.3043403589536727
0.3717942647797962	0.4213943431666237
0.3499240139103964	0.3745727494814433
0.4592752682573953	0.4096889447453287
0.5303535835829445	0.4330997415879188
0.4592752682573953	0.4682159368518041
0.4428725801053454	0.5033321321156894
0.35539157662774634	0.2809295621110825
0.3608591393450963	0.4213943431666237
0.45380770554004535	0.5033321321156894
0.3827293902144961	0.44480514000921395
0.4702103936920951	0.44480514000921395
0.4374050173879955	0.39798354632403354
0.34445645119304646	0.339456554217558
0.3936645156491959	0.339456554217558
0.4483401428226954	0.339456554217558
0.5030157699961948	0.4330997415879188
0.4702103936920951	0.49162673369439436
0.3499240139103964	0.4096889447453287
0.4045996410838958	0.39798354632403354
0.3608591393450963	0.3277511557962629
0.33898888847569647	0.3277511557962629
0.34445645119304646	0.3511619526388531
0.388196952931846	0.3043403589536727
0.4592752682573953	0.339456554217558
0.4374050173879955	0.4213943431666237
0.388196952931846	0.3511619526388531
0.289780824019547	0.15217017947683634
0.388196952931846	0.26922416368978735
0.3827293902144961	0.4330997415879188
0.42100232923594566	0.26922416368978735
0.4045996410838958	0.3043403589536727
0.4374050173879955	0.25751876526849227
0.3717942647797962	0.2926349605323776
0.30618351217159684	0.38627814790273846
0.3936645156491959	0.3745727494814433
0.34445645119304646	0.2926349605323776
