DKO	Bcl6KO
0.34873750469900666	0.28319512309584927
0.3747926056247945	0.39904767345324216
0.42890704600912316	0.40762934385008603
0.43291552307462894	0.2874859582942712
0.3767968441575474	0.3647209918658665
0.37880108269030033	0.4033385086516641
0.4128731377470999	0.3647209918658665
0.45295790840215805	0.39475683825482016
0.41086889921434694	0.3303943102784908
0.4208900918781115	0.30894013428638106
0.37880108269030033	0.39904767345324216
0.3467332661662538	0.30035846388953713
0.4048561836160882	0.3733026622627104
0.43091128454187605	0.3518484862706006
0.37880108269030033	0.3303943102784908
0.4048561836160882	0.3303943102784908
0.38681803682131205	0.2874859582942712
0.4409324772056406	0.41621101424693
0.4930426790572163	0.46341020142957157
0.4208900918781115	0.36043015666744455
0.4248985689436173	0.33897598067533474
0.41487737627985277	0.32181263988164693
0.4269028074763702	0.3690118270642885
0.4649833395986755	0.48915521262010325
0.43892823867288766	0.4033385086516641
0.42890704600912316	0.32610347508006887
0.4489494313366522	0.31752180468322494
0.4248985689436173	0.3861751678579763
0.4689918166641813	0.37759349746113235
0.3928307524195708	0.36043015666744455
0.3767968441575474	0.313230969484803
0.45095366986940516	0.31752180468322494
0.4930426790572163	0.4505376958343057
0.5170935414502512	0.45482853103272763
0.49905539465547505	0.33897598067533474
0.4629791010659226	0.420501849445352
0.4730002937296872	0.4591193662311496
0.4850257249262047	0.420501849445352
0.5211020185157571	0.3861751678579763
0.5070723487864867	0.44195602543746176
0.45897062400041677	0.42479268464377395
0.454962146934911	0.41621101424693
0.5170935414502512	0.45482853103272763
0.4810172478606989	0.45482853103272763
0.5491613579742978	0.420501849445352
0.5150893029174983	0.5063185534137912
0.4709960551969343	0.49344604781852525
0.5591825506380624	0.5106093886122132
0.5050681102537338	0.3818843326595543
0.4810172478606989	0.3690118270642885
0.5090765873192397	0.420501849445352
0.43892823867288766	0.4290835198421959
0.43892823867288766	0.30894013428638106
0.5591825506380624	0.4376651902390398
0.5631910277035682	0.5620994109932765
0.5251104955812629	0.4462468606358837
0.5411444038432862	0.39904767345324216
0.5431486423760391	0.3904660030563982
0.5070723487864867	0.39475683825482016
0.5411444038432862	0.4505376958343057
0.5391401653105332	0.37759349746113235
0.52310625704851	0.4505376958343057
0.5591825506380624	0.41621101424693
0.5291189726467688	0.44195602543746176
0.5812291744983444	0.5063185534137912
0.5531698350398037	0.4677010366279935
0.5050681102537338	0.4033385086516641
0.5491613579742978	0.5406452350011668
0.5130850643847454	0.44195602543746176
0.6112927524896381	0.4462468606358837
0.591250367162109	0.48915521262010325
0.5992673212931207	0.4977368830169472
0.591250367162109	0.49344604781852525
0.5832334130310973	0.39475683825482016
0.5992673212931207	0.523481894207479
0.5892461286293561	0.5277727294059009
0.5110808258519925	0.42479268464377395
0.5732122203673328	0.4977368830169472
0.5491613579742978	0.41621101424693
0.5712079818345799	0.4505376958343057
0.635343614882673	0.4848643774216813
0.5892461286293561	0.4505376958343057
0.635343614882673	0.44195602543746176
0.6433605690136848	0.514900223810635
0.5752164589000858	0.4462468606358837
0.6453648075464377	0.5835535869853864
0.6072842754241323	0.6436252797632939
0.6153012295551439	0.5921352573822303
0.4870299634589576	0.39475683825482016
0.44494095427114644	0.37759349746113235
0.5411444038432862	0.5277727294059009
0.4810172478606989	0.3904660030563982
0.5972630827603678	0.5020277182153692
0.44494095427114644	0.3475576510721787
0.31065697257670133	0.313230969484803
0.3547502202972654	0.2874859582942712
0.2004238532752912	0.18450591353214424
0.20844080740630283	0.17163340793687837
0.272576440454396	0.210250924722676
0.7115046791272837	0.7165694781364671
0.9259582021318452	0.7637686653191086
0.6052800368913793	0.6050077629774963
0.272576440454396	0.2617409471037395
0.2004238532752912	0.20596008952425404
0.30264001844568966	0.2188325951195199
0.40886466068159405	0.3904660030563982
0.35074174323175955	0.3475576510721787
0.454962146934911	0.37759349746113235
0.5130850643847454	0.4591193662311496
0.5331274497122745	0.39904767345324216
0.5611867891708153	0.4505376958343057
0.49103844052446344	0.4376651902390398
0.5651952662363212	0.4591193662311496
0.6253224222189084	0.49344604781852525
0.6032757983586264	0.5406452350011668
0.7215258717910482	0.519191059009057
0.6253224222189084	0.6393344445648719
0.6573902387429551	0.5535177405964327
0.6453648075464377	0.514900223810635
0.5932546056948619	0.45482853103272763
0.5712079818345799	0.4677010366279935
0.5611867891708153	0.39475683825482016
0.5371359267777803	0.41621101424693
0.4689918166641813	0.36043015666744455
0.52310625704851	0.4762827070248374
0.5371359267777803	0.5492269053980107
0.6473690460791905	0.4848643774216813
0.5872418900966032	0.523481894207479
0.569203743301827	0.41621101424693
0.5271147341140158	0.4591193662311496
0.5812291744983444	0.47199187182641544
0.5571783121053095	0.4462468606358837
0.5411444038432862	0.42479268464377395
0.52310625704851	0.4462468606358837
0.5211020185157571	0.39904767345324216
0.5591825506380624	0.46341020142957157
0.6092885139568852	0.4376651902390398
0.5571783121053095	0.4591193662311496
0.5712079818345799	0.39475683825482016
0.5391401653105332	0.4462468606358837
0.4569663854676639	0.4033385086516641
0.5431486423760391	0.43337435504061783
0.5271147341140158	0.43337435504061783
0.6012715598258735	0.46341020142957157
0.5190977799830042	0.48915521262010325
0.4890342019917105	0.4119201790485081
0.5090765873192397	0.4119201790485081
0.4870299634589576	0.39475683825482016
0.6193097066206498	0.4848643774216813
0.5431486423760391	0.420501849445352
0.5411444038432862	0.42479268464377395
0.4569663854676639	0.4591193662311496
0.4649833395986755	0.3647209918658665
0.47500453226244016	0.4677010366279935
0.4890342019917105	0.33468514547691275
0.4870299634589576	0.4505376958343057
0.5351316882450274	0.3904660030563982
0.5351316882450274	0.420501849445352
0.5651952662363212	0.48915521262010325
0.5331274497122745	0.45482853103272763
0.49103844052446344	0.4290835198421959
0.47500453226244016	0.42479268464377395
0.49905539465547505	0.4033385086516641
0.501059633188228	0.43337435504061783
0.47700877079519305	0.3475576510721787
0.4890342019917105	0.3818843326595543
0.4489494313366522	0.40762934385008603
0.43892823867288766	0.37759349746113235
0.44494095427114644	0.39904767345324216
0.4429367157383935	0.3904660030563982
0.4349197616073819	0.3475576510721787
0.45295790840215805	0.36043015666744455
0.4689918166641813	0.4119201790485081
0.4429367157383935	0.37759349746113235
0.4248985689436173	0.3647209918658665
0.4228943304108644	0.40762934385008603
0.40886466068159405	0.313230969484803
0.4569663854676639	0.42479268464377395
0.4208900918781115	0.32181263988164693
0.4068604221488411	0.3303943102784908
0.4349197616073819	0.3818843326595543
0.41487737627985277	0.34326681587375674
0.3928307524195708	0.28319512309584927
0.3988434680178295	0.4033385086516641
0.41688161481260566	0.41621101424693
0.4208900918781115	0.3561393214690226
0.37078412855928866	0.33468514547691275
0.4248985689436173	0.4290835198421959
0.4689918166641813	0.4762827070248374
0.41688161481260566	0.34326681587375674
0.3988434680178295	0.36043015666744455
0.4188858533453586	0.3518484862706006
0.3988434680178295	0.39904767345324216
0.41086889921434694	0.32610347508006887
0.36477141296102994	0.3561393214690226
0.3988434680178295	0.33897598067533474
0.39683922948507655	0.32181263988164693
0.36477141296102994	0.313230969484803
0.43692400014013477	0.3861751678579763
0.3567544588300183	0.3733026622627104
