DKO	Bcl6KO
0.3464252753825509	0.40606456679378083
0.39345133086434514	0.45304724394347445
0.4012890067779775	0.4698267714969365
0.3856136549507127	0.4731826770076289
0.3746409086716274	0.5033858266038606
0.31820964209347435	0.4396236219007048
0.3856136549507127	0.4698267714969365
0.3981539364125245	0.5100976376252454
0.3856136549507127	0.49667401558247576
0.3652356975752686	0.5302330706893997
0.340155134651645	0.40270866128308846
0.3793435142198069	0.4564031494541669
0.3793435142198069	0.5067417321145529
0.405991612326157	0.4496913384327821
0.3762084438543539	0.557080314774939
0.4106942178743363	0.4798944880290137
0.4106942178743363	0.4295559053686277
0.405991612326157	0.4698267714969365
0.4436124567115924	0.540300787221477
0.4044240771434305	0.4597590549648593
0.3762084438543539	0.4731826770076289
0.399721471595251	0.4295559053686277
0.3856136549507127	0.5134535431359377
0.4592878085388571	0.5033858266038606
0.4310721752497806	0.5335889762000922
0.3903162604988922	0.42284409434724285
0.4122617530570628	0.44633543292208966
0.4169643586052423	0.49667401558247576
0.4514501326252247	0.5335889762000922
0.468693019635216	0.5738598423284009
0.4451799918943188	0.523521259668015
0.3981539364125245	0.3959968502617036
0.38091104940253334	0.45304724394347445
0.3887487253161657	0.48660629905039854
0.47966576591430127	0.6241984249887871
0.44047738634613937	0.5100976376252454
0.46712548445248947	0.5033858266038606
0.432639710432507	0.49667401558247576
0.4342072456152335	0.5067417321145529
0.5063138640206514	0.6074188974353251
0.4373423159806864	0.48660629905039854
0.4702605548179424	0.47653858251832126
0.4373423159806864	0.5436566927321693
0.4639904140870365	0.5134535431359377
0.4843683714624807	0.5872834643711706
0.5016112584724719	0.5470125982428617
0.5016112584724719	0.6007070864139402
0.47966576591430127	0.540300787221477
0.4577202733561306	0.5772157478390935
0.4342072456152335	0.5503685037535542
0.4890709770106601	0.540300787221477
0.49220604737611307	0.47653858251832126
0.4639904140870365	0.5470125982428617
0.5266918213960955	0.6208425194780947
0.5360970324924543	0.6107748029460175
0.5078813992033778	0.557080314774939
0.528259356578822	0.6074188974353251
0.5031787936551984	0.540300787221477
0.5643126657815309	0.7080960627560972
0.5078813992033778	0.6040629919246326
0.5439347084060867	0.5872834643711706
0.5110164695688307	0.5100976376252454
0.4263695697016011	0.4597590549648593
0.5016112584724719	0.540300787221477
0.495341117741566	0.5872834643711706
0.5110164695688307	0.5436566927321693
0.5016112584724719	0.6409779525422491
0.49220604737611307	0.5302330706893997
0.49220604737611307	0.6275543304994794
0.5125840047515572	0.5772157478390935
0.525124286213369	0.6007070864139402
0.5172866102997367	0.5369448817107846
0.5172866102997367	0.523521259668015
0.5235567510306425	0.5738598423284009
0.5078813992033778	0.6141307084567098
0.5094489343861043	0.5604362202856313
0.5188541454824631	0.5805716533497858
0.5345294973097279	0.557080314774939
0.5141515399342838	0.590639369881863
0.5439347084060867	0.5470125982428617
0.5235567510306425	0.5436566927321693
0.4702605548179424	0.5604362202856313
0.46242287890431	0.5000299210931681
0.4608553437215835	0.540300787221477
0.4545852029906777	0.5604362202856313
0.4248020345188746	0.4597590549648593
0.4106942178743363	0.5470125982428617
0.49063851219338656	0.5537244092642466
0.4765306955488483	0.5939952753925555
0.45301766780795116	0.5134535431359377
0.4749631603661218	0.5470125982428617
0.5392321028579073	0.6275543304994794
0.6238790027251369	0.7919937005234072
0.5643126657815309	0.6040629919246326
0.5345294973097279	0.6074188974353251
0.5423671732233603	0.590639369881863
0.6160413268115045	0.6611133856064035
0.6912830155823754	0.7181637792881743
0.587825693522428	0.7617905509271756
0.46712548445248947	0.5168094486466301
0.4373423159806864	0.5671480313070162
0.6270140730905899	0.7181637792881743
0.716363578505999	0.8826031493121022
0.5752854120606162	0.6376220470315567
0.4373423159806864	0.5503685037535542
0.5705828065124368	0.6644692911170959
0.5329619621270014	0.6107748029460175
0.6567972415623928	0.7517228343950985
0.4545852029906777	0.5705039368177086
0.4483150622597717	0.5671480313070162
0.4310721752497806	0.5000299210931681
0.4200994289706952	0.5168094486466301
0.4373423159806864	0.5000299210931681
0.4185318937879688	0.46647086598624404
0.3573980216616362	0.41613228332585805
0.3965864012297981	0.5436566927321693
0.4373423159806864	0.49667401558247576
0.4451799918943188	0.5201653541573226
0.468693019635216	0.6309102360101719
0.49063851219338656	0.5604362202856313
0.5125840047515572	0.6443338580529415
0.5094489343861043	0.5436566927321693
0.4890709770106601	0.5839275588604782
0.4733956251833953	0.5369448817107846
0.4514501326252247	0.5369448817107846
0.49220604737611307	0.523521259668015
0.4937735825588396	0.5973511809032478
0.4812333010970278	0.5201653541573226
0.4812333010970278	0.5637921257963239
0.4843683714624807	0.5604362202856313
0.5125840047515572	0.5604362202856313
0.47809823073157476	0.5772157478390935
0.4937735825588396	0.5470125982428617
0.4749631603661218	0.5705039368177086
0.4984761881070189	0.5268771651787074
0.5235567510306425	0.5503685037535542
0.4765306955488483	0.5000299210931681
0.4702605548179424	0.4798944880290137
0.5031787936551984	0.4731826770076289
0.4812333010970278	0.4899622045610909
0.47966576591430127	0.523521259668015
0.4420449215288659	0.45304724394347445
0.4843683714624807	0.4094204723044732
0.4577202733561306	0.5268771651787074
0.45301766780795116	0.4698267714969365
0.4373423159806864	0.4832503935397061
0.4577202733561306	0.49667401558247576
0.4185318937879688	0.43291181087932007
0.4608553437215835	0.5033858266038606
0.4342072456152335	0.4564031494541669
0.44047738634613937	0.5000299210931681
0.4608553437215835	0.5067417321145529
0.39345133086434514	0.4094204723044732
0.4357747807979599	0.48660629905039854
0.45301766780795116	0.5067417321145529
0.4859359066452071	0.5000299210931681
0.46712548445248947	0.5302330706893997
0.4185318937879688	0.42284409434724285
0.4216669641534217	0.4127763778151656
0.4263695697016011	0.4396236219007048
0.4232344993361481	0.4698267714969365
0.4733956251833953	0.4496913384327821
0.4483150622597717	0.4597590549648593
0.38091104940253334	0.44633543292208966
0.4357747807979599	0.43291181087932007
0.4357747807979599	0.523521259668015
0.4561527381734042	0.5067417321145529
0.4263695697016011	0.523521259668015
0.4138292882397893	0.4631149604755517
0.405991612326157	0.4798944880290137
0.3887487253161657	0.4597590549648593
0.3746409086716274	0.3959968502617036
0.39345133086434514	0.40270866128308846
0.4373423159806864	0.5033858266038606
0.4545852029906777	0.5000299210931681
0.3950188660470716	0.4194881888365504
0.3762084438543539	0.44633543292208966
0.35112788093073033	0.43291181087932007
0.3573980216616362	0.4194881888365504
0.3856136549507127	0.4597590549648593
0.3652356975752686	0.4261999998579352
0.3840461197679863	0.47653858251832126
0.4200994289706952	0.43291181087932007
0.3746409086716274	0.4094204723044732
0.3526954161134568	0.4295559053686277
0.3605330920270891	0.3557259841333948
0.3621006272098156	0.31881102351577834
0.3479928105652773	0.4094204723044732
0.3903162604988922	0.4295559053686277
0.3965864012297981	0.4094204723044732
0.3573980216616362	0.4094204723044732
0.35583048647890975	0.43626771639001244
0.3793435142198069	0.43626771639001244
0.3715058383061745	0.4295559053686277
0.3918837956816187	0.47653858251832126
0.41539682342251577	0.40270866128308846
0.3793435142198069	0.41613228332585805
0.3824785845852598	0.399352755772396
0.33545252910346557	0.3423023620906252
0.33231745873801266	0.3892850392403188
