WT	KO
0.42977344055422534	0.5170682998364194
0.3550302335013166	0.48334645419491384
0.39240183702777104	0.47210583898107866
0.1681722158690447	0.33721845641505616
0.39240183702777104	0.39342153248423223
0.39240183702777104	0.4046621476980674
0.44845924231745254	0.5170682998364194
0.3550302335013166	0.41590276291190265
0.5045166476071341	0.3709403020565618
0.41108763879099813	0.5058276846225843
0.44845924231745254	0.48334645419491384
0.37371603526454383	0.494587069408749
0.46714504408067975	0.494587069408749
0.41108763879099813	0.4046621476980674
0.44845924231745254	0.47210583898107866
0.44845924231745254	0.5957526063332659
0.6166314581864973	0.5395495302640899
0.5605740528968157	0.5957526063332659
0.5418882511335885	0.494587069408749
0.41108763879099813	0.47210583898107866
0.3363444317380894	0.5845119911194308
0.7848036740555421	0.6856775280439477
0.6166314581864973	0.7306399888992884
0.5418882511335885	0.48334645419491384
0.42977344055422534	0.5058276846225843
0.46714504408067975	0.48334645419491384
0.41108763879099813	0.3484590716288914
0.5418882511335885	0.6407150671886067
0.42977344055422534	0.44962460855340824
0.41108763879099813	0.4271433781257378
0.6166314581864973	0.5957526063332659
0.37371603526454383	0.494587069408749
0.5792598546600429	0.5058276846225843
0.3363444317380894	0.47210583898107866
0.3363444317380894	0.48334645419491384
0.39240183702777104	0.4608652237672434
0.44845924231745254	0.48334645419491384
0.3550302335013166	0.4608652237672434
0.6726888634761788	0.6407150671886067
0.44845924231745254	0.5395495302640899
0.6166314581864973	0.494587069408749
0.48583084584390696	0.41590276291190265
0.42977344055422534	0.44962460855340824
0.7287462687658603	0.6182338367609364
0.5232024493703613	0.6182338367609364
0.46714504408067975	0.44962460855340824
0.39240183702777104	0.5395495302640899
0.48583084584390696	0.47210583898107866
0.48583084584390696	0.4608652237672434
0.5418882511335885	0.6631962976162772
0.39240183702777104	0.4608652237672434
0.5792598546600429	0.5058276846225843
0.41108763879099813	0.5395495302640899
0.6166314581864973	0.651955682402442
0.5045166476071341	0.5170682998364194
0.44845924231745254	0.5283089150502547
0.5045166476071341	0.5395495302640899
0.5418882511335885	0.5283089150502547
0.39240183702777104	0.48334645419491384
0.6353172599497245	0.6182338367609364
0.5605740528968157	0.5395495302640899
0.3550302335013166	0.47210583898107866
0.41108763879099813	0.4271433781257378
0.41108763879099813	0.5957526063332659
0.5979456564232701	0.5845119911194308
0.5792598546600429	0.6182338367609364
0.5045166476071341	0.5732713759055955
0.44845924231745254	0.5283089150502547
0.31765862997486227	0.5283089150502547
0.5605740528968157	0.5507901454779252
0.6166314581864973	0.651955682402442
0.5605740528968157	0.7081587584716179
0.5418882511335885	0.5283089150502547
0.28028702644840786	0.48334645419491384
0.37371603526454383	0.44962460855340824
0.5979456564232701	0.5620307606917603
0.5045166476071341	0.44962460855340824
0.7474320705290877	0.5395495302640899
0.7287462687658603	0.5845119911194308
0.6166314581864973	0.5845119911194308
0.5792598546600429	0.5507901454779252
0.7100604670026333	0.6744369128301123
0.7661178722923148	0.8318055258238053
0.7848036740555421	0.6969181432577828
0.5232024493703613	0.5507901454779252
0.5418882511335885	0.5845119911194308
0.6540030617129517	0.6969181432577828
0.42977344055422534	0.7193993736854531
0.46714504408067975	0.5395495302640899
0.48583084584390696	0.494587069408749
0.26160122468518066	0.39342153248423223
0.44845924231745254	0.5283089150502547
0.5605740528968157	0.438383993339573
0.5605740528968157	0.48334645419491384
0.41108763879099813	0.5620307606917603
0.44845924231745254	0.4608652237672434
0.3363444317380894	0.3709403020565618
0.26160122468518066	0.3484590716288914
0.5979456564232701	0.6744369128301123
0.9156042863981324	0.876767986679146
0.9716616916878139	0.9442116779621573
0.5232024493703613	0.5957526063332659
0.6540030617129517	0.47210583898107866
0.20554381939549907	0.2585341499182097
0.5045166476071341	0.48334645419491384
0.5232024493703613	0.4271433781257378
0.42977344055422534	0.5058276846225843
0.29897282821163507	0.2922559955597154
0.41108763879099813	0.48334645419491384
0.3363444317380894	0.4046621476980674
0.3363444317380894	0.38218091727039705
0.20554381939549907	0.44962460855340824
0.37371603526454383	0.5395495302640899
0.6166314581864973	0.6744369128301123
0.39240183702777104	0.5732713759055955
0.3363444317380894	0.494587069408749
0.46714504408067975	0.6294744519747716
0.5418882511335885	0.44962460855340824
0.7474320705290877	0.6969181432577828
0.5605740528968157	0.6069932215471011
0.5045166476071341	0.6856775280439477
0.6353172599497245	0.6631962976162772
0.5979456564232701	0.6069932215471011
0.7100604670026333	0.47210583898107866
0.46714504408067975	0.6069932215471011
0.5232024493703613	0.494587069408749
0.5232024493703613	0.5732713759055955
0.5418882511335885	0.7193993736854531
0.48583084584390696	0.5507901454779252
0.39240183702777104	0.5058276846225843
0.5605740528968157	0.494587069408749
0.5045166476071341	0.4608652237672434
0.48583084584390696	0.5957526063332659
0.48583084584390696	0.5283089150502547
0.48583084584390696	0.5395495302640899
0.48583084584390696	0.6069932215471011
0.5605740528968157	0.6294744519747716
0.5418882511335885	0.41590276291190265
0.6166314581864973	0.494587069408749
0.6166314581864973	0.5845119911194308
0.7474320705290877	0.6069932215471011
0.6726888634761788	0.494587069408749
0.46714504408067975	0.5058276846225843
0.6726888634761788	0.5283089150502547
0.6353172599497245	0.6407150671886067
0.6540030617129517	0.6407150671886067
0.39240183702777104	0.5845119911194308
0.6166314581864973	0.6407150671886067
0.6166314581864973	0.6182338367609364
0.5418882511335885	0.5845119911194308
0.37371603526454383	0.5507901454779252
0.42977344055422534	0.5170682998364194
0.41108763879099813	0.5170682998364194
0.5232024493703613	0.6856775280439477
0.7287462687658603	0.6856775280439477
0.48583084584390696	0.651955682402442
0.5045166476071341	0.6407150671886067
0.6726888634761788	0.5507901454779252
0.5792598546600429	0.6182338367609364
0.5792598546600429	0.5620307606917603
0.7287462687658603	0.4608652237672434
0.46714504408067975	0.5283089150502547
0.42977344055422534	0.3596996868427266
0.37371603526454383	0.5395495302640899
0.39240183702777104	0.44962460855340824
0.5232024493703613	0.5507901454779252
0.24291542292195348	0.41590276291190265
0.46714504408067975	0.5283089150502547
0.48583084584390696	0.4608652237672434
0.42977344055422534	0.4608652237672434
0.3550302335013166	0.438383993339573
0.39240183702777104	0.438383993339573
0.48583084584390696	0.494587069408749
0.37371603526454383	0.494587069408749
0.44845924231745254	0.5058276846225843
0.31765862997486227	0.44962460855340824
0.39240183702777104	0.494587069408749
0.29897282821163507	0.4046621476980674
0.41108763879099813	0.4608652237672434
0.39240183702777104	0.38218091727039705
0.5232024493703613	0.44962460855340824
0.46714504408067975	0.5283089150502547
0.3363444317380894	0.4271433781257378
0.3363444317380894	0.3709403020565618
0.39240183702777104	0.48334645419491384
0.37371603526454383	0.38218091727039705
0.41108763879099813	0.5845119911194308
0.5232024493703613	0.5058276846225843
0.37371603526454383	0.494587069408749
0.5792598546600429	0.4271433781257378
0.31765862997486227	0.5170682998364194
0.41108763879099813	0.5732713759055955
0.3363444317380894	0.5058276846225843
0.31765862997486227	0.33721845641505616
0.22422962115872627	0.4271433781257378
0.31765862997486227	0.3596996868427266
0.29897282821163507	0.4046621476980674
0.39240183702777104	0.4608652237672434
0.26160122468518066	0.41590276291190265
0.28028702644840786	0.3596996868427266
