WT	KO
0.5037741654178668	0.43659740549101644
0.5464668913007369	0.4879618061370184
0.4013116232989786	0.43659740549101644
0.3671574425926826	0.3852330048450145
0.5464668913007369	0.5033711263308189
0.46961998471157074	0.39550588497421496
0.5550054364773109	0.47768892600781804
0.46961998471157074	0.5444626468476206
0.537928346124163	0.46741604587861757
0.580621072007033	0.4725524859432178
0.3756959877692566	0.4057787651034153
0.41838871365212665	0.3390050442636128
0.5464668913007369	0.47768892600781804
0.5123127105944408	0.6163728077520232
0.5293898009475888	0.5444626468476206
0.5550054364773109	0.4417338455556167
0.39277307812240464	0.4057787651034153
0.5123127105944408	0.4725524859432178
0.5976981623601809	0.49823468626621875
0.589159617183607	0.5701448471706214
0.6062367075367551	0.4930982462016186
0.46961998471157074	0.4879618061370184
0.5464668913007369	0.4468702856202168
0.7257763400087912	0.6112363676874231
0.537928346124163	0.52905332665382
0.48669707506471876	0.52905332665382
0.5293898009475888	0.49823468626621875
0.4781585298881448	0.5598719670414211
0.537928346124163	0.6112363676874231
0.5976981623601809	0.5393262067830203
0.6318523430664771	0.585554167364422
0.7513919755385132	0.6112363676874231
0.6574679785961991	0.5495990869122207
0.6574679785961991	0.585554167364422
0.537928346124163	0.5341897667184201
0.589159617183607	0.5033711263308189
0.691622159302495	0.5650084071060213
0.7428534303619392	0.5752812872352217
0.7684690658916613	0.5341897667184201
0.640390888243051	0.636918568010424
0.7428534303619392	0.6163728077520232
0.6830836141259212	0.585554167364422
0.7343148851853653	0.6112363676874231
0.7257763400087912	0.6471914481396244
0.7513919755385132	0.6985558487856264
0.691622159302495	0.6215092478166234
0.7599305207150873	0.5444626468476206
0.7513919755385132	0.49823468626621875
0.7684690658916613	0.5650084071060213
0.7172377948322172	0.6882829686564259
0.623313797889903	0.5752812872352217
0.7428534303619392	0.5650084071060213
0.8026232465979573	0.7036922888502265
0.8026232465979573	0.6985558487856264
0.6830836141259212	0.5598719670414211
0.5037741654178668	0.46227960581401745
0.614775252713329	0.6471914481396244
0.7086992496556432	0.7036922888502265
0.623313797889903	0.6420550080750242
0.623313797889903	0.5444626468476206
0.6489294334196251	0.49823468626621875
0.7513919755385132	0.6317821279458239
0.7428534303619392	0.5958270474936225
0.7684690658916613	0.6420550080750242
0.6489294334196251	0.6112363676874231
0.7684690658916613	0.47768892600781804
0.7086992496556432	0.6163728077520232
0.7684690658916613	0.636918568010424
0.7086992496556432	0.5752812872352217
0.7343148851853653	0.6677372083980251
0.7684690658916613	0.5547355269768209
0.7172377948322172	0.6112363676874231
0.5720825268304589	0.5701448471706214
0.7086992496556432	0.662600768333425
0.8197003369511053	0.6934194087210261
0.8111617917745313	0.6163728077520232
0.7770076110682352	0.6728736484626253
0.614775252713329	0.6112363676874231
0.7599305207150873	0.7088287289148267
0.9136243338934195	0.6471914481396244
0.7599305207150873	0.6163728077520232
0.8282388821276793	0.7550566894962284
0.9392399694231415	0.636918568010424
0.9477785145997155	0.5958270474936225
0.589159617183607	0.5444626468476206
0.4440043491818487	0.4160516452326157
0.5720825268304589	0.4571431657494172
0.614775252713329	0.5958270474936225
0.6745450689493471	0.6831465285918257
0.7001607044790692	0.5547355269768209
0.5550054364773109	0.4930982462016186
0.8794701531871235	0.6060999276228228
1.0331639663654557	0.7756024497546292
1.0075483308357336	0.821830410336031
0.8794701531871235	0.7910117699484299
0.623313797889903	0.52905332665382
0.7257763400087912	0.6420550080750242
0.9392399694231415	0.8064210901422304
0.8623930628339754	0.6677372083980251
0.5208512557710149	0.4057787651034153
0.38423453294583065	0.28250420355301065
0.5208512557710149	0.4468702856202168
0.8794701531871235	0.8423761705944317
0.8453159724808275	0.7242380491086273
0.7086992496556432	0.6471914481396244
0.45254289435842276	0.3800965647804143
0.6830836141259212	0.7396473693024278
0.9050857887168455	0.8475126106590319
0.9221628790699935	0.8321032904652313
0.7770076110682352	0.7345109292378277
0.623313797889903	0.48282536607241816
0.563543981653885	0.39550588497421496
0.6574679785961991	0.46227960581401745
0.537928346124163	0.5239168865892198
0.580621072007033	0.47768892600781804
0.5720825268304589	0.52905332665382
0.6574679785961991	0.5752812872352217
0.6318523430664771	0.6420550080750242
0.7770076110682352	0.6266456878812237
0.7940847014213833	0.6934194087210261
0.7684690658916613	0.6934194087210261
0.8453159724808275	0.6882829686564259
0.8538545176574015	0.6934194087210261
0.9563170597762896	0.6215092478166234
0.8794701531871235	0.6420550080750242
0.8197003369511053	0.5958270474936225
0.7770076110682352	0.6574643282688247
0.580621072007033	0.5444626468476206
0.7172377948322172	0.662600768333425
0.7684690658916613	0.7396473693024278
0.6745450689493471	0.6060999276228228
0.7599305207150873	0.7396473693024278
0.7172377948322172	0.5598719670414211
0.6062367075367551	0.5341897667184201
0.7684690658916613	0.5752812872352217
0.7343148851853653	0.6266456878812237
0.563543981653885	0.5752812872352217
0.691622159302495	0.5906906074290222
0.563543981653885	0.47768892600781804
0.7001607044790692	0.5906906074290222
0.7257763400087912	0.6009634875582226
0.6830836141259212	0.6831465285918257
0.8026232465979573	0.6677372083980251
0.7599305207150873	0.5444626468476206
0.580621072007033	0.5393262067830203
0.6489294334196251	0.5187804465246195
0.6062367075367551	0.6009634875582226
0.6489294334196251	0.6112363676874231
0.6489294334196251	0.636918568010424
0.7599305207150873	0.6215092478166234
0.6489294334196251	0.5136440064600194
0.580621072007033	0.5804177272998219
0.6574679785961991	0.5136440064600194
0.7001607044790692	0.48282536607241816
0.7172377948322172	0.6934194087210261
0.7001607044790692	0.5650084071060213
0.6745450689493471	0.5906906074290222
0.640390888243051	0.5033711263308189
0.4440043491818487	0.5239168865892198
0.7001607044790692	0.5650084071060213
0.6489294334196251	0.5598719670414211
0.5550054364773109	0.45200672568481703
0.580621072007033	0.4571431657494172
0.563543981653885	0.5341897667184201
0.5293898009475888	0.5187804465246195
0.7086992496556432	0.52905332665382
0.5550054364773109	0.5187804465246195
0.589159617183607	0.4571431657494172
0.580621072007033	0.5136440064600194
0.537928346124163	0.5752812872352217
0.5720825268304589	0.5547355269768209
0.563543981653885	0.4109152051680155
0.5550054364773109	0.585554167364422
0.5976981623601809	0.48282536607241816
0.5464668913007369	0.45200672568481703
0.46961998471157074	0.3903694449096147
0.46961998471157074	0.46227960581401745
0.5464668913007369	0.49823468626621875
0.4781585298881448	0.4468702856202168
0.6574679785961991	0.5341897667184201
0.7343148851853653	0.5033711263308189
0.6062367075367551	0.52905332665382
0.6062367075367551	0.5239168865892198
0.46961998471157074	0.5547355269768209
0.5037741654178668	0.4725524859432178
0.43546580400527474	0.4109152051680155
0.43546580400527474	0.4160516452326157
0.45254289435842276	0.46227960581401745
0.40985016847555267	0.39550588497421496
0.3500803522395346	0.318459284005212
0.5293898009475888	0.4725524859432178
0.5293898009475888	0.585554167364422
0.46961998471157074	0.4057787651034153
0.3756959877692566	0.4263245253618161
0.39277307812240464	0.3903694449096147
0.48669707506471876	0.4057787651034153
0.46108143953499675	0.46741604587861757
0.46961998471157074	0.48282536607241816
0.43546580400527474	0.37496012471581414
0.3756959877692566	0.3390050442636128
