condition1	condition1
0.20542641679100665	0.20425735663522404
0.20542641679100665	0.21202379605101204
0.2018764211091344	0.2114197396520063
0.20605752713445058	0.20891722028469684
0.20834530212943494	0.21055680193914095
0.21323640729112556	0.21599330953019255
0.21323640729112556	0.2169425410143444
0.21347307366991705	0.20995274554013524
0.21441973918508297	0.2109019770242871
0.21434085039215248	0.2186684164400751
0.21978417710435658	0.2195313541529404
0.21954751072556508	0.21599330953019255
0.22128306417003596	0.2213435233499576
0.22538528140242164	0.21944506038165387
0.22483305985190818	0.22401863025984015
0.22562194778121314	0.23264800738849345
0.22917194346308536	0.2283333188241668
0.2283830555337804	0.2306632506489032
0.23043416414997328	0.22514044928656504
0.23114416328634774	0.22850590636673984
0.2274363900186145	0.22850590636673984
0.23374749345305404	0.22721149979744185
0.22759416760447548	0.23282059493106652
0.23682415637734328	0.23446017658551063
0.2354830468975249	0.23342465133007223
0.24029526326628503	0.23342465133007223
0.23840193223595318	0.23584087692609518
0.23934859775111908	0.2392926277775565
0.24297748222592186	0.24127738451714678
0.24479192446332318	0.24377990388445622
0.2447130356703927	0.2442113727408889
0.2449497020491842	0.24610983570919262
0.24605414515021112	0.24429766651217544
0.25354858047860807	0.2475768298210637
0.2537852468573995	0.25318592495468834
0.24944636324622235	0.24550577931018688
0.24384525894815726	0.24636871702305224
0.2488152529027784	0.2525818685556826
0.25780857529685475	0.2442113727408889
0.24747414342296004	0.25517068169427864
0.2489730304886394	0.2470590671933445
0.2582819080544377	0.24826717999135595
0.25780857529685475	0.2520641059279634
0.25867635201909017	0.258795020088313
0.26285745804440636	0.2611249519130494
0.2622263477009624	0.2550843879229921
0.25796635288271574	0.25378998135369407
0.26340967959491984	0.2550843879229921
0.26262079166561486	0.26224677093977433
0.26885300630712394	0.2669066345892471
0.26443523390301626	0.26457670276451073
0.26987856061522036	0.2616427145407686
0.27169300285262166	0.2576732010615881
0.26798522958488846	0.26612999064766835
0.27879299421636616	0.26647516573281443
0.2726396683677876	0.2723431421802987
0.27232411319606564	0.27294719857930444
0.273980777847606	0.2696680352704162
0.2796607709386016	0.27294719857930444
0.27753077352947825	0.2671655159031067
0.2743752218122585	0.2788151750267887
0.28100188041842	0.2793329376545079
0.2810807692113505	0.2720842608664391
0.2855774304083887	0.27924664388322135
0.29188853384282815	0.28209433833567693
0.2899952028124963	0.2872719646128689
0.2856563192013191	0.2811451068515251
0.2929929769438551	0.27898776256936175
0.28699742868113753	0.278383706170356
0.2968585277974493	0.2877034334693016
0.2972529717621018	0.290033365294038
0.2966218614186578	0.28105881308023856
0.3026174096813754	0.2916729469484821
0.3023018545096534	0.2946932289435108
0.3115318432825212	0.29762721716725293
0.3127151751764786	0.30850023234935614
0.3120051760401042	0.3086728198919292
0.31729072516644724	0.3058251254394736
0.3172118363735168	0.30832764480678304
0.3097174010451198	0.2993530925929836
0.3099540674239113	0.3019419057315796
0.30474740709049875	0.2982312735662586
0.2969374165903798	0.28312986359111536
0.2743752218122585	0.2672518096743932
0.2518130270341372	0.227556674882588
0.22656861329637906	0.21098827079557364
0.21465640556387447	0.1992523179006051
0.2261741693317266	0.22039429186580575
0.24289859343299133	0.2356682893835221
0.24707969945830754	0.2329931824736396
0.22996083139239032	0.21711512855691747
0.21915306676091262	0.21711512855691747
0.24715858825123802	0.244383960283462
0.3087707355299539	0.29710945453953375
0.31445072862094947	0.3035814873860237
0.30474740709049875	0.2963328105979549
0.24005859688749354	0.22980031293603784
0.21694418055885878	0.20693246354510655
0.2447130356703927	0.2410185032032872
0.25252302617051164	0.24688647965077143
0.24266192705419984	0.23627234578252784
0.23879637620060565	0.22565821191428426
0.25086636151897124	0.2436936101131697
0.2318541624227222	0.22617597454200344
0.2261741693317266	0.217201422328204
0.2542585796149825	0.2509422869012385
0.3116107320754517	0.2959876355128088
0.3133462855199226	0.3007337929335681
0.307824070014788	0.2940028787732185
0.2542585796149825	0.24119109074586023
0.22199306330641042	0.21159232719457935
0.23106527449341724	0.21081568325300054
0.25662524340289733	0.23523682052708944
0.23508860293287243	0.22281051746182867
0.22483305985190818	0.2226379299192556
0.21757529090230274	0.2121963835935851
0.22964527622066833	0.2166836597004848
0.2435297037764353	0.23005919424989746
0.26688078648386154	0.2581046699180207
0.294255197630743	0.29011965906532455
0.3103485113885638	0.2914140656346225
0.3176062803381693	0.29434805385836466
0.3168173924088643	0.3067743569236254
0.3215507199846939	0.3053936565830409
0.3199729441260841	0.30625659429590624
0.31642294844421187	0.30159673064643344
0.3168962812017948	0.30547995035432746
0.3168962812017948	0.2970231607682472
0.3101118450097723	0.2965916919118145
0.31026962259563334	0.2936577036880724
0.3064040717420391	0.29434805385836466
0.30316963123188884	0.28822119609702085
0.29756852693382374	0.2863227331287171
0.2913363122923147	0.27320607989316403
0.2910207571205928	0.2811451068515251
0.29614852866107483	0.27976440651094053
0.28865409333267794	0.27381013629216977
0.2901529803983573	0.2737238425208832
0.2863663183376936	0.27941923142579445
0.2820274347265164	0.27450048646246206
0.280212992489115	0.27113502938228723
0.2795029933527406	0.27286090480801795
0.2809229916254895	0.2718253795525795
0.27634744163552083	0.27579489303176
0.2699574494081508	0.2765715369733388
0.27050967095866424	0.26776957230211246
0.2676696744131665	0.2593127827160322
0.2710618925091777	0.26751069098825286
0.2645141226959467	0.2648355840783703
0.2597019063271866	0.25637879449229006
0.2595441287413256	0.2660436968763818
0.26317301321612835	0.26915027264269703
0.26743300803437503	0.26077977682790326
0.2630941244231978	0.257500613519015
0.2665652313121396	0.2590539014021726
0.26277856925147586	0.25758690729030154
0.25165524944827616	0.26457670276451073
0.254653023579635	0.24697277342205795
0.24991969600380534	0.25240928101310955
0.25457413478670443	0.24999305541708663
0.2529174701351641	0.24852606130521554
0.2462119227360721	0.24843976753392902
0.24936747445329183	0.24541948553890033
0.24605414515021112	0.24481542913989462
0.24518636842797567	0.24826717999135595
0.25078747272604074	0.24904382393293475
0.2419519279178254	0.23627234578252784
0.23974304171577157	0.24636871702305224
0.2435297037764353	0.24257179108644478
0.24045304085214603	0.2374804585805393
0.23895415378646662	0.23653122709638744
0.23595637965510785	0.23773933989439888
0.22846194432671094	0.235323114298376
0.23635082361976031	0.2356682893835221
0.23706082275613477	0.23894745269241038
0.23445749258942847	0.23290688870235304
0.23319527190254058	0.23230283230334733
0.22735750122568402	0.22660744339843614
0.23216971759444413	0.22850590636673984
0.2395063753369801	0.23083583819147624
0.22798861156912795	0.2231556925469748
0.2238863943367423	0.22850590636673984
0.22380750554381176	0.21702883478563095
0.220967508998314	0.21047050816785443
0.2152875159073184	0.22022170432323268
0.22286084002864584	0.22384604271726705
0.21875862279626013	0.22108464203609798
0.22009973227607857	0.22246534237668253
0.2222297296852019	0.21625219084405214
0.2128419633264731	0.2109019770242871
0.2178908460740247	0.21116085833814668
0.21347307366991705	0.21728771609949055
0.2112641874678632	0.215907015758906
0.20968641160925333	0.2161658970727656
0.2074775254071995	0.20486141303422975
0.19651198318986082	0.20926239536984295
0.207240859028408	0.20606952583224125
0.20353308576067478	0.2036533002362183
0.2019553099020649	0.2057243507470951
0.20021975645759402	0.19674979853329566
