condition1	condition1
0.2484942457307073	0.26481037364675886
0.24008428737398715	0.24290711693486813
0.24809377152324447	0.25276358245521896
0.24589116338219869	0.24969712651555429
0.2545013588426503	0.26459134107964
0.2528994620127988	0.2582393966331916
0.2583058638135475	0.26568650391523446
0.2537004104277245	0.262181982841332
0.2633117914068333	0.2624010154084509
0.26291131719937044	0.2707242529589694
0.2609089461620561	0.2661245690494723
0.2611091832657875	0.2626200479755698
0.27192198686728486	0.2689719924220181
0.27632720314937637	0.27269554606303953
0.26551439954787903	0.26393424337828325
0.2603082348508618	0.26853392728778025
0.27212222397101626	0.27400974146575297
0.2679172447926562	0.2713813506603261
0.28613882123221657	0.2847423372545794
0.27652744025310777	0.27269554606303953
0.2797312339128107	0.2722574809288017
0.2695191416225077	0.271600383227445
0.2845369244023651	0.28824685832848196
0.2867395325434109	0.29919848668442733
0.2895428519956509	0.2884658908956008
0.2895428519956509	0.28912298859695756
0.28313526467624506	0.2965700958790004
0.2983532845598339	0.28890395602983865
0.2897430890993823	0.29525590047628697
0.2917454601366966	0.2983223564159517
0.2945487795889367	0.2976652587145949
0.2961506764187881	0.29919848668442733
0.30075612980461114	0.3055504311308756
0.3103675107837198	0.31015011504037265
0.30496110898297113	0.3119023755773239
0.3047608718792397	0.30336010545968656
0.30195755242699973	0.30336010545968656
0.29655115062625104	0.29700816101323824
0.30315897504938827	0.3110262453088483
0.30676324291655405	0.3158449617854643
0.31677509810312565	0.316502059486821
0.32458434514865153	0.3129975384129185
0.31537343837700565	0.30708365910070795
0.3215807885926801	0.32351110163462604
0.3219812628001429	0.3327104694536201
0.326186241978503	0.31934948285936676
0.30516134608670265	0.32351110163462604
0.3183769949329771	0.3167210920539399
0.3213805514889486	0.31825432002377224
0.3307916953643259	0.34410016294380324
0.33539714875014887	0.33380563228921467
0.3233829225262629	0.3156259292183453
0.31657486099939425	0.3149688315169886
0.33219335509044595	0.32438723190310165
0.33039122115686304	0.3316153066180256
0.3396021279285089	0.3327104694536201
0.3440073442106004	0.335338860259047
0.32017912886655997	0.32241593879903147
0.3355973858538803	0.3289869158125987
0.34000260213597183	0.3311772414837878
0.34180473606955464	0.3532995307627974
0.343807107106869	0.34563339091363565
0.3371992826837317	0.3419098372726142
0.35461991070836635	0.3570230844038188
0.35482014781209775	0.3508901725244894
0.34040307634343464	0.35023307482313265
0.343807107106869	0.33052014378243105
0.34480829262552615	0.3379672510644739
0.35021469442627484	0.33709112079599823
0.35582133333075494	0.34848081428618144
0.351215879944932	0.34278596754108986
0.3574232301606064	0.3500140422560138
0.35161635415239484	0.35592792156822434
0.3628296319613551	0.36096567061195917
0.38445523916434976	0.36578438708857514
0.38385452785315544	0.37301246180349906
0.38125144550464685	0.392068295142844
0.39126330069121845	0.3800215039513041
0.3908628264837556	0.3752027874746881
0.37964954867479533	0.38177376448825534
0.3642312916874751	0.37914537368282847
0.38025025998598966	0.35746114953805663
0.35021469442627484	0.3535185633299163
0.3351969116464174	0.31628302691970206
0.2869397696471423	0.2663436016165912
0.24509021496727296	0.23458387938434966
0.24368855524115296	0.23765033532401436
0.2771281515643021	0.27050522039185043
0.27732838866803355	0.28408523955322273
0.2793307597053479	0.27751426253965544
0.2460914004859301	0.24049775869656015
0.33339477771283454	0.347166618883468
0.38705832151285835	0.38987796947165493
0.43391380378601346	0.43302738519407963
0.33599786006134313	0.33052014378243105
0.22246342224562113	0.22428934872976103
0.27772886287549636	0.2696290901233748
0.34120402475836037	0.3318343391851445
0.35361872518970916	0.3581182472394134
0.24448950365607866	0.23480291195146857
0.15458304408066562	0.15244666671475945
0.24448950365607866	0.22363225102840428
0.36823603376210373	0.3508901725244894
0.3382004682023889	0.328329818111242
0.2925464085516224	0.2886849234627198
0.24709258600458728	0.247944865978603
0.34901327180388625	0.3327104694536201
0.42630479384421904	0.43565577599950656
0.40507966084868724	0.3927253928442007
0.34100378765462896	0.335338860259047
0.252498987805336	0.2356790422199442
0.2813331307426622	0.26721973188506687
0.2889421406844566	0.28583750009017395
0.27292317238594205	0.27050522039185043
0.25630349277623315	0.25802036406607276
0.2526992249090674	0.23896453072672783
0.284937398609828	0.27598103456982315
0.32118031438521716	0.31978754799360454
0.34941374601134906	0.34234790240685203
0.3820523939195726	0.39009700203877384
0.38845998123897835	0.3767360154445205
0.39606899118077277	0.389658936904536
0.38385452785315544	0.3894399043374171
0.3972704138031614	0.38440215529368227
0.38005002288225825	0.377831178280115
0.39006187806882986	0.37279342923638015
0.38485571337181257	0.37454568977333136
0.37684622922255534	0.3627179311489104
0.3750440952889724	0.3622798660146726
0.36262939485762363	0.3594324426421268
0.35021469442627484	0.34869984685330035
0.3570227559531435	0.34256693497397095
0.3369990455800003	0.3416908047054953
0.34600971524791474	0.3438811303766844
0.3369990455800003	0.3307391763495499
0.34761161207776625	0.3419098372726142
0.3406033134471661	0.33971951160142516
0.33779999399492605	0.3408146744370197
0.3528177767747835	0.3443191955109222
0.3396021279285089	0.337748218497355
0.3329943035053717	0.32811078554412304
0.3384007053061203	0.3278917529770041
0.3307916953643259	0.3274536878427663
0.3305914582605945	0.3278917529770041
0.31277035602849707	0.325920459872934
0.32418387094118867	0.3143117338156319
0.32598600487477153	0.3175972223224155
0.30856537685013696	0.32811078554412304
0.30496110898297113	0.3208827108291991
0.30976679947252556	0.30620752883223235
0.30696348002028545	0.3138736686813941
0.31857723203670857	0.3318343391851445
0.3071637171240169	0.30336010545968656
0.30976679947252556	0.30905495220477813
0.302558263738194	0.31891141772512893
0.30936632526506264	0.3294249809468365
0.30335921215311973	0.3136546361142752
0.30996703657625696	0.2967891284461193
0.30195755242699973	0.30511236599663777
0.3045606347755083	0.31321657098003736
0.30195755242699973	0.30642656139935126
0.2949492537963995	0.3044552682952811
0.2901435633068452	0.2895610537311954
0.2837359759874394	0.2867136303586496
0.2925464085516224	0.30051268208714077
0.2865392954396794	0.2935036399393357
0.293747831174011	0.29197041196950335
0.2933473569665481	0.2959129981776437
0.2853378728172908	0.2886849234627198
0.29234617144789093	0.29197041196950335
0.2913449859292338	0.29919848668442733
0.2867395325434109	0.2851804023888172
0.2739243579045992	0.28890395602983865
0.2885416664769937	0.290437183999671
0.27632720314937637	0.27466683916710966
0.28193384205385646	0.2869326629257685
0.2703200900374334	0.271600383227445
0.27452506921579345	0.2797045882108446
0.27172174976355346	0.28079975104643906
0.27632720314937637	0.27620006713694206
0.26551439954787903	0.27992362077796346
0.2603082348508618	0.2610868200057374
0.2633117914068333	0.25495390812640806
0.24629163758966158	0.2536397127236946
0.247893534419513	0.25495390812640806
0.25069685387175306	0.25867746176742945
0.24829400862697587	0.2593345594687862
0.2537004104277245	0.2545158429921702
0.2528994620127988	0.25539197326064583
0.2605084719545932	0.247944865978603
0.2510973280792159	0.2352409770857064
0.2512975651829474	0.2505732567840299
0.24188642130757004	0.25802036406607276
0.25309969911653024	0.24947809394843537
0.24589116338219869	0.2446593774718194
0.2328757516396556	0.24575454030741392
0.2526992249090674	0.2391835632938467
0.23487812267696992	0.24005969356232235
0.23648001950682135	0.24246905180063033
0.24208665841130148	0.2413738889650358
