WT	KO
0.6560895609354361	0.5275163474819228
0.6254311702375186	0.6258668529446542
0.5334559981437659	0.6213963754236209
0.5579827107020999	0.5632801676501887
0.643826204656269	0.567750645171222
0.619299492097935	0.5722211226922552
0.6009044576791845	0.6124554203815544
0.5089292855854318	0.567750645171222
0.6131678139583515	0.5409277800450224
0.619299492097935	0.5006934823557233
0.7296696986104384	0.6079849428605211
0.6499578827958526	0.6079849428605211
0.6499578827958526	0.6526897180708536
0.6806162734937702	0.6661011506339533
0.7358013767500219	0.49622300483469006
0.7541964111687723	0.5990439878184546
0.7112746641916877	0.6169258979025877
0.821644870704191	0.715276403365319
0.6928796297729373	0.6392782855077538
0.7541964111687723	0.6258668529446542
0.6315628483771021	0.5945735102974214
0.7480647330291889	0.6258668529446542
0.7909864800062735	0.5409277800450224
0.7112746641916877	0.567750645171222
0.5947727795396011	0.585632555255355
0.6131678139583515	0.48281157227159033
0.6376945265166857	0.6392782855077538
0.5886411014000175	0.6258668529446542
0.7051429860521043	0.6392782855077538
0.6315628483771021	0.6124554203815544
0.6683529172146032	0.6348078079867207
0.9565417897750284	0.7689221336177179
0.9013566865187768	0.7376287909704852
0.809381514425024	0.7912745212228841
0.6928796297729373	0.6616306731129201
0.6806162734937702	0.7286878359284187
0.7480647330291889	0.6884535382391195
0.8155131925646075	0.7018649708022193
0.8339082269833581	0.7912745212228841
0.7664597674479394	0.7420992684915185
0.6744845953541868	0.6526897180708536
0.7541964111687723	0.6839830607180863
0.9197517209375273	0.6884535382391195
0.772591445587523	0.7331583134494519
0.8461715832625251	0.751040223533585
0.7664597674479394	0.6929240157601528
0.8523032614021087	0.7733926111387511
0.8277765488437746	0.7063354483232525
0.7296696986104384	0.6258668529446542
0.6376945265166857	0.5990439878184546
0.7664597674479394	0.6437487630287871
0.7787231237271064	0.7197468808863522
0.8523032614021087	0.7912745212228841
0.9013566865187768	0.8046859537859838
0.821644870704191	0.6482192405498203
0.6683529172146032	0.6750421056760197
0.7051429860521043	0.6079849428605211
0.6990113079125208	0.6035144653394879
0.809381514425024	0.6661011506339533
0.7909864800062735	0.6929240157601528
0.9197517209375273	0.7108059258442858
0.7112746641916877	0.7108059258442858
0.821644870704191	0.6392782855077538
0.8706982958208592	0.7778630886597844
0.7909864800062735	0.7286878359284187
0.8584349395416921	0.6348078079867207
0.9258833990771108	0.7331583134494519
0.8645666176812756	0.7018649708022193
1.0423852837291976	0.6929240157601528
0.9258833990771108	0.7063354483232525
0.8829616521000262	0.7555107010546182
0.78485480186669	0.7376287909704852
0.8952250083791933	0.7063354483232525
0.9381467553562779	0.7242173584073854
1.01172689303128	0.6884535382391195
0.821644870704191	0.7018649708022193
0.9136200427979438	0.697394493281186
0.9810685023333625	0.7376287909704852
1.0607803181479483	0.8762135941225158
1.0730436744271152	0.7242173584073854
0.9381467553562779	0.7778630886597844
0.8706982958208592	0.7957449987439174
0.7909864800062735	0.7331583134494519
0.7541964111687723	0.5498687350870889
0.9136200427979438	0.6929240157601528
0.772591445587523	0.531986825002956
0.772591445587523	0.5990439878184546
0.7480647330291889	0.7376287909704852
0.8584349395416921	0.7555107010546182
0.7909864800062735	0.6437487630287871
0.6806162734937702	0.5543392126081222
0.6928796297729373	0.5364573025239893
1.0607803181479483	0.8180973863490836
0.9933318586125295	0.8404497739542498
0.9442784334958614	0.8136269088280503
0.7112746641916877	0.5945735102974214
0.78485480186669	0.6348078079867207
0.8339082269833581	0.6616306731129201
0.582509423260434	0.6348078079867207
0.582509423260434	0.6079849428605211
0.8155131925646075	0.5766916002132885
0.8890933302396097	0.679512583197053
0.9013566865187768	0.751040223533585
0.772591445587523	0.679512583197053
0.7296696986104384	0.6750421056760197
0.9565417897750284	0.8270383413911501
1.0239902493104471	0.8583316840383828
0.9197517209375273	0.8538612065173495
0.6744845953541868	0.6124554203815544
0.643826204656269	0.44704775210332437
0.6928796297729373	0.6437487630287871
0.7664597674479394	0.6303373304656873
0.821644870704191	0.7912745212228841
0.6744845953541868	0.6571601955918868
0.5457193544229328	0.6035144653394879
0.5886411014000175	0.5901030327763881
0.8400399051229417	0.697394493281186
0.8952250083791933	0.6929240157601528
0.8523032614021087	0.7555107010546182
0.9258833990771108	0.7689221336177179
0.9381467553562779	0.7242173584073854
1.0669119962875317	0.8136269088280503
0.999463536752113	0.8091564313070171
1.2202039497771195	0.8717431166014825
1.036253605589614	0.8225678638701168
0.8952250083791933	0.8180973863490836
0.7112746641916877	0.697394493281186
0.8768299739604427	0.7242173584073854
0.9258833990771108	0.8270383413911501
1.01172689303128	0.8315088189121833
1.0239902493104471	0.8583316840383828
0.9810685023333625	0.8270383413911501
0.7664597674479394	0.6750421056760197
0.8400399051229417	0.7197468808863522
0.9320150772166943	0.7868040437018509
0.8155131925646075	0.7912745212228841
0.8768299739604427	0.7063354483232525
0.78485480186669	0.7197468808863522
0.8400399051229417	0.6705716281549866
0.7787231237271064	0.6929240157601528
0.809381514425024	0.6571601955918868
0.8952250083791933	0.6929240157601528
0.8461715832625251	0.7599811785756515
0.6928796297729373	0.7197468808863522
0.6990113079125208	0.5722211226922552
0.6499578827958526	0.6526897180708536
0.7603280893083559	0.715276403365319
0.7419330548896053	0.6258668529446542
0.6990113079125208	0.7018649708022193
0.7541964111687723	0.6348078079867207
0.7235380204708548	0.6348078079867207
0.821644870704191	0.6348078079867207
0.6499578827958526	0.6884535382391195
0.6806162734937702	0.6303373304656873
0.7235380204708548	0.5766916002132885
0.7480647330291889	0.6526897180708536
0.8890933302396097	0.7733926111387511
0.6806162734937702	0.697394493281186
0.7787231237271064	0.6348078079867207
0.6928796297729373	0.697394493281186
0.8155131925646075	0.7108059258442858
0.7787231237271064	0.7108059258442858
0.6990113079125208	0.5990439878184546
0.6254311702375186	0.5722211226922552
0.6499578827958526	0.5945735102974214
0.619299492097935	0.6348078079867207
0.6867479516333537	0.7331583134494519
0.6744845953541868	0.6571601955918868
0.5579827107020999	0.6303373304656873
0.6744845953541868	0.6392782855077538
0.7296696986104384	0.5990439878184546
0.6131678139583515	0.5543392126081222
0.6499578827958526	0.5766916002132885
0.5947727795396011	0.585632555255355
0.6376945265166857	0.5766916002132885
0.7174063423312713	0.5945735102974214
0.6622212390750197	0.5766916002132885
0.7603280893083559	0.5722211226922552
0.6928796297729373	0.5945735102974214
0.6376945265166857	0.6124554203815544
0.6928796297729373	0.697394493281186
0.5886411014000175	0.6303373304656873
0.5947727795396011	0.5990439878184546
0.7051429860521043	0.6079849428605211
0.6131678139583515	0.5364573025239893
0.6009044576791845	0.5766916002132885
0.5334559981437659	0.567750645171222
0.6070361358187681	0.5632801676501887
0.5641143888416834	0.5945735102974214
0.570246066981267	0.585632555255355
0.5641143888416834	0.5632801676501887
0.5334559981437659	0.5543392126081222
0.6009044576791845	0.531986825002956
0.6009044576791845	0.5543392126081222
0.5089292855854318	0.5409277800450224
0.6560895609354361	0.5409277800450224
0.643826204656269	0.4917525273136569
0.6009044576791845	0.5722211226922552
0.6070361358187681	0.48281157227159033
0.5579827107020999	0.5498687350870889
