WT	KO
0.47256950995070846	0.5542607831779287
0.616395012979185	0.4643806561761024
0.41093000865278995	0.5243007408439866
0.43147650908542945	0.4643806561761024
0.534209011248627	0.6291608890127839
0.6369415134118245	0.5542607831779287
0.6369415134118245	0.6591209313467259
0.43147650908542945	0.5392807620109575
0.22601150475903448	0.5093207196770155
0.39038350822015044	0.4643806561761024
0.49311601038334796	0.5992008466788418
0.616395012979185	0.5243007408439866
0.43147650908542945	0.4943406985100445
0.5136625108159875	0.7190410160146101
0.575302012113906	0.6291608890127839
0.6780345142771035	0.6291608890127839
0.49311601038334796	0.5392807620109575
0.534209011248627	0.6291608890127839
0.45202300951806895	0.4344206138421603
0.616395012979185	0.5842208255118707
0.575302012113906	0.5542607831779287
0.5547555116812665	0.6141808678458128
0.575302012113906	0.7040609948476391
0.7807670164403009	0.7190410160146101
0.36983700778751094	0.5992008466788418
0.45202300951806895	0.6591209313467259
0.616395012979185	0.6291608890127839
0.534209011248627	0.7340210371815812
0.5547555116812665	0.7340210371815812
0.616395012979185	0.6591209313467259
0.698581014709743	0.6741009525136971
0.9040460190361379	0.8688412276843206
0.9451390199014169	0.8688412276843206
0.8424065177382195	0.7639810795155233
0.657488013844464	0.7040609948476391
0.616395012979185	0.6741009525136971
0.9245925194687775	0.7639810795155233
0.9245925194687775	0.8988012700182626
0.8834995186034985	0.7789611006824942
0.9451390199014169	1.00366141818706
0.9451390199014169	0.8239011641834074
0.8629530181708589	0.8089211430164364
0.8424065177382195	0.7639810795155233
0.9040460190361379	0.8239011641834074
0.7191275151423825	0.6591209313467259
0.657488013844464	0.8388811853503785
1.0067785211993354	0.8538612065173495
0.9451390199014169	0.6741009525136971
0.8834995186034985	0.6291608890127839
0.9451390199014169	0.8388811853503785
0.9245925194687775	0.8838212488512918
0.9040460190361379	0.8388811853503785
0.8834995186034985	1.078561524021915
0.8629530181708589	0.9587213546861468
0.9245925194687775	0.8688412276843206
0.8218600173055799	0.6741009525136971
0.8218600173055799	0.9287613123522048
0.8424065177382195	0.7789611006824942
0.6780345142771035	0.6441409101797549
0.534209011248627	0.6741009525136971
0.9451390199014169	0.5992008466788418
0.8424065177382195	0.7340210371815812
0.6780345142771035	0.7939411218494654
0.8424065177382195	0.8838212488512918
0.6780345142771035	0.7490010583485522
0.8424065177382195	0.689080973680668
0.9040460190361379	0.7340210371815812
0.9040460190361379	0.7490010583485522
0.9245925194687775	0.7190410160146101
0.9451390199014169	0.7340210371815812
0.7807670164403009	0.7340210371815812
1.0067785211993354	0.9137812911852338
0.8424065177382195	0.6141808678458128
0.5547555116812665	0.7040609948476391
1.027325021631975	0.8089211430164364
0.8013135168729405	0.8538612065173495
1.0478715220646144	0.8239011641834074
1.0067785211993354	0.8688412276843206
0.9862320207666959	0.8688412276843206
1.2533365263910095	0.8838212488512918
0.8424065177382195	0.8089211430164364
0.8218600173055799	0.9587213546861468
0.9862320207666959	0.9437413335191759
0.9451390199014169	0.7490010583485522
0.7396740155750219	0.8239011641834074
0.616395012979185	0.5992008466788418
0.698581014709743	0.5842208255118707
0.698581014709743	0.7939411218494654
0.7191275151423825	0.9737013758531179
0.9451390199014169	0.7040609948476391
0.6780345142771035	0.7490010583485522
1.1300575237951724	0.8089211430164364
1.191697025093091	0.8988012700182626
1.0478715220646144	0.9137812911852338
1.0478715220646144	0.9137812911852338
0.5958485125465455	0.6291608890127839
0.9451390199014169	0.7639810795155233
1.273883026823649	1.1984016933576835
0.8424065177382195	0.8239011641834074
0.534209011248627	0.5392807620109575
0.47256950995070846	0.3894805503412471
0.5136625108159875	0.4643806561761024
1.0067785211993354	0.9287613123522048
1.150604024227812	0.9437413335191759
0.7807670164403009	0.6741009525136971
0.534209011248627	0.4643806561761024
0.7191275151423825	0.8688412276843206
1.027325021631975	1.018641439354031
1.109511023362533	0.8538612065173495
0.8424065177382195	0.8388811853503785
0.8013135168729405	0.6441409101797549
0.8013135168729405	0.4943406985100445
0.6780345142771035	0.689080973680668
0.49311601038334796	0.6441409101797549
0.39038350822015044	0.4793606773430734
0.616395012979185	0.6441409101797549
0.7396740155750219	0.7040609948476391
0.7396740155750219	0.8239011641834074
0.9245925194687775	0.7340210371815812
0.9040460190361379	0.7340210371815812
1.0478715220646144	1.0486014816879732
1.068418022497254	0.9287613123522048
1.0889645229298934	1.00366141818706
1.1300575237951724	0.6741009525136971
0.9656855203340565	0.8988012700182626
0.8218600173055799	0.7939411218494654
0.8834995186034985	0.7639810795155233
0.698581014709743	0.6291608890127839
0.7807670164403009	0.8838212488512918
0.9245925194687775	0.8239011641834074
1.0067785211993354	0.8838212488512918
0.8424065177382195	0.8388811853503785
0.698581014709743	0.6741009525136971
0.7191275151423825	0.5992008466788418
0.9862320207666959	0.6741009525136971
0.7191275151423825	0.7190410160146101
0.6369415134118245	0.7040609948476391
0.7602205160076615	0.6591209313467259
0.8424065177382195	0.6291608890127839
0.8013135168729405	0.7340210371815812
0.7602205160076615	0.7789611006824942
0.8834995186034985	0.7490010583485522
0.7807670164403009	0.7190410160146101
0.6780345142771035	0.6741009525136971
0.6369415134118245	0.7190410160146101
0.698581014709743	0.7490010583485522
0.7191275151423825	0.7340210371815812
0.657488013844464	0.8538612065173495
0.7396740155750219	0.9737013758531179
0.8424065177382195	0.8388811853503785
0.7602205160076615	0.6591209313467259
0.7191275151423825	0.7190410160146101
0.9656855203340565	0.7340210371815812
0.5958485125465455	0.7040609948476391
0.6780345142771035	0.8388811853503785
0.575302012113906	0.4643806561761024
0.698581014709743	0.7190410160146101
0.575302012113906	0.5392807620109575
0.5958485125465455	0.6141808678458128
0.8218600173055799	0.7639810795155233
0.6780345142771035	0.7340210371815812
0.8218600173055799	0.689080973680668
0.6780345142771035	0.689080973680668
0.6780345142771035	0.6441409101797549
0.534209011248627	0.6741009525136971
0.5547555116812665	0.6441409101797549
0.7396740155750219	0.689080973680668
0.657488013844464	0.6591209313467259
0.7191275151423825	0.7340210371815812
0.616395012979185	0.8688412276843206
0.8834995186034985	0.6441409101797549
0.698581014709743	0.5842208255118707
0.616395012979185	0.689080973680668
0.7602205160076615	0.6291608890127839
0.5958485125465455	0.6291608890127839
0.616395012979185	0.5392807620109575
0.6369415134118245	0.5692408043448997
0.7396740155750219	0.5692408043448997
0.7191275151423825	0.7639810795155233
0.9040460190361379	0.6591209313467259
0.8218600173055799	0.7340210371815812
0.575302012113906	0.7190410160146101
0.698581014709743	0.6591209313467259
0.7191275151423825	0.7490010583485522
0.6780345142771035	0.5842208255118707
0.5958485125465455	0.689080973680668
0.6780345142771035	0.5692408043448997
0.5136625108159875	0.4943406985100445
0.3492905073548715	0.3745005291742761
0.36983700778751094	0.4344206138421603
0.534209011248627	0.6591209313467259
0.5547555116812665	0.7190410160146101
0.49311601038334796	0.5093207196770155
0.39038350822015044	0.3745005291742761
0.575302012113906	0.4943406985100445
0.5958485125465455	0.5093207196770155
0.5547555116812665	0.6741009525136971
0.49311601038334796	0.5093207196770155
0.39038350822015044	0.3745005291742761
0.36983700778751094	0.4943406985100445
