WT-Tfh	WT-Th1
0.29081699510116255	0.31857476675686625
0.34985503170064663	0.30492156246728624
0.30393655878993675	0.28671729008117963
0.31268293458245294	0.30037049437075963
0.2886304011530335	0.28216622198465297
0.24489852219045266	0.2321044729228597
0.27551083746425925	0.27306408579159963
0.262391273775485	0.2912683581777063
0.30393655878993675	0.30492156246728624
0.35204162564877567	0.33222797104644625
0.29737677694554965	0.29581942627423297
0.3564148135450338	0.31402369866033963
0.2886304011530335	0.24575767721243968
0.3214293103749691	0.3868407882047662
0.3476684377525176	0.35043224343255286
0.3236159043230981	0.31857476675686625
0.36516118933755	0.33222797104644625
0.3367354680118724	0.3276769029499196
0.367347783285679	0.38228972010823953
0.36516118933755	0.38228972010823953
0.2886304011530335	0.3413301072394996
0.33454887406374334	0.40049399249434614
0.38265394092258226	0.35043224343255286
0.4001466925076146	0.3913918563012928
0.36516118933755	0.5051685587144593
0.3083097466861949	0.3367790391429729
0.32798909221935624	0.3913918563012928
0.38265394092258226	0.3868407882047662
0.37172097118193703	0.4460046734596128
0.40670647435200175	0.4414536053630861
0.39140031671509845	0.3868407882047662
0.4023332864557437	0.46876001394224603
0.38265394092258226	0.36408544772213286
0.4023332864557437	0.3777386520117128
0.314869528530582	0.3913918563012928
0.3629745953894209	0.45965787774919276
0.4132662561963888	0.4232493329769795
0.39796009855948555	0.48241321823182604
0.4045198804038727	0.39594292439781953
0.48105066858838913	0.509719626810986
0.3804673469744532	0.39594292439781953
0.4045198804038727	0.38228972010823953
0.4329456017295502	0.4050450605908728
0.5072897959659376	0.48696428632835276
0.3760941590781951	0.4414536053630861
0.4110796622482598	0.5051685587144593
0.4045198804038727	0.4232493329769795
0.36953437723380805	0.45965787774919276
0.42857241383329214	0.4278004010735061
0.424199225937034	0.550679239679726
0.419826038040776	0.4642089458457194
0.3870271288188403	0.39594292439781953
0.40670647435200175	0.4323514691700328
0.45043835331458254	0.4414536053630861
0.44606516541832447	0.41869826488045286
0.4941702322771634	0.5415771034866727
0.4329456017295502	0.47331108203877276
0.43950538357393737	0.46876001394224603
0.45262494726271163	0.4232493329769795
0.4701176988477439	0.5006174906179327
0.4963568262252924	0.48241321823182604
0.5138495778103248	0.48241321823182604
0.42638581988516305	0.38228972010823953
0.47449088674400197	0.47786215013529937
0.46355791700335675	0.47786215013529937
0.5422752991360024	0.5688835120658327
0.4701176988477439	0.5279238991970927
0.5029166080696795	0.4369025372665595
0.47449088674400197	0.46876001394224603
0.5007300141215505	0.5734345801623593
0.5510216749285185	0.577985648258886
0.5335289233434861	0.550679239679726
0.522595953602841	0.577985648258886
0.5029166080696795	0.523372831100566
0.5204093596547119	0.550679239679726
0.5204093596547119	0.5461281715831993
0.5182227657065829	0.5597813758727792
0.5335289233434861	0.4642089458457194
0.4788640746402601	0.6143941930310992
0.5116629838621957	0.6462516697067858
0.47230429279587294	0.5142706949075126
0.44606516541832447	0.5051685587144593
0.45043835331458254	0.5142706949075126
0.43950538357393737	0.4505557415561394
0.49854342017342146	0.48241321823182604
0.5051032020178086	0.5324749672936193
0.52478254755097	0.5324749672936193
0.49854342017342146	0.5324749672936193
0.6275524631130349	0.6735580782859458
0.5466484870322603	0.5825367163554126
0.35204162564877567	0.3595343796256062
0.7106430331419386	0.750926235926899
0.7587481000007774	0.8009879849886923
0.5379021112397442	0.5006174906179327
0.33892206196000146	0.3549833115290795
0.4941702322771634	0.5324749672936193
0.734695566571358	0.750926235926899
0.7696810697414226	0.8146411892782723
0.529155735447228	0.4323514691700328
0.2951901829974206	0.21845126863327974
0.2776974314123883	0.254859813405493
0.4329456017295502	0.4551068096526661
0.7215760028825837	0.7873347806991124
0.7456285363120031	0.7372730316373192
0.52478254755097	0.47331108203877276
0.2711376495680012	0.26396194959854635
0.5116629838621957	0.5051685587144593
0.732508972623229	0.8009879849886923
0.7543749121045192	0.7008644868651057
0.3411086559081305	0.3549833115290795
0.4657445109514859	0.4960664225214061
0.5750742083579379	0.4369025372665595
0.4963568262252924	0.5961899206449925
0.5400887051878733	0.47786215013529937
0.4373187896258083	0.509719626810986
0.48323726253651816	0.5279238991970927
0.46137132305522777	0.47786215013529937
0.47230429279587294	0.5415771034866727
0.49198363832903436	0.5051685587144593
0.5029166080696795	0.5415771034866727
0.47449088674400197	0.550679239679726
0.5597680507210346	0.6189452611276258
0.5182227657065829	0.47786215013529937
0.5072897959659376	0.4642089458457194
0.5313423293953571	0.523372831100566
0.5444618930841313	0.6371495335137325
0.4941702322771634	0.5415771034866727
0.5072897959659376	0.4323514691700328
0.5641412386172927	0.5825367163554126
0.5051032020178086	0.45965787774919276
0.5204093596547119	0.4414536053630861
0.4329456017295502	0.4050450605908728
0.4788640746402601	0.41869826488045286
0.45481154121084066	0.5051685587144593
0.45043835331458254	0.5188217630040394
0.44387857147019544	0.4642089458457194
0.5007300141215505	0.47331108203877276
0.4897970443809053	0.47331108203877276
0.4897970443809053	0.45965787774919276
0.4788640746402601	0.47331108203877276
0.43950538357393737	0.4551068096526661
0.44387857147019544	0.3913918563012928
0.5116629838621957	0.4369025372665595
0.4766774806921311	0.4323514691700328
0.4657445109514859	0.48241321823182604
0.3586014074931628	0.45965787774919276
0.367347783285679	0.3413301072394996
0.38265394092258226	0.3367790391429729
0.4045198804038727	0.33222797104644625
0.3870271288188403	0.4278004010735061
0.3870271288188403	0.36408544772213286
0.37390756513006607	0.3731875839151862
0.419826038040776	0.4323514691700328
0.4569981351589697	0.5142706949075126
0.44606516541832447	0.4414536053630861
0.36953437723380805	0.3913918563012928
0.42638581988516305	0.36408544772213286
0.42857241383329214	0.45965787774919276
0.4110796622482598	0.3094726305638129
0.4110796622482598	0.3094726305638129
0.4307590077814212	0.28671729008117963
0.419826038040776	0.41414719678392614
0.4307590077814212	0.4551068096526661
0.41763944409264697	0.4642089458457194
0.367347783285679	0.34588117533602625
0.37172097118193703	0.30037049437075963
0.3476684377525176	0.2776151538881263
0.42638581988516305	0.3549833115290795
0.37828075302632425	0.3276769029499196
0.422012631988905	0.3595343796256062
0.35422821959690476	0.31402369866033963
0.3760941590781951	0.36408544772213286
0.317056122478711	0.30037049437075963
0.31268293458245294	0.29581942627423297
0.4001466925076146	0.3413301072394996
0.38921372276696936	0.3913918563012928
0.36516118933755	0.41869826488045286
0.34985503170064663	0.3094726305638129
0.3258024982712272	0.2594108815020197
0.3760941590781951	0.2776151538881263
0.35204162564877567	0.3276769029499196
0.3476684377525176	0.3868407882047662
0.30393655878993675	0.3549833115290795
0.3957735046113565	0.28671729008117963
0.38921372276696936	0.34588117533602625
0.2951901829974206	0.3413301072394996
0.36516118933755	0.33222797104644625
0.3214293103749691	0.26396194959854635
0.2930035890492915	0.31402369866033963
0.34985503170064663	0.30492156246728624
0.36078800144129186	0.3413301072394996
0.32798909221935624	0.3413301072394996
0.3083097466861949	0.268513017695073
0.2995633708936787	0.28216622198465297
0.3214293103749691	0.29581942627423297
0.34985503170064663	0.35043224343255286
0.33454887406374334	0.33222797104644625
0.2886304011530335	0.24120660911591302
0.23615214639793647	0.268513017695073
0.2842572132567754	0.23665554101938638
