WT-Tfh	WT-Th1
0.3200392251272026	0.38605587854852064
0.3495235758508142	0.3938662575943
0.34148238928982927	0.43180238438808527
0.3570286833077335	0.3938662575943
0.3339772818329099	0.42957084751786256
0.3329051236247786	0.4016766366400793
0.34362670570609194	0.41171855255608125
0.35488436689147096	0.4016766366400793
0.3672141862849812	0.40279240507519065
0.3564926042036679	0.3938662575943
0.3597090788280619	0.40948701568585866
0.3355855191451069	0.397213562899634
0.3613173161402589	0.4228762369071946
0.34737925943455156	0.4228762369071946
0.3693585027012439	0.41841316316674926
0.3634616325565216	0.47643312179253855
0.36292555345245586	0.4641596690063139
0.3591729997239962	0.46527543744142513
0.3457710221223546	0.4273393106476399
0.33719375645730393	0.44072853186897587
0.3532761295792739	0.45077044778497793
0.3747192937419006	0.4608123637009799
0.37632753105409755	0.4418443003040872
0.3634616325565216	0.4663912058765365
0.37686361015816316	0.4384969949987532
0.3634616325565216	0.4351496896934193
0.37311105642970355	0.4496546793498666
0.3779357683662945	0.4306866159529739
0.3908016668638705	0.4396127634338645
0.41653346385902246	0.4831277324032065
0.4031314862573809	0.5009800273649878
0.3725749773256379	0.47978042709787244
0.37954400567849156	0.4351496896934193
0.3956263788004615	0.4574650583956459
0.41063659371430017	0.46527543744142513
0.3961624579045272	0.47978042709787244
0.3859769549272795	0.47978042709787244
0.37900792657442584	0.47308581648720455
0.3924099041760675	0.46304390057120254
0.3859769549272795	0.4373812265636419
0.40581188177770916	0.47866465866276114
0.4293993623565985	0.4808961955329838
0.44065702354197744	0.4697385111818705
0.4256468086281388	0.4396127634338645
0.4395848653338461	0.47866465866276114
0.4310075996687955	0.47085427961698184
0.4336879951891238	0.4753173533574272
0.43744054891758344	0.4942854167543198
0.45245076383142213	0.5143692485863238
0.4465538936866998	0.5210638591969917
0.45352292203955347	0.5478423016396637
0.44065702354197744	0.5210638591969917
0.4186777802752851	0.5020957958000991
0.44869821010296246	0.5110219432809898
0.4551311593517504	0.5433792278992184
0.4277911250444015	0.5087904064107671
0.46102802949647276	0.4942854167543198
0.47443000709811445	0.5634630597312223
0.45352292203955347	0.575736512517447
0.4621001877046041	0.5679261334716676
0.4583476339761444	0.565694596601445
0.46960529516152344	0.5935888074792283
0.47496608620218006	0.6036307233952303
0.4755021653062458	0.5779680493876697
0.4910484593241501	0.575736512517447
0.4905123802200844	0.5779680493876697
0.49587317126074104	0.5690419019067791
0.5151720190071051	0.592473039044117
0.5157080981111707	0.6281776289676796
0.5280379175046811	0.6281776289676796
0.5044504369257917	0.6225987867921229
0.5092751488623828	0.6170199446165663
0.500697883197332	0.625946092097457
0.5092751488623828	0.6493772292347949
0.5237492846721556	0.6214830183570116
0.5162441772152364	0.6371037764485703
0.5103473070705141	0.592473039044117
0.5119555443827111	0.6103253340058983
0.500697883197332	0.5935888074792283
0.5060586742379888	0.6192514814867889
0.5162441772152364	0.6393353133187929
0.4529868429354878	0.6136726393112323
0.45888371308021014	0.5701576703418904
0.4256468086281388	0.5400319225938844
0.4063479608817749	0.47643312179253855
0.3961624579045272	0.45300198465520053
0.3634616325565216	0.4362654581285306
0.40045109073705254	0.4697385111818705
0.40956443550616883	0.48759080614365186
0.36882242359717826	0.4608123637009799
0.37632753105409755	0.4608123637009799
0.4181417011712195	0.5255269329374371
0.48836806380382175	0.6036307233952303
0.49855356678106943	0.6605349135859082
0.5178524145274334	0.6661137557614649
0.42671896683627014	0.5366846172885504
0.3849047967191482	0.5087904064107671
0.38168832209475423	0.48535926927342915
0.3538122086833396	0.4920538798840972
0.3441627848101576	0.45634928996053453
0.3704306609093752	0.4942854167543198
0.39723461611265853	0.5299900066778824
0.3961624579045272	0.5043273326703218
0.3747192937419006	0.4552335215254232
0.3913377459679362	0.5110219432809898
0.47764648172250845	0.5735049756472244
0.4551311593517504	0.5344530804183277
0.4390487862297805	0.5723892072121131
0.40205932804924954	0.48870657457876315
0.37150281911750654	0.47643312179253855
0.3613173161402589	0.4808961955329838
0.44869821010296246	0.555652680685443
0.42135817579561347	0.49651695362454246
0.37632753105409755	0.47754889022764985
0.3457710221223546	0.4373812265636419
0.39187382507200186	0.4920538798840972
0.43315191608505815	0.5054431011054331
0.4653166623289981	0.5311057751129937
0.4551311593517504	0.5679261334716676
0.47979079813877107	0.6069780287005643
0.49640925036480676	0.6292933974027909
0.5269657592965498	0.612556870876121
0.5366151831697317	0.6895448928988028
0.552161477187636	0.6549560714103515
0.5237492846721556	0.6348722395783476
0.5210688891518274	0.6415668501890155
0.48997630111601875	0.6103253340058983
0.5124916234867767	0.5880099653036717
0.5242853637762214	0.6002834180898963
0.5350069458575347	0.6114411024410097
0.49908964588513505	0.6114411024410097
0.5028421996135947	0.599167649654785
0.4706774533696548	0.5500738385098863
0.4615641086005385	0.5244111645023257
0.4395848653338461	0.5199480907618804
0.4149252265468255	0.5121377117161011
0.45566723845581614	0.5534211438152203
0.4320797578769268	0.538916154158773
0.44226526085417445	0.5132534801512124
0.44816213099889673	0.5177165538916578
0.4154613056508911	0.5043273326703218
0.4460178145826342	0.575736512517447
0.4433374190623058	0.4920538798840972
0.4492342892070281	0.5433792278992184
0.4154613056508911	0.5255269329374371
0.39187382507200186	0.49651695362454246
0.4229664131078105	0.5232953960672144
0.40205932804924954	0.48535926927342915
0.3999150116329868	0.4753173533574272
0.39187382507200186	0.47308581648720455
0.4074201190899062	0.45969659526586854
0.42135817579561347	0.48759080614365186
0.3913377459679362	0.4954011851894311
0.42403857131594186	0.47978042709787244
0.39348206238419886	0.48535926927342915
0.39509029969639586	0.4831277324032065
0.39777069521672415	0.45634928996053453
0.3956263788004615	0.45969659526586854
0.4031314862573809	0.5266427013725484
0.3875851922394766	0.45300198465520053
0.36238947434839025	0.4842435008383178
0.3779357683662945	0.4920538798840972
0.3634616325565216	0.4697385111818705
0.36882242359717826	0.42064470003697196
0.37364713553376927	0.46750697431164784
0.38008008478255717	0.4429600687391986
0.3479153385386173	0.4384969949987532
0.35434828778740524	0.4161816262965266
0.3570286833077335	0.40390817351030195
0.35756476241179924	0.4396127634338645
0.36238947434839025	0.4351496896934193
0.3409463101857636	0.4139500894263039
0.34684318033048595	0.4016766366400793
0.3377298355613696	0.4139500894263039
0.3666781071809156	0.43180238438808527
0.3618533952443246	0.4463073740445326
0.3538122086833396	0.44853891091475523
0.3446988639142233	0.43291815282319657
0.3773996892622289	0.4585808268307572
0.3291525698963189	0.40948701568585866
0.34148238928982927	0.4440758371743099
0.33183296541664725	0.39275048915918864
0.31307019677434894	0.37824549950274133
0.300204298276773	0.37824549950274133
0.3184309878150056	0.36262474141118267
0.31467843408654594	0.3682035835867394
0.3329051236247786	0.36931935202185073
0.3345133609369756	0.3425409095791787
0.30824548483775793	0.3425409095791787
0.31360627587841466	0.3403093727089561
0.2948435072361163	0.3570458992356261
0.27018386844909564	0.3258043830525088
0.3012764564849043	0.34700398331962407
0.29537958634018197	0.33919360427384476
0.29537958634018197	0.3347305305333994
0.28036937142634333	0.3570458992356261
0.28894663709139395	0.30683631965561614
0.279297213218212	0.3425409095791787
0.3087815639418236	0.3403093727089561
0.28626624157106567	0.3559301308005147
