WT-Tfh	WT-Th1
0.22945664492918272	0.3880334819128214
0.3059421932389103	0.3382855996163059
0.24857803200661463	0.2686385644011841
0.33462427385505816	0.24873941148257786
0.3155028867776263	0.348235176075609
0.3250635803163422	0.25868898794188094
0.3489653141631321	0.27858814086048717
0.32028323354698424	0.25868898794188094
0.3298439270857002	0.30843687023839655
0.2724797658534045	0.30843687023839655
0.2963814997001944	0.3382855996163059
0.31072254000826827	0.3681343289942152
0.31072254000826827	0.30843687023839655
0.2820404593921204	0.19899152918606228
0.25813872554533057	0.3183864466976996
0.24379768523725664	0.3283360231570028
0.35852600770184806	0.3183864466976996
0.3155028867776263	0.348235176075609
0.3059421932389103	0.39798305837212455
0.35852600770184806	0.20894110564536542
0.3155028867776263	0.3581847525349121
0.4015491286260698	0.25868898794188094
0.3298439270857002	0.28853771731979033
0.3155028867776263	0.2984872937790934
0.26769941908404654	0.2686385644011841
0.44935259631964947	0.46763009358724633
0.3489653141631321	0.348235176075609
0.2724797658534045	0.25868898794188094
0.33462427385505816	0.25868898794188094
0.3298439270857002	0.2984872937790934
0.26769941908404654	0.28853771731979033
0.3155028867776263	0.3880334819128214
0.3298439270857002	0.3382855996163059
0.3298439270857002	0.30843687023839655
0.37286704800992193	0.3581847525349121
0.3298439270857002	0.39798305837212455
0.3059421932389103	0.3283360231570028
0.3489653141631321	0.27858814086048717
0.3776473947792799	0.3283360231570028
0.4541329430890075	0.3382855996163059
0.3298439270857002	0.37808390545351833
0.2963814997001944	0.2984872937790934
0.3824277415486379	0.3183864466976996
0.4111098221647857	0.40793263483142767
0.3824277415486379	0.3581847525349121
0.2916011529308364	0.3681343289942152
0.3776473947792799	0.348235176075609
0.43023120924221764	0.3382855996163059
0.3059421932389103	0.27858814086048717
0.3059421932389103	0.3581847525349121
0.33462427385505816	0.24873941148257786
0.4015491286260698	0.3382855996163059
0.4254508624728596	0.4278317877500339
0.5258381446293771	0.3880334819128214
0.32028323354698424	0.3283360231570028
0.31072254000826827	0.3382855996163059
0.38720808831799586	0.2686385644011841
0.4828150237051553	0.4477309406686401
0.45891328985836544	0.3283360231570028
0.38720808831799586	0.4477309406686401
0.38720808831799586	0.30843687023839655
0.4111098221647857	0.2984872937790934
0.40632947539542774	0.30843687023839655
0.4828150237051553	0.5074283994244588
0.46369363662772345	0.4974788229651557
0.4828150237051553	0.3382855996163059
0.3441849673937741	0.3382855996163059
0.4541329430890075	0.3283360231570028
0.38720808831799586	0.41788221129073083
0.44935259631964947	0.5173779758837619
0.38720808831799586	0.3382855996163059
0.4254508624728596	0.3382855996163059
0.35852600770184806	0.28853771731979033
0.3776473947792799	0.24873941148257786
0.45891328985836544	0.4974788229651557
0.4875953704745133	0.3283360231570028
0.3489653141631321	0.348235176075609
0.35852600770184806	0.28853771731979033
0.4254508624728596	0.39798305837212455
0.4111098221647857	0.3581847525349121
0.4445722495502915	0.41788221129073083
0.35852600770184806	0.3681343289942152
0.3967687818567118	0.437781364209337
0.4350115560115756	0.4278317877500339
0.4445722495502915	0.40793263483142767
0.35374566093249005	0.2984872937790934
0.3489653141631321	0.28853771731979033
0.27726011262276246	0.2984872937790934
0.2533583787759726	0.22884025856397164
0.3298439270857002	0.3183864466976996
0.25813872554533057	0.23878983502327472
0.33462427385505816	0.2984872937790934
0.4111098221647857	0.28853771731979033
0.3011618464695523	0.23878983502327472
0.2533583787759726	0.24873941148257786
0.2820404593921204	0.19899152918606228
0.24857803200661463	0.19899152918606228
0.39198843508735387	0.3183864466976996
0.4015491286260698	0.348235176075609
0.37286704800992193	0.28853771731979033
0.40632947539542774	0.527327552343065
0.4684739833970814	0.40793263483142767
0.31072254000826827	0.3283360231570028
0.22467629815982473	0.19899152918606228
0.2533583787759726	0.11939491751163736
0.24857803200661463	0.23878983502327472
0.33462427385505816	0.28853771731979033
0.2963814997001944	0.348235176075609
0.4015491286260698	0.37808390545351833
0.3011618464695523	0.22884025856397164
0.3394046206244161	0.24873941148257786
0.25813872554533057	0.27858814086048717
0.2963814997001944	0.2686385644011841
0.363306354471206	0.2984872937790934
0.5019364107825872	0.2984872937790934
0.40632947539542774	0.37808390545351833
0.35852600770184806	0.3283360231570028
0.31072254000826827	0.23878983502327472
0.3394046206244161	0.348235176075609
0.4015491286260698	0.39798305837212455
0.4015491286260698	0.3183864466976996
0.4015491286260698	0.30843687023839655
0.3680867012405639	0.23878983502327472
0.3441849673937741	0.20894110564536542
0.32028323354698424	0.22884025856397164
0.3489653141631321	0.2686385644011841
0.3298439270857002	0.3382855996163059
0.3680867012405639	0.28853771731979033
0.33462427385505816	0.25868898794188094
0.3155028867776263	0.22884025856397164
0.3776473947792799	0.17909237626745605
0.3394046206244161	0.2686385644011841
0.4445722495502915	0.3382855996163059
0.3680867012405639	0.24873941148257786
0.33462427385505816	0.3581847525349121
0.40632947539542774	0.30843687023839655
0.3155028867776263	0.3283360231570028
0.3967687818567118	0.3382855996163059
0.363306354471206	0.3681343289942152
0.43023120924221764	0.437781364209337
0.38720808831799586	0.30843687023839655
0.38720808831799586	0.39798305837212455
0.43023120924221764	0.3681343289942152
0.3441849673937741	0.3581847525349121
0.33462427385505816	0.348235176075609
0.45891328985836544	0.3681343289942152
0.3059421932389103	0.3183864466976996
0.26769941908404654	0.28853771731979033
0.3250635803163422	0.18904195272675917
0.3776473947792799	0.3283360231570028
0.37286704800992193	0.30843687023839655
0.3967687818567118	0.22884025856397164
0.3441849673937741	0.4278317877500339
0.3824277415486379	0.28853771731979033
0.35852600770184806	0.3681343289942152
0.3441849673937741	0.3681343289942152
0.363306354471206	0.3880334819128214
0.2007745643130349	0.25868898794188094
0.38720808831799586	0.2686385644011841
0.4111098221647857	0.30843687023839655
0.3680867012405639	0.27858814086048717
0.4111098221647857	0.3581847525349121
0.3776473947792799	0.28853771731979033
0.3298439270857002	0.3581847525349121
0.32028323354698424	0.40793263483142767
0.3059421932389103	0.24873941148257786
0.31072254000826827	0.25868898794188094
0.31072254000826827	0.27858814086048717
0.3011618464695523	0.25868898794188094
0.37286704800992193	0.3681343289942152
0.3489653141631321	0.3382855996163059
0.32028323354698424	0.24873941148257786
0.32028323354698424	0.28853771731979033
0.2916011529308364	0.20894110564536542
0.3011618464695523	0.2984872937790934
0.35374566093249005	0.3183864466976996
0.32028323354698424	0.25868898794188094
0.3250635803163422	0.27858814086048717
0.2724797658534045	0.17909237626745605
0.2533583787759726	0.22884025856397164
0.27726011262276246	0.22884025856397164
0.3250635803163422	0.30843687023839655
0.3776473947792799	0.3382855996163059
0.32028323354698424	0.20894110564536542
0.2390173384678987	0.22884025856397164
0.20555491108239285	0.16914279980815294
0.2820404593921204	0.22884025856397164
0.25813872554533057	0.2188906821046685
0.32028323354698424	0.30843687023839655
0.26769941908404654	0.24873941148257786
0.2342369916985407	0.22884025856397164
0.24379768523725664	0.24873941148257786
0.3394046206244161	0.24873941148257786
0.21033525785175083	0.20894110564536542
0.21033525785175083	0.18904195272675917
0.2342369916985407	0.11939491751163736
0.2390173384678987	0.20894110564536542
0.26291907231468853	0.23878983502327472
0.24379768523725664	0.19899152918606228
0.3155028867776263	0.2188906821046685
