DKO	Bcl6KO
0.4591400356317018	0.5292719578384028
0.43432165532728545	0.5141499019001627
0.3350481341096202	0.36292934251776193
0.3846848947184528	0.39317345439424206
0.37227570456624465	0.4385396222089623
0.32263894395741205	0.3175631747030417
0.5087767962405344	0.6502484053443235
0.3846848947184528	0.3478072865795218
0.34745732426182835	0.378051398456002
0.40950327502286915	0.36292934251776193
0.2481838030441631	0.27219700688832144
0.3598665144140365	0.4385396222089623
0.40950327502286915	0.36292934251776193
0.37227570456624465	0.3024411187648016
0.4467308454794936	0.4990278459619226
0.5832319371537834	0.4536616781472024
0.5211859863927425	0.5141499019001627
0.34745732426182835	0.378051398456002
0.2730021833485794	0.2268308390736012
0.29782056365299575	0.3024411187648016
0.5087767962405344	0.39317345439424206
0.4591400356317018	0.4385396222089623
0.43432165532728545	0.4990278459619226
0.32263894395741205	0.4385396222089623
0.397094084870661	0.39317345439424206
0.32263894395741205	0.3175631747030417
0.4591400356317018	0.42341756627072225
0.5460043666971588	0.6200042934678434
0.4591400356317018	0.4687837340854425
0.5708227470015752	0.5897601815913631
0.4591400356317018	0.3478072865795218
0.43432165532728545	0.378051398456002
0.5832319371537834	0.574638125653123
0.3598665144140365	0.4536616781472024
0.4467308454794936	0.6200042934678434
0.4467308454794936	0.4687837340854425
0.5460043666971588	0.6502484053443235
0.6204595076104078	0.6048822375296032
0.6204595076104078	0.6048822375296032
0.7073238386758649	0.6351263494060834
0.6204595076104078	0.559516069714883
0.4591400356317018	0.4536616781472024
0.5460043666971588	0.5141499019001627
0.32263894395741205	0.36292934251776193
0.4839584159361181	0.5292719578384028
0.6080503174581997	0.378051398456002
0.5211859863927425	0.4536616781472024
0.5460043666971588	0.7712248528502441
0.558413556849367	0.5141499019001627
0.3846848947184528	0.5897601815913631
0.5460043666971588	0.574638125653123
0.5708227470015752	0.42341756627072225
0.6204595076104078	0.5292719578384028
0.5335951765449507	0.6200042934678434
0.5708227470015752	0.4990278459619226
0.558413556849367	0.7107366290972839
0.5211859863927425	0.4990278459619226
0.4591400356317018	0.4990278459619226
0.558413556849367	0.6502484053443235
0.5708227470015752	0.574638125653123
0.4591400356317018	0.5292719578384028
0.5708227470015752	0.574638125653123
0.6204595076104078	0.48390579002368256
0.6452778879148241	0.6200042934678434
0.5956411273059915	0.5292719578384028
0.4467308454794936	0.3024411187648016
0.5087767962405344	0.559516069714883
0.43432165532728545	0.39317345439424206
0.4467308454794936	0.39317345439424206
0.5211859863927425	0.4687837340854425
0.4467308454794936	0.378051398456002
0.5335951765449507	0.39317345439424206
0.397094084870661	0.2873190628265615
0.558413556849367	0.33268523064128175
0.5956411273059915	0.4536616781472024
0.4219124651750773	0.4536616781472024
0.40950327502286915	0.4536616781472024
0.558413556849367	0.6351263494060834
0.6452778879148241	0.42341756627072225
0.4715492257839099	0.4082955103324822
0.4715492257839099	0.3478072865795218
0.5956411273059915	0.42341756627072225
0.558413556849367	0.4990278459619226
0.5460043666971588	0.4687837340854425
0.4467308454794936	0.6502484053443235
0.43432165532728545	0.33268523064128175
0.32263894395741205	0.18146467125888097
0.6949146485236567	0.740980740973764
0.6576870780670323	0.6804925172208036
0.4715492257839099	0.5141499019001627
0.3598665144140365	0.3175631747030417
0.3846848947184528	0.3175631747030417
0.6204595076104078	0.6351263494060834
0.7321422189802812	0.8619571884796846
0.7073238386758649	0.48390579002368256
0.43432165532728545	0.42341756627072225
0.3350481341096202	0.5141499019001627
0.6949146485236567	0.4536616781472024
0.6700962682192404	0.8014689647267242
0.43432165532728545	0.4082955103324822
0.40950327502286915	0.3024411187648016
0.34745732426182835	0.3175631747030417
0.6700962682192404	0.6351263494060834
0.6949146485236567	0.4990278459619226
0.40950327502286915	0.33268523064128175
0.4839584159361181	0.5292719578384028
0.7073238386758649	0.6956145731590436
0.9058708811111954	0.8014689647267242
0.632868697762616	0.4990278459619226
0.26059299319637125	0.3478072865795218
0.43432165532728545	0.2873190628265615
0.5708227470015752	0.36292934251776193
0.5335951765449507	0.4385396222089623
0.43432165532728545	0.5141499019001627
0.26059299319637125	0.3478072865795218
0.4963676060883262	0.4536616781472024
0.5460043666971588	0.6804925172208036
0.5087767962405344	0.5443940137766429
0.558413556849367	0.6804925172208036
0.6452778879148241	0.574638125653123
0.5460043666971588	0.5292719578384028
0.4963676060883262	0.574638125653123
0.4715492257839099	0.6351263494060834
0.5087767962405344	0.7107366290972839
0.5708227470015752	0.7107366290972839
0.5956411273059915	0.6351263494060834
0.5832319371537834	0.6351263494060834
0.3350481341096202	0.4536616781472024
0.397094084870661	0.378051398456002
0.5335951765449507	0.6200042934678434
0.5335951765449507	0.5292719578384028
0.5087767962405344	0.4990278459619226
0.4467308454794936	0.4990278459619226
0.4963676060883262	0.378051398456002
0.43432165532728545	0.4536616781472024
0.4591400356317018	0.24195289501184128
0.3598665144140365	0.36292934251776193
0.5335951765449507	0.378051398456002
0.4839584159361181	0.4687837340854425
0.558413556849367	0.5897601815913631
0.6204595076104078	0.4385396222089623
0.43432165532728545	0.4990278459619226
0.37227570456624465	0.378051398456002
0.5087767962405344	0.3175631747030417
0.558413556849367	0.4536616781472024
0.632868697762616	0.5292719578384028
0.5087767962405344	0.48390579002368256
0.4839584159361181	0.5443940137766429
0.5087767962405344	0.378051398456002
0.4715492257839099	0.39317345439424206
0.6204595076104078	0.4082955103324822
0.5956411273059915	0.42341756627072225
0.6080503174581997	0.5443940137766429
0.5087767962405344	0.6200042934678434
0.6204595076104078	0.5141499019001627
0.5832319371537834	0.42341756627072225
0.5460043666971588	0.574638125653123
0.558413556849367	0.5292719578384028
0.34745732426182835	0.4385396222089623
0.5335951765449507	0.42341756627072225
0.40950327502286915	0.4536616781472024
0.37227570456624465	0.33268523064128175
0.397094084870661	0.378051398456002
0.4591400356317018	0.4536616781472024
0.4591400356317018	0.48390579002368256
0.4467308454794936	0.5292719578384028
0.3350481341096202	0.36292934251776193
0.4839584159361181	0.5292719578384028
0.4715492257839099	0.4990278459619226
0.43432165532728545	0.4536616781472024
0.40950327502286915	0.4687837340854425
0.32263894395741205	0.4082955103324822
0.37227570456624465	0.3175631747030417
0.5460043666971588	0.6200042934678434
0.3846848947184528	0.3024411187648016
0.4963676060883262	0.3175631747030417
0.4715492257839099	0.4082955103324822
0.40950327502286915	0.24195289501184128
0.6080503174581997	0.6502484053443235
0.4219124651750773	0.5141499019001627
0.5335951765449507	0.559516069714883
0.5708227470015752	0.4990278459619226
0.4219124651750773	0.4082955103324822
0.4839584159361181	0.4990278459619226
0.6204595076104078	0.4687837340854425
0.5956411273059915	0.4385396222089623
0.34745732426182835	0.3478072865795218
0.3598665144140365	0.2873190628265615
0.5087767962405344	0.36292934251776193
0.43432165532728545	0.4385396222089623
0.4715492257839099	0.4990278459619226
0.4219124651750773	0.5141499019001627
0.558413556849367	0.6048822375296032
0.3846848947184528	0.4536616781472024
0.397094084870661	0.4536616781472024
0.43432165532728545	0.3478072865795218
0.43432165532728545	0.3175631747030417
0.397094084870661	0.3478072865795218
0.4715492257839099	0.559516069714883
0.6080503174581997	0.378051398456002
