DKO	Bcl6KO
0.5535877606790639	0.5059587882669494
0.515843140632764	0.5519550417457629
0.4151908205092979	0.4829606615275426
0.515843140632764	0.49062670377401146
0.5284246806481974	0.5596210839922319
0.4655169805710309	0.4139662813093222
0.40890005050158124	0.5749531684851698
0.4466446705478811	0.4216323235557911
0.49068006060189745	0.4139662813093222
0.5472969906713472	0.49829274602048046
0.4466446705478811	0.4676285770346047
0.44035390054016443	0.5212908727598872
0.5410062206636306	0.544288999499294
0.5724600707022137	0.5059587882669494
0.49697083060961417	0.5826192107316387
0.4466446705478811	0.5519550417457629
0.37115543045528143	0.4752946192810737
0.6290770007716634	0.5212908727598872
0.585041610717647	0.5826192107316387
0.6290770007716634	0.5136248305134183
0.49068006060189745	0.5749531684851698
0.42777236052473117	0.4599625347881358
0.4340631305324478	0.436964408048729
0.515843140632764	0.6132833797175145
0.4026092804938646	0.42929836580226005
0.5221339106404806	0.49062670377401146
0.3648646604475648	0.4522964925416668
0.5284246806481974	0.544288999499294
0.47180775057874763	0.5136248305134183
0.48438929059418084	0.5136248305134183
0.5410062206636306	0.5902852529781076
0.5598785306867805	0.5979512952245765
0.4655169805710309	0.536622957252825
0.5472969906713472	0.5749531684851698
0.515843140632764	0.4829606615275426
0.5913323807253636	0.6362815064569212
0.534715450655914	0.5596210839922319
0.6794031608333966	0.5902852529781076
0.6605308508102467	0.6439475487033901
0.5410062206636306	0.6362815064569212
0.6982754708565465	0.651613590949859
0.5913323807253636	0.6286154642104522
0.6227862307639468	0.5902852529781076
0.6039139207407969	0.7129419289216105
0.5661693006944971	0.6132833797175145
0.5598785306867805	0.5672871262387007
0.5598785306867805	0.5289569150063562
0.5724600707022137	0.5596210839922319
0.48438929059418084	0.5902852529781076
0.6794031608333966	0.7052758866751415
0.7108570108719797	0.6669456754427968
0.5913323807253636	0.651613590949859
0.6668216208179634	0.6209494219639833
0.5913323807253636	0.6132833797175145
0.6290770007716634	0.659279633196328
0.7108570108719797	0.7052758866751415
0.7045662408642631	0.7896023513862998
0.6479493107948134	0.5672871262387007
0.5598785306867805	0.7206079711680794
0.7108570108719797	0.8202665203721755
0.773764710949146	0.7052758866751415
0.7800554809568627	0.8126004781257066
0.5410062206636306	0.7129419289216105
0.6102046907485136	0.7052758866751415
0.5787508407099303	0.659279633196328
0.6416585407870967	0.7052758866751415
0.7800554809568627	0.7666042246468929
0.6227862307639468	0.6976098444286726
0.6919847008488298	0.8969269428368648
0.7297293208951297	0.7359400556610172
0.7548924009259962	0.6286154642104522
0.7926370209722959	0.8815948583439269
0.7297293208951297	0.7666042246468929
0.6353677707793801	0.6746117176892659
0.6919847008488298	0.8892609005903959
0.7486016309182795	0.7896023513862998
0.8681262610648957	0.8815948583439269
0.8115093309954459	0.7819363091398309
0.723438550887413	0.7436060979074862
0.7423108609105629	0.7359400556610172
0.6856939308411132	0.8509306893580513
0.6982754708565465	0.7282740134145483
0.7171477808796963	0.6669456754427968
0.5913323807253636	0.7512721401539552
0.6290770007716634	0.6439475487033901
0.49697083060961417	0.6286154642104522
0.5032616006173308	0.6669456754427968
0.40890005050158124	0.4676285770346047
0.4529354405555977	0.4216323235557911
0.48438929059418084	0.5672871262387007
0.585041610717647	0.7512721401539552
0.773764710949146	0.7972683936327687
0.7108570108719797	0.8279325626186445
0.5787508407099303	0.6439475487033901
0.5535877606790639	0.7512721401539552
0.5032616006173308	0.5979512952245765
0.723438550887413	0.7819363091398309
0.6794031608333966	0.8126004781257066
0.7297293208951297	0.6439475487033901
0.39002774047843136	0.39096815456991546
0.19501387023921568	0.21464918290113003
0.35228312043213156	0.32197377435169505
0.5221339106404806	0.49829274602048046
0.7423108609105629	0.7512721401539552
0.8618354910571789	0.9352571540692094
0.6856939308411132	0.7666042246468929
0.49697083060961417	0.536622957252825
0.5410062206636306	0.5519550417457629
0.585041610717647	0.6899438021822036
0.6605308508102467	0.7282740134145483
0.5095523706250474	0.5596210839922319
0.4592262105633143	0.39096815456991546
0.3334108104089817	0.4139662813093222
0.4151908205092979	0.4063002390628533
0.47809852058646424	0.5596210839922319
0.6102046907485136	0.5672871262387007
0.7045662408642631	0.6056173374710455
0.4529354405555977	0.536622957252825
0.515843140632764	0.5902852529781076
0.6102046907485136	0.5136248305134183
0.7108570108719797	0.8355986048651133
0.8240908710108792	0.8815948583439269
0.7674739409414294	0.7589381824004241
0.65424008080253	0.6899438021822036
0.65424008080253	0.5979512952245765
0.6919847008488298	0.7819363091398309
0.585041610717647	0.7666042246468929
0.6227862307639468	0.6286154642104522
0.7045662408642631	0.7972683936327687
0.6982754708565465	0.7589381824004241
0.6982754708565465	0.7512721401539552
0.6353677707793801	0.6822777599357348
0.723438550887413	0.6822777599357348
0.5913323807253636	0.7359400556610172
0.6794031608333966	0.6822777599357348
0.6668216208179634	0.7819363091398309
0.6605308508102467	0.7819363091398309
0.6039139207407969	0.6899438021822036
0.47809852058646424	0.6746117176892659
0.5535877606790639	0.5749531684851698
0.6039139207407969	0.6362815064569212
0.5661693006944971	0.6132833797175145
0.6039139207407969	0.6899438021822036
0.5284246806481974	0.6669456754427968
0.6102046907485136	0.7282740134145483
0.6227862307639468	0.7129419289216105
0.5032616006173308	0.6132833797175145
0.5284246806481974	0.659279633196328
0.515843140632764	0.5289569150063562
0.5661693006944971	0.6439475487033901
0.5913323807253636	0.6822777599357348
0.515843140632764	0.6746117176892659
0.5221339106404806	0.5596210839922319
0.49068006060189745	0.5672871262387007
0.5724600707022137	0.5289569150063562
0.39631851048614797	0.44463045029519793
0.4529354405555977	0.4829606615275426
0.47180775057874763	0.544288999499294
0.4340631305324478	0.42929836580226005
0.5661693006944971	0.5059587882669494
0.47809852058646424	0.49062670377401146
0.5976231507330803	0.6209494219639833
0.47180775057874763	0.544288999499294
0.49697083060961417	0.4676285770346047
0.4529354405555977	0.4139662813093222
0.42148159051701456	0.436964408048729
0.49068006060189745	0.49062670377401146
0.49697083060961417	0.536622957252825
0.5221339106404806	0.436964408048729
0.5095523706250474	0.49829274602048046
0.49068006060189745	0.4752946192810737
0.5535877606790639	0.6132833797175145
0.4340631305324478	0.4676285770346047
0.4466446705478811	0.4599625347881358
0.44035390054016443	0.436964408048729
0.4529354405555977	0.4522964925416668
0.42777236052473117	0.44463045029519793
0.3648646604475648	0.44463045029519793
0.39002774047843136	0.42929836580226005
0.39631851048614797	0.4216323235557911
0.42777236052473117	0.4676285770346047
0.47180775057874763	0.536622957252825
0.4529354405555977	0.4829606615275426
0.49697083060961417	0.49062670377401146
0.47180775057874763	0.3449719010911018
0.3648646604475648	0.39096815456991546
0.44035390054016443	0.49829274602048046
0.5032616006173308	0.5136248305134183
0.48438929059418084	0.4599625347881358
0.3648646604475648	0.4216323235557911
0.42148159051701456	0.3603039855840397
0.39002774047843136	0.44463045029519793
0.4466446705478811	0.49062670377401146
0.534715450655914	0.544288999499294
0.4655169805710309	0.5212908727598872
0.3334108104089817	0.436964408048729
0.3774462004629981	0.4139662813093222
0.4026092804938646	0.4063002390628533
0.3082477303781151	0.38330211232344646
0.39002774047843136	0.38330211232344646
