DKO	Bcl6KO
0.5202280504100982	0.5402728448337821
0.546239452930603	0.5118374319477935
0.6762964655331276	0.6113613770487534
0.49421664788959324	0.4123134868468337
0.39017103780757356	0.5829259641627649
0.4682052453690883	0.5544905512767764
0.572250855451108	0.696667615706719
0.7283192705741374	0.7535384414786961
0.8843876856971669	0.639796789934742
0.3641596352870687	0.3838780739608452
0.23410262268454415	0.31278954174587387
0.7023078680536325	0.6113613770487534
0.5982622579716128	0.7535384414786961
0.6762964655331276	0.5971436706057592
0.44219384284858343	0.3838780739608452
0.44219384284858343	0.6682322028207305
0.5982622579716128	0.6255790834917477
0.8583762831766619	0.9525863316806159
0.8583762831766619	0.8246269736936674
0.7283192705741374	0.5544905512767764
0.5982622579716128	0.639796789934742
0.8323648806561571	0.7251030285927076
0.9884332957791865	0.909933212351633
0.9364104907381766	0.9241509187946273
0.7023078680536325	0.7535384414786961
0.546239452930603	0.6682322028207305
0.546239452930603	0.7251030285927076
0.5982622579716128	0.7535384414786961
0.8323648806561571	0.7535384414786961
0.7283192705741374	0.7108853221497133
1.0664675033407012	1.009457157452593
0.8843876856971669	0.9668040381236102
0.9884332957791865	0.8246269736936674
0.7543306730946424	0.7535384414786961
0.9103990882176719	1.023674863895587
1.092478905861206	0.696667615706719
0.7543306730946424	0.7677561479216904
0.8583762831766619	0.696667615706719
0.9884332957791865	0.6113613770487534
1.0404561008201965	0.8672800930226503
0.9103990882176719	0.8388446801366617
0.546239452930603	0.696667615706719
0.546239452930603	0.7961915608076788
0.7803420756151471	0.7535384414786961
0.5982622579716128	0.9952394510095987
1.5606841512302942	1.1658519283255298
1.1965245159432256	1.2085050476545125
0.6762964655331276	0.696667615706719
0.8063534781356522	0.5971436706057592
0.7283192705741374	0.8246269736936674
0.9364104907381766	1.0805456896675643
0.9884332957791865	0.8246269736936674
0.6762964655331276	0.6682322028207305
0.9364104907381766	0.8957155059086387
0.5202280504100982	0.6255790834917477
0.7023078680536325	0.8246269736936674
0.9884332957791865	0.9241509187946273
0.6242736604921179	0.7677561479216904
0.8063534781356522	0.8672800930226503
0.4682052453690883	0.5402728448337821
0.8063534781356522	0.6113613770487534
0.9624218932586817	0.8672800930226503
1.0144446982996915	0.9241509187946273
0.8843876856971669	1.0947633961105585
0.8843876856971669	0.7393207350357018
0.7803420756151471	0.6113613770487534
0.6762964655331276	0.6824499092637248
0.9103990882176719	0.8530623865796559
0.9364104907381766	0.8672800930226503
1.144501710902216	1.123198808996547
0.9364104907381766	1.1516342218825355
0.8583762831766619	0.8246269736936674
0.6502850630126227	0.8104092672506732
0.8583762831766619	0.909933212351633
1.0404561008201965	1.023674863895587
0.9103990882176719	1.06632798322457
0.8583762831766619	1.0378925703385813
1.1965245159432256	1.06632798322457
0.9364104907381766	0.909933212351633
1.0664675033407012	0.9810217445666043
1.404615736107265	0.9668040381236102
1.092478905861206	0.9525863316806159
0.9103990882176719	0.9668040381236102
0.7023078680536325	0.8104092672506732
0.7543306730946424	0.8246269736936674
0.8323648806561571	0.8814977994656444
0.7803420756151471	0.696667615706719
0.9884332957791865	0.7251030285927076
0.7283192705741374	0.7819738543646847
0.7023078680536325	0.7251030285927076
0.9884332957791865	0.8530623865796559
0.8323648806561571	0.9241509187946273
0.7023078680536325	0.7393207350357018
0.3381482327665638	0.4834020190618051
0.7803420756151471	0.8530623865796559
0.8063534781356522	1.023674863895587
0.5202280504100982	0.6540144963777362
0.7803420756151471	0.9383686252376215
0.6242736604921179	0.7819738543646847
0.8063534781356522	0.8388446801366617
0.8063534781356522	0.7961915608076788
0.546239452930603	0.5260551383907879
0.8583762831766619	0.7961915608076788
0.41618244032807855	0.9668040381236102
0.5202280504100982	0.5829259641627649
0.9103990882176719	1.123198808996547
0.7283192705741374	0.8246269736936674
0.4682052453690883	0.7108853221497133
0.9624218932586817	1.0521102767815758
1.2225359184637308	0.9525863316806159
0.8323648806561571	0.9668040381236102
0.4682052453690883	0.5971436706057592
0.8063534781356522	0.7677561479216904
0.9103990882176719	0.7819738543646847
1.2485473209842357	1.023674863895587
0.9103990882176719	0.9383686252376215
0.8063534781356522	0.8672800930226503
0.8843876856971669	0.7677561479216904
0.8323648806561571	0.8104092672506732
1.1965245159432256	1.1089811025535528
1.2485473209842357	1.1516342218825355
0.9103990882176719	0.8672800930226503
1.0664675033407012	0.8388446801366617
0.9884332957791865	0.8530623865796559
1.3265815285457503	1.023674863895587
1.170513113422721	0.9668040381236102
0.6762964655331276	0.8957155059086387
0.5202280504100982	0.6824499092637248
0.5982622579716128	0.6255790834917477
0.8323648806561571	0.9383686252376215
0.9884332957791865	1.0947633961105585
0.8843876856971669	0.7393207350357018
0.8843876856971669	0.696667615706719
0.8063534781356522	0.7251030285927076
0.7543306730946424	0.8246269736936674
0.8063534781356522	0.8246269736936674
0.8063534781356522	0.8530623865796559
0.8323648806561571	0.7961915608076788
0.5982622579716128	0.6113613770487534
0.8583762831766619	0.7108853221497133
0.7543306730946424	0.8388446801366617
0.8323648806561571	0.8814977994656444
0.6242736604921179	0.8246269736936674
0.6502850630126227	0.8246269736936674
0.7023078680536325	0.6540144963777362
0.6762964655331276	0.7819738543646847
0.8323648806561571	0.7677561479216904
1.0664675033407012	0.6824499092637248
0.7543306730946424	1.0378925703385813
0.8063534781356522	0.7819738543646847
0.7283192705741374	0.6113613770487534
0.6762964655331276	0.7677561479216904
0.8843876856971669	0.7677561479216904
0.9103990882176719	1.1089811025535528
0.8583762831766619	0.8388446801366617
0.49421664788959324	0.6824499092637248
0.6502850630126227	0.7393207350357018
0.7543306730946424	0.7535384414786961
0.6242736604921179	0.9241509187946273
0.8843876856971669	0.909933212351633
0.4682052453690883	0.639796789934742
0.7803420756151471	0.696667615706719
0.7023078680536325	0.7677561479216904
0.7023078680536325	0.9383686252376215
0.8323648806561571	0.696667615706719
0.8063534781356522	0.7393207350357018
0.8843876856971669	0.7108853221497133
0.7023078680536325	0.8672800930226503
0.8063534781356522	0.7819738543646847
0.7283192705741374	0.8388446801366617
0.7543306730946424	0.8388446801366617
0.39017103780757356	0.7108853221497133
0.6242736604921179	0.5687082577197706
0.546239452930603	0.6540144963777362
0.8583762831766619	0.8104092672506732
0.5982622579716128	0.7819738543646847
0.8583762831766619	0.6682322028207305
0.7283192705741374	0.7819738543646847
0.6502850630126227	0.8388446801366617
0.7283192705741374	0.7393207350357018
0.7803420756151471	0.5829259641627649
0.572250855451108	0.7535384414786961
0.6762964655331276	0.6113613770487534
0.572250855451108	0.909933212351633
0.8583762831766619	0.7251030285927076
0.6502850630126227	0.5544905512767764
0.546239452930603	0.4407488997328222
0.5202280504100982	0.5829259641627649
0.5982622579716128	0.5402728448337821
0.572250855451108	0.5829259641627649
0.6242736604921179	0.696667615706719
0.4682052453690883	0.5402728448337821
0.6242736604921179	0.5971436706057592
0.49421664788959324	0.4834020190618051
0.286125427725554	0.3980957804038394
0.7023078680536325	0.639796789934742
0.49421664788959324	0.4123134868468337
0.44219384284858343	0.5829259641627649
0.7803420756151471	0.7251030285927076
0.546239452930603	0.4549666061758165
