WT	KO
0.05562105237031852	0.15102195377523223
0.18540350790106178	0.15102195377523223
0.2781052618515926	0.32361847237549757
0.11124210474063705	0.2373202130753649
0.2224842094812741	0.30204390755046445
0.16686315711095556	0.32361847237549757
0.12978245553074325	0.2373202130753649
0.1483228063208494	0.12944738895019903
0.16686315711095556	0.2804693427254313
0.18540350790106178	0.2373202130753649
0.18540350790106178	0.1725965186002654
0.11124210474063705	0.2373202130753649
0.24102456027138028	0.2373202130753649
0.2224842094812741	0.21574564825033174
0.2781052618515926	0.19417108342529854
0.20394385869116793	0.21574564825033174
0.315185963431805	0.2373202130753649
0.16686315711095556	0.30204390755046445
0.09270175395053089	0.2804693427254313
0.2224842094812741	0.1725965186002654
0.1483228063208494	0.2804693427254313
0.2595649110614865	0.30204390755046445
0.16686315711095556	0.30204390755046445
0.2781052618515926	0.3883421668505971
0.20394385869116793	0.25889477790039805
0.20394385869116793	0.10787282412516587
0.2224842094812741	0.36676760202556397
0.2224842094812741	0.2373202130753649
0.1483228063208494	0.21574564825033174
0.2595649110614865	0.3451930372005308
0.24102456027138028	0.2804693427254313
0.16686315711095556	0.2373202130753649
0.11124210474063705	0.15102195377523223
0.09270175395053089	0.32361847237549757
0.20394385869116793	0.25889477790039805
0.2966456126416988	0.4099167316756303
0.24102456027138028	0.3883421668505971
0.2781052618515926	0.36676760202556397
0.2781052618515926	0.4099167316756303
0.2781052618515926	0.32361847237549757
0.18540350790106178	0.25889477790039805
0.2595649110614865	0.25889477790039805
0.09270175395053089	0.2804693427254313
0.2781052618515926	0.2373202130753649
0.24102456027138028	0.3451930372005308
0.18540350790106178	0.30204390755046445
0.1483228063208494	0.21574564825033174
0.2966456126416988	0.36676760202556397
0.20394385869116793	0.25889477790039805
0.1483228063208494	0.15102195377523223
0.2224842094812741	0.2373202130753649
0.16686315711095556	0.4314912965006635
0.2595649110614865	0.30204390755046445
0.18540350790106178	0.32361847237549757
0.24102456027138028	0.2804693427254313
0.24102456027138028	0.2804693427254313
0.24102456027138028	0.19417108342529854
0.1483228063208494	0.19417108342529854
0.3893473665922297	0.4099167316756303
0.2966456126416988	0.3451930372005308
0.2781052618515926	0.32361847237549757
0.2966456126416988	0.30204390755046445
0.315185963431805	0.30204390755046445
0.315185963431805	0.32361847237549757
0.2595649110614865	0.32361847237549757
0.2224842094812741	0.2804693427254313
0.20394385869116793	0.19417108342529854
0.2224842094812741	0.3451930372005308
0.2595649110614865	0.3451930372005308
0.2966456126416988	0.4530658613256966
0.315185963431805	0.4099167316756303
0.18540350790106178	0.2804693427254313
0.2224842094812741	0.2373202130753649
0.1483228063208494	0.25889477790039805
0.1483228063208494	0.15102195377523223
0.35226666501201737	0.2373202130753649
0.18540350790106178	0.2373202130753649
0.2595649110614865	0.30204390755046445
0.40788771738233587	0.30204390755046445
0.16686315711095556	0.21574564825033174
0.3337263142219111	0.21574564825033174
0.2595649110614865	0.2373202130753649
0.3893473665922297	0.32361847237549757
0.2595649110614865	0.3883421668505971
0.20394385869116793	0.2373202130753649
0.2224842094812741	0.3451930372005308
0.16686315711095556	0.3883421668505971
0.2595649110614865	0.4099167316756303
0.2224842094812741	0.1725965186002654
0.1483228063208494	0.12944738895019903
0.16686315711095556	0.19417108342529854
0.3337263142219111	0.2373202130753649
0.20394385869116793	0.2373202130753649
0.2224842094812741	0.2804693427254313
0.0741614031604247	0.10787282412516587
0.24102456027138028	0.1725965186002654
0.24102456027138028	0.21574564825033174
0.2224842094812741	0.19417108342529854
0.2595649110614865	0.19417108342529854
0.2966456126416988	0.3451930372005308
0.2966456126416988	0.4314912965006635
0.35226666501201737	0.4099167316756303
0.2224842094812741	0.4530658613256966
0.16686315711095556	0.2373202130753649
0.0741614031604247	0.19417108342529854
0.16686315711095556	0.25889477790039805
0.18540350790106178	0.25889477790039805
0.2224842094812741	0.25889477790039805
0.16686315711095556	0.25889477790039805
0.16686315711095556	0.1725965186002654
0.18540350790106178	0.3451930372005308
0.11124210474063705	0.2373202130753649
0.2224842094812741	0.2373202130753649
0.2595649110614865	0.3451930372005308
0.24102456027138028	0.32361847237549757
0.2966456126416988	0.36676760202556397
0.4449684189625482	0.4099167316756303
0.3893473665922297	0.4746404261507298
0.2966456126416988	0.2804693427254313
0.18540350790106178	0.21574564825033174
0.20394385869116793	0.25889477790039805
0.2781052618515926	0.30204390755046445
0.18540350790106178	0.19417108342529854
0.20394385869116793	0.2804693427254313
0.16686315711095556	0.30204390755046445
0.2781052618515926	0.2804693427254313
0.2595649110614865	0.25889477790039805
0.3337263142219111	0.4314912965006635
0.18540350790106178	0.4746404261507298
0.40788771738233587	0.6040878151009289
0.2224842094812741	0.36676760202556397
0.2224842094812741	0.3451930372005308
0.2595649110614865	0.30204390755046445
0.2224842094812741	0.2373202130753649
0.2966456126416988	0.21574564825033174
0.2595649110614865	0.2804693427254313
0.20394385869116793	0.4746404261507298
0.3893473665922297	0.5609386854508626
0.2595649110614865	0.21574564825033174
0.16686315711095556	0.2373202130753649
0.16686315711095556	0.19417108342529854
0.20394385869116793	0.21574564825033174
0.18540350790106178	0.32361847237549757
0.24102456027138028	0.36676760202556397
0.18540350790106178	0.4530658613256966
0.12978245553074325	0.30204390755046445
0.1483228063208494	0.15102195377523223
0.12978245553074325	0.4099167316756303
0.16686315711095556	0.21574564825033174
0.18540350790106178	0.25889477790039805
0.1483228063208494	0.3451930372005308
0.1483228063208494	0.25889477790039805
0.16686315711095556	0.3451930372005308
0.2966456126416988	0.3883421668505971
0.24102456027138028	0.3451930372005308
0.16686315711095556	0.30204390755046445
0.2224842094812741	0.12944738895019903
0.16686315711095556	0.1725965186002654
0.16686315711095556	0.32361847237549757
0.16686315711095556	0.4746404261507298
0.315185963431805	0.32361847237549757
0.2224842094812741	0.2804693427254313
0.18540350790106178	0.30204390755046445
0.09270175395053089	0.1725965186002654
0.16686315711095556	0.2373202130753649
0.24102456027138028	0.3451930372005308
0.20394385869116793	0.2373202130753649
0.2224842094812741	0.2373202130753649
0.16686315711095556	0.1725965186002654
0.20394385869116793	0.1725965186002654
0.1483228063208494	0.2804693427254313
0.2966456126416988	0.36676760202556397
0.16686315711095556	0.25889477790039805
0.16686315711095556	0.1725965186002654
0.16686315711095556	0.10787282412516587
0.16686315711095556	0.2373202130753649
0.16686315711095556	0.25889477790039805
0.24102456027138028	0.21574564825033174
0.16686315711095556	0.2373202130753649
0.11124210474063705	0.15102195377523223
0.16686315711095556	0.2804693427254313
0.16686315711095556	0.2804693427254313
0.16686315711095556	0.19417108342529854
0.2224842094812741	0.3451930372005308
0.24102456027138028	0.2373202130753649
0.315185963431805	0.3451930372005308
0.2595649110614865	0.25889477790039805
0.2781052618515926	0.32361847237549757
0.24102456027138028	0.30204390755046445
0.20394385869116793	0.30204390755046445
0.16686315711095556	0.25889477790039805
0.16686315711095556	0.19417108342529854
0.11124210474063705	0.0862982593001327
0.12978245553074325	0.2373202130753649
0.18540350790106178	0.2804693427254313
0.0741614031604247	0.1725965186002654
0.11124210474063705	0.25889477790039805
0.16686315711095556	0.1725965186002654
0.12978245553074325	0.0862982593001327
0.16686315711095556	0.1725965186002654
