WT	KO
0.15891729248662437	0.3082080689290453
0.21188972331549913	0.15410403446452264
0.10594486165774956	0.21574564825033174
0.21188972331549913	0.21574564825033174
0.15891729248662437	0.15410403446452264
0.15891729248662437	0.1849248413574272
0.18540350790106178	0.15410403446452264
0.18540350790106178	0.1849248413574272
0.07945864624331218	0.0924624206787136
0.13243107707218696	0.2773872620361408
0.2913483695588113	0.24656645514323625
0.10594486165774956	0.0924624206787136
0.15891729248662437	0.1849248413574272
0.18540350790106178	0.15410403446452264
0.15891729248662437	0.1849248413574272
0.2913483695588113	0.1849248413574272
0.05297243082887478	0.24656645514323625
0.2913483695588113	0.33902887582194985
0.15891729248662437	0.1849248413574272
0.10594486165774956	0.33902887582194985
0.15891729248662437	0.21574564825033174
0.21188972331549913	0.12328322757161812
0.13243107707218696	0.06164161378580906
0.15891729248662437	0.12328322757161812
0.05297243082887478	0.24656645514323625
0.13243107707218696	0.1849248413574272
0.21188972331549913	0.15410403446452264
0.0	0.06164161378580906
0.10594486165774956	0.15410403446452264
0.13243107707218696	0.12328322757161812
0.07945864624331218	0.12328322757161812
0.13243107707218696	0.2773872620361408
0.15891729248662437	0.12328322757161812
0.13243107707218696	0.0924624206787136
0.13243107707218696	0.33902887582194985
0.18540350790106178	0.15410403446452264
0.18540350790106178	0.0924624206787136
0.15891729248662437	0.06164161378580906
0.21188972331549913	0.21574564825033174
0.07945864624331218	0.2773872620361408
0.13243107707218696	0.1849248413574272
0.05297243082887478	0.15410403446452264
0.13243107707218696	0.12328322757161812
0.07945864624331218	0.21574564825033174
0.15891729248662437	0.12328322757161812
0.13243107707218696	0.33902887582194985
0.10594486165774956	0.0924624206787136
0.15891729248662437	0.12328322757161812
0.13243107707218696	0.21574564825033174
0.18540350790106178	0.15410403446452264
0.07945864624331218	0.21574564825033174
0.10594486165774956	0.15410403446452264
0.15891729248662437	0.2773872620361408
0.13243107707218696	0.15410403446452264
0.18540350790106178	0.33902887582194985
0.21188972331549913	0.33902887582194985
0.10594486165774956	0.1849248413574272
0.18540350790106178	0.06164161378580906
0.07945864624331218	0.1849248413574272
0.13243107707218696	0.03082080689290453
0.13243107707218696	0.06164161378580906
0.18540350790106178	0.33902887582194985
0.42377944663099826	0.2773872620361408
0.18540350790106178	0.2773872620361408
0.21188972331549913	0.24656645514323625
0.3972932312165609	0.2773872620361408
0.15891729248662437	0.12328322757161812
0.13243107707218696	0.1849248413574272
0.15891729248662437	0.15410403446452264
0.21188972331549913	0.3082080689290453
0.21188972331549913	0.21574564825033174
0.31783458497324873	0.15410403446452264
0.13243107707218696	0.24656645514323625
0.31783458497324873	0.3698496827148544
0.18540350790106178	0.4314912965006635
0.2648621541443739	0.3082080689290453
0.18540350790106178	0.15410403446452264
0.21188972331549913	0.21574564825033174
0.15891729248662437	0.2773872620361408
0.21188972331549913	0.21574564825033174
0.13243107707218696	0.0924624206787136
0.05297243082887478	0.15410403446452264
0.18540350790106178	0.15410403446452264
0.31783458497324873	0.4314912965006635
0.15891729248662437	0.2773872620361408
0.13243107707218696	0.15410403446452264
0.07945864624331218	0.24656645514323625
0.18540350790106178	0.12328322757161812
0.21188972331549913	0.3082080689290453
0.07945864624331218	0.1849248413574272
0.13243107707218696	0.15410403446452264
0.21188972331549913	0.15410403446452264
0.15891729248662437	0.12328322757161812
0.21188972331549913	0.0924624206787136
0.10594486165774956	0.21574564825033174
0.05297243082887478	0.1849248413574272
0.0	0.03082080689290453
0.02648621541443739	0.12328322757161812
0.18540350790106178	0.3698496827148544
0.31783458497324873	0.21574564825033174
0.31783458497324873	0.3082080689290453
0.15891729248662437	0.15410403446452264
0.2648621541443739	0.12328322757161812
0.18540350790106178	0.06164161378580906
0.18540350790106178	0.2773872620361408
0.10594486165774956	0.12328322757161812
0.05297243082887478	0.1849248413574272
0.15891729248662437	0.12328322757161812
0.2648621541443739	0.24656645514323625
0.2913483695588113	0.3082080689290453
0.2383759387299365	0.21574564825033174
0.13243107707218696	0.0924624206787136
0.2383759387299365	0.21574564825033174
0.21188972331549913	0.4006704896077589
0.2913483695588113	0.3698496827148544
0.18540350790106178	0.2773872620361408
0.2383759387299365	0.15410403446452264
0.2913483695588113	0.21574564825033174
0.21188972331549913	0.2773872620361408
0.07945864624331218	0.4006704896077589
0.31783458497324873	0.3082080689290453
0.18540350790106178	0.3698496827148544
0.21188972331549913	0.2773872620361408
0.37080701580212355	0.3082080689290453
0.15891729248662437	0.0924624206787136
0.31783458497324873	0.21574564825033174
0.18540350790106178	0.1849248413574272
0.05297243082887478	0.0924624206787136
0.15891729248662437	0.0924624206787136
0.2648621541443739	0.15410403446452264
0.21188972331549913	0.12328322757161812
0.18540350790106178	0.12328322757161812
0.18540350790106178	0.2773872620361408
0.13243107707218696	0.24656645514323625
0.2383759387299365	0.15410403446452264
0.21188972331549913	0.15410403446452264
0.21188972331549913	0.33902887582194985
0.2648621541443739	0.3698496827148544
0.2648621541443739	0.2773872620361408
0.18540350790106178	0.06164161378580906
0.10594486165774956	0.15410403446452264
0.31783458497324873	0.24656645514323625
0.15891729248662437	0.33902887582194985
0.15891729248662437	0.24656645514323625
0.37080701580212355	0.33902887582194985
0.15891729248662437	0.1849248413574272
0.10594486165774956	0.21574564825033174
0.2648621541443739	0.33902887582194985
0.2383759387299365	0.3082080689290453
0.21188972331549913	0.24656645514323625
0.13243107707218696	0.3082080689290453
0.07945864624331218	0.15410403446452264
0.10594486165774956	0.12328322757161812
0.2383759387299365	0.21574564825033174
0.2648621541443739	0.4006704896077589
0.21188972331549913	0.3082080689290453
0.15891729248662437	0.3698496827148544
0.21188972331549913	0.3698496827148544
0.2383759387299365	0.21574564825033174
0.15891729248662437	0.4006704896077589
0.18540350790106178	0.2773872620361408
0.13243107707218696	0.12328322757161812
0.05297243082887478	0.1849248413574272
0.07945864624331218	0.12328322757161812
0.18540350790106178	0.3698496827148544
0.10594486165774956	0.0924624206787136
0.31783458497324873	0.2773872620361408
0.02648621541443739	0.21574564825033174
0.10594486165774956	0.1849248413574272
0.15891729248662437	0.1849248413574272
0.2383759387299365	0.21574564825033174
0.05297243082887478	0.15410403446452264
0.13243107707218696	0.1849248413574272
0.07945864624331218	0.12328322757161812
0.21188972331549913	0.12328322757161812
0.21188972331549913	0.2773872620361408
0.2648621541443739	0.12328322757161812
0.15891729248662437	0.24656645514323625
0.10594486165774956	0.15410403446452264
0.13243107707218696	0.3082080689290453
0.2383759387299365	0.21574564825033174
0.18540350790106178	0.1849248413574272
0.2383759387299365	0.21574564825033174
0.07945864624331218	0.0924624206787136
0.07945864624331218	0.12328322757161812
0.2913483695588113	0.2773872620361408
0.10594486165774956	0.3698496827148544
0.2383759387299365	0.21574564825033174
0.05297243082887478	0.3082080689290453
0.07945864624331218	0.15410403446452264
0.05297243082887478	0.1849248413574272
0.10594486165774956	0.06164161378580906
0.13243107707218696	0.21574564825033174
0.10594486165774956	0.2773872620361408
0.10594486165774956	0.15410403446452264
0.10594486165774956	0.03082080689290453
0.0	0.06164161378580906
0.2648621541443739	0.2773872620361408
0.18540350790106178	0.24656645514323625
0.13243107707218696	0.24656645514323625
