condition1	condition1
0.16702423896687232	0.1617480995366418
0.16252829713734682	0.1713946574840421
0.16342748550325192	0.16780524057338148
0.15893154367372642	0.16062640675206036
0.16679944187539608	0.1713946574840421
0.17152018079639783	0.17790047563461434
0.1710705866134453	0.16825391768721407
0.1602803262225841	0.17027296469946063
0.17084578952196902	0.16668354778880007
0.16882261569868254	0.17431105872395378
0.1676986302413012	0.17318936593937234
0.16882261569868254	0.17498407439470265
0.1728689633452555	0.16444016221963723
0.17219457207082664	0.17947084553302833
0.17691531099182844	0.1814898925452749
0.17938807899806747	0.1787978298622795
0.1755665284429708	0.1770031214069492
0.18298483246168787	0.18620100224051692
0.18253523827873533	0.17475973583778634
0.19534867249288299	0.1832846010006052
0.1915271219377863	0.19472586740333575
0.19872062886502712	0.18956608059426117
0.18320962955316414	0.18238724677294005
0.1962478608587881	0.19562322163100088
0.1969222521332169	0.1844062937851866
0.19197671612073886	0.18889306492351232
0.2005190055968373	0.18418195522827033
0.18860475974859475	0.19158512760650775
0.20006941141388476	0.2030263940092383
0.20366616487750516	0.19786660720016375
0.20906129507293578	0.19248248183417288
0.1996198172309322	0.19809094575708003
0.19849583177355085	0.20325073256615458
0.19804623759059828	0.20908353504597801
0.215805207817224	0.21850575443646203
0.2007438026883136	0.20078300844007546
0.20209258523717122	0.20526977957840115
0.19534867249288299	0.19180946616342404
0.20096859977978987	0.19786660720016375
0.2034413677860289	0.20975655071672686
0.2072629183411256	0.20863485793214545
0.197821440499122	0.2079618422613966
0.19939502013945595	0.21042956638747573
0.2088364979814595	0.20392374823690346
0.21041007762179342	0.212224274842806
0.21198365726212734	0.21985178577795972
0.22120033801265462	0.21805707732262944
0.21670439618312912	0.2093078736028943
0.21535561363427144	0.21917877010721087
0.21445642526836636	0.223216864131704
0.22164993219560716	0.21514067608271772
0.22951783039727677	0.22837665094077855
0.21737878745755793	0.220076124334876
0.22884343912284796	0.22523591114395058
0.22592107693365637	0.22680628104236455
0.22929303330580053	0.220076124334876
0.233788975135326	0.22546024970086684
0.2394089024222329	0.22187083279020628
0.2524471337278568	0.24093961012809056
0.23828491696485152	0.2371258546605137
0.22682026529956148	0.23017135939610886
0.22569627984218013	0.22882532805461114
0.23041701876318188	0.22119781711945743
0.24165687333699562	0.2449777041525837
0.2445792355261872	0.2418369643557557
0.24907517735571272	0.2371258546605137
0.24907517735571272	0.24834278250632796
0.2596406406550976	0.256194631998398
0.2484007860812839	0.24856712106324425
0.2481759889898076	0.23533114620518342
0.24705200353242623	0.24385601136800228
0.24705200353242623	0.2386962245589277
0.2466024093494737	0.23106871362377399
0.2436800471602821	0.23824754744509513
0.23446336640975485	0.23376077630676942
0.23806011987337525	0.24363167281108597
0.2472768006239025	0.23645283898976485
0.2481759889898076	0.24609939693716512
0.2535711191852382	0.2519321994169885
0.27942278470500986	0.2593353717952259
0.26143901738690783	0.2586623561244771
0.2481759889898076	0.2402665944573417
0.2544703075511433	0.24609939693716512
0.2616638144783841	0.24766976683557912
0.25087355408752293	0.23959357878659282
0.2569430755573824	0.2418369643557557
0.2430056558858533	0.24430468848183484
0.21827797582346303	0.21581369175346657
0.2086117008899832	0.2030263940092383
0.22075074382970206	0.226357603928532
0.24412964134323467	0.23577982331901598
0.26930691558857744	0.24565071982333253
0.22299871474446484	0.21020522783055945
0.24053288787961427	0.2292740051684437
0.2735780603266267	0.2653925128319657
0.2951585811083491	0.28805070708051045
0.21445642526836636	0.20392374823690346
0.1728689633452555	0.15165286447540896
0.19872062886502712	0.19113645049267516
0.23064181585465818	0.22837665094077855
0.3050496531333052	0.2905184312065896
0.29920492875492205	0.30846551575989245
0.24795119189833134	0.23533114620518342
0.1996198172309322	0.18844438780967976
0.14072297926414815	0.14896080179241353
0.21535561363427144	0.2034750711230709
0.29268581310211006	0.27952584191769164
0.26930691558857744	0.2651681742750494
0.2430056558858533	0.23443379197751826
0.20838690379850694	0.19898829998474518
0.2598654377465739	0.24901579817707684
0.23401377222680228	0.2339851148636857
0.23603694605008876	0.21603803031038288
0.2041157590604577	0.20863485793214545
0.20973568634736459	0.20594279524915002
0.23311458386089717	0.23286342207910427
0.2510983511789992	0.24138828724192313
0.25334632209376196	0.2434073342541697
0.2663845533993859	0.25260521508773737
0.25087355408752293	0.24722108972174653
0.2522223366363806	0.24677241260791397
0.25604388719147725	0.2593353717952259
0.26436137957609945	0.2573163247829794
0.25739266974033487	0.2566433091122305
0.24233126461142449	0.24542638126641628
0.2562686842829535	0.2566433091122305
0.24592801807504489	0.24452902703875112
0.23761052569042268	0.23151739073760655
0.2526719308193331	0.2543999235430677
0.2394089024222329	0.2541755849861514
0.24997436572161782	0.24116394868500682
0.25536949591704844	0.24901579817707684
0.2504239599045704	0.2386962245589277
0.23985849660518546	0.23936924022967657
0.249299974447189	0.23892056311584398
0.24233126461142449	0.2418369643557557
0.2367113373245176	0.2281523123838623
0.24412964134323467	0.23824754744509513
0.2475015977153788	0.2400422559004254
0.24278085879437702	0.23735019321742998
0.23873451114780408	0.22949834372536
0.22569627984218013	0.2290496666115274
0.22254912056151227	0.2261332653716157
0.23356417804384974	0.23443379197751826
0.23266498967794466	0.22882532805461114
0.231316207129087	0.226357603928532
0.21378203399393753	0.21648670742421544
0.22322351183594108	0.22411421835936915
0.21647959909165285	0.21514067608271772
0.23311458386089717	0.22276818701787143
0.22097554092117835	0.21581369175346657
0.22232432347003597	0.23129305218069027
0.22030114964674952	0.20908353504597801
0.20928609216441205	0.21783273876571313
0.21355723690246126	0.215365014639634
0.2072629183411256	0.21603803031038288
0.20209258523717122	0.21760840020879688
0.2050149474263628	0.20728882659064773
0.21310764271950872	0.210653904944392
0.21895236709789187	0.2048211024645686
0.20096859977978987	0.21267295195663857
0.1969222521332169	0.19764226864324744
0.19894542595650339	0.21267295195663857
0.20029420850536103	0.20526977957840115
0.204340556151934	0.2077375037044803
0.19467428121845418	0.19898829998474518
0.204340556151934	0.20280205545232205
0.2007438026883136	0.20549411813531746
0.20276697651160008	0.2061671338060663
0.1926511073951677	0.19831528431399634
0.2041157590604577	0.20078300844007546
0.18388402082759295	0.19719359152941487
0.19489907830993045	0.18956608059426117
0.1969222521332169	0.19472586740333575
0.1890543539315473	0.18799571069584717
0.1906279335718812	0.18889306492351232
0.18051206445544885	0.18709835646818207
0.18320962955316414	0.19225814327725663
0.18725597719973708	0.18642534079743317
0.18276003537021157	0.18350893955752146
0.18523280337645062	0.19046343482192632
0.18208564409578276	0.19136078904959147
0.17489213716854196	0.17318936593937234
0.1764657168088759	0.18956608059426117
0.18523280337645062	0.17745179852078174
0.18320962955316414	0.1817142311021912
0.18613199174235573	0.17431105872395378
0.17961287608954374	0.1801438612037772
0.17017139824754018	0.1722920117117072
0.16792342733277743	0.17341370449628862
0.17444254298558942	0.18059253831760977
0.17354335461968431	0.17341370449628862
0.16837302151573	0.17363804305320493
0.15938113785667898	0.16040206819514408
0.1602803262225841	0.16959994902871178
0.16859781860720624	0.1783491527484469
0.17219457207082664	0.17184333459787463
0.16365228259472822	0.16242111520739066
0.16972180406458764	0.16533751644730238
0.16275309422882311	0.16085074530897667
