WT-Tfh	WT-Th1
0.48461342492041065	0.6293901026292879
0.4418534168391979	0.7155566047749641
0.36773606949842924	0.5394772308251038
0.42189874640129865	0.6518683205803338
0.44470408404461204	0.6855856475069028
0.42760008081212697	0.6968247564824257
0.37913873832008593	0.5919264060442112
0.4646587544825113	0.6518683205803338
0.5359254346178659	0.805469476579148
0.458957420071683	0.7567666710185484
0.46180808727709716	0.6069118846782419
0.4504054184554405	0.6668537992143645
0.4532560856608547	0.6743465385313798
0.5530294378503509	0.760513040677056
0.5786854426990785	0.7492739317015331
0.4960160937420673	0.760513040677056
0.5017174281528957	0.6668537992143645
0.5501787706449367	0.7342884530675023
0.5302241002070375	0.7642594103355638
0.5045680953583099	0.6818392778483952
0.4703600888933397	0.6069118846782419
0.5102694297691382	0.7492739317015331
0.5530294378503509	0.7904839979451175
0.5957894459315637	0.7829912586281021
0.5473281034395225	0.7792448889695944
0.4874640921258248	0.6293901026292879
0.5387761018232801	0.7829912586281021
0.5330747674124517	0.8129622158961635
0.5530294378503509	0.8017231069206404
0.5786854426990785	0.8129622158961635
0.5644321066720077	0.7792448889695944
0.5587307722611793	0.8391868035057171
0.555880105055765	0.8204549552131788
0.49031475933123897	0.7118102351164565
0.5644321066720077	0.8541722821397477
0.5843867771099068	0.7080638654579489
0.5587307722611793	0.7717521496525792
0.5302241002070375	0.7680057799940714
0.5216720985907949	0.9178605663343781
0.5501787706449367	0.9028750877003474
0.5872374443153211	0.872904130432286
0.5359254346178659	0.8092158462376559
0.5986401131369778	0.8654113911152708
0.5216720985907949	0.8466795428227325
0.6299974523965338	0.9440851539439317
0.6271467851911197	0.8841432394078091
0.6670561260669181	0.9365924146269163
0.6670561260669181	0.8541722821397477
0.6271467851911197	0.8953823483833321
0.6128934491640486	0.8766505000907937
0.5729841082882502	0.8242013248716864
0.5786854426990785	0.8579186517982554
0.6214454507802912	0.9216069359928858
0.570133441082836	0.760513040677056
0.5843867771099068	0.8242013248716864
0.570133441082836	0.7792448889695944
0.6043414475478062	0.872904130432286
0.6870107965048173	0.8691577607737784
0.6898614637102315	0.9890415898460237
0.6385494540127763	0.7979767372621327
0.6071921147532203	0.8429331731642248
0.7041147997373025	0.9253533056513934
0.7696801454618286	0.9365924146269163
0.6784587948885749	0.9403387842854241
0.664205458861504	0.9403387842854241
0.5872374443153211	0.8916359787248245
0.6299974523965338	0.8766505000907937
0.6927121309156458	1.0115198077970697
0.6385494540127763	0.8691577607737784
0.6955627981210599	0.9927879595045315
0.6071921147532203	0.8991287180418397
0.6356987868073621	0.8766505000907937
0.6157441163694629	0.8878896090663168
0.6727574604777465	0.9141141966758705
0.6271467851911197	0.8916359787248245
0.7297708045860302	1.019012547114085
0.6984134653264742	1.0789544616502076
0.632848119601948	0.9403387842854241
0.712666801353545	1.0115198077970697
0.712666801353545	0.9665633718949778
0.7297708045860302	1.030251656089608
0.6870107965048173	0.9965343291630391
0.7183681357643733	1.0002806988215467
0.761128143845586	1.0677153526746848
0.8038881519267987	1.0227589167725928
0.6043414475478062	0.8766505000907937
0.6271467851911197	0.8242013248716864
0.5359254346178659	0.760513040677056
0.5359254346178659	0.7567666710185484
0.6471014556290189	0.9290996753099011
0.7069654669427167	0.9590706325779624
0.6727574604777465	0.8991287180418397
0.41334674478505606	0.5844336667271958
0.35918406788218665	0.42708614106987386
0.5444774362341084	0.7455275620430255
0.5929387787261494	0.861665021456763
0.6528027900398472	0.8953823483833321
0.5644321066720077	0.906621457358855
0.48176275771499644	0.5769409274101804
0.4418534168391979	0.5731945577516728
0.4333014152229554	0.5994191453612265
0.4703600888933397	0.7567666710185484
0.6271467851911197	0.7942303676036251
0.6841601292994032	0.8316940641887017
0.6356987868073621	0.7492739317015331
0.5444774362341084	0.6743465385313798
0.35348273347135833	0.5394772308251038
0.5359254346178659	0.7080638654579489
0.6585041244506755	0.9028750877003474
0.7554268094347577	0.9440851539439317
0.570133441082836	0.7492739317015331
0.4988667609474815	0.6893320171654105
0.5302241002070375	0.7867376282866098
0.5786854426990785	0.8916359787248245
0.6784587948885749	0.9440851539439317
0.6898614637102315	0.9141141966758705
0.7297708045860302	1.0227589167725928
0.7041147997373025	0.9478315236024394
0.664205458861504	0.8953823483833321
0.7354721389968585	1.0115198077970697
0.7554268094347577	1.097686309942746
0.6927121309156458	1.0452371347236387
0.6870107965048173	1.0265052864311004
0.5473281034395225	0.9216069359928858
0.5929387787261494	0.8092158462376559
0.601490780342392	0.8242013248716864
0.6727574604777465	0.9703097415534854
0.6414001212181906	0.9852952201875161
0.6585041244506755	0.9028750877003474
0.6556534572452614	0.9515778932609471
0.6613547916560898	0.9553242629194547
0.6585041244506755	0.8429331731642248
0.6756081276831607	0.8316940641887017
0.6242961179857054	0.8279476945301941
0.6242961179857054	0.8878896090663168
0.5188214313853807	0.8242013248716864
0.5644321066720077	0.7754985193110868
0.6841601292994032	0.9028750877003474
0.5644321066720077	0.8766505000907937
0.6556534572452614	0.9365924146269163
0.5387761018232801	0.7567666710185484
0.6385494540127763	0.8092158462376559
0.6471014556290189	0.8204549552131788
0.6043414475478062	0.7417811923845178
0.6100427819586345	0.8579186517982554
0.555880105055765	0.7867376282866098
0.5473281034395225	0.7792448889695944
0.6214454507802912	0.7305420834089947
0.5672827738774219	0.7979767372621327
0.5644321066720077	0.8391868035057171
0.5872374443153211	0.7642594103355638
0.5758347754936644	0.7754985193110868
0.5729841082882502	0.8466795428227325
0.6385494540127763	0.861665021456763
0.5815361099044927	0.8991287180418397
0.5843867771099068	0.7567666710185484
0.6385494540127763	0.7642594103355638
0.5159707641799666	0.7717521496525792
0.5359254346178659	0.7193029744334718
0.4789120905095823	0.7754985193110868
0.570133441082836	0.7305420834089947
0.6128934491640486	0.8354404338472093
0.6185947835748771	0.8466795428227325
0.5530294378503509	0.8017231069206404
0.5188214313853807	0.8167085855546711
0.5957894459315637	0.8841432394078091
0.5929387787261494	0.7492739317015331
0.4960160937420673	0.8017231069206404
0.5473281034395225	0.7118102351164565
0.4988667609474815	0.6443755812633185
0.46180808727709716	0.7305420834089947
0.48461342492041065	0.7380348227260102
0.5131200969745524	0.7005711261409335
0.46180808727709716	0.6780929081898874
0.49031475933123897	0.6443755812633185
0.4988667609474815	0.7267957137504871
0.5102694297691382	0.7567666710185484
0.5302241002070375	0.7455275620430255
0.5074187625637241	0.7530203013600408
0.4532560856608547	0.6593610598973491
0.4789120905095823	0.6593610598973491
0.5131200969745524	0.6593610598973491
0.4874640921258248	0.6031655150197341
0.4333014152229554	0.6181509936537648
0.4532560856608547	0.5844336667271958
0.5216720985907949	0.6331364722877956
0.4960160937420673	0.6780929081898874
0.4789120905095823	0.6518683205803338
0.458957420071683	0.5881800363857035
0.4789120905095823	0.6331364722877956
0.42189874640129865	0.6443755812633185
0.46750942168792553	0.6706001688728722
0.42189874640129865	0.6144046239952571
0.4247494136067128	0.5544627094591346
0.44470408404461204	0.6069118846782419
0.49316542653665313	0.5394772308251038
0.4504054184554405	0.6780929081898874
0.396242741552571	0.6031655150197341
0.42760008081212697	0.5619554487761498
0.46180808727709716	0.4608034679964429
