DKO	Prdm1KO
0.4653124164852338	0.4449641096337499
0.4254284950722137	0.46431037526999985
0.5184909783692605	0.5223491721787499
0.5317856188402672	0.5159004169666666
0.4653124164852338	0.5094516617545832
0.5450802593112739	0.4256178439974999
0.5849641807242939	0.5481441930270833
0.41213385460120705	0.4191690887854166
0.34566065224617365	0.3869253127249999
0.27918744989114025	0.3288865158162499
0.5317856188402672	0.43206659920958324
0.41213385460120705	0.4836566409062499
0.4653124164852338	0.4191690887854166
0.49190169742724715	0.46431037526999985
0.3988392141302004	0.46431037526999985
0.5184909783692605	0.5094516617545832
0.5051963378982538	0.5223491721787499
0.35895529271718035	0.5223491721787499
0.4653124164852338	0.4449641096337499
0.5051963378982538	0.46431037526999985
0.6381427426083206	0.5223491721787499
0.5716695402532872	0.5868367242995831
0.5317856188402672	0.5674904586633331
0.5450802593112739	0.47075913048208323
0.4520177760142271	0.4836566409062499
0.5051963378982538	0.5481441930270833
0.6780266640213406	0.5610417034512499
0.5184909783692605	0.5932854795116665
0.5317856188402672	0.6255292555720832
0.4653124164852338	0.6190805003599998
0.5982588211953006	0.5932854795116665
0.4520177760142271	0.6577730316324998
0.5317856188402672	0.6513242764204166
0.5716695402532872	0.5803879690874999
0.6248481021373139	0.6384267659962498
0.4653124164852338	0.5610417034512499
0.5716695402532872	0.5997342347237499
0.704615944963354	0.7029143181170832
0.5450802593112739	0.6577730316324998
0.6514373830793273	0.6255292555720832
0.8508569901444274	0.6642217868445832
0.5583748997822805	0.6319780107841665
0.5849641807242939	0.5610417034512499
0.49190169742724715	0.6964655629049998
0.5317856188402672	0.5481441930270833
0.6381427426083206	0.5803879690874999
0.5716695402532872	0.5674904586633331
0.5982588211953006	0.6384267659962498
0.7179105854343607	0.6061829899358332
0.4520177760142271	0.6448755212083331
0.6381427426083206	0.6384267659962498
0.5583748997822805	0.6384267659962498
0.704615944963354	0.6642217868445832
0.6115534616663073	0.6835680524808332
0.6780266640213406	0.7287093389654165
0.4254284950722137	0.5610417034512499
0.6115534616663073	0.5481441930270833
0.7179105854343607	0.6513242764204166
0.7577945068473808	0.7609531150258331
0.704615944963354	0.7158118285412498
0.704615944963354	0.7351580941774999
0.5450802593112739	0.7287093389654165
0.6381427426083206	0.6835680524808332
0.8109730687314074	0.6835680524808332
0.6514373830793273	0.6642217868445832
0.6381427426083206	0.6642217868445832
0.7312052259053674	0.6835680524808332
0.5317856188402672	0.6190805003599998
0.47860705695624045	0.6319780107841665
0.49190169742724715	0.5610417034512499
0.5849641807242939	0.7287093389654165
0.664732023550334	0.6513242764204166
0.8641516306154342	0.7351580941774999
0.7843837877893941	0.7545043598137497
0.8508569901444274	0.857684443207083
0.744499866376374	0.6642217868445832
0.7976784282604008	0.7480556046016665
0.664732023550334	0.6964655629049998
0.7843837877893941	0.8383381775708332
0.7577945068473808	0.9028257296916664
0.8375623496734209	0.993108302660833
0.7179105854343607	0.7222605837533331
0.6913213044923473	0.5287979273908332
0.6913213044923473	0.6771192972687499
0.7312052259053674	0.7738506254499998
0.744499866376374	0.8512356879949998
0.6514373830793273	0.8125431567224999
0.8375623496734209	0.7867481358741664
0.664732023550334	0.7287093389654165
0.4520177760142271	0.5803879690874999
0.5450802593112739	0.4901053961183332
0.6248481021373139	0.7545043598137497
0.5317856188402672	0.6319780107841665
0.5051963378982538	0.5159004169666666
0.372249933188187	0.4901053961183332
0.35895529271718035	0.36113029187666656
0.5051963378982538	0.46431037526999985
0.47860705695624045	0.47720788569416656
0.6248481021373139	0.6964655629049998
0.8242677092024141	0.6448755212083331
0.372249933188187	0.4514128648458332
0.6913213044923473	0.6255292555720832
0.6913213044923473	0.6771192972687499
0.372249933188187	0.40627157836124994
0.5982588211953006	0.4256178439974999
0.23930352847812023	0.37402780230083327
0.6514373830793273	0.6061829899358332
0.6780266640213406	0.5481441930270833
0.7179105854343607	0.6126317451479165
0.9838033948544943	0.7287093389654165
0.5716695402532872	0.5287979273908332
0.7710891473183875	0.6126317451479165
0.6381427426083206	0.6835680524808332
0.664732023550334	0.6319780107841665
0.8109730687314074	0.6577730316324998
0.744499866376374	0.8447869327829165
0.7976784282604008	0.8899282192674998
0.7179105854343607	0.7093630733291666
0.7179105854343607	0.7416068493895832
0.6115534616663073	0.6900168076929165
0.7976784282604008	0.6964655629049998
0.9040355520284542	0.8770307088433331
0.5184909783692605	0.5674904586633331
0.5982588211953006	0.6771192972687499
0.49190169742724715	0.6642217868445832
0.664732023550334	0.7093630733291666
0.7577945068473808	0.6642217868445832
0.664732023550334	0.6448755212083331
0.5849641807242939	0.7351580941774999
0.744499866376374	0.6706705420566664
0.6780266640213406	0.8512356879949998
0.6381427426083206	0.6642217868445832
0.5716695402532872	0.7093630733291666
0.4653124164852338	0.8189919119345831
0.5982588211953006	0.5868367242995831
0.704615944963354	0.7158118285412498
0.6248481021373139	0.6061829899358332
0.664732023550334	0.5545929482391665
0.5184909783692605	0.6061829899358332
0.7312052259053674	0.5997342347237499
0.5317856188402672	0.6577730316324998
0.5583748997822805	0.5739392138754166
0.6381427426083206	0.6061829899358332
0.5051963378982538	0.6448755212083331
0.664732023550334	0.5803879690874999
0.704615944963354	0.6255292555720832
0.43872313554322045	0.6964655629049998
0.5982588211953006	0.5416954378149998
0.664732023550334	0.5610417034512499
0.8109730687314074	0.6642217868445832
0.8641516306154342	0.6835680524808332
0.6381427426083206	0.5481441930270833
0.5982588211953006	0.6448755212083331
0.4254284950722137	0.47720788569416656
0.5849641807242939	0.6061829899358332
0.5849641807242939	0.5674904586633331
0.47860705695624045	0.5545929482391665
0.4254284950722137	0.5545929482391665
0.5051963378982538	0.5674904586633331
0.5317856188402672	0.5030029065424999
0.704615944963354	0.6642217868445832
0.3988392141302004	0.5868367242995831
0.6248481021373139	0.6448755212083331
0.41213385460120705	0.43851535442166656
0.5317856188402672	0.4965541513304165
0.5716695402532872	0.5223491721787499
0.5051963378982538	0.5545929482391665
0.372249933188187	0.47075913048208323
0.5051963378982538	0.46431037526999985
0.29248209036214695	0.4836566409062499
0.4653124164852338	0.5481441930270833
0.5716695402532872	0.5868367242995831
0.43872313554322045	0.5803879690874999
0.5450802593112739	0.5030029065424999
0.4520177760142271	0.4449641096337499
0.49190169742724715	0.39982282314916656
0.5583748997822805	0.47075913048208323
0.6381427426083206	0.5868367242995831
0.47860705695624045	0.5159004169666666
0.3988392141302004	0.47720788569416656
0.34566065224617365	0.5094516617545832
0.38554457365919376	0.4449641096337499
0.5716695402532872	0.4836566409062499
0.49190169742724715	0.5868367242995831
0.49190169742724715	0.5094516617545832
0.5450802593112739	0.5739392138754166
0.43872313554322045	0.5030029065424999
0.41213385460120705	0.3869253127249999
0.5849641807242939	0.5159004169666666
0.3190713713041603	0.4578616200579166
0.5583748997822805	0.4836566409062499
0.4254284950722137	0.37402780230083327
0.34566065224617365	0.43851535442166656
0.34566065224617365	0.39982282314916656
0.3190713713041603	0.4449641096337499
0.35895529271718035	0.5352466826029165
0.47860705695624045	0.5416954378149998
0.5982588211953006	0.4836566409062499
0.3988392141302004	0.3546815366645833
0.5184909783692605	0.4836566409062499
