DKO	Prdm1KO
0.821654889687881	0.5837428128394507
0.6556640028822485	0.5434846878160403
0.6722630915628117	0.5072523752949709
0.7054612689239382	0.5515363128207224
0.6473644585419669	0.45491681276453744
0.6805626359030934	0.5394588753136993
0.7137608132642198	0.5394588753136993
0.7469589906253463	0.6602332503839304
0.755258534965628	0.6240009378628611
0.7054612689239382	0.5877686253417918
0.6722630915628117	0.49517493778794786
0.7303599019447831	0.6240009378628611
0.7303599019447831	0.5595879378254045
0.6639635472225301	0.5475105003183814
0.6307653698614036	0.5636137503277455
0.7303599019447831	0.5193298128019941
0.5975671925002771	0.5314072503090171
0.6390649142016852	0.5233556253043351
0.5726685594794323	0.5233556253043351
0.688862180243375	0.5273814378066762
0.5892676481599955	0.4710200627739017
0.6141662811808404	0.4589426252668785
0.6390649142016852	0.4629684377692195
0.7054612689239382	0.50322656279263
0.6141662811808404	0.48309750028092474
0.7054612689239382	0.5676395628300865
0.5726685594794323	0.4629684377692195
0.6971617245836566	0.4871233127832658
0.4315763056946446	0.4508910002621964
0.5311708377780241	0.48309750028092474
0.44817539437520787	0.4146586877411271
0.622465825521122	0.5394588753136993
0.6058667368405588	0.47504587527624265
0.7054612689239382	0.4911491252856068
0.5145717490974608	0.46699425027156055
0.5477699264585874	0.4589426252668785
0.5311708377780241	0.4871233127832658
0.7054612689239382	0.5555621253230635
0.5726685594794323	0.4871233127832658
0.6473644585419669	0.5072523752949709
0.6639635472225301	0.47504587527624265
0.6058667368405588	0.5153040002996531
0.6805626359030934	0.611923500355838
0.6390649142016852	0.5153040002996531
0.6639635472225301	0.5394588753136993
0.5809681038197139	0.607897687853497
0.6722630915628117	0.5676395628300865
0.5145717490974608	0.5072523752949709
0.6805626359030934	0.6240009378628611
0.7054612689239382	0.6360783753698842
0.6556640028822485	0.5636137503277455
0.688862180243375	0.611923500355838
0.8133553453475995	0.5716653753324277
0.8797517000698525	0.6320525628675432
0.6473644585419669	0.6441300003745664
0.8714521557295708	0.6763365003932946
0.8050558010073178	0.5877686253417918
0.6390649142016852	0.6763365003932946
0.8133553453475995	0.6964655629049998
0.846553522708726	0.6199751253605201
0.7801571679864728	0.6441300003745664
0.6805626359030934	0.6441300003745664
0.6722630915628117	0.5797170003371097
0.7718576236461913	0.5958202503464739
0.6971617245836566	0.6240009378628611
0.7054612689239382	0.5877686253417918
0.688862180243375	0.5394588753136993
0.688862180243375	0.5676395628300865
0.6473644585419669	0.5676395628300865
0.5726685594794323	0.6038718753511559
0.622465825521122	0.5072523752949709
0.7137608132642198	0.511278187797312
0.6639635472225301	0.607897687853497
0.6722630915628117	0.6199751253605201
0.7801571679864728	0.6038718753511559
0.6390649142016852	0.5716653753324277
0.6639635472225301	0.5555621253230635
0.6390649142016852	0.5958202503464739
0.6058667368405588	0.5756911878347686
0.4813735717363343	0.5193298128019941
0.6390649142016852	0.4589426252668785
0.5477699264585874	0.44686518775985534
0.622465825521122	0.5475105003183814
0.5726685594794323	0.4710200627739017
0.5394703821183057	0.46699425027156055
0.39837812833351804	0.3502456877036704
0.5394703821183057	0.4227103127458091
0.5560694707988689	0.4992007502902889
0.6639635472225301	0.4790716877785837
0.43987585003492624	0.38245218772239875
0.6390649142016852	0.6038718753511559
0.5643690151391506	0.511278187797312
0.821654889687881	0.6884139379003178
0.5643690151391506	0.5072523752949709
0.6058667368405588	0.5314072503090171
0.5062722047571792	0.49517493778794786
0.688862180243375	0.607897687853497
0.5809681038197139	0.615949312858179
0.755258534965628	0.5797170003371097
0.48967311607661596	0.35427150020601145
0.5311708377780241	0.5273814378066762
0.8299544340281627	0.5716653753324277
0.7220603576045016	0.6481558128769074
0.6307653698614036	0.5877686253417918
0.6556640028822485	0.4790716877785837
0.7137608132642198	0.5515363128207224
0.6058667368405588	0.4589426252668785
0.622465825521122	0.615949312858179
0.7054612689239382	0.5072523752949709
0.4813735717363343	0.5475105003183814
0.4813735717363343	0.40258125023410396
0.4315763056946446	0.4871233127832658
0.5892676481599955	0.48309750028092474
0.41497721701408136	0.4790716877785837
0.4564749387154895	0.46699425027156055
0.5062722047571792	0.5233556253043351
0.44817539437520787	0.4992007502902889
0.4730740273960527	0.5555621253230635
0.5975671925002771	0.5354330628113583
0.622465825521122	0.5555621253230635
0.688862180243375	0.6521816253792484
0.6473644585419669	0.5434846878160403
0.7469589906253463	0.5877686253417918
0.5975671925002771	0.5434846878160403
0.8050558010073178	0.6642590628862716
0.6805626359030934	0.6602332503839304
0.5311708377780241	0.5877686253417918
0.6141662811808404	0.5917944378441328
0.6556640028822485	0.5314072503090171
0.6058667368405588	0.5354330628113583
0.7137608132642198	0.5475105003183814
0.7137608132642198	0.5756911878347686
0.7718576236461913	0.6723106878909536
0.7967562566670361	0.7286720629237281
0.6639635472225301	0.5837428128394507
0.7635580793059096	0.5917944378441328
0.6058667368405588	0.5756911878347686
0.7718576236461913	0.5837428128394507
0.6390649142016852	0.6320525628675432
0.7884567123267545	0.5595879378254045
0.7469589906253463	0.5837428128394507
0.5726685594794323	0.5434846878160403
0.6390649142016852	0.5273814378066762
0.5726685594794323	0.5555621253230635
0.7386594462850647	0.607897687853497
0.7469589906253463	0.5515363128207224
0.688862180243375	0.716594625416705
0.7137608132642198	0.5837428128394507
0.5892676481599955	0.6360783753698842
0.7137608132642198	0.5233556253043351
0.6390649142016852	0.5636137503277455
0.5311708377780241	0.5233556253043351
0.5228712934377424	0.48309750028092474
0.6141662811808404	0.511278187797312
0.5145717490974608	0.49517493778794786
0.688862180243375	0.607897687853497
0.6058667368405588	0.4589426252668785
0.4979726604168976	0.4508910002621964
0.5975671925002771	0.3703747502153756
0.5809681038197139	0.5555621253230635
0.688862180243375	0.5072523752949709
0.5643690151391506	0.5394588753136993
0.5975671925002771	0.4790716877785837
0.5062722047571792	0.4428393752575144
0.5809681038197139	0.3985554377317629
0.6639635472225301	0.5354330628113583
0.688862180243375	0.5354330628113583
0.622465825521122	0.5756911878347686
0.5643690151391506	0.48309750028092474
0.5477699264585874	0.4146586877411271
0.4813735717363343	0.49517493778794786
0.5809681038197139	0.5515363128207224
0.5643690151391506	0.4992007502902889
0.5975671925002771	0.5193298128019941
0.5560694707988689	0.4267361252481502
0.5560694707988689	0.4307619377504912
0.5809681038197139	0.4629684377692195
0.7220603576045016	0.50322656279263
0.7054612689239382	0.5233556253043351
0.5643690151391506	0.5394588753136993
0.5560694707988689	0.47504587527624265
0.6473644585419669	0.5153040002996531
0.5809681038197139	0.50322656279263
0.622465825521122	0.5153040002996531
0.4979726604168976	0.4871233127832658
0.5311708377780241	0.4146586877411271
0.5809681038197139	0.49517493778794786
0.6141662811808404	0.5716653753324277
0.6722630915628117	0.49517493778794786
0.5062722047571792	0.4629684377692195
0.4813735717363343	0.4871233127832658
0.5477699264585874	0.5314072503090171
0.7469589906253463	0.5193298128019941
0.5394703821183057	0.48309750028092474
0.6141662811808404	0.5273814378066762
0.4979726604168976	0.4629684377692195
0.5643690151391506	0.5153040002996531
0.6141662811808404	0.49517493778794786
0.4979726604168976	0.45491681276453744
0.5145717490974608	0.4589426252668785
