condition1	condition1
0.11627775915137718	0.1096141996140547
0.10817849838975319	0.11078691288871734
0.11904029770572955	0.11285640690282787
0.11451978007133476	0.1105799634873063
0.1146453500056235	0.11078691288871734
0.11301294085986983	0.10913131767742892
0.11269901602414797	0.11113182855773576
0.10955976766692936	0.11375318764227578
0.11784738332998648	0.11437403584650895
0.11640332908566592	0.11513285031834947
0.11715674869139839	0.11147674422675419
0.11451978007133476	0.11644352986061948
0.11640332908566592	0.11416708644509789
0.1135152205970248	0.11692641179724528
0.11866358790286333	0.11596064792399369
0.11728231862568712	0.11609861419160106
0.1196053624100289	0.11237352496620209
0.11828687809999709	0.11568471538877895
0.12035878201576136	0.11547776598736789
0.12004485718003952	0.12127234922687741
0.12268182580010312	0.11996166968460739
0.12337246043869124	0.12044455162123317
0.12670006369734296	0.11899590581135581
0.12217954606294816	0.1195477708817853
0.12035878201576136	0.12023760221982213
0.12500486958444493	0.12044455162123317
0.12324689050440248	0.12051353475503687
0.12531879442016677	0.12272099503675477
0.12268182580010312	0.11782319253669318
0.12626056892733237	0.12327286010718425
0.12676284866448734	0.11920285521276687
0.12933703231740656	0.1234798095085953
0.12381195520870183	0.11878895640994476
0.1265744937630542	0.12230709623393267
0.12670006369734296	0.1226520119029511
0.12933703231740656	0.1270669324663869
0.12544436435445552	0.12403167457902477
0.12632335389447671	0.12520438785368743
0.12820690290880787	0.1256182866565095
0.12996488198885028	0.127480831269209
0.1313461512660265	0.12375574204381004
0.12902310748168472	0.12679099993117215
0.12896032251454034	0.12361777577620267
0.13184843100318147	0.12775676380442375
0.13096944146316025	0.12651506739595741
0.13724793817759748	0.1301711734875527
0.1326646355760583	0.12823964574104954
0.13392033491894575	0.1283776120086569
0.13542717413041067	0.1275498144030127
0.13580388393327691	0.12734286500160164
0.13906870222478426	0.13306846510730744
0.13793857281618555	0.1346550771847922
0.1371223682433087	0.12982625781853427
0.13781300288189682	0.13030913975516006
0.14271023031915783	0.12823964574104954
0.14465656430063337	0.13141286989601902
0.15018164140933812	0.12989524095233795
0.14070111137053792	0.13286151570589638
0.14785859762499637	0.13127490362841165
0.14183124077913664	0.1346550771847922
0.1511862008836481	0.13272354943828904
0.1423335205162916	0.13451711091718482
0.1520024054565249	0.13382727957914797
0.1441542845634784	0.13568982419184744
0.1493654368364613	0.13120592049460797
0.14967936167218315	0.1373454194031359
0.15219076035795803	0.13575880732565115
0.1459750486106652	0.1389320314806206
0.1502444263764825	0.13368931331154063
0.1468540381506864	0.13617270612847324
0.15087227604792622	0.13182676869884113
0.14390314469490093	0.1359657567270622
0.1511862008836481	0.13051608915657112
0.14540998390636584	0.14334695204405645
0.14735631788784137	0.13810423387497642
0.14949100677075003	0.1426571207060196
0.1482353074278626	0.13631067239608063
0.14892594206645068	0.14431271591730804
0.15539279368232103	0.13810423387497642
0.15030721134362687	0.14107050862853487
0.1513745557850812	0.14300203637503803
0.1484864472964401	0.1354828747904364
0.14748188782213012	0.13217168436785956
0.1366828734732981	0.12410065771282847
0.1339831198860901	0.11940980461417791
0.12764183820450853	0.11271844063522052
0.12720234343449793	0.11368420450847211
0.13027880682457216	0.11451200211411632
0.14158010091055914	0.12223811310012898
0.1356155290318438	0.12672201679736847
0.12883475258025162	0.10795860440276628
0.13442261465610073	0.12120336609307371
0.14917708193502818	0.130102190353749
0.1772419622485625	0.16252426324148075
0.16267584987106817	0.14514051352295224
0.15620899825519785	0.14672712560043696
0.13950819699479486	0.1293433758819085
0.16167129039675823	0.149348484684977
0.16926827142122725	0.15859222461467073
0.1655639583597093	0.15479815225546806
0.1261349989930436	0.11734031060006737
0.13906870222478426	0.11830607447331896
0.16317812960822317	0.1521078100371244
0.1871619870573733	0.16424884158657285
0.14314972508916846	0.1434849183116638
0.15388595447085607	0.1261011685931353
0.1484864472964401	0.14203627250178644
0.16681965770259674	0.13838016641019116
0.16995890605981534	0.1645247741217876
0.14930265186931693	0.12527337098749108
0.12412588004442368	0.11996166968460739
0.12682563363163168	0.10181910549423837
0.13209957087175894	0.11754726000147843
0.1389431322904955	0.12216912996632528
0.12764183820450853	0.1150638671845458
0.12626056892733237	0.10678589112810365
0.12029599704861699	0.11209759243098735
0.13825249765190742	0.11982370341700002
0.1322251408060477	0.1301711734875527
0.14829809239500696	0.13451711091718482
0.1471051780192639	0.13872508207920958
0.14810973749357384	0.1399667784876759
0.14735631788784137	0.13706948686792114
0.1536348146022786	0.14058762669190908
0.14691682311783077	0.14072559295951642
0.15501608387945479	0.14044966042430168
0.1455355538406546	0.14189830623417907
0.15476494401087731	0.13982881222006852
0.15030721134362687	0.1443816990511117
0.15319531983226797	0.14113949176233853
0.15275582506225738	0.14279508697362697
0.15627178322234223	0.1426571207060196
0.1493654368364613	0.139069997748228
0.15168848062080306	0.13989779535387223
0.15150012571936994	0.13803525074117276
0.15507886884659916	0.14210525563559012
0.1518140505550918	0.13851813267779853
0.1475446727892745	0.13913898088203167
0.1463517584135314	0.13499999285381062
0.1525046851936799	0.1365176217974917
0.14271023031915783	0.1413464411637496
0.14817252246071821	0.13913898088203167
0.14195681071342536	0.13831118327638747
0.1448449192020665	0.1355518579242401
0.1427730152863022	0.13341338077632586
0.14384035972775652	0.13299948197350378
0.1362433787032875	0.12817066260724586
0.13555274406469942	0.12858456141006797
0.13316691531321329	0.12789473007203112
0.1378757878490412	0.13044710602276743
0.13392033491894575	0.12775676380442375
0.13316691531321329	0.12692896619877952
0.12990209702170594	0.12955032528331953
0.13052994669314966	0.12672201679736847
0.12927424735026222	0.12451455651565058
0.13385754995180138	0.12858456141006797
0.1295253872188397	0.12782574693822743
0.1326646355760583	0.1269979493325832
0.12933703231740656	0.1247904890508653
0.12531879442016677	0.12313489383957689
0.12531879442016677	0.12251404563534371
0.12732791336878668	0.12513540471988374
0.12374917024155747	0.12410065771282847
0.12820690290880787	0.12320387697338056
0.12180283626008191	0.12072048415644793
0.1274534833030754	0.12258302876914741
0.12230511599723691	0.12099641669166265
0.12243068593152565	0.11975472028319634
0.12513043951873365	0.12092743355785898
0.12450258984728993	0.12285896130436214
0.12563271925588865	0.12134133236068108
0.125193224485878	0.12258302876914741
0.1191658676400183	0.11527081658595684
0.12060992188433886	0.11982370341700002
0.12374917024155747	0.12223811310012898
0.12211676109580379	0.11809912507190791
0.12469094474872304	0.1198926865508037
0.12293296566868063	0.12044455162123317
0.12400031011013496	0.11899590581135581
0.1173451035928315	0.11734031060006737
0.12243068593152565	0.12147929862828845
0.12004485718003952	0.11899590581135581
0.12393752514299057	0.11658149612822685
0.12217954606294816	0.11775420940288948
0.1243770199130012	0.11754726000147843
0.11841244803428583	0.11340827197325735
0.12079827678577199	0.11602963105779737
0.11922865260716267	0.11216657556479104
0.1166544689542434	0.11361522137466841
0.11935422254145142	0.10795860440276628
0.11495927484134535	0.11064894662110998
0.11583826438136657	0.11071792975491367
0.11659168398709904	0.11230454183239841
0.1146453500056235	0.11402912017749053
0.11433142516990163	0.11520183345215317
0.11408028530132415	0.11064894662110998
0.11602661928279968	0.11354623824086472
0.11897751273858519	0.11292539003663157
0.11439421013704602	0.11202860929718367
0.11539876961135596	0.11258047436761315
