condition1	condition1
0.1260879885997589	0.12500475628618093
0.12583377894532388	0.12606411862758926
0.12888429479854388	0.12235635043266015
0.12761324652636888	0.12076730692054768
0.12761324652636888	0.13321481443209535
0.13803584235820382	0.14063035082195355
0.13168060099732884	0.13453901735885573
0.12405431136427893	0.12871252448111004
0.12456273067314892	0.12473991570082886
0.1360021651227238	0.12871252448111004
0.13396848788724383	0.14831072779716384
0.1398153099392488	0.13559837970026406
0.13829005201263878	0.135333539114912
0.13574795546828883	0.1281828433104059
0.12863008514410887	0.13851162613913692
0.14871264784447372	0.1520184959920929
0.14591634164568873	0.14116003199265773
0.1260879885997589	0.14168971316336185
0.1405779389025538	0.14751620604110757
0.14286582579246876	0.13930614789519316
0.14642476095455872	0.13612806087096824
0.14489950302794874	0.1337444956027995
0.13574795546828883	0.14195455374871394
0.14159477752029376	0.14168971316336185
0.14566213199125375	0.15069429306533252
0.1393068906303788	0.13851162613913692
0.14922106715334368	0.14539748135829098
0.14210319682916378	0.14619200311434719
0.15100053473438868	0.14327875667547432
0.14871264784447372	0.14698652487040342
0.1517631636976937	0.1520184959920929
0.1360021651227238	0.15148881482138876
0.14362845475577374	0.14248423491941808
0.15227158300656368	0.15413722067490954
0.15888103402187362	0.15069429306533252
0.14388266441020875	0.14168971316336185
0.15837261471300362	0.14619200311434719
0.15710156644082865	0.15969887296730317
0.14642476095455872	0.15652078594307825
0.15557630851421866	0.15758014828448658
0.14769580922673373	0.14116003199265773
0.15684735678639364	0.1644660035036406
0.15964366298517862	0.1570504671137824
0.16904942019927352	0.16287695999152813
0.16243996918396358	0.15281301774814915
0.15354263127873866	0.15148881482138876
0.15633893747752364	0.1610230758940636
0.15760998574969862	0.1559911047723741
0.16574469469161854	0.1642011629182885
0.15583051816865365	0.16764409052786552
0.16803258158153356	0.1581098294551907
0.16955783950814354	0.17850255452730074
0.17743833879562845	0.1702924963813863
0.16930362985370853	0.17347058340561125
0.16371101745613859	0.1610230758940636
0.16879521054483854	0.17558930808842788
0.17489624225127848	0.182740003892934
0.16879521054483854	0.1705573369667384
0.16294838849283358	0.1665847281864572
0.16676153330935856	0.1644660035036406
0.16803258158153356	0.1732057428202592
0.1835393705020684	0.17956191686870904
0.17565887121458346	0.17214638047885086
0.17692991948675846	0.16843861228392176
0.17870938706780345	0.17770803277124453
0.18582725739198339	0.18062127921011736
0.1733709843246685	0.17744319218589244
0.17540466156014847	0.18777197501462348
0.1807430643032834	0.18300484447828605
0.18125148361215343	0.1901555402827922
0.18125148361215343	0.17929707628335698
0.17591308086901847	0.19465783023377753
0.18048885464884845	0.18406420681969438
0.17896359672223844	0.1763838298444841
0.17565887121458346	0.17188153989349877
0.18811514428189835	0.1824751633075819
0.1837935801565034	0.18644777208786306
0.17565887121458346	0.1816806415515257
0.17820096775893343	0.17929707628335698
0.1832851608476334	0.1853884097464548
0.19980878838590826	0.1875071344292714
0.1934535470250333	0.1912149026242005
0.19269091806172833	0.2033975695503961
0.1713373070891885	0.18830165618532763
0.18201411257545844	0.17823771394194868
0.17743833879562845	0.1763838298444841
0.19752090149599327	0.1935984678923692
0.1985377401137333	0.20366241013574818
0.1845562091198084	0.18618293150251103
0.16498206572831356	0.17373542399096334
0.15532209885978365	0.1485755683825159
0.11769907000340397	0.12950704623716625
0.11388592518687901	0.11758921989632275
0.0920238949054692	0.1035526688726626
0.16142313056622362	0.1642011629182885
0.16879521054483854	0.16843861228392176
0.14617055130012374	0.13904130730984107
0.15532209885978365	0.155726264187022
0.14388266441020875	0.1374522637977286
0.10753068382600406	0.10063942243378973
0.09609124937642917	0.10010974126308558
0.1029549100461741	0.11520565462815405
0.14083214855698878	0.13109608974927872
0.1715915167436235	0.18326968506363814
0.1466789706089937	0.138776466724489
0.16625311400048856	0.15890435121124694
0.1606605016029186	0.17241122106420295
0.10625963555382907	0.11149788643322495
0.1047343776272191	0.1157353357988582
0.13523953615941883	0.13268513326139122
0.14286582579246876	0.14831072779716384
0.19141986978955333	0.1742651051616675
0.19421617598833832	0.19545235198983374
0.20997717456330817	0.2023382072089878
0.19269091806172833	0.19306878672166505
0.1807430643032834	0.18300484447828605
0.19116566013511835	0.18459388799039855
0.1934535470250333	0.18697745325856724
0.19726669184155826	0.19704139550194621
0.19141986978955333	0.18830165618532763
0.19116566013511835	0.19677655491659415
0.1949788049516433	0.1909500620388484
0.17998043533997843	0.18194548213687778
0.18582725739198339	0.17982675745406113
0.1967582725326883	0.1975710766726504
0.19192828909842333	0.1851235691611027
0.1764215001778885	0.18062127921011736
0.19192828909842333	0.1787673951126528
0.17845517741336844	0.19783591725800245
0.18201411257545844	0.18459388799039855
0.17082888778031852	0.17373542399096334
0.17438782294240848	0.18062127921011736
0.17057467812588353	0.16181759765011983
0.19040303117181334	0.18009159803941321
0.1807430643032834	0.17585414867377996
0.16599890434605355	0.18009159803941321
0.17057467812588353	0.17611898925913202
0.16955783950814354	0.17611898925913202
0.16904942019927352	0.1705573369667384
0.1715915167436235	0.1824751633075819
0.17921780637667345	0.1610230758940636
0.16421943676500855	0.1753244675030758
0.17209993605249352	0.165790206430401
0.1591352436763086	0.16605504701575305
0.16574469469161854	0.1729409022349071
0.17616729052345348	0.1679089311132176
0.1733709843246685	0.17135185872279463
0.1700662588170135	0.16631988760110514
0.1733709843246685	0.16976281521068218
0.17057467812588353	0.16155275706476774
0.17260835536136349	0.1594340323819511
0.1512547443888237	0.1544020612602616
0.15862682436743863	0.15493174243096577
0.15455946989647867	0.14831072779716384
0.16752416227266353	0.15095913365068458
0.16599890434605355	0.15413722067490954
0.15760998574969862	0.16737924994251344
0.16243996918396358	0.16367148174758436
0.1611689209117886	0.16764409052786552
0.1639652271105736	0.16128791647941568
0.1619315498750936	0.16393632233293642
0.1377816327037688	0.14460295960223474
0.14871264784447372	0.14937009013857214
0.1499836961166487	0.15519658301631786
0.15354263127873866	0.1435435972608264
0.14896685749890873	0.14910524955322008
0.15532209885978365	0.1496349307239242
0.15405105058760865	0.15042945247998044
0.15506788920534864	0.14778104662645966
0.14388266441020875	0.14910524955322008
0.14642476095455872	0.1459271625289951
0.14032372924811878	0.14063035082195355
0.14032372924811878	0.14645684369969927
0.15227158300656368	0.15493174243096577
0.14108635821142376	0.1472513654557555
0.1494752768077787	0.15148881482138876
0.15506788920534864	0.14460295960223474
0.15252579266099867	0.1459271625289951
0.14083214855698878	0.14486780018758683
0.1387984713215088	0.14460295960223474
0.14464529337351376	0.13798194496843275
0.14261161613803375	0.1350686985295599
0.1367647940860288	0.13824678555378483
0.1377816327037688	0.14486780018758683
0.14210319682916378	0.1350686985295599
0.14515371268238372	0.14248423491941808
0.14261161613803375	0.13453901735885573
0.14210319682916378	0.14089519140730564
0.1250711499820189	0.13215545209068705
0.1278674561808039	0.12712348096899756
0.14337424510133875	0.15175365540674085
0.1393068906303788	0.14937009013857214
0.1387984713215088	0.13109608974927872
0.13574795546828883	0.12977188682251833
0.12888429479854388	0.12288603160336431
0.13193481065176385	0.13242029267603914
0.13193481065176385	0.12871252448111004
0.13447690719611383	0.1374522637977286
0.14134056786585877	0.12950704623716625
0.1263421982541939	0.12076730692054768
