WT-Tfh	WT-Th1
0.3008408139912878	0.30241626404315725
0.34012257632772985	0.33027705888800424
0.3017989057555913	0.34395417635729275
0.3214397869238123	0.2902588262926785
0.31377505280938456	0.30697530319958677
0.29844558458052917	0.29431130554283813
0.3338949798597573	0.32825081926292443
0.3406016222098816	0.3241983400127649
0.32383501633457096	0.3100146626372064
0.32479310809887446	0.3388885772945933
0.3286254751560883	0.3277442593566545
0.32958356692039176	0.34142137682594303
0.32048169515950886	0.33534265795070367
0.34155971397418505	0.3343295381381638
0.33868543868127465	0.34344761645102284
0.343475897502792	0.3378754574820534
0.34251780573848856	0.3500328952325321
0.3722186504318959	0.3621903329830108
0.35641013632088875	0.3454738560761026
0.3463501727957024	0.35205913485761187
0.3717396045497442	0.3626968928892807
0.3492244480886128	0.36117721317047086
0.37700910925341324	0.37991992970245886
0.33724830103481945	0.3591509735453911
0.37413483396050284	0.3647231325143605
0.38706907277859964	0.3758674504522993
0.36503296219961995	0.3900511278278577
0.3990452198323929	0.3986626462344468
0.40191949512530334	0.3956232867968272
0.38994334807151	0.37181497120213974
0.3760510174891098	0.3768805702648392
0.370302466903289	0.3616837730767408
0.37461387984265454	0.3870117683902381
0.40670995394682063	0.4118332037974654
0.39760808218593774	0.4006888858595266
0.416769917472007	0.415379123141355
0.42874606452580033	0.4158856830476249
0.4119794586504897	0.39764952642190693
0.3808414763106271	0.4128463236100053
0.4000033115966964	0.40778072454730585
0.4378479362866833	0.39410360707801734
0.4440755327546558	0.4356415193921528
0.4325784315830142	0.4371611991109627
0.41341659629694494	0.4351349594858829
0.41964419276491743	0.4229775217354042
0.4119794586504897	0.41892504248524465
0.44790789981186957	0.4356415193921528
0.438326982168835	0.43310871986080307
0.42587178923288993	0.43310871986080307
0.42012323864706913	0.4158856830476249
0.44934503745832477	0.4513448764865211
0.45365645039769037	0.4407071184548522
0.4397641198152901	0.4533711161116009
0.4838363409732495	0.4660351137683495
0.47090210215515277	0.43918743873604243
0.46084213862996637	0.451851436392791
0.4517402668690834	0.44526615761128174
0.41341659629694494	0.42044472220405443
0.4421593492260488	0.41132664389119544
0.45509358804414557	0.44374647789247196
0.4584469092192077	0.44374647789247196
0.4948543962627394	0.4690744732059692
0.4804830197981874	0.45286455620533095
0.4565307256906008	0.4569170354554905
0.4809620656803391	0.4731269524561288
0.4910220292055255	0.4792056713313681
0.4613211845121181	0.4462792774238217
0.4675487809800906	0.4209512821103244
0.46994401039084926	0.424497201454214
0.5001239009664084	0.47211383264358886
0.49533344214489106	0.49794838786335605
0.46946496450869757	0.480218791143908
0.4843153868554012	0.47414007226866867
0.5001239009664084	0.46856791329969927
0.5097048186094431	0.48376471048779757
0.48287824920894606	0.46147607461192
0.49293821273413246	0.46299575433072987
0.47712969862312526	0.479712231237638
0.47281828568375966	0.4483055170489015
0.5092257727272913	0.48072535105017794
0.4982077174378015	0.4538776760178708
0.47425542333021486	0.4645154340495397
0.48623157038400816	0.479712231237638
0.4958124880270428	0.4857909501128774
0.44934503745832477	0.42247096182913424
0.4780877903874287	0.4604629547993801
0.484794432737553	0.44475959770501183
0.4838363409732495	0.47414007226866867
0.4555726339262973	0.42247096182913424
0.5235971491918433	0.49490902842573636
0.5853940679894167	0.5673470950223385
0.48623157038400816	0.4731269524561288
0.4838363409732495	0.46958103311223914
0.6318615185581348	0.6012866087424248
0.5379685256563952	0.4974418279570861
0.6850356114769771	0.6879083527145855
0.5504237185923403	0.5161845444890741
0.35784727396734395	0.33939513720086323
0.38563193513214444	0.3870117683902381
0.3501825398529162	0.35965753345166107
0.6740175561874873	0.6585278781509286
0.640484344436866	0.6352261224625112
0.3760510174891098	0.3500328952325321
0.38706907277859964	0.360164093357931
0.37078151278544075	0.3399016971071332
0.5715017374070166	0.5455650190527309
0.7224011902848122	0.6635934772136282
0.529345699777664	0.5141583048639943
0.6380891150261073	0.5825438922104369
0.4627583221585733	0.43412183967334295
0.4948543962627394	0.44577271751755176
0.5772502879928373	0.5486043784903506
0.4895848915590703	0.4756597519874785
0.4388060280509867	0.4295628005169134
0.47233923980160797	0.45033175667398123
0.5049143597879258	0.471100712831049
0.4934172586162842	0.4822450307689878
0.44790789981186957	0.4239906415479441
0.4823992033267943	0.4761663118937484
0.5212019197810845	0.4933893487069265
0.5173695527238708	0.4959221482382763
0.49916580920210496	0.4751531920812085
0.4718601939194562	0.45539735573668066
0.4982077174378015	0.48984342936303693
0.5097048186094431	0.5192239039266937
0.497249625673498	0.5004811873947058
0.4732973315659114	0.45590391564295063
0.47665065274097357	0.45489079583041075
0.48000397391603566	0.45539735573668066
0.4881477539126151	0.4690744732059692
0.4680278268622423	0.4533711161116009
0.4627583221585733	0.43260215995453316
0.4526983586333869	0.45742359536176047
0.4670697350979389	0.46400887414326975
0.4809620656803391	0.47211383264358886
0.47665065274097357	0.44323991798620194
0.4670697350979389	0.44526615761128174
0.4450336245189592	0.43868087882977247
0.4440755327546558	0.44374647789247196
0.4416803033438971	0.4158856830476249
0.4416803033438971	0.4381743189235025
0.4306622480544072	0.4219644019228643
0.4718601939194562	0.4488120769551714
0.4320993857008625	0.4118332037974654
0.4560516798084491	0.43412183967334295
0.46659068921578717	0.43868087882977247
0.4158118257077036	0.42044472220405443
0.4316203398187107	0.4239906415479441
0.40718899982897233	0.40372824529714624
0.41245850453264143	0.43057592032945335
0.41341659629694494	0.38599864857769817
0.38467384336784094	0.3981560863281769
0.4249136974685864	0.4138594434225452
0.4100632751218828	0.39106424764039766
0.4047937704182137	0.36928217167079
0.4158118257077036	0.4108200839849255
0.4057518621825172	0.37738713017110914
0.4158118257077036	0.41892504248524465
0.3990452198323929	0.40828728445357576
0.3822786139570823	0.3763740103585692
0.40383567865391023	0.37181497120213974
0.39760808218593774	0.3900511278278577
0.4004823574788481	0.41943160239151456
0.42443465158643473	0.39258392735920744
0.39233857748226864	0.3485132155137223
0.37700910925341324	0.36877561176452006
0.3674281916103786	0.3535788145764217
0.39664999042163424	0.3986626462344468
0.39617094453948254	0.3986626462344468
0.36934437513898555	0.35712473392031135
0.34012257632772985	0.34648697588864247
0.34443398926709545	0.3495263353262621
0.37988338454632364	0.35459193438896164
0.3731767421961994	0.36117721317047086
0.38754811866075134	0.36624281223317035
0.34778731044215755	0.36117721317047086
0.35209872338152315	0.3495263353262621
0.336290209270516	0.3515525749513419
0.3722186504318959	0.3540853744826916
0.37269769631404764	0.36371001270182063
0.36551200808177164	0.360164093357931
0.36934437513898555	0.3485132155137223
0.35449395279228185	0.3647231325143605
0.36215868690670955	0.33939513720086323
0.3645539163174682	0.3424344966384829
0.35928441161379915	0.3312901787005441
0.35641013632088875	0.35763129382658126
0.3391644845634264	0.34344761645102284
0.3760510174891098	0.36067065326420095
0.35880536573164745	0.34750009570118234
0.3406016222098816	0.3292639390754643
0.3214397869238123	0.3054556234807769
0.33581116338836425	0.3145737017936359
0.32239787868811576	0.31710650132498563
0.3343740257419091	0.33078361879427415
0.32575119986317785	0.29532442535537806
0.2994036763448326	0.30241626404315725
0.3070684104592603	0.29076538619894854
0.3065893645771086	0.2892457064801387
0.31473314457368806	0.3262245796378447
