WT	KO
0.16721332884341417	0.16548880206127745
0.14776991851278462	0.14371395968479356
0.1361038723144069	0.1350040227342
0.16332464677728825	0.1698437705365742
0.16332464677728825	0.1698437705365742
0.13221519024828096	0.17855370748716778
0.17499069297566597	0.174198739011871
0.15554728264503642	0.1393589912094968
0.19832278537242146	0.20032854986365164
0.1399925543805328	0.1350040227342
0.14776991851278462	0.16113383358598066
0.1399925543805328	0.12629408578360646
0.17499069297566597	0.16548880206127745
0.16332464677728825	0.13064905425890325
0.16332464677728825	0.16548880206127745
0.17499069297566597	0.14371395968479356
0.12832650818215505	0.1567788651106839
0.14776991851278462	0.1393589912094968
0.2138775136369251	0.1916186129130581
0.1788793750417919	0.16548880206127745
0.16721332884341417	0.1698437705365742
0.1399925543805328	0.1567788651106839
0.20221146743854737	0.18290867596246452
0.20998883157079917	0.17855370748716778
0.1866567391740437	0.24823320309191615
0.22554355983530283	0.21339345528954196
0.17110201090954008	0.19597358138835486
0.17110201090954008	0.16548880206127745
0.19054542124016963	0.14806892816009035
0.1516586005789105	0.18290867596246452
0.16721332884341417	0.1872636444377613
0.16721332884341417	0.20468351833894843
0.19443410330629554	0.1916186129130581
0.22943224190142875	0.20032854986365164
0.22165487776917692	0.21774842376483874
0.20998883157079917	0.1698437705365742
0.20998883157079917	0.1916186129130581
0.18276805710791783	0.21339345528954196
0.22165487776917692	0.14806892816009035
0.2138775136369251	0.19597358138835486
0.16721332884341417	0.2264583607154323
0.22165487776917692	0.21339345528954196
0.26054169843043606	0.2787179824189936
0.20998883157079917	0.18290867596246452
0.217766195703051	0.1916186129130581
0.19054542124016963	0.14371395968479356
0.22943224190142875	0.18290867596246452
0.19443410330629554	0.21774842376483874
0.19443410330629554	0.21774842376483874
0.1788793750417919	0.17855370748716778
0.20221146743854737	0.19597358138835486
0.19832278537242146	0.1916186129130581
0.24498697016593238	0.21339345528954196
0.24498697016593238	0.174198739011871
0.2138775136369251	0.2221033922401355
0.23720960603368058	0.16113383358598066
0.20998883157079917	0.2264583607154323
0.23332092396755463	0.23081332919072908
0.19443410330629554	0.21774842376483874
0.217766195703051	0.1872636444377613
0.19832278537242146	0.2221033922401355
0.19832278537242146	0.21339345528954196
0.16721332884341417	0.16113383358598066
0.19054542124016963	0.2395232661413226
0.22165487776917692	0.20032854986365164
0.2138775136369251	0.2221033922401355
0.14776991851278462	0.19597358138835486
0.2138775136369251	0.17855370748716778
0.25276433429818423	0.23081332919072908
0.22165487776917692	0.19597358138835486
0.19832278537242146	0.20032854986365164
0.22554355983530283	0.2612981085178065
0.19832278537242146	0.19597358138835486
0.17110201090954008	0.2221033922401355
0.24887565223205832	0.20903848681424517
0.2566530163643101	0.20903848681424517
0.23720960603368058	0.2264583607154323
0.20998883157079917	0.20468351833894843
0.2138775136369251	0.20032854986365164
0.2138775136369251	0.20032854986365164
0.24887565223205832	0.21339345528954196
0.22165487776917692	0.2264583607154323
0.2644303804965619	0.2525881715672129
0.22943224190142875	0.2395232661413226
0.24498697016593238	0.19597358138835486
0.2138775136369251	0.24823320309191615
0.2410982880998065	0.20032854986365164
0.19832278537242146	0.19597358138835486
0.22943224190142875	0.174198739011871
0.16721332884341417	0.1393589912094968
0.1516586005789105	0.13064905425890325
0.1788793750417919	0.14806892816009035
0.19443410330629554	0.2221033922401355
0.2644303804965619	0.1916186129130581
0.13221519024828096	0.1393589912094968
0.11666046198377732	0.11758414883301291
0.12054914404990325	0.10016427493182582
0.20998883157079917	0.2656530769931033
0.2566530163643101	0.2787179824189936
0.2410982880998065	0.21774842376483874
0.20998883157079917	0.2221033922401355
0.1866567391740437	0.20032854986365164
0.19832278537242146	0.1916186129130581
0.13221519024828096	0.174198739011871
0.19832278537242146	0.1872636444377613
0.1438812364466587	0.15242389663538713
0.20998883157079917	0.16113383358598066
0.23332092396755463	0.16548880206127745
0.20221146743854737	0.2264583607154323
0.17110201090954008	0.1219391173083097
0.16721332884341417	0.16113383358598066
0.14776991851278462	0.1916186129130581
0.20221146743854737	0.1916186129130581
0.22165487776917692	0.19597358138835486
0.2138775136369251	0.21339345528954196
0.24498697016593238	0.19597358138835486
0.22943224190142875	0.2438782346166194
0.22554355983530283	0.20903848681424517
0.20610014950467329	0.21774842376483874
0.22943224190142875	0.2221033922401355
0.2722077446288138	0.2525881715672129
0.24887565223205832	0.2395232661413226
0.24498697016593238	0.23081332919072908
0.17499069297566597	0.2221033922401355
0.20998883157079917	0.2395232661413226
0.25276433429818423	0.2221033922401355
0.23332092396755463	0.2874279193695871
0.27609642669493967	0.23516829766602582
0.22943224190142875	0.17855370748716778
0.24498697016593238	0.19597358138835486
0.2644303804965619	0.21774842376483874
0.2644303804965619	0.1698437705365742
0.23720960603368058	0.20903848681424517
0.19443410330629554	0.1872636444377613
0.24498697016593238	0.21339345528954196
0.1866567391740437	0.23516829766602582
0.16721332884341417	0.19597358138835486
0.23332092396755463	0.15242389663538713
0.22554355983530283	0.19597358138835486
0.22943224190142875	0.2221033922401355
0.22554355983530283	0.24823320309191615
0.18276805710791783	0.1567788651106839
0.17110201090954008	0.20468351833894843
0.19443410330629554	0.1567788651106839
0.1866567391740437	0.1567788651106839
0.23720960603368058	0.19597358138835486
0.15554728264503642	0.17855370748716778
0.17499069297566597	0.17855370748716778
0.22554355983530283	0.16548880206127745
0.22165487776917692	0.23081332919072908
0.22943224190142875	0.23081332919072908
0.14776991851278462	0.15242389663538713
0.19443410330629554	0.174198739011871
0.19443410330629554	0.23081332919072908
0.23720960603368058	0.19597358138835486
0.17110201090954008	0.18290867596246452
0.19054542124016963	0.1698437705365742
0.19443410330629554	0.20032854986365164
0.1866567391740437	0.1698437705365742
0.16332464677728825	0.1872636444377613
0.1866567391740437	0.15242389663538713
0.2138775136369251	0.19597358138835486
0.20610014950467329	0.2264583607154323
0.19054542124016963	0.1698437705365742
0.23332092396755463	0.1872636444377613
0.19832278537242146	0.16548880206127745
0.15943596471116236	0.16113383358598066
0.20221146743854737	0.174198739011871
0.19054542124016963	0.15242389663538713
0.22943224190142875	0.2264583607154323
0.19443410330629554	0.23081332919072908
0.20998883157079917	0.14371395968479356
0.22943224190142875	0.20468351833894843
0.22943224190142875	0.23081332919072908
0.1788793750417919	0.2264583607154323
0.20221146743854737	0.1698437705365742
0.17499069297566597	0.18290867596246452
0.20998883157079917	0.17855370748716778
0.1788793750417919	0.1916186129130581
0.1788793750417919	0.2264583607154323
0.16721332884341417	0.16113383358598066
0.17110201090954008	0.1698437705365742
0.22943224190142875	0.2221033922401355
0.17110201090954008	0.18290867596246452
0.19054542124016963	0.19597358138835486
0.19443410330629554	0.2264583607154323
0.22943224190142875	0.16548880206127745
0.17110201090954008	0.18290867596246452
0.22165487776917692	0.1872636444377613
0.20998883157079917	0.19597358138835486
0.20610014950467329	0.23081332919072908
0.16721332884341417	0.16548880206127745
0.17499069297566597	0.16548880206127745
0.18276805710791783	0.20468351833894843
0.217766195703051	0.174198739011871
0.19443410330629554	0.1872636444377613
0.1361038723144069	0.1698437705365742
0.14776991851278462	0.14806892816009035
0.19832278537242146	0.14371395968479356
0.18276805710791783	0.20468351833894843
