WT	KO
0.25390616338131256	0.23158540116418888
0.26961169926056905	0.2257224796157284
0.25390616338131256	0.22865394038995862
0.2460533954416844	0.24331124426110984
0.23820062750205612	0.24624270503534007
0.256523752694522	0.2726258520034122
0.2512885740681032	0.269694391229182
0.2905524137662443	0.3224606851653263
0.2800820565134067	0.2638314696807215
0.2800820565134067	0.28435169510033315
0.256523752694522	0.269694391229182
0.3010227710190819	0.28142023432610297
0.2957875923926631	0.2784887735518727
0.2853172351398255	0.29607753819725413
0.2224950916227997	0.26676293045495175
0.26437652063415024	0.2491741658095703
0.28793482445303487	0.29021461664879367
0.26961169926056905	0.3078033812941751
0.2853172351398255	0.31073484206840535
0.28269964582661605	0.31073484206840535
0.2512885740681032	0.32832360671378674
0.2800820565134067	0.29021461664879367
0.30364036033229136	0.3459123713591682
0.30887553895871017	0.28728315587456343
0.3245810748379666	0.2931460774230239
0.2931700030794537	0.32832360671378674
0.314110717585129	0.3136663028426356
0.2931700030794537	0.3078033812941751
0.2931700030794537	0.3136663028426356
0.3298162534643854	0.3078033812941751
0.3167283068983384	0.37522697910147057
0.30887553895871017	0.2931460774230239
0.2905524137662443	0.3253921459395565
0.3245810748379666	0.3400494498107077
0.34552178934364186	0.3078033812941751
0.314110717585129	0.33125506748801703
0.3586097359096889	0.3341865282622472
0.30364036033229136	0.3371179890364775
0.34552178934364186	0.38402136142416127
0.3298162534643854	0.3253921459395565
0.3245810748379666	0.32832360671378674
0.314110717585129	0.3136663028426356
0.30887553895871017	0.3341865282622472
0.3298162534643854	0.35470675368185894
0.23558303818884674	0.3253921459395565
0.3062579496455008	0.33125506748801703
0.3010227710190819	0.33125506748801703
0.33243384277759486	0.3488438321333985
0.40310875423424886	0.3459123713591682
0.34028661071722305	0.3488438321333985
0.3376690214040136	0.3488438321333985
0.3429042000304324	0.32832360671378674
0.34552178934364186	0.38402136142416127
0.3298162534643854	0.3722955183272404
0.3245810748379666	0.3488438321333985
0.3533745572832701	0.36350113600454964
0.314110717585129	0.4338561945860754
0.384785629041783	0.3810899006499311
0.34552178934364186	0.36350113600454964
0.34813937865685124	0.34298091058493796
0.35075696797006073	0.39574720452108225
0.35075696797006073	0.3605696752303194
0.384785629041783	0.4338561945860754
0.35599214659647954	0.3781584398757008
0.3586097359096889	0.41040450839223347
0.3533745572832701	0.3400494498107077
0.3376690214040136	0.34298091058493796
0.3298162534643854	0.34298091058493796
0.3586097359096889	0.3693640575530101
0.33243384277759486	0.3576382144560891
0.33243384277759486	0.38402136142416127
0.3926383969814112	0.38695282219839156
0.36646250384931717	0.3722955183272404
0.33505143209080424	0.34298091058493796
0.3769328611021548	0.37522697910147057
0.3586097359096889	0.4367876553603056
0.3952559862946206	0.41040450839223347
0.3821680397285736	0.4455820376829963
0.34028661071722305	0.4133359691664637
0.40834393286066767	0.3898842829726218
0.39787357560783004	0.45437642000568707
0.3245810748379666	0.392815743746852
0.3533745572832701	0.3605696752303194
0.3193458962115478	0.3576382144560891
0.2774644672001973	0.29607753819725413
0.3010227710190819	0.2784887735518727
0.3298162534643854	0.33125506748801703
0.23296544887563733	0.28435169510033315
0.185848841237868	0.2169280972930377
0.1884664305510774	0.2022707934218865
0.36908009316252655	0.3664325967787799
0.4528429511852276	0.42506181226338463
0.35599214659647954	0.41919889071492417
0.3114931282719196	0.3019404597457146
0.2853172351398255	0.24331124426110984
0.26175893132094086	0.27555731277764245
0.39787357560783004	0.4514449592314568
0.4004911649210395	0.466102263102608
0.32196348552475723	0.3400494498107077
0.1937016091774962	0.21106517574457723
0.13873223360009865	0.14071011716305148
0.21464232368317146	0.23158540116418888
0.3062579496455008	0.29021461664879367
0.4240494687399241	0.41919889071492417
0.4004911649210395	0.404541586843773
0.28793482445303487	0.2638314696807215
0.32719866415117604	0.31659776361686576
0.3429042000304324	0.31073484206840535
0.37955045041536417	0.4074730476180032
0.40310875423424886	0.404541586843773
0.30364036033229136	0.3136663028426356
0.23558303818884674	0.23744832271264935
0.27484687788698786	0.28142023432610297
0.26961169926056905	0.25796854813226106
0.27484687788698786	0.2726258520034122
0.26175893132094086	0.26676293045495175
0.2774644672001973	0.31952922439109605
0.3376690214040136	0.3781584398757008
0.36646250384931717	0.33125506748801703
0.3586097359096889	0.3810899006499311
0.4292846473663429	0.3693640575530101
0.3874032183549924	0.41626742994069393
0.3952559862946206	0.39574720452108225
0.3821680397285736	0.3576382144560891
0.36122732522289835	0.41040450839223347
0.36646250384931717	0.39574720452108225
0.3376690214040136	0.3693640575530101
0.32719866415117604	0.3693640575530101
0.33243384277759486	0.3605696752303194
0.33243384277759486	0.3693640575530101
0.36646250384931717	0.4074730476180032
0.3298162534643854	0.3605696752303194
0.3193458962115478	0.3664325967787799
0.3376690214040136	0.3722955183272404
0.3298162534643854	0.3371179890364775
0.3245810748379666	0.35470675368185894
0.34028661071722305	0.35470675368185894
0.34028661071722305	0.3810899006499311
0.30887553895871017	0.31952922439109605
0.35599214659647954	0.3576382144560891
0.36384491453610773	0.36350113600454964
0.3245810748379666	0.3371179890364775
0.2905524137662443	0.3341865282622472
0.314110717585129	0.3781584398757008
0.32719866415117604	0.32832360671378674
0.3533745572832701	0.3488438321333985
0.32719866415117604	0.31952922439109605
0.33505143209080424	0.3400494498107077
0.34552178934364186	0.34298091058493796
0.28269964582661605	0.3488438321333985
0.3245810748379666	0.28728315587456343
0.33243384277759486	0.3224606851653263
0.3245810748379666	0.3253921459395565
0.3010227710190819	0.3019404597457146
0.28269964582661605	0.2784887735518727
0.26699410994735967	0.3019404597457146
0.33243384277759486	0.3781584398757008
0.3245810748379666	0.3605696752303194
0.32196348552475723	0.3136663028426356
0.27484687788698786	0.2726258520034122
0.28793482445303487	0.3078033812941751
0.30887553895871017	0.3019404597457146
0.3114931282719196	0.31073484206840535
0.3010227710190819	0.35177529290762866
0.2931700030794537	0.3019404597457146
0.25390616338131256	0.2784887735518727
0.2957875923926631	0.3019404597457146
0.2853172351398255	0.3078033812941751
0.2984051817058725	0.3224606851653263
0.3010227710190819	0.3341865282622472
0.2722292885737785	0.24331124426110984
0.314110717585129	0.2784887735518727
0.2800820565134067	0.28435169510033315
0.30887553895871017	0.2784887735518727
0.3114931282719196	0.2931460774230239
0.28793482445303487	0.28142023432610297
0.23296544887563733	0.2609000089064913
0.26437652063415024	0.28728315587456343
0.2591413420077314	0.31952922439109605
0.27484687788698786	0.2726258520034122
0.24867098475489377	0.2609000089064913
0.256523752694522	0.2609000089064913
0.26437652063415024	0.31952922439109605
0.2957875923926631	0.3341865282622472
0.26175893132094086	0.27555731277764245
0.26699410994735967	0.269694391229182
0.2591413420077314	0.26676293045495175
0.2722292885737785	0.2931460774230239
0.28269964582661605	0.25503708735803077
0.21725991299638087	0.24331124426110984
0.22773027024921852	0.2403797834868796
0.24081821681526555	0.2609000089064913
0.25390616338131256	0.2638314696807215
0.26961169926056905	0.2784887735518727
0.26699410994735967	0.2726258520034122
0.24867098475489377	0.24331124426110984
0.24867098475489377	0.23744832271264935
0.24867098475489377	0.2491741658095703
0.21987750230959027	0.2638314696807215
0.23558303818884674	0.24624270503534007
