WT	KO
0.1746441767519518	0.18860031793017912
0.16996620773181023	0.18860031793017912
0.17152553073852408	0.2043170110910274
0.17620349975866567	0.19209291641036763
0.17152553073852408	0.1589132308485769
0.18400011479223494	0.20257071185093317
0.16840688472509638	0.1798688217297079
0.17152553073852408	0.1798688217297079
0.17776282276537952	0.2043170110910274
0.19647469884594576	0.21304850729149866
0.2058306368862289	0.19558551489055612
0.16528823871166867	0.1903466171702734
0.19335605283251808	0.16240582932876538
0.20427131387951505	0.2252726019721584
0.19335605283251808	0.19558551489055612
0.2167458979332259	0.21304850729149866
0.20427131387951505	0.21304850729149866
0.1746441767519518	0.18510771944999063
0.19335605283251808	0.2043170110910274
0.19803402185265964	0.20606331033112166
0.2058306368862289	0.2217800034919699
0.20894928289965664	0.2182874050117814
0.21206792891308432	0.22003370425187566
0.18244079178552108	0.21304850729149866
0.21206792891308432	0.21654110577168717
0.20427131387951505	0.22352630273206417
0.21050860590637047	0.2113022080514044
0.21362725191979817	0.23924299589291242
0.22610183597350902	0.23749669665281817
0.24325438904736144	0.21304850729149866
0.1855594377989488	0.2043170110910274
0.17308485374523794	0.1798688217297079
0.21206792891308432	0.2182874050117814
0.21206792891308432	0.21654110577168717
0.2588476191145	0.22701890121225266
0.22298318996008132	0.24273559437310094
0.1949153758392319	0.2078096095712159
0.2198645439466536	0.21654110577168717
0.2058306368862289	0.2252726019721584
0.22922048198693673	0.22701890121225266
0.23233912800036446	0.21304850729149866
0.22922048198693673	0.2671837837344204
0.23857642002721988	0.24448189361319517
0.24793235806750302	0.2514670905735722
0.23545777401379214	0.23400409817262968
0.237017097020506	0.24098929513300668
0.24325438904736144	0.24098929513300668
0.22298318996008132	0.22352630273206417
0.21206792891308432	0.23575039741272394
0.23545777401379214	0.23749669665281817
0.25105100408093073	0.24273559437310094
0.24169506604064755	0.27067638221460893
0.2526103270876446	0.2829004768952687
0.26040694212121385	0.2514670905735722
0.24013574303393376	0.24273559437310094
0.25728829610778614	0.2741689806947975
0.2650849111413554	0.23749669665281817
0.26664423414806926	0.24797449209338368
0.2650849111413554	0.2759152799348917
0.3040679863092018	0.25670598829385494
0.26976288016149697	0.2532133898136664
0.2198645439466536	0.24622819285328945
0.2900340792487771	0.27067638221460893
0.26352558813464155	0.2759152799348917
0.26664423414806926	0.2898856738556457
0.2713222031682108	0.27067638221460893
0.2650849111413554	0.2584522875339492
0.28067814120849394	0.2951245715759285
0.2650849111413554	0.27766157917498596
0.29471204826891867	0.29163197309573996
0.26976288016149697	0.3038560677763997
0.24169506604064755	0.2514670905735722
0.26040694212121385	0.2619448860141377
0.2650849111413554	0.27067638221460893
0.26040694212121385	0.26019858677404345
0.28223746421520784	0.3021097685363055
0.27288152617492467	0.2898856738556457
0.25105100408093073	0.2794078784150802
0.2619662651279277	0.27766157917498596
0.2760001721883524	0.2619448860141377
0.2760001721883524	0.2619448860141377
0.24169506604064755	0.2636911852542319
0.2526103270876446	0.2532133898136664
0.2900340792487771	0.2549596890537607
0.3103052783360572	0.30560236701649396
0.26352558813464155	0.30734866625658824
0.22142386695336747	0.24622819285328945
0.2588476191145	0.20955590881131017
0.237017097020506	0.23924299589291242
0.2307798049936506	0.2182874050117814
0.31498324735619876	0.326557957897625
0.29315272526220476	0.2671837837344204
0.24013574303393376	0.23400409817262968
0.17308485374523794	0.17462992400942512
0.23857642002721988	0.2671837837344204
0.3103052783360572	0.29337827233583424
0.1855594377989488	0.1798688217297079
0.2744408491816386	0.2671837837344204
0.20271199087280117	0.23400409817262968
0.20271199087280117	0.1903466171702734
0.24169506604064755	0.24098929513300668
0.1746441767519518	0.20606331033112166
0.22298318996008132	0.2113022080514044
0.24793235806750302	0.22352630273206417
0.15437297766467167	0.1501817346481056
0.29159340225549096	0.3178264616971538
0.25105100408093073	0.2287652004523469
0.18400011479223494	0.1798688217297079
0.2588476191145	0.24098929513300668
0.26664423414806926	0.3003634692962112
0.31342392434948496	0.3143338632169652
0.1949153758392319	0.17812252248961363
0.22610183597350902	0.2147948065315929
0.2198645439466536	0.24273559437310094
0.24481371205407532	0.2287652004523469
0.2557289731010723	0.24273559437310094
0.2962713712756325	0.2968708708160227
0.27911881820178014	0.312587563976871
0.2760001721883524	0.2898856738556457
0.2619662651279277	0.2898856738556457
0.2837967872219217	0.29163197309573996
0.26976288016149697	0.2741689806947975
0.26664423414806926	0.2863930753754572
0.27288152617492467	0.30560236701649396
0.3009493402957741	0.2951245715759285
0.2557289731010723	0.2619448860141377
0.29939001728906023	0.2741689806947975
0.2713222031682108	0.25670598829385494
0.25105100408093073	0.2584522875339492
0.24481371205407532	0.28464677613536293
0.22766115898022288	0.23749669665281817
0.2900340792487771	0.24972079133347794
0.29471204826891867	0.2811541776551745
0.2619662651279277	0.28464677613536293
0.29159340225549096	0.29337827233583424
0.24793235806750302	0.23749669665281817
0.25105100408093073	0.24622819285328945
0.2962713712756325	0.2811541776551745
0.2713222031682108	0.26019858677404345
0.2650849111413554	0.27766157917498596
0.2884747562420632	0.24972079133347794
0.2588476191145	0.24797449209338368
0.2650849111413554	0.27067638221460893
0.2619662651279277	0.24622819285328945
0.23857642002721988	0.2619448860141377
0.22298318996008132	0.24448189361319517
0.22766115898022288	0.20606331033112166
0.2307798049936506	0.22352630273206417
0.22922048198693673	0.2322577989325354
0.22610183597350902	0.22003370425187566
0.2338984510070783	0.2322577989325354
0.25728829610778614	0.2619448860141377
0.24169506604064755	0.2322577989325354
0.21518657492651205	0.2532133898136664
0.21206792891308432	0.2078096095712159
0.23233912800036446	0.2113022080514044
0.19179672982580423	0.2322577989325354
0.26352558813464155	0.23575039741272394
0.2198645439466536	0.23924299589291242
0.22766115898022288	0.1973318141306504
0.2338984510070783	0.20955590881131017
0.19179672982580423	0.1868540186900849
0.21830522093993973	0.2147948065315929
0.22610183597350902	0.2287652004523469
0.21050860590637047	0.2322577989325354
0.21830522093993973	0.2322577989325354
0.22922048198693673	0.2252726019721584
0.2307798049936506	0.24622819285328945
0.20894928289965664	0.23749669665281817
0.24949168107421685	0.24273559437310094
0.24637303506078914	0.2549596890537607
0.20738995989294276	0.22701890121225266
0.22766115898022288	0.2182874050117814
0.21518657492651205	0.20606331033112166
0.18244079178552108	0.2043170110910274
0.2058306368862289	0.1903466171702734
0.2058306368862289	0.20606331033112166
0.2167458979332259	0.2322577989325354
0.22610183597350902	0.22352630273206417
0.18400011479223494	0.24972079133347794
0.2198645439466536	0.1973318141306504
0.1855594377989488	0.2078096095712159
0.1949153758392319	0.1641521285688596
0.19023740681909035	0.20257071185093317
0.1995933448593735	0.2113022080514044
0.2167458979332259	0.2008244126108389
0.21206792891308432	0.22003370425187566
0.1995933448593735	0.21654110577168717
0.1949153758392319	0.1589132308485769
0.18088146877880723	0.17462992400942512
0.20115266786608735	0.2043170110910274
0.18400011479223494	0.16764472704904812
0.18400011479223494	0.1711373255292366
0.18244079178552108	0.1973318141306504
0.21518657492651205	0.18860031793017912
0.2058306368862289	0.23400409817262968
0.20738995989294276	0.19209291641036763
0.1886780838123765	0.1938392156504619
0.16996620773181023	0.1903466171702734
0.1949153758392319	0.1938392156504619
