condition1	condition1
0.11634785415478135	0.12595846355171827
0.09911113502073968	0.10743516008823029
0.12604350866767983	0.13213289803954759
0.11527055920890375	0.12595846355171827
0.12604350866767983	0.1037304993955327
0.11203867437127094	0.1037304993955327
0.11850244404653656	0.12966312424441587
0.1055749046960053	0.10867004698579615
0.14112563790996627	0.12348868975658654
0.12712080361355743	0.15189108840060145
0.12388891877592459	0.13707244562981105
0.12927539350531264	0.13336778493711346
0.1034203148042501	0.09508629111257164
0.11634785415478135	0.12719335044928412
0.11850244404653656	0.10867004698579615
0.12065703393829177	0.10496538629309855
0.11311596931714854	0.1247235766541524
0.11419326426302615	0.12225380285902067
0.11634785415478135	0.10743516008823029
0.12065703393829177	0.12842823734685
0.13358457328882306	0.12348868975658654
0.11311596931714854	0.14448176701520626
0.12281162383004698	0.13460267183467933
0.10772949458776052	0.13830733252737692
0.10880678953363812	0.12225380285902067
0.12819809855943504	0.14571665391277214
0.12496621372180218	0.13213289803954759
0.13142998339706785	0.12225380285902067
0.11850244404653656	0.13336778493711346
0.11311596931714854	0.11978402906388895
0.10665219964188291	0.1247235766541524
0.12712080361355743	0.13707244562981105
0.1475894075852319	0.14324688011764036
0.13573916318057824	0.13336778493711346
0.13358457328882306	0.13213289803954759
0.14004834296408866	0.15683063599086491
0.12819809855943504	0.11113982078092788
0.12065703393829177	0.09879095180526923
0.12496621372180218	0.11607936837119136
0.12173432888416938	0.12595846355171827
0.1454348176934767	0.1543608621957332
0.12712080361355743	0.12101891596145481
0.13250727834294546	0.11731425526875722
0.10880678953363812	0.11854914216632308
0.12388891877592459	0.11978402906388895
0.1465121126393543	0.12348868975658654
0.13035268845119025	0.14571665391277214
0.1497439974769871	0.14695154081033798
0.13573916318057824	0.13213289803954759
0.13681645812645585	0.12101891596145481
0.13466186823470067	0.13707244562981105
0.13681645812645585	0.14448176701520626
0.13250727834294546	0.13583755873224518
0.12281162383004698	0.13336778493711346
0.1486667025311095	0.15559574909329904
0.14435752274759908	0.1543608621957332
0.16051694693576316	0.1642399573762601
0.13789375307233345	0.14942131460546973
0.13681645812645585	0.12348868975658654
0.14004834296408866	0.14201199322007452
0.12604350866767983	0.13460267183467933
0.13681645812645585	0.13954221942494277
0.13681645812645585	0.13336778493711346
0.14328022780172148	0.15312597529816732
0.13681645812645585	0.13089801114198174
0.15836235704400795	0.15559574909329904
0.1508212924228647	0.13213289803954759
0.1508212924228647	0.12966312424441587
0.1454348176934767	0.14818642770790386
0.17021260144866163	0.14695154081033798
0.14435752274759908	0.13460267183467933
0.15297588231461992	0.13213289803954759
0.1486667025311095	0.13583755873224518
0.13142998339706785	0.12595846355171827
0.11203867437127094	0.10990493388336202
0.12712080361355743	0.13954221942494277
0.15297588231461992	0.13213289803954759
0.15728506209813034	0.14695154081033798
0.13789375307233345	0.14077710632250864
0.16913530650278402	0.15559574909329904
0.14435752274759908	0.13213289803954759
0.13035268845119025	0.14695154081033798
0.1465121126393543	0.1543608621957332
0.16159424188164076	0.13830733252737692
0.14004834296408866	0.11854914216632308
0.1648261267192736	0.14201199322007452
0.14112563790996627	0.14942131460546973
0.15405317726049753	0.14942131460546973
0.13142998339706785	0.12842823734685
0.11527055920890375	0.13830733252737692
0.11742514910065896	0.11854914216632308
0.12819809855943504	0.10620027319066443
0.13358457328882306	0.10496538629309855
0.1626715368275184	0.1704143918640894
0.15513047220637513	0.15683063599086491
0.11634785415478135	0.12595846355171827
0.11311596931714854	0.11854914216632308
0.09157007039959644	0.08397230903447885
0.19175850036621372	0.18029348704461634
0.23485029820131792	0.21116565948376298
0.2563961971188701	0.20622611189349951
0.22192275885078666	0.22227964156185576
0.15297588231461992	0.16917950496652356
0.10234301985837249	0.09879095180526923
0.11742514910065896	0.11237470767849374
0.12604350866767983	0.10496538629309855
0.13573916318057824	0.13089801114198174
0.13681645812645585	0.12966312424441587
0.11527055920890375	0.10126072560040096
0.12388891877592459	0.12842823734685
0.10665219964188291	0.09632117801013751
0.11527055920890375	0.12348868975658654
0.12819809855943504	0.11607936837119136
0.15189858736874232	0.14695154081033798
0.1486667025311095	0.1704143918640894
0.13358457328882306	0.14942131460546973
0.15943965198988555	0.13830733252737692
0.14004834296408866	0.1247235766541524
0.14112563790996627	0.13830733252737692
0.14220293285584387	0.13089801114198174
0.12712080361355743	0.14201199322007452
0.14220293285584387	0.14571665391277214
0.14004834296408866	0.15312597529816732
0.14220293285584387	0.14571665391277214
0.1454348176934767	0.14077710632250864
0.14220293285584387	0.12966312424441587
0.13681645812645585	0.13954221942494277
0.12819809855943504	0.14571665391277214
0.12496621372180218	0.13583755873224518
0.14004834296408866	0.11978402906388895
0.12712080361355743	0.12719335044928412
0.13681645812645585	0.14324688011764036
0.11742514910065896	0.12842823734685
0.12819809855943504	0.14077710632250864
0.10772949458776052	0.14942131460546973
0.12173432888416938	0.13954221942494277
0.1486667025311095	0.12225380285902067
0.14112563790996627	0.12225380285902067
0.13250727834294546	0.13089801114198174
0.12819809855943504	0.12719335044928412
0.13789375307233345	0.14077710632250864
0.1648261267192736	0.15683063599086491
0.13573916318057824	0.13089801114198174
0.13358457328882306	0.13460267183467933
0.11634785415478135	0.13460267183467933
0.13466186823470067	0.11731425526875722
0.12819809855943504	0.13954221942494277
0.10772949458776052	0.11978402906388895
0.13897104801821106	0.11731425526875722
0.12604350866767983	0.12966312424441587
0.11850244404653656	0.12595846355171827
0.12712080361355743	0.15312597529816732
0.11742514910065896	0.12348868975658654
0.1475894075852319	0.14942131460546973
0.11742514910065896	0.13336778493711346
0.12604350866767983	0.12101891596145481
0.11742514910065896	0.13213289803954759
0.11311596931714854	0.12225380285902067
0.13789375307233345	0.13460267183467933
0.10772949458776052	0.11237470767849374
0.11203867437127094	0.12719335044928412
0.14328022780172148	0.14818642770790386
0.11096137942539333	0.1247235766541524
0.13250727834294546	0.10743516008823029
0.1055749046960053	0.13213289803954759
0.11527055920890375	0.11978402906388895
0.11634785415478135	0.11484448147362548
0.12496621372180218	0.11113982078092788
0.10988408447951573	0.1000258387028351
0.1454348176934767	0.13460267183467933
0.10772949458776052	0.10867004698579615
0.10880678953363812	0.12225380285902067
0.10126572491249489	0.11113982078092788
0.12065703393829177	0.12348868975658654
0.10772949458776052	0.11731425526875722
0.11742514910065896	0.09879095180526923
0.11419326426302615	0.10867004698579615
0.11850244404653656	0.11978402906388895
0.1044976097501277	0.11360959457605962
0.10772949458776052	0.10867004698579615
0.10880678953363812	0.10990493388336202
0.11096137942539333	0.11113982078092788
0.11203867437127094	0.09385140421500578
0.1044976097501277	0.1037304993955327
0.12173432888416938	0.10743516008823029
0.11203867437127094	0.12719335044928412
0.11527055920890375	0.13830733252737692
0.13142998339706785	0.13089801114198174
0.11203867437127094	0.11854914216632308
0.11957973899241417	0.10990493388336202
0.1034203148042501	0.11731425526875722
0.08510630072433081	0.10990493388336202
0.12496621372180218	0.11978402906388895
0.13681645812645585	0.13213289803954759
0.12496621372180218	0.11113982078092788
0.10988408447951573	0.09879095180526923
0.10988408447951573	0.10990493388336202
0.09695654512898445	0.1000258387028351
0.11096137942539333	0.08767696972717644
0.10880678953363812	0.10126072560040096
