condition1	condition1
0.12205262167905019	0.12989737417191746
0.11720926367591328	0.13243608506778554
0.12447430068061864	0.12228124148431317
0.12738031548250078	0.13709038837687706
0.1331923450862651	0.12143500451902381
0.11478758467434481	0.13243608506778554
0.12931765868375555	0.1311667296198515
0.12592730808155972	0.12735866327604936
0.13900437469002938	0.13582103292894301
0.11333457727340375	0.12651242631076
0.12447430068061864	0.1269355447934047
0.12834898708312817	0.14005221775538984
0.1370670314887746	0.1341285589983643
0.12834898708312817	0.13582103292894301
0.12398996488030495	0.13709038837687706
0.12302129327967756	0.1341285589983643
0.138035703089402	0.1307436111372068
0.14820675489598953	0.12820490024133874
0.12592730808155972	0.13962909927274517
0.14433206849348	0.14259092865125794
0.13512968828751987	0.15274577223473032
0.1331923450862651	0.13370544051571961
0.1588621425028907	0.14005221775538984
0.15547179190069488	0.1366672698942324
0.1394887104903431	0.15232265375208562
0.15111276969787166	0.1463989949950601
0.14239472529222522	0.13455167748100896
0.14045738209097045	0.1366672698942324
0.1385200388897157	0.14512963954712602
0.15159710549818534	0.14936082437357284
0.15305011289912643	0.1510532983041516
0.13997304629065677	0.14978394285621752
0.138035703089402	0.14766835044299412
0.15062843389755795	0.14047533623803451
0.15159710549818534	0.14724523196034944
0.15111276969787166	0.1552844831305984
0.15401878449975379	0.15613072009588777
0.13561402408783352	0.1362441514115877
0.15498745610038117	0.14936082437357284
0.1545031203000675	0.1552844831305984
0.14675374749504844	0.14047533623803451
0.13997304629065677	0.1480914689256388
0.15111276969787166	0.1552844831305984
0.1593464783032044	0.15274577223473032
0.16564284370728238	0.16078502340497927
0.14675374749504844	0.14682211347770474
0.14820675489598953	0.1552844831305984
0.15498745610038117	0.1557076016132431
0.15692479930163597	0.14936082437357284
0.1375513672890883	0.12820490024133874
0.14917542649661691	0.16163126037026862
0.1593464783032044	0.14216781016861324
0.15837780670257703	0.162477497335558
0.17629823131418362	0.16670868216200482
0.15353444869944013	0.17728664422812188
0.18114158931732052	0.18490277691572618
0.15692479930163597	0.16882427457522825
0.15062843389755795	0.15020706133886222
0.16079948570414548	0.15613072009588777
0.16128382150445916	0.17051674850580698
0.16273682890540025	0.15824631250911117
0.15353444869944013	0.15274577223473032
0.14965976229693057	0.15316889071737497
0.1661271795075961	0.16120814188762395
0.16903319430947822	0.16205437885291332
0.14965976229693057	0.1645930897487814
0.16031514990383178	0.18024847360663465
0.15498745610038117	0.15613072009588777
0.15644046350132226	0.15697695706117712
0.13900437469002938	0.16670868216200482
0.16854885850916454	0.16628556367936015
0.1767825671144973	0.1768635257454772
0.1714548733110467	0.16543932671407077
0.1588621425028907	0.15655383857853244
0.18453193991951636	0.17178610395374103
0.16322116470571396	0.15232265375208562
0.1666115153079098	0.15613072009588777
0.16225249310508658	0.16290061581820267
0.16709585110822348	0.17305545940167505
0.17242354491167405	0.17178610395374103
0.15547179190069488	0.16543932671407077
0.15256577709881275	0.16205437885291332
0.14675374749504844	0.16120814188762395
0.14965976229693057	0.16755491912729417
0.16176815730477287	0.1480914689256388
0.15837780670257703	0.16713180064464953
0.17726690291481098	0.16840115609258355
0.14772241909567582	0.1599387864396899
0.16951753010979193	0.15147641678679624
0.1322236734856377	0.13920598079010046
0.12834898708312817	0.12566618934547064
0.1331923450862651	0.1193194121058004
0.1370670314887746	0.14216781016861324
0.20099935713018185	0.18321030298514746
0.11963094267748173	0.1286280187239834
0.0997731748646204	0.08420057804629177
0.09783583166336562	0.09647101404298757
0.19518732752641757	0.18998019870746233
0.20632705093363246	0.2149441891834986
0.17339221651230144	0.16543932671407077
0.15692479930163597	0.14766835044299412
0.12108395007842279	0.13793662534216644
0.17581389551386992	0.1840565399504368
0.21795111014116106	0.20436622711738153
0.20535837933300508	0.19505762049919853
0.0939611452608561	0.10789521307439398
0.10655387606901207	0.09477854011240884
0.13900437469002938	0.1286280187239834
0.1879222905217122	0.17982535512398998
0.15547179190069488	0.1353979144462983
0.12495863648093233	0.12058876755373445
0.12253695747936388	0.1366672698942324
0.15062843389755795	0.15866943099175587
0.16322116470571396	0.15909254947440055
0.15789347090226336	0.16416997126613672
0.170970537510733	0.17220922243638567
0.17484522391324253	0.1692473930578729
0.15159710549818534	0.16078502340497927
0.1637055005060276	0.15274577223473032
0.16176815730477287	0.15189953526944094
0.1767825671144973	0.1739016963669644
0.1661271795075961	0.18659525084630488
0.1666115153079098	0.17263234091903037
0.16709585110822348	0.16163126037026862
0.1666115153079098	0.15824631250911117
0.16758018690853718	0.1815178290545687
0.1704862017104193	0.18067159208927933
0.1700018659101056	0.16840115609258355
0.1719392091113604	0.16120814188762395
0.16418983630634132	0.1557076016132431
0.1588621425028907	0.15232265375208562
0.164674172106655	0.17093986698845165
0.17290788071198776	0.1739016963669644
0.16322116470571396	0.16290061581820267
0.1666115153079098	0.17178610395374103
0.16854885850916454	0.16797803760993887
0.16176815730477287	0.16755491912729417
0.1637055005060276	0.15951566795704522
0.16128382150445916	0.15909254947440055
0.15353444869944013	0.16670868216200482
0.1545031203000675	0.14470652106448134
0.1598308141035181	0.17220922243638567
0.1593464783032044	0.15909254947440055
0.15498745610038117	0.16205437885291332
0.14917542649661691	0.1552844831305984
0.15111276969787166	0.1463989949950601
0.14772241909567582	0.15443824616530905
0.15644046350132226	0.14766835044299412
0.16273682890540025	0.15909254947440055
0.16564284370728238	0.16374685278349205
0.1545031203000675	0.1552844831305984
0.14723808329536212	0.14851458740828347
0.15644046350132226	0.1480914689256388
0.15740913510194965	0.14936082437357284
0.15547179190069488	0.15274577223473032
0.1448164042937937	0.1506301798215069
0.14045738209097045	0.13032049265456216
0.1322236734856377	0.14174469168596857
0.1433633968928526	0.14978394285621752
0.12738031548250078	0.1311667296198515
0.14723808329536212	0.14428340258183667
0.14530074009410734	0.14724523196034944
0.14578507589442105	0.15189953526944094
0.1331923450862651	0.1341285589983643
0.1365826956884609	0.13285920355043024
0.12931765868375555	0.14470652106448134
0.12641164388187343	0.14259092865125794
0.14578507589442105	0.14978394285621752
0.13512968828751987	0.14851458740828347
0.1438477326931663	0.12524307086282596
0.138035703089402	0.1269355447934047
0.138035703089402	0.13582103292894301
0.14675374749504844	0.14428340258183667
0.15014409809724427	0.13793662534216644
0.12931765868375555	0.13455167748100896
0.125442972281246	0.12989737417191746
0.1370670314887746	0.14893770589092817
0.13561402408783352	0.12820490024133874
0.13416101668689248	0.1311667296198515
0.13077066608469665	0.12651242631076
0.138035703089402	0.11889629362315572
0.12834898708312817	0.13285920355043024
0.14094171789128412	0.1307436111372068
0.12205262167905019	0.1320129665851409
0.13077066608469665	0.13709038837687706
0.14433206849348	0.13835974382481112
0.1370670314887746	0.11635758272728763
0.1365826956884609	0.1366672698942324
0.13561402408783352	0.12651242631076
0.13561402408783352	0.1307436111372068
0.14239472529222522	0.1434371656165473
0.12738031548250078	0.13243608506778554
0.14723808329536212	0.13751350685952174
0.14045738209097045	0.13370544051571961
0.1448164042937937	0.11974253058844508
0.1322236734856377	0.12820490024133874
0.1394887104903431	0.1286280187239834
0.12834898708312817	0.12820490024133874
0.12205262167905019	0.1286280187239834
0.13125500188501033	0.12905113720662809
