condition1	condition1
0.11767369973323138	0.12353365905963754
0.13059740086000246	0.12912763607365885
0.11676677333837025	0.11817276442120044
0.1224350633062523	0.12027050580145843
0.12674296368184265	0.12306749430846908
0.11654004173965497	0.11747351729444777
0.12175486851010646	0.1256314004398955
0.12855681647156492	0.12260132955730065
0.12288852650368286	0.1370524368435224
0.12969047446514134	0.13122537745391685
0.11790043133194666	0.12446598856197442
0.13785281201889146	0.12306749430846908
0.1362656908278845	0.13355620120975908
0.13173105885357886	0.13565394259001706
0.13218452205100942	0.12539831806431131
0.12152813691139118	0.12796222419573774
0.12334198970111343	0.1340223659609275
0.13649242242659979	0.12586448281547974
0.13943993320989845	0.1391501782237804
0.14080032280219015	0.13868401347261194
0.13807954361760677	0.13775168397027507
0.14170724919705127	0.1379847663458593
0.134225106439447	0.13751860159469084
0.13830627521632205	0.1319246245806695
0.1290102796689955	0.14218024910637528
0.14216071239448183	0.1477742261203966
0.1464686127700722	0.1391501782237804
0.14442802838163465	0.1466088142424755
0.1439745651842041	0.14218024910637528
0.13105086405743302	0.1379847663458593
0.1489626603559403	0.13961634297494882
0.14170724919705127	0.1487065556227335
0.14465475998034993	0.14404490811104906
0.1351320328343081	0.14008250772611727
0.1428409071906277	0.14917272037390192
0.13966666480861376	0.14963888512507037
0.15327056073153067	0.1531351207588337
0.14556168637521108	0.14451107286221748
0.1512299763430931	0.15709752114376546
0.15054978154694726	0.1424133314819595
0.14578841797392636	0.14800730849598082
0.15939231389684327	0.16339074528453945
0.16574079866087119	0.16362382766012368
0.15599133991611402	0.15499977976350746
0.16392694587114892	0.15709752114376546
0.14760227076364862	0.15919526252402347
0.15485768192253763	0.15802985064610237
0.15893885069941271	0.15080429700299147
0.1550844135212529	0.1531351207588337
0.1602992402917044	0.15686443876818126
0.15599133991611402	0.1659546514159659
0.1539507555276765	0.16665389854271856
0.1600725086929891	0.15663135639259704
0.17481006260948245	0.16665389854271856
0.16506060386472532	0.1696839694253134
0.1600725086929891	0.15896218014843924
0.16097943508785026	0.15942834489960767
0.15961904549555855	0.1573306035193497
0.17027543063517683	0.1661877337915501
0.1707288938326074	0.1685185575473923
0.17526352580691304	0.18063884107777187
0.18319913176194788	0.17597719356608743
0.17549025740562832	0.1685185575473923
0.15780519270583632	0.14963888512507037
0.16052597189041967	0.1701501341764819
0.17526352580691304	0.16269149815778677
0.1718625518261838	0.16945088704972922
0.16642099345701702	0.16339074528453945
0.16574079866087119	0.17061629892765034
0.16755465145059342	0.15709752114376546
0.1854664477491007	0.18902980659880386
0.18319913176194788	0.18460124146270365
0.19113473771698275	0.1918267951058145
0.17821103659021167	0.16991705180089767
0.16120616668656554	0.17527794643933478
0.1818387421696562	0.16991705180089767
0.18070508417607978	0.18133808820452452
0.19204166411184387	0.1936914541104883
0.18818722693368412	0.17924034682426654
0.17118235703003795	0.17621027594167166
0.1870535689401077	0.18576665334062475
0.1716358202274685	0.17084938130323454
0.17231601502361435	0.18576665334062475
0.17979815778121866	0.179706511575435
0.17118235703003795	0.17201479318115565
0.2020178544553163	0.18483432383828785
0.19113473771698275	0.1885636418476354
0.19090800611826747	0.1927591246081514
0.1956693696912884	0.19975159587567803
0.21426136078594152	0.21163879703047336
0.19770995407972594	0.20278166675827294
0.13558549603173867	0.14171408435520683
0.24668397940222686	0.2505635537530384
0.2484978321919491	0.25662369551822817
0.18773376373625353	0.18366891196036672
0.12447564769468986	0.12190208243054797
0.1804783525773645	0.18250350008244562
0.2503116849816714	0.2645484962880917
0.29112337275042216	0.29205221660702985
0.18523971615038543	0.1787741820730981
0.1110984833704882	0.09975925675004692
0.09998863503343938	0.10278932763264179
0.1793446945837881	0.16781931042063966
0.2847748879863942	0.2957815346163774
0.2573403645418451	0.2622176725322495
0.18886742172982995	0.18809747709646696
0.11585984694350912	0.11187954028042645
0.17911796298507282	0.16898472229856076
0.23942856824333783	0.24030792922733263
0.23421374147288634	0.24287183535875906
0.13467856963687755	0.12120283530379532
0.20405843884375383	0.1974207721198358
0.21290097119364984	0.2088418085234627
0.1904545429208369	0.19089446560347761
0.17889123138635754	0.19252604223256717
0.17979815778121866	0.1820373353312772
0.19249512730927446	0.1948568659884094
0.16483387226601004	0.17900726444868229
0.18138527897222564	0.17551102881491898
0.17503679420819773	0.179706511575435
0.18229220536708676	0.17597719356608743
0.18569317934781598	0.19019521847672496
0.17957142618250338	0.17854109969751386
0.17911796298507282	0.17830801732192963
0.1757169890043436	0.17900726444868229
0.18591991094653126	0.18996213610114074
0.17481006260948245	0.17108246367881877
0.17231601502361435	0.18623281809179318
0.17639718380048944	0.16898472229856076
0.1716358202274685	0.1864659004673774
0.17662391539920472	0.1701501341764819
0.1779843049914964	0.1876313123452985
0.16143289828528082	0.17527794643933478
0.1718625518261838	0.17551102881491898
0.16302001947628778	0.16898472229856076
0.17662391539920472	0.1724809579323241
0.16211309308142666	0.17434561693699785
0.15961904549555855	0.1617591686554499
0.16800811464802398	0.16665389854271856
0.16370021427243364	0.16036067440194454
0.18025162097864922	0.17434561693699785
0.1677813830493087	0.16362382766012368
0.16483387226601004	0.15896218014843924
0.15780519270583632	0.1543005326367548
0.1600725086929891	0.1617591686554499
0.17322294141847547	0.1736463698102452
0.16211309308142666	0.15616519164142859
0.1448814915790652	0.15080429700299147
0.1566715347122599	0.15173662650532838
0.1580319243045516	0.15266895600766525
0.1500963183495167	0.16688698091830279
0.14964285515208614	0.162924580533371
0.15372402392896123	0.15942834489960767
0.1516834395405237	0.14451107286221748
0.15553787671868347	0.15523286213909168
0.15054978154694726	0.15616519164142859
0.14533495477649577	0.1510373793785757
0.14714880756621807	0.15360128551000213
0.15893885069941271	0.1475411437448124
0.1705021622338921	0.1563982740170128
0.16097943508785026	0.15779676827051814
0.14306763878934298	0.1477742261203966
0.14352110198677354	0.1370524368435224
0.1516834395405237	0.1501050498762388
0.1516834395405237	0.14963888512507037
0.13853300681503733	0.14008250772611727
0.1351320328343081	0.12866147132249042
0.14012012800604431	0.13215770695625373
0.13558549603173867	0.13355620120975908
0.14442802838163465	0.1424133314819595
0.13150432725486358	0.13658627209235394
0.1362656908278845	0.13821784872144352
0.12969047446514134	0.13262387170742218
0.13105086405743302	0.1347216130876802
0.1312775956561483	0.13309003645859063
0.1339983748407317	0.13239078933183795
0.1362656908278845	0.1263306475666482
0.12696969528055793	0.12912763607365885
0.13082413245871774	0.12003742342587422
0.1362656908278845	0.13332311883417486
0.1428409071906277	0.12726297706898507
0.13717261722274562	0.12889455369807465
0.13309144844587054	0.13215770695625373
0.1213014053126759	0.1263306475666482
0.12810335327413436	0.12003742342587422
0.12379545289854399	0.13005996557599575
0.12674296368184265	0.13378928358534328
0.12991720606385662	0.13681935446793816
0.13445183803816227	0.1379847663458593
0.12311525810239815	0.1307592127027484
0.1274231584779885	0.1284283889469062
0.12379545289854399	0.1146765287874371
0.12447564769468986	0.12260132955730065
0.13105086405743302	0.1340223659609275
0.11291233616021046	0.12073667055262687
0.11948755252295364	0.1167742701676951
0.11790043133194666	0.1167742701676951
0.10679058299489784	0.11980434105028999
0.12152813691139118	0.11863892917236887
0.10565692500132144	0.11304495215834756
