WT	KO
0.4181157189778723	0.4172010436028398
0.40272354690560996	0.4010228597733525
0.4063992894900308	0.4230840195408353
0.4063992894900308	0.41622054761317395
0.42316986503145093	0.42038765556925406
0.4378728353691344	0.4326438554400778
0.42753480935045074	0.4368109633961578
0.4188049207124512	0.44955741126181453
0.4289132128196086	0.4382817073806567
0.4335078910501346	0.42651575550466586
0.4381025692806607	0.42872187148141416
0.4250077363236614	0.4382817073806567
0.42225092938534575	0.42430963952791767
0.4289132128196086	0.42872187148141416
0.45326500744139675	0.43754633538840726
0.45602181437971234	0.464264851106803
0.45372447526444937	0.4632843551171371
0.43098081802334526	0.4392622033703226
0.4594678230526069	0.45838187516880763
0.4596975569641332	0.47014782704479835
0.4732518577441851	0.4904931188303658
0.47485999512486926	0.47652105097762676
0.4700355829828169	0.4672063390758007
0.46222462999092256	0.45495013920497696
0.4642922351946593	0.4603428671481394
0.4753194629479218	0.47799179496212557
0.484508819408974	0.4882870028536175
0.4982928541005522	0.47554055498796083
0.5008199271273415	0.4909833668251987
0.4971441845429207	0.5010334507192742
0.49392790978155243	0.49637609476836114
0.5031172662426046	0.47676617497504326
0.4858872228781318	0.4816686549233727
0.5065632749154991	0.5086322946391849
0.49094136893171053	0.49686634276319414
0.5159823652880776	0.517456758546178
0.5210365113416562	0.5167213865539285
0.5058740731809201	0.5282422144325029
0.4982928541005522	0.5194177505255099
0.5035767340656572	0.4909833668251987
0.5143742279073934	0.5184372545358439
0.523104116545393	0.5233397344841735
0.5270095930413401	0.5189275025306769
0.5171310348457091	0.5387825463214113
0.5196581078724983	0.502994442698606
0.5171310348457091	0.5103481626211003
0.525401455660656	0.5208884945100086
0.5430909668481814	0.533389818378249
0.5522803233092335	0.5358410583524136
0.5499829841939704	0.551038746192235
0.5619291475933382	0.570648665985553
0.5589426067434963	0.5623144500733929
0.5499829841939704	0.5490777542129033
0.5453883059634445	0.545400894251656
0.5566452676282333	0.5564314741353974
0.5543479285129703	0.5409886622981596
0.5651454223547066	0.5777572619106307
0.5637670188855487	0.545400894251656
0.5460775076980233	0.5689327980036377
0.5803078605154426	0.5745706499442166
0.5766321179310216	0.5753060219364661
0.5819159978961267	0.5694230459984706
0.601902848198915	0.5652559380423906
0.5991460412605993	0.5784926339028802
0.5828349335422319	0.5802085018847954
0.586740410038179	0.5691779220010541
0.5924837578263366	0.5667266820268895
0.5871998778612316	0.5833951138512097
0.6108624707484409	0.5792280058951296
0.6087948655447042	0.5885427177969557
0.627633046289861	0.5976123057013653
0.6113219385714934	0.5890329657917887
0.6129300759521776	0.5860914778227909
0.6012136464643362	0.5973671817039486
0.6046596551372306	0.6034952816393606
0.631308788874282	0.6169771014972667
0.6283222480244399	0.6130551175386031
0.6218896985017035	0.5988379256884475
0.6234978358823876	0.6034952816393606
0.6108624707484409	0.5961415617168664
0.6294709175820715	0.6147709855205185
0.5989163073490731	0.6012891656626124
0.5957000325877049	0.5856012298279579
0.5858214743920738	0.5696681699958871
0.5906458865341262	0.5679523020139717
0.527698794775919	0.522604362491924
0.5371178851484975	0.5184372545358439
0.5327529408294978	0.5287324624273358
0.5132255583497619	0.4961309707709447
0.47554919685944813	0.4826491509130386
0.5171310348457091	0.5157408905642626
0.5548073963360228	0.5503033741999857
0.8068254972803778	0.7819455517585541
0.6361332010163343	0.6142807375256855
0.6317682566973345	0.6250661934120103
0.5129958244382355	0.4993175827373589
0.8343935666635341	0.8003298515647898
1.076533109412258	1.0506014529270102
1.0232348419381556	0.9983900414773013
0.5961595004107575	0.6007989176677794
0.2862484537617741	0.27895110905994813
0.27797803294682716	0.27797061307028226
0.6297006514935978	0.6177124734895162
1.066654551216627	1.0287854171569442
1.0622896068976273	1.048885584945095
0.8242852745563768	0.8253324993012702
0.48221148029371097	0.4846101428923704
0.623038368059335	0.6204088374610973
0.6244167715284928	0.6147709855205185
0.7588111097713803	0.7598843919910715
0.5444693703173392	0.532899570383416
0.5281582625989716	0.5059359306676037
0.4808330768245531	0.4777466709647091
0.5123066227036567	0.49024799483294934
0.5350502799447607	0.5191726265280933
0.49990099148123635	0.5039749386882719
0.5180499704918143	0.5365764303446631
0.5594020745665489	0.5429496542774913
0.5865106761266528	0.5770218899183813
0.6087948655447042	0.5792280058951296
0.6186734237403352	0.6003086696729464
0.632916926254966	0.6118294975515207
0.6411873470699129	0.6113392495566878
0.6278627802013873	0.6245759454171774
0.6094840672792831	0.5936903217427016
0.6120111403060724	0.6044757776290265
0.625335707174598	0.6074172655980241
0.6241870376169665	0.600553793670363
0.6133895437752303	0.6206539614585139
0.612470608129125	0.6039855296341936
0.5989163073490731	0.5900134617814545
0.5862809422151264	0.5767767659209649
0.5991460412605993	0.5863366018202074
0.5800781266039162	0.5829048658563768
0.5883485474188632	0.5772670139157978
0.5782402553117058	0.57015841799072
0.582145731807653	0.5784926339028802
0.5770915857540743	0.5767767659209649
0.5649156884431802	0.5694230459984706
0.5888080152419158	0.5674620540191389
0.5911053543571787	0.5733450299571342
0.5897269508880211	0.5647656900475576
0.5828349335422319	0.5520192421819009
0.5718077057889693	0.5564314741353974
0.5571047354512859	0.5402532903059102
0.529996133891182	0.5319190743937501
0.5403341599098658	0.5240751064764229
0.5403341599098658	0.532409322388583
0.5437801685827602	0.5186823785332604
0.5605507441241805	0.5642754420527247
0.5396449581752869	0.5412337862955761
0.5518208554861809	0.5368215543420795
0.5244825200145509	0.5002980787270248
0.5332124086525504	0.5260360984557546
0.5235635843684456	0.5181921305384274
0.5368881512369712	0.5419691582878255
0.5391854903522343	0.5260360984557546
0.4927792402239209	0.5010334507192742
0.49967125756971004	0.5039749386882719
0.5061038070924465	0.5118189066055991
0.5012793949503941	0.5083871706417684
0.5141444939958671	0.5230946104867569
0.5008199271273415	0.5010334507192742
0.5113876870575516	0.522114114497091
0.5044956697117624	0.5037298146908554
0.4962252488968155	0.4848552668897869
0.49852258801207855	0.49539559877869527
0.4982928541005522	0.48975774683811635
0.5070227427385517	0.5142701465797638
0.47991414117844794	0.4904931188303658
0.4874953602588159	0.4836296469027045
0.4700355829828169	0.47676617497504326
0.4730221238326588	0.4816686549233727
0.4941576436930787	0.4843650188949539
0.4681977116906064	0.47039295104221485
0.46911664733671166	0.4708831990370478
0.4668193082214486	0.48142353092595624
0.45992729087565953	0.4632843551171371
0.44706219183018653	0.4478415432798992
0.47187345427502725	0.4517635272385628
0.4518866039722389	0.4488220392695651
0.461075960433291	0.4645099751042195
0.44637299009560766	0.4542147672127275
0.4339673588731872	0.4493122872643981
0.4397107066613448	0.454459891210144
0.4502784665915548	0.43975245136515556
0.4408593762189763	0.444654931313485
0.4523460717952915	0.43950732736773906
0.4213319937392406	0.43877195537548963
0.4332781571386083	0.4346048474194095
0.43098081802334526	0.4370560873935743
0.42960241455418746	0.4272511274969153
0.42041305809313534	0.43877195537548963
0.4174265172432934	0.40469971973459967
0.4158183798626092	0.42185839955375287
0.4155886459510829	0.41622054761317395
0.4063992894900308	0.4274962514943318
0.40226407908255735	0.420877903564087
0.40226407908255735	0.4196522835770046
0.397439666940505	0.3968557518172725
