WT	KO
0.31637500919517375	0.33427360657714095
0.34637989151772863	0.3512226908542917
0.30799129207563636	0.3257990644385655
0.2899001130282136	0.356872385613342
0.3018138163033457	0.31026240385117726
0.31946374708131914	0.3483978434747666
0.29916632668664966	0.3507518829577042
0.31769875400352177	0.3248574486453905
0.32564122285360986	0.356872385613342
0.3287299607397552	0.367700967234855
0.32122874015911645	0.35781400140651703
0.33093620208700186	0.3498102671645292
0.30931503688398443	0.3488686513713541
0.3291712090092045	0.3700550067177926
0.3644710705651514	0.36581773564850495
0.36005858787065803	0.40112832789256914
0.3684423049901954	0.4001867120993941
0.3591760913317594	0.3865332830983559
0.36314732575680336	0.3926537857539937
0.37638477384028346	0.4001867120993941
0.3794735117264288	0.4124277174106697
0.3684423049901954	0.41054448582431957
0.36049983614010733	0.38700409099494343
0.3657948153734994	0.4081904463413819
0.3746197807624861	0.37900035675295557
0.35211611902057	0.40395317527209423
0.35476360863726597	0.3940662094437563
0.3529986155594686	0.3813543962358932
0.35211611902057	0.3902997462710561
0.38388599442092214	0.4180774121697199
0.39226971154045953	0.41101529372090706
0.3728547876846887	0.4176066042731324
0.3821210013431248	0.410073677927732
0.36314732575680336	0.4044239831686818
0.3913872150015609	0.4138401411004322
0.3927109598099089	0.42890599379123295
0.40197717346834494	0.43973457541274596
0.409919642318433	0.44161780699909603
0.40374216654614226	0.43408488065369566
0.36535356710405004	0.39359540154716877
0.36755980845129677	0.40489479106526927
0.3825622496125741	0.40960287003114454
0.364029822295702	0.3902997462710561
0.39535844942660486	0.42325629903218265
0.40638965616283823	0.4392637675161584
0.41830335943797037	0.44679669386155874
0.416538366360173	0.461391738655772
0.39226971154045953	0.44585507806838376
0.39977093212109827	0.42278549113559516
0.3909459667321115	0.4317308411707581
0.41212588366567965	0.45950850706942187
0.45669195888006253	0.4693954728977599
0.41874460770741967	0.4651582018284722
0.4425720142576838	0.45668365968989677
0.4147733732823756	0.450563157034259
0.4381595315631905	0.4844613255885606
0.4447782556049305	0.492935867727136
0.4200683525157677	0.4675122413114098
0.4425720142576838	0.47834082293292274
0.43462954540759574	0.4576252754830718
0.4425720142576838	0.47222032027728494
0.47831312408308	0.5004687940725363
0.46992940696354263	0.49717313879642366
0.4650756759995999	0.47127870448410997
0.4694881586940933	0.5084725283145242
0.49066807562766135	0.49717313879642366
0.45933944849675856	0.47645759134657273
0.4500732348383225	0.4849321334851481
0.4880205860109654	0.4637457781387096
0.47831312408308	0.47787001503633525
0.4619869381134546	0.49246505983054845
0.49287431697490813	0.5080017204179367
0.4739006413885866	0.4990563703827738
0.5012580340944455	0.5065892967281741
0.48096061369977605	0.49717313879642366
0.49110932389711076	0.4891694045544358
0.4827256067775734	0.5202427257292123
0.49066807562766135	0.48634455717491065
0.48846183428041473	0.47881163082951034
0.4818431102386747	0.482107286105623
0.4791956206219787	0.5122389914872244
0.4972867996694015	0.5061184888315866
0.48846183428041473	0.5075309125213492
0.4836081033164721	0.5042352572452365
0.46595817253849864	0.5032936414520615
0.47831312408308	0.5080017204179367
0.49331556524435743	0.5061184888315866
0.5100829994834323	0.5607322048357393
0.46639942080794794	0.49246505983054845
0.4597806967662079	0.461391738655772
0.35829359479286066	0.39500782523693134
0.3119625265006804	0.34792703557817906
0.25813023762786147	0.3013170538160143
0.25548274801116544	0.2857803932286261
0.40462466308504097	0.4453842701717962
0.4363945384853931	0.4369097280332208
0.3415261605537859	0.3804127804427181
0.40197717346834494	0.44820911755132137
0.35211611902057	0.3615804645792172
0.2546002514722667	0.2758934274002881
0.25857148589731077	0.2603567668128999
0.2726914305196895	0.28107231426275087
0.35785234652341136	0.35781400140651703
0.40594840789338893	0.4392637675161584
0.3221112366980151	0.3714674304075552
0.42227459386301436	0.4533880044137841
0.41036089058788233	0.44255942279227106
0.2899001130282136	0.3008462459194268
0.28548763033372027	0.29284251167743897
0.3375549261287419	0.3488686513713541
0.3657948153734994	0.3804127804427181
0.43021706271310245	0.47316193607046003
0.48713808947206677	0.49105263614078587
0.5162604752557229	0.5414290810756508
0.49287431697490813	0.514593030970162
0.45625071061061323	0.5160054546599246
0.47257689658023866	0.49011102034761084
0.5175842200640709	0.5484911995244637
0.5069942615972869	0.5362501942131881
0.5012580340944455	0.5202427257292123
0.4981692962083001	0.5249508046950875
0.4880205860109654	0.49199425193396096
0.48625559293316806	0.521655149418975
0.5100829994834323	0.5018812177622989
0.5030230271722428	0.5160054546599246
0.4791956206219787	0.5018812177622989
0.4752243861969347	0.4689246650011723
0.479636868891428	0.46421658603529714
0.46904691042464397	0.5291880757643752
0.46992940696354263	0.48964021245102335
0.46419317946070127	0.47316193607046003
0.4297758144436531	0.47739920713974776
0.45625071061061323	0.4825780940022105
0.48890308254986414	0.5131806072803995
0.4778718758136307	0.4891694045544358
0.4513969796466705	0.4990563703827738
0.4606631933051066	0.46468739393188463
0.4227158421324637	0.4632749702421221
0.4293345661742038	0.45432962020695916
0.40638965616283823	0.4392637675161584
0.4143321250129263	0.44161780699909603
0.4284520696353051	0.47881163082951034
0.45051448310777187	0.47127870448410997
0.46595817253849864	0.4590376991728344
0.42712832482695706	0.4533880044137841
0.4209508490546664	0.4237271069287702
0.40594840789338893	0.43267245696393314
0.420509600785217	0.4599793149660094
0.4403657729104371	0.4510339649308465
0.41036089058788233	0.4562128517933092
0.3927109598099089	0.4077196384447944
0.3957996976960542	0.42890599379123295
0.3869747323070675	0.4322016490673456
0.3940347046182569	0.4373805359298083
0.3825622496125741	0.4161941805833698
0.3909459667321115	0.40866125423796945
0.39315220807935825	0.4444426543786212
0.40638965616283823	0.4453842701717962
0.40859589751008496	0.4491507333444964
0.41521462155182504	0.4854029413817356
0.38918097365431414	0.42043145165265755
0.40727215270173694	0.4345556885502832
0.37682602210973276	0.41713579637654485
0.3874159805765169	0.42090225954924504
0.39226971154045953	0.4237271069287702
0.39712344250440224	0.4284351858946454
0.37859101518753013	0.42043145165265755
0.3812385048042261	0.4124277174106697
0.37329603595413813	0.39547863313351883
0.35211611902057	0.3931245936505812
0.37373728422358743	0.4063072147550319
0.3807972565347768	0.40489479106526927
0.3591760913317594	0.3907705541676436
0.3596173396012087	0.3827668199256557
0.3662360636429487	0.3931245936505812
0.37153104287634076	0.3808835883393057
0.3693248015290941	0.37711712516660545
0.35211611902057	0.3700550067177926
0.361382332679006	0.3898289383744685
0.357411098253962	0.37240904620073023
0.3441736501704819	0.3761755093734304
0.34946862940387396	0.388416514684706
0.3441736501704819	0.36205127247580476
0.34108491228433657	0.3587556171996921
0.3265237193925085	0.3615804645792172
0.35123362248167134	0.3686425830280301
0.34284990536213394	0.36723015933826747
0.3371136778592926	0.3615804645792172
0.35829359479286066	0.3634636961655673
0.3243174780452618	0.3422773408191288
0.3353486847814952	0.3573431935099295
0.33843742266764054	0.35404753823381685
0.32961245727865385	0.3370984539566661
0.31769875400352177	0.33945249343960365
0.30402005765059237	0.3177953301965777
0.3066675472672884	0.3248574486453905
0.3274062159314072	0.3545183461304044
0.3375549261287419	0.3498102671645292
0.3278474642008565	0.3446313803020664
0.3185812505424204	0.33662764606007856
