WT-Tfh	WT-Th1
0.27396721041866673	0.27342987628835974
0.3196284121551111	0.4394408726062924
0.3348488127339259	0.3027259344621125
0.44139161678562966	0.37108340353420244
0.3120182118657037	0.390614108983371
0.35006921331274077	0.5077983416783823
0.4642222176538519	0.27342987628835974
0.47183241794325925	0.4296755198817081
0.4642222176538519	0.3515526980850339
0.42617121620681486	0.4101448144325396
0.3348488127339259	0.4882676362292137
0.35767941360214817	0.3124912871866968
0.43378141649622226	0.40037946170795524
0.41856101591740746	0.390614108983371
0.40334061533859267	0.5370943998521351
0.38051001447037036	0.390614108983371
0.540324220547926	0.4589715780554609
0.5174936196797038	0.40037946170795524
0.3957304150491852	0.41991016715712387
0.3957304150491852	0.3222566399112811
0.34245901302333337	0.37108340353420244
0.5555446211267407	0.4687369307800452
0.5859854222843704	0.37108340353420244
0.3881202147597778	0.3222566399112811
0.47183241794325925	0.390614108983371
0.40334061533859267	0.3613180508096182
0.5935956225737778	0.5175636944029666
0.41856101591740746	0.4687369307800452
0.3957304150491852	0.37108340353420244
0.40334061533859267	0.3124912871866968
0.5555446211267407	0.4394408726062924
0.5098834193902964	0.5468597525767195
0.4642222176538519	0.4394408726062924
0.43378141649622226	0.3515526980850339
0.4642222176538519	0.29296058173752826
0.4870528185220741	0.5273290471275508
0.4642222176538519	0.4296755198817081
0.5631548214161483	0.4394408726062924
0.4566120173644445	0.41991016715712387
0.44139161678562966	0.4589715780554609
0.4946630188114815	0.5273290471275508
0.4642222176538519	0.5761558107504722
0.4566120173644445	0.4785022835046295
0.5479344208373335	0.5468597525767195
0.43378141649622226	0.4296755198817081
0.578375221994963	0.390614108983371
0.4946630188114815	0.33202199263586535
0.47183241794325925	0.4882676362292137
0.5098834193902964	0.5273290471275508
0.502273219100889	0.4492062253308767
0.410950815628	0.3124912871866968
0.4946630188114815	0.49803298895379805
0.5707650217055557	0.5956865161996407
0.5098834193902964	0.4394408726062924
0.6696976254678518	0.5273290471275508
0.47944261823266676	0.4589715780554609
0.5707650217055557	0.5370943998521351
0.5935956225737778	0.5468597525767195
0.6468670245996296	0.4882676362292137
0.6620874251784445	0.5566251053013037
0.4566120173644445	0.5175636944029666
0.578375221994963	0.33202199263586535
0.7153588272042963	0.5956865161996407
0.616426223442	0.4687369307800452
0.5707650217055557	0.5175636944029666
0.540324220547926	0.40037946170795524
0.540324220547926	0.3124912871866968
0.5555446211267407	0.4101448144325396
0.6240364237314074	0.49803298895379805
0.6012058228631852	0.5077983416783823
0.5098834193902964	0.5761558107504722
0.4870528185220741	0.4589715780554609
0.47944261823266676	0.390614108983371
0.6773078257572593	0.5468597525767195
0.5555446211267407	0.5761558107504722
0.4870528185220741	0.4882676362292137
0.502273219100889	0.4296755198817081
0.5174936196797038	0.3613180508096182
0.5327140202585186	0.4882676362292137
0.6392568243102222	0.4687369307800452
0.5327140202585186	0.390614108983371
0.5631548214161483	0.40037946170795524
0.47944261823266676	0.3613180508096182
0.502273219100889	0.4687369307800452
0.5327140202585186	0.5663904580258879
0.5935956225737778	0.5175636944029666
0.41856101591740746	0.5175636944029666
0.4642222176538519	0.34178734536044963
0.5251038199691112	0.4296755198817081
0.4870528185220741	0.41991016715712387
0.44900181707503706	0.40037946170795524
0.5935956225737778	0.5370943998521351
0.5859854222843704	0.5273290471275508
0.3881202147597778	0.33202199263586535
0.372899814180963	0.28319522901294397
0.24352640926103705	0.3222566399112811
0.6773078257572593	0.6249825743733936
0.5859854222843704	0.6249825743733936
0.5631548214161483	0.5566251053013037
0.4946630188114815	0.49803298895379805
0.36528961389155556	0.3515526980850339
0.502273219100889	0.4882676362292137
0.7229690274937038	0.6249825743733936
0.6849180260466667	0.7128707488946521
0.24352640926103705	0.25389917083919117
0.2511366095504445	0.2636645235637754
0.4566120173644445	0.4394408726062924
0.7534098286513334	0.6249825743733936
0.5251038199691112	0.5273290471275508
0.44900181707503706	0.4394408726062924
0.410950815628	0.37108340353420244
0.5707650217055557	0.37108340353420244
0.5251038199691112	0.5273290471275508
0.5174936196797038	0.4296755198817081
0.4642222176538519	0.4492062253308767
0.4870528185220741	0.4785022835046295
0.578375221994963	0.4296755198817081
0.5251038199691112	0.5566251053013037
0.6392568243102222	0.49803298895379805
0.44900181707503706	0.390614108983371
0.47944261823266676	0.3808487562587867
0.6240364237314074	0.49803298895379805
0.540324220547926	0.4882676362292137
0.4870528185220741	0.390614108983371
0.4870528185220741	0.40037946170795524
0.5251038199691112	0.5273290471275508
0.5251038199691112	0.6152172216488093
0.5631548214161483	0.6347479270979778
0.3881202147597778	0.41991016715712387
0.5327140202585186	0.390614108983371
0.5251038199691112	0.5175636944029666
0.6240364237314074	0.4687369307800452
0.5174936196797038	0.3808487562587867
0.4642222176538519	0.4394408726062924
0.502273219100889	0.5175636944029666
0.5327140202585186	0.5175636944029666
0.6088160231525926	0.4394408726062924
0.5555446211267407	0.5370943998521351
0.47183241794325925	0.4296755198817081
0.5327140202585186	0.4492062253308767
0.6620874251784445	0.7031053961700678
0.6088160231525926	0.6347479270979778
0.44900181707503706	0.5859211634750565
0.540324220547926	0.4687369307800452
0.4870528185220741	0.4785022835046295
0.4870528185220741	0.49803298895379805
0.47944261823266676	0.5077983416783823
0.47944261823266676	0.5077983416783823
0.5174936196797038	0.5566251053013037
0.4642222176538519	0.5077983416783823
0.44900181707503706	0.5761558107504722
0.5631548214161483	0.5663904580258879
0.5098834193902964	0.40037946170795524
0.5251038199691112	0.4882676362292137
0.4946630188114815	0.34178734536044963
0.5174936196797038	0.5273290471275508
0.35006921331274077	0.5175636944029666
0.4870528185220741	0.390614108983371
0.40334061533859267	0.34178734536044963
0.47944261823266676	0.40037946170795524
0.502273219100889	0.3515526980850339
0.5174936196797038	0.4589715780554609
0.5479344208373335	0.4687369307800452
0.5098834193902964	0.49803298895379805
0.3957304150491852	0.3613180508096182
0.43378141649622226	0.3613180508096182
0.47944261823266676	0.34178734536044963
0.4642222176538519	0.3515526980850339
0.47183241794325925	0.4687369307800452
0.502273219100889	0.5273290471275508
0.3881202147597778	0.37108340353420244
0.3881202147597778	0.3027259344621125
0.43378141649622226	0.3027259344621125
0.4870528185220741	0.5566251053013037
0.5935956225737778	0.4785022835046295
0.616426223442	0.6445132798225622
0.5174936196797038	0.4785022835046295
0.502273219100889	0.4296755198817081
0.43378141649622226	0.28319522901294397
0.44139161678562966	0.29296058173752826
0.4642222176538519	0.5370943998521351
0.5251038199691112	0.4882676362292137
0.5555446211267407	0.5077983416783823
0.41856101591740746	0.4101448144325396
0.43378141649622226	0.3515526980850339
0.5174936196797038	0.40037946170795524
0.47183241794325925	0.41991016715712387
0.5555446211267407	0.41991016715712387
0.5251038199691112	0.3515526980850339
0.4566120173644445	0.4687369307800452
0.5479344208373335	0.4687369307800452
0.4642222176538519	0.41991016715712387
0.578375221994963	0.5370943998521351
0.38051001447037036	0.5370943998521351
0.41856101591740746	0.390614108983371
0.42617121620681486	0.3613180508096182
0.3957304150491852	0.390614108983371
0.4870528185220741	0.41991016715712387
0.41856101591740746	0.3808487562587867
0.47183241794325925	0.34178734536044963
