WT-Tfh	WT-Th1
0.2756643472526032	0.4467479909501931
0.3981818349204268	0.35653926200832725
0.46965036939332394	0.4295653759136473
0.40839162555941216	0.463930605986739
0.4288112068373827	0.42097406839537427
0.36755246300347094	0.4424523371910567
0.41860141619839747	0.4424523371910567
0.47986016003230925	0.463930605986739
0.46965036939332394	0.4682262597458755
0.38797204428144155	0.4768175672641484
0.4900699506712946	0.4553392984684661
0.4288112068373827	0.4682262597458755
0.38797204428144155	0.4424523371910567
0.4288112068373827	0.4467479909501931
0.34713288172550033	0.463930605986739
0.3267133004475297	0.3221740319352354
0.47986016003230925	0.5111827973372403
0.3267133004475297	0.47252191350501194
0.3981818349204268	0.5713219499651508
0.38797204428144155	0.4510436447093296
0.2654545566136179	0.3608349157674636
0.5104895319492652	0.42097406839537427
0.38797204428144155	0.4381566834319202
0.4390209974763681	0.5240697586146497
0.4594405787543387	0.463930605986739
0.3573426723644856	0.4854088747824214
0.6942657634510007	0.5025914898189673
0.6125874383391182	0.6142784875565155
0.5002797413102799	0.4897045285415578
0.5206993225882505	0.5369567198920591
0.3573426723644856	0.463930605986739
0.4288112068373827	0.5369567198920591
0.3981818349204268	0.5928002187608332
0.5002797413102799	0.5369567198920591
0.4390209974763681	0.47252191350501194
0.37776225364245625	0.5627306424468779
0.5104895319492652	0.5584349886877413
0.6125874383391182	0.6615306789070168
0.44923078811535333	0.45963495222760253
0.5206993225882505	0.5111827973372403
0.5104895319492652	0.4553392984684661
0.5819580664221623	0.618574141315652
0.6023776477001329	0.6228697950747885
0.571748275783177	0.6013915262791061
0.5002797413102799	0.5326610661329225
0.5309091132272358	0.5498436811694685
0.5921678570611476	0.4982958360598308
0.5104895319492652	0.5498436811694685
0.4390209974763681	0.5240697586146497
0.4900699506712946	0.4982958360598308
0.6023776477001329	0.5326610661329225
0.5921678570611476	0.6228697950747885
0.5921678570611476	0.5326610661329225
0.5819580664221623	0.5799132574834238
0.44923078811535333	0.5498436811694685
0.6432168102560741	0.6486437176296074
0.5309091132272358	0.5627306424468779
0.6023776477001329	0.5885045650016967
0.571748275783177	0.5584349886877413
0.5104895319492652	0.5455480274103319
0.5513286945052064	0.618574141315652
0.5615384851441917	0.5627306424468779
0.67384618217303	0.6529393713887438
0.8984615762307067	0.781808984162838
0.7248951353679566	0.6486437176296074
0.6125874383391182	0.5970958725199697
0.40839162555941216	0.47252191350501194
0.5411189038662211	0.5412523736511955
0.7351049260069419	0.6787132939435626
0.7963636698408536	0.7044872164983814
0.7351049260069419	0.7259654852940638
0.7146853447289712	0.6486437176296074
0.6227972289781035	0.6529393713887438
0.5921678570611476	0.6873046014618356
0.7861538792018684	0.7517394078488826
0.6125874383391182	0.6572350251478803
0.8167832511188243	0.8075829067176568
0.6023776477001329	0.781808984162838
0.7555245072849125	0.6443480638704708
0.6432168102560741	0.6744176401844262
0.7351049260069419	0.6443480638704708
0.6432168102560741	0.6787132939435626
0.7351049260069419	0.7517394078488826
0.6125874383391182	0.6013915262791061
0.5411189038662211	0.5713219499651508
0.5615384851441917	0.5584349886877413
0.6534266008950594	0.609982833797379
0.6125874383391182	0.7259654852940638
0.7146853447289712	0.6615306789070168
0.5615384851441917	0.5498436811694685
0.6023776477001329	0.6314611025930614
1.0005594826205597	1.0051829796379346
0.67384618217303	0.6744176401844262
0.7248951353679566	0.7517394078488826
0.46965036939332394	0.42097406839537427
0.8678322043137507	0.7173741777757909
1.0311888545375156	0.9622264420465698
0.9903496919815744	1.009478633397071
0.6636363915340447	0.6400524101113344
0.2450349753356473	0.2491479180299154
0.2450349753356473	0.26203487930732483
0.704475554089986	0.6486437176296074
0.9495105294256333	1.0309569021927534
1.17412592348331	1.0610264785067087
0.9801399013425892	0.8161742142359297
0.5819580664221623	0.6056871800382426
0.7351049260069419	0.7517394078488826
0.6330070196170888	0.6314611025930614
0.806573460479839	0.7946959454402475
0.4900699506712946	0.5584349886877413
0.4594405787543387	0.5584349886877413
0.41860141619839747	0.6013915262791061
0.6330070196170888	0.5799132574834238
0.7146853447289712	0.5928002187608332
0.6125874383391182	0.5369567198920591
0.5206993225882505	0.5283654123737861
0.67384618217303	0.5970958725199697
0.7453147166459272	0.7388524465714733
0.5309091132272358	0.8075829067176568
0.7759440885628831	0.7259654852940638
0.5615384851441917	0.5928002187608332
0.6125874383391182	0.7603307153671556
0.7248951353679566	0.6443480638704708
0.704475554089986	0.7689220228854285
0.7146853447289712	0.8075829067176568
0.704475554089986	0.691600255220972
0.6227972289781035	0.7259654852940638
0.5002797413102799	0.5498436811694685
0.5615384851441917	0.5970958725199697
0.6636363915340447	0.6615306789070168
0.6330070196170888	0.618574141315652
0.7657342979238977	0.7259654852940638
0.6125874383391182	0.7130785240166545
0.5206993225882505	0.5928002187608332
0.571748275783177	0.6443480638704708
0.47986016003230925	0.5111827973372403
0.704475554089986	0.6615306789070168
0.8474126230357802	0.7345567928123368
0.6534266008950594	0.6744176401844262
0.6432168102560741	0.5799132574834238
0.46965036939332394	0.5369567198920591
0.5921678570611476	0.6314611025930614
0.5615384851441917	0.708782870257518
0.5104895319492652	0.6830089477026992
0.571748275783177	0.700191562739245
0.6227972289781035	0.5756176037242873
0.46965036939332394	0.5713219499651508
0.6023776477001329	0.5928002187608332
0.5921678570611476	0.708782870257518
0.6125874383391182	0.6314611025930614
0.571748275783177	0.6013915262791061
0.5513286945052064	0.627165448833925
0.6636363915340447	0.5970958725199697
0.4390209974763681	0.6142784875565155
0.6125874383391182	0.6357567563521979
0.6432168102560741	0.6314611025930614
0.47986016003230925	0.5799132574834238
0.4390209974763681	0.5455480274103319
0.4900699506712946	0.4553392984684661
0.571748275783177	0.5584349886877413
0.4288112068373827	0.5627306424468779
0.5921678570611476	0.5111827973372403
0.5819580664221623	0.5111827973372403
0.4390209974763681	0.5799132574834238
0.336923091086515	0.5412523736511955
0.3573426723644856	0.5068871435781037
0.41860141619839747	0.5154784510963767
0.46965036939332394	0.5154784510963767
0.44923078811535333	0.42526972215451075
0.47986016003230925	0.4982958360598308
0.3981818349204268	0.5068871435781037
0.571748275783177	0.45963495222760253
0.4288112068373827	0.5369567198920591
0.5615384851441917	0.5283654123737861
0.5104895319492652	0.5627306424468779
0.5513286945052064	0.5283654123737861
0.3062937191695591	0.4295653759136473
0.3981818349204268	0.4768175672641484
0.36755246300347094	0.4037914533588284
0.6023776477001329	0.5369567198920591
0.36755246300347094	0.4940001823006943
0.46965036939332394	0.4982958360598308
0.3573426723644856	0.4854088747824214
0.4288112068373827	0.4768175672641484
0.4288112068373827	0.5025914898189673
0.4390209974763681	0.463930605986739
0.3981818349204268	0.45963495222760253
0.5309091132272358	0.45963495222760253
0.5002797413102799	0.47252191350501194
0.5513286945052064	0.45963495222760253
0.4594405787543387	0.4682262597458755
0.5921678570611476	0.45963495222760253
0.40839162555941216	0.47252191350501194
0.44923078811535333	0.390904492081419
0.336923091086515	0.43386102967278367
0.15314685958477955	0.39949579959969195
0.38797204428144155	0.41238276087710135
0.336923091086515	0.41238276087710135
0.3165035098085444	0.4037914533588284
0.4288112068373827	0.42097406839537427
