WT	KO
0.2779915610276087	0.3020839745596984
0.2914541939745702	0.30764380231233085
0.2817705457144751	0.3198224726276211
0.29169038051749935	0.3132036300649633
0.2817705457144751	0.3004954523446605
0.2812981726286168	0.317174935602558
0.30137402877759445	0.32564705408275985
0.2914541939745702	0.31691018190005166
0.29853979026244465	0.3227347633551904
0.3072786923508232	0.3306773744303797
0.29830360371951553	0.3208814874376463
0.30090165569173616	0.32908885221534184
0.31011293086597297	0.33438392626546803
0.3027911480351694	0.3251175466777473
0.32357556381293445	0.34947488730832765
0.3091681846942564	0.33703146329053113
0.30538920000739	0.3253823003802535
0.3105853039518313	0.34470932066321414
0.31956039258313895	0.33411917256296175
0.3068063192649649	0.3486806262008087
0.3072786923508232	0.34973964101083393
0.3176709002397058	0.3304126207278734
0.3146004751816268	0.34973964101083393
0.3394000621891875	0.35026914841584655
0.3334953986159588	0.37012567610381975
0.34152574107554984	0.356623237275998
0.332314465901313	0.35821175949103584
0.33514870441646283	0.35900602059855474
0.32003276566899724	0.36403634094617465
0.32924404084323405	0.3584765131935421
0.3308973466437381	0.3650953557561999
0.3346763313306045	0.3629773261361494
0.32759073504273	0.3547699613584538
0.35002845662099924	0.3801863167990595
0.3391638756462584	0.3751559964514396
0.35404362785079474	0.3738322279389081
0.35026464316392836	0.38230434641910993
0.3519179489644324	0.37621501126146484
0.3542798143937239	0.3725084594263765
0.35333506822200733	0.38203959271660365
0.3585311721664486	0.3952772778419191
0.3582949856235194	0.38521663714667936
0.35546074710836967	0.3759502575589585
0.3493198969922118	0.3785977945840216
0.35026464316392836	0.3838928686341478
0.3675062607977563	0.40242562780958946
0.3523903220502907	0.3987190759745011
0.36561676845432306	0.39077646489931184
0.36254634339624414	0.3910412186018181
0.3571140529088737	0.3875994204692361
0.3724661781992684	0.39951333708202
0.3760089763432056	0.40083710559455155
0.35687786636594454	0.40083710559455155
0.3710490589416935	0.39130597230432446
0.3580587990805903	0.38203959271660365
0.36254634339624414	0.39395350932938755
0.3729385512851267	0.41116249999229765
0.36254634339624414	0.4018961204045768
0.40010000372197885	0.3987190759745011
0.3795517744871429	0.402955135214602
0.39490389977753754	0.4201641258775121
0.39986381717904973	0.41804609625746164
0.38356694571693845	0.39262974081685603
0.3894716092901671	0.4156633129349049
0.38710974386087565	0.40666168704969036
0.3849840649745133	0.414869051827386
0.3982105113785457	0.4254591999276383
0.3920696612623878	0.41328052961234807
0.3887630496613797	0.4236059240100941
0.3977381382926874	0.4209583869850311
0.40600466729520757	0.4225469092000689
0.40175330952248295	0.4318132887877897
0.3953762728633959	0.43260754989530864
0.41261789049722375	0.45722964422839535
0.41545212901237355	0.446639496128143
0.4078941596386408	0.42863624435771397
0.42797001578761845	0.442403436888042
0.4156883155553027	0.450081294260725
0.4234824714719646	0.46940831454368553
0.39986381717904973	0.43896163875546
0.4171054348128776	0.44769851093816826
0.3986828844644039	0.44055016097049793
0.38427550534572585	0.42466493882011935
0.3436514199619122	0.378068287179009
0.3240479368987928	0.34815111879579613
0.3155452213533434	0.32750033000030404
0.3020825884063819	0.30314298936972356
0.3209775118407139	0.3359724484805059
0.3467218450199911	0.37012567610381975
0.352862695136149	0.37091993721133865
0.37222999165633924	0.3759502575589585
0.2992483498912321	0.3121446152549381
0.35876735870937776	0.378068287179009
0.3951400863204667	0.41884035736498054
0.48748902460576404	0.5236828235574789
0.46812172808557384	0.5239475772599852
0.3063339461791066	0.3124093689574444
0.2633479953660014	0.2740200820940296
0.30538920000739	0.3182339504125832
0.42182916567146056	0.44266819059054835
0.4964641132370717	0.5438041049479584
0.42560815035832694	0.44796326464067454
0.31105767703768955	0.3145273985774949
0.25744333179277273	0.27428483579653595
0.2879113958306329	0.3198224726276211
0.47071978005779447	0.5072680940020877
0.48937851694919726	0.5231533161524663
0.40860271926742825	0.4437272054005736
0.3630187164821024	0.38151008531159103
0.2914541939745702	0.30817330971734347
0.38238601300229264	0.38812892787424874
0.3445961661336288	0.3685371538887819
0.3346763313306045	0.35450520765594756
0.31719852715384744	0.3505339021183529
0.3030273345780985	0.3245880392727346
0.32050513875485553	0.33676670958802485
0.3153090348104143	0.3338544188604554
0.35026464316392836	0.35821175949103584
0.3899439823760254	0.44187392948302945
0.4100198385250031	0.44875752574819344
0.42301009838610637	0.44955178685571234
0.41781399444166506	0.4588181664434332
0.4109645846967197	0.44690424983064925
0.4407240891057925	0.453523092393307
0.4043513614947035	0.4622599645760152
0.4137988232118695	0.4328723035978149
0.40010000372197885	0.43922639245796635
0.3958486459492542	0.4323427961928023
0.39915525755026227	0.43313705730032126
0.3830945726310801	0.4238706777126004
0.37837084177249714	0.4177813425549553
0.3830945726310801	0.41672232774493007
0.40104474989369543	0.4416091757805231
0.3979743248356165	0.418310849959968
0.3774260956007805	0.41275102220733545
0.37270236474219753	0.4021608741070831
0.37530041671441816	0.4185756036624742
0.3882906765755214	0.4087797166697408
0.38805449003259224	0.40348464261961464
0.3856926246033008	0.40692644075219664
0.36325490302503155	0.38733466676672984
0.3608930375957401	0.39289449451936226
0.37081287239876437	0.4021608741070831
0.3769537225149222	0.40586742594217146
0.370340499312906	0.3966010463544506
0.35380744130786557	0.3878641741717424
0.34884752390635343	0.3875994204692361
0.34624947193413286	0.3836281149316415
0.3613654106815984	0.3897174500892866
0.35640549328008625	0.39421826303189383
0.3549883740225114	0.384951883444173
0.34294286033312477	0.3772740260714901
0.3467218450199911	0.3809805779065784
0.3486113373634243	0.3775387797739964
0.3427066737901956	0.37912730198903427
0.3505008297068575	0.38415762233665407
0.3505008297068575	0.3905117111968055
0.34483235267655793	0.3767445186664774
0.33774675638868346	0.3759502575589585
0.35026464316392836	0.3931592482218686
0.348138964277566	0.3857461445516919
0.3346763313306045	0.3730379668313892
0.3644358357396773	0.3785977945840216
0.34128955453262066	0.3695961686988071
0.3391638756462584	0.3650953557561999
0.32924404084323405	0.3608592965160989
0.3521541355073615	0.3624478187311368
0.33821912947454175	0.3767445186664774
0.3403448083609041	0.3703904298063261
0.32853548121444665	0.34629784287825194
0.3216860714695013	0.3627125724336431
0.3266459888710134	0.3603297891110863
0.332314465901313	0.35265193173840337
0.3394000621891875	0.3611240502186052
0.3313697197295964	0.36138880392111156
0.32617361578515514	0.35079865582085923
0.318143273325564	0.3513281632258718
0.3141281020957685	0.3486806262008087
0.31271098283819365	0.3417970299356447
0.31932420604020983	0.33173638924040494
0.30775106543668146	0.32829459110782294
0.3072786923508232	0.33676670958802485
0.32522886961343855	0.34153227623313837
0.31011293086597297	0.3280298374053166
0.3105853039518313	0.32352902446270937
0.30090165569173616	0.3285593448103293
0.3094043712371855	0.3280298374053166
0.3051530134644609	0.3285593448103293
0.29830360371951553	0.32167574854516523
0.2997207229770904	0.3184987041150895
0.29192656706042847	0.31426264487498856
0.2867304631159872	0.3198224726276211
0.2890923285452787	0.33517818737298694
0.2843685976866957	0.3145273985774949
0.30113784223466533	0.32220525595017785
0.28885614200234955	0.306055280097293
0.28649427657305804	0.30764380231233085
0.2971226710048698	0.312938876362457
0.2779915610276087	0.30632003379979933
0.2843685976866957	0.3052610189897741
