WT	KO
0.2286075123350279	0.1955652970277652
0.13836770483435898	0.21579618982374096
0.2165755380016054	0.22253982075573286
0.16243165350120403	0.20230892795975713
0.18649560216804908	0.1685907732997976
0.18047961500133783	0.23602708261971667
0.18047961500133783	0.1753344042317895
0.24665547383516168	0.1820780351637814
0.20454356366818285	0.20905255889174904
0.2165755380016054	0.1955652970277652
0.2165755380016054	0.22253982075573286
0.2286075123350279	0.23602708261971667
0.2286075123350279	0.1888216660957733
0.21055955083489414	0.20230892795975713
0.18047961500133783	0.20230892795975713
0.24665547383516168	0.26300160634768427
0.2286075123350279	0.22928345168772477
0.22259152516831665	0.21579618982374096
0.24063948666845042	0.2562579754156924
0.22259152516831665	0.22928345168772477
0.22259152516831665	0.21579618982374096
0.24063948666845042	0.24951434448370047
0.2165755380016054	0.22253982075573286
0.18649560216804908	0.22928345168772477
0.14438369200107024	0.20905255889174904
0.2286075123350279	0.27648886821166807
0.27673540966871796	0.2562579754156924
0.27673540966871796	0.3169506538036195
0.24665547383516168	0.22253982075573286
0.2286075123350279	0.22253982075573286
0.22259152516831665	0.21579618982374096
0.24665547383516168	0.21579618982374096
0.2286075123350279	0.24277071355170857
0.24063948666845042	0.23602708261971667
0.1985275765014716	0.21579618982374096
0.18047961500133783	0.2562579754156924
0.2165755380016054	0.22928345168772477
0.18047961500133783	0.22928345168772477
0.20454356366818285	0.2562579754156924
0.2286075123350279	0.26300160634768427
0.24063948666845042	0.22928345168772477
0.16243165350120403	0.22253982075573286
0.2165755380016054	0.23602708261971667
0.2586874481685842	0.23602708261971667
0.21055955083489414	0.23602708261971667
0.2165755380016054	0.22928345168772477
0.2586874481685842	0.1955652970277652
0.24063948666845042	0.24951434448370047
0.2286075123350279	0.2899761300756519
0.26470343533529544	0.34392517753158713
0.2827513968354292	0.2562579754156924
0.22259152516831665	0.21579618982374096
0.2165755380016054	0.26300160634768427
0.19251158933476034	0.22253982075573286
0.2165755380016054	0.1955652970277652
0.30079935833556304	0.3102070228716276
0.26470343533529544	0.23602708261971667
0.21055955083489414	0.21579618982374096
0.2165755380016054	0.23602708261971667
0.2165755380016054	0.20230892795975713
0.2586874481685842	0.28323249914366
0.20454356366818285	0.22253982075573286
0.18649560216804908	0.1820780351637814
0.15039967916778152	0.1685907732997976
0.1684476406679153	0.22253982075573286
0.2586874481685842	0.24951434448370047
0.24063948666845042	0.26300160634768427
0.23462349950173916	0.2697452372796762
0.2586874481685842	0.2562579754156924
0.24665547383516168	0.20230892795975713
0.2586874481685842	0.22928345168772477
0.2286075123350279	0.20230892795975713
0.22259152516831665	0.23602708261971667
0.18649560216804908	0.24951434448370047
0.23462349950173916	0.1820780351637814
0.19251158933476034	0.2697452372796762
0.25267146100187293	0.2697452372796762
0.24665547383516168	0.1820780351637814
0.24665547383516168	0.22928345168772477
0.25267146100187293	0.28323249914366
0.2827513968354292	0.27648886821166807
0.23462349950173916	0.27648886821166807
0.1985275765014716	0.26300160634768427
0.21055955083489414	0.22253982075573286
0.21055955083489414	0.1888216660957733
0.20454356366818285	0.20230892795975713
0.22259152516831665	0.2562579754156924
0.2165755380016054	0.1888216660957733
0.22259152516831665	0.24277071355170857
0.24665547383516168	0.23602708261971667
0.14438369200107024	0.1888216660957733
0.2286075123350279	0.24951434448370047
0.1684476406679153	0.22928345168772477
0.3068153455022743	0.21579618982374096
0.26470343533529544	0.2697452372796762
0.24063948666845042	0.1888216660957733
0.20454356366818285	0.1820780351637814
0.15039967916778152	0.1551035114358138
0.26470343533529544	0.2967197610076438
0.40307114016965445	0.3236942847356114
0.3790071915028094	0.40461785591951427
0.3308792941691193	0.350668808463579
0.28876738400214047	0.27648886821166807
0.20454356366818285	0.1685907732997976
0.3068153455022743	0.22928345168772477
0.1985275765014716	0.20230892795975713
0.2827513968354292	0.24951434448370047
0.19251158933476034	0.1955652970277652
0.21055955083489414	0.28323249914366
0.26470343533529544	0.3034633919396357
0.18047961500133783	0.1685907732997976
0.2165755380016054	0.24277071355170857
0.21055955083489414	0.1685907732997976
0.2707194225020067	0.26300160634768427
0.2707194225020067	0.2697452372796762
0.2165755380016054	0.26300160634768427
0.27673540966871796	0.26300160634768427
0.24063948666845042	0.2562579754156924
0.2827513968354292	0.2697452372796762
0.1985275765014716	0.23602708261971667
0.1985275765014716	0.1955652970277652
0.24665547383516168	0.24951434448370047
0.24665547383516168	0.2697452372796762
0.2286075123350279	0.28323249914366
0.23462349950173916	0.22928345168772477
0.25267146100187293	0.28323249914366
0.2586874481685842	0.27648886821166807
0.1985275765014716	0.23602708261971667
0.2707194225020067	0.23602708261971667
0.2165755380016054	0.22928345168772477
0.2286075123350279	0.2697452372796762
0.17446362783462654	0.2697452372796762
0.2586874481685842	0.21579618982374096
0.28876738400214047	0.24951434448370047
0.24665547383516168	0.2967197610076438
0.2586874481685842	0.24277071355170857
0.2586874481685842	0.24951434448370047
0.18047961500133783	0.24951434448370047
0.2286075123350279	0.20905255889174904
0.24665547383516168	0.1955652970277652
0.23462349950173916	0.2697452372796762
0.1985275765014716	0.21579618982374096
0.26470343533529544	0.22253982075573286
0.2586874481685842	0.26300160634768427
0.21055955083489414	0.23602708261971667
0.2165755380016054	0.21579618982374096
0.25267146100187293	0.2697452372796762
0.24665547383516168	0.23602708261971667
0.1985275765014716	0.27648886821166807
0.18649560216804908	0.1820780351637814
0.18649560216804908	0.21579618982374096
0.22259152516831665	0.20905255889174904
0.2165755380016054	0.24951434448370047
0.2586874481685842	0.20905255889174904
0.2707194225020067	0.1820780351637814
0.15641566633449278	0.1753344042317895
0.26470343533529544	0.21579618982374096
0.20454356366818285	0.22253982075573286
0.1985275765014716	0.1955652970277652
0.21055955083489414	0.26300160634768427
0.18649560216804908	0.1685907732997976
0.24665547383516168	0.22928345168772477
0.2586874481685842	0.20905255889174904
0.16243165350120403	0.21579618982374096
0.1985275765014716	0.1820780351637814
0.24063948666845042	0.1753344042317895
0.21055955083489414	0.1955652970277652
0.18649560216804908	0.23602708261971667
0.15641566633449278	0.20905255889174904
0.13836770483435898	0.20230892795975713
0.1985275765014716	0.1753344042317895
0.16243165350120403	0.1551035114358138
0.2586874481685842	0.2562579754156924
0.23462349950173916	0.28323249914366
0.17446362783462654	0.1888216660957733
0.21055955083489414	0.2697452372796762
0.19251158933476034	0.1820780351637814
0.2286075123350279	0.1955652970277652
0.2165755380016054	0.21579618982374096
0.2286075123350279	0.1888216660957733
0.17446362783462654	0.22928345168772477
0.20454356366818285	0.1955652970277652
0.20454356366818285	0.1551035114358138
0.2586874481685842	0.21579618982374096
0.23462349950173916	0.1888216660957733
0.2165755380016054	0.22928345168772477
0.24063948666845042	0.2562579754156924
0.23462349950173916	0.21579618982374096
0.18047961500133783	0.23602708261971667
0.18047961500133783	0.1685907732997976
0.14438369200107024	0.1483598805038219
0.17446362783462654	0.21579618982374096
0.1684476406679153	0.24277071355170857
0.18649560216804908	0.20230892795975713
0.19251158933476034	0.1955652970277652
0.18649560216804908	0.22253982075573286
0.15641566633449278	0.20230892795975713
0.18649560216804908	0.1820780351637814
0.18649560216804908	0.1618471423678057
0.19251158933476034	0.1618471423678057
