WT-Tfh	WT-Th1
0.5308389680251867	0.5183789948777866
0.4356885869640683	0.5658970694082504
0.5308389680251867	0.5529375945363058
0.5308389680251867	0.5658970694082504
0.6209814342936146	0.6479737435972333
0.6410130934643763	0.5874961941948248
0.4607281609275205	0.622054793853344
0.4857677348909727	0.4967798700912121
0.4857677348909727	0.5270186447924163
0.6209814342936146	0.6004556690667695
0.615973519500924	0.6911719931703821
0.44069650175675873	0.5831763692375099
0.5208231384398058	0.6004556690667695
0.6410130934643763	0.6393340936826035
0.5558785419886388	0.6004556690667695
0.8162901112085417	0.6695728683838077
0.5759102011594006	0.6004556690667695
0.5658943715740197	0.539978119664361
0.6910922413912807	0.6393340936826035
0.6410130934643763	0.5961358441094545
0.671060582220519	0.6350142687252885
0.5959418603301624	0.7300504177862162
0.5558785419886388	0.6134151439387142
0.5909339455374719	0.6350142687252885
0.615973519500924	0.6911719931703821
0.5959418603301624	0.6998116430850119
0.615973519500924	0.660933218469178
0.6510289230497572	0.7689288424020501
0.6410130934643763	0.695491818127697
0.5909339455374719	0.7602891924874203
0.6460210082570668	0.6306944437679737
0.6109656047082337	0.6177349688960291
0.751187218903566	0.6522935685545481
0.6460210082570668	0.6090953189813993
0.5709022863667101	0.7084512929996417
0.5959418603301624	0.7127711179569566
0.6209814342936146	0.7170909429142716
0.6810764118058998	0.6652530434264928
0.6059576899155432	0.6393340936826035
0.6660526674278285	0.6263746188106588
0.6360051786716859	0.6825323432557524
0.6961001561839711	0.7689288424020501
0.4757519053055918	0.6695728683838077
0.6510289230497572	0.6695728683838077
0.6760684970132095	0.6998116430850119
0.7211397301474234	0.7473297176154757
0.6810764118058998	0.8034874420605692
0.6410130934643763	0.773248667359365
0.6660526674278285	0.7559693675301055
0.671060582220519	0.7905279671886246
0.7411713893181852	0.8553253415483479
0.7912505372450895	0.8855641162495521
0.7011080709766617	0.773248667359365
0.5959418603301624	0.8078072670178841
0.7161318153547329	0.7948477921459395
0.6910922413912807	0.7430098926581609
0.7211397301474234	0.8380460417190884
0.8162901112085417	0.8380460417190884
0.7762267928670181	0.8985235911214968
0.9314721514404218	0.8164469169325139
0.8513455147573747	0.9892399152251095
0.876385088720827	0.8769244663349223
0.8914088330988983	0.8985235911214968
0.9715354697819454	0.9762804403531647
0.8012663668304704	1.0194786899263137
0.8513455147573747	0.8726046413776074
0.8162901112085417	0.8034874420605692
0.876385088720827	0.8682848164202925
0.7161318153547329	0.8250865668471437
0.6910922413912807	0.8250865668471437
0.7311555597328042	0.8380460417190884
0.7261476449401137	0.894203766164182
0.7862426224523992	0.933082190780016
0.7461793041108756	0.8466856916337182
0.921456321855041	1.0367579897555732
0.8663692591354462	1.123154488901871
0.8363217703793036	0.928762365822701
0.8613613443427558	0.8985235911214968
0.7361634745254947	0.9201227159080713
0.79625845203778	0.8898839412068671
0.9064325774769697	0.9935597401824242
0.8864009183062079	0.9978795651397392
1.001582958538088	0.9762804403531647
0.8613613443427558	0.928762365822701
0.8313138555866131	0.8812442912922372
0.9815512993673263	0.9114830659934414
0.8914088330988983	1.0281183398409435
0.6410130934643763	0.7948477921459395
0.6209814342936146	0.7041314680423267
0.615973519500924	0.8164469169325139
0.7912505372450895	0.9028434160788117
0.6760684970132095	0.8034874420605692
0.8112821964158513	1.006519215054369
0.9815512993673263	0.9460416656519606
0.6009497751228529	0.8164469169325139
0.8263059407939226	0.8337262167617735
0.6860843265985903	0.9201227159080713
0.6009497751228529	0.7214107678715864
0.4857677348909727	0.7084512929996417
0.8713771739281366	1.0885958892433518
1.0216146177088499	1.1749923883896496
0.9715354697819454	1.0583571145421478
0.6760684970132095	0.6522935685545481
0.4657360757202109	0.5702168943655653
0.7461793041108756	0.8121270919751991
0.7011080709766617	0.8380460417190884
0.7111239005620426	0.7905279671886246
1.1418045727334203	1.1793122133469647
0.876385088720827	0.8337262167617735
0.7211397301474234	0.5874961941948248
0.7361634745254947	0.8596451665056628
0.8062742816231608	0.8726046413776074
0.7812347076597087	0.7818883172739949
0.751187218903566	0.7559693675301055
0.7561951336962565	0.9114830659934414
0.9414879810258028	1.0151588649689987
0.9164484070623505	1.118834663944556
1.1418045727334203	1.0151588649689987
1.1668441466968724	1.0929157142006667
0.9865592141600168	1.0626769394994624
0.7862426224523992	0.9244425408653861
0.8012663668304704	0.8769244663349223
0.8463375999646844	0.8423658666764032
0.9114404922696602	0.9374020157373307
0.8563534295500652	1.0540372895848327
0.9064325774769697	0.9892399152251095
0.8162901112085417	1.006519215054369
0.8613613443427558	0.9935597401824242
0.8713771739281366	0.9201227159080713
0.8413296851719939	0.8812442912922372
0.9014246626842792	0.9806002653104797
0.8263059407939226	0.9071632410361266
0.8413296851719939	0.9417218406946457
0.8263059407939226	0.9071632410361266
0.7762267928670181	0.8726046413776074
0.7461793041108756	1.0324381647982583
0.7411713893181852	0.8726046413776074
0.8112821964158513	0.8121270919751991
0.6860843265985903	0.7991676171032543
0.7612030484889469	0.8294063918044585
0.7862426224523992	0.9460416656519606
0.7762267928670181	1.0151588649689987
0.7011080709766617	0.8164469169325139
0.7862426224523992	0.8423658666764032
0.8212980260012323	0.7948477921459395
0.6961001561839711	0.773248667359365
0.7311555597328042	0.7646090174447352
0.8062742816231608	0.8812442912922372
0.7211397301474234	0.8423658666764032
0.6259893490863051	0.734370242743531
0.5909339455374719	0.8207667418898288
0.7161318153547329	0.7862081422313097
0.7261476449401137	0.7602891924874203
0.7111239005620426	0.7127711179569566
0.671060582220519	0.7818883172739949
0.7461793041108756	0.7300504177862162
0.6610447526351382	0.7862081422313097
0.6660526674278285	0.773248667359365
0.5608864567813293	0.7602891924874203
0.6109656047082337	0.7041314680423267
0.5208231384398058	0.734370242743531
0.5558785419886388	0.6479737435972333
0.6259893490863051	0.7170909429142716
0.5508706271959485	0.6911719931703821
0.6059576899155432	0.6350142687252885
0.6460210082570668	0.7862081422313097
0.6560368378424476	0.6738926933411227
0.6309972638789955	0.6695728683838077
0.6309972638789955	0.7257305928289013
0.5809181159520911	0.7257305928289013
0.6009497751228529	0.7214107678715864
0.5608864567813293	0.6350142687252885
0.4507123313421396	0.6047754940240845
0.4757519053055918	0.6090953189813993
0.4857677348909727	0.5788565442801951
0.4306806721713779	0.5788565442801951
0.5408547976105675	0.6306944437679737
0.5258310532324962	0.5658970694082504
0.5658943715740197	0.5615772444509355
0.5709022863667101	0.5788565442801951
0.500791479269044	0.6090953189813993
0.5408547976105675	0.6177349688960291
0.5809181159520911	0.5702168943655653
0.545862712403258	0.7041314680423267
0.5108073088544249	0.5874961941948248
0.5759102011594006	0.5831763692375099
0.5057993940617345	0.5529375945363058
0.4657360757202109	0.5442979446216759
0.5308389680251867	0.5745367193228802
0.6360051786716859	0.5615772444509355
0.545862712403258	0.6090953189813993
0.615973519500924	0.6350142687252885
0.4707439905129014	0.4967798700912121
0.5658943715740197	0.5745367193228802
0.6059576899155432	0.695491818127697
0.4807598200982823	0.5961358441094545
0.4857677348909727	0.539978119664361
0.5909339455374719	0.6134151439387142
0.5208231384398058	0.5788565442801951
0.6309972638789955	0.7257305928289013
