WT	KO
0.37335240582469414	0.4179313240268504
0.3159135741593566	0.31344849302013783
0.34463298999202535	0.37315296788111646
0.4020718216573629	0.4477835614573398
0.37909628899122794	0.4925619176030738
0.3216574573258903	0.34330073045062715
0.28145027516015403	0.31344849302013783
0.3561207563250929	0.4179313240268504
0.3274013404924241	0.3582268491658718
0.39632793849082915	0.3880790865963611
0.29293804149322156	0.34330073045062715
0.3274013404924241	0.43285744274209514
0.4652545364892342	0.567192511179297
0.47674230282230173	0.4776357988878291
0.42504735432349794	0.6418231047555203
0.3618646394916266	0.4477835614573398
0.37335240582469414	0.4776357988878291
0.34463298999202535	0.5074880363183184
0.36760852265816035	0.4627096801725844
0.4307912374900317	0.4925619176030738
0.37909628899122794	0.522414155033563
0.4652545364892342	0.5074880363183184
0.44227900382309915	0.4925619176030738
0.43653512065656547	0.6567492234707649
0.3848401721577616	0.4179313240268504
0.36760852265816035	0.4179313240268504
0.3159135741593566	0.29852237430489315
0.37335240582469414	0.5522663924640524
0.493973952321903	0.37315296788111646
0.47674230282230173	0.567192511179297
0.493973952321903	0.4179313240268504
0.3905840553242954	0.4030052053116058
0.44227900382309915	0.4925619176030738
0.42504735432349794	0.4179313240268504
0.45376677015616673	0.6716753421860097
0.4652545364892342	0.5821186298945417
0.44802288698963294	0.4776357988878291
0.4078157048238967	0.3582268491658718
0.4193034711569642	0.37315296788111646
0.3848401721577616	0.522414155033563
0.44227900382309915	0.5522663924640524
0.5112056018215043	0.567192511179297
0.5054617186549705	0.4179313240268504
0.36760852265816035	0.4627096801725844
0.3848401721577616	0.31344849302013783
0.4824861859888355	0.5373402737488077
0.5341811344876394	0.5373402737488077
0.4997178354884368	0.567192511179297
0.493973952321903	0.5522663924640524
0.44227900382309915	0.6268969860402757
0.539925017654173	0.5522663924640524
0.4307912374900317	0.567192511179297
0.42504735432349794	0.37315296788111646
0.48823006915536926	0.3582268491658718
0.39632793849082915	0.5373402737488077
0.4078157048238967	0.5970447486097863
0.4307912374900317	0.5373402737488077
0.5226933681545718	0.5522663924640524
0.4997178354884368	0.5074880363183184
0.4824861859888355	0.6418231047555203
0.5226933681545718	0.5373402737488077
0.4824861859888355	0.4776357988878291
0.47674230282230173	0.4627096801725844
0.4997178354884368	0.6418231047555203
0.47674230282230173	0.5970447486097863
0.4997178354884368	0.7313798170469883
0.539925017654173	0.7313798170469883
0.5916199661529769	0.5522663924640524
0.6088516156525782	0.611970867325031
0.5686444334868418	0.6716753421860097
0.5456689008207068	0.7313798170469883
0.47674230282230173	0.6567492234707649
0.5054617186549705	0.6268969860402757
0.45951065332270047	0.5522663924640524
0.5743883166533756	0.7015275796164989
0.4652545364892342	0.4925619176030738
0.493973952321903	0.7761581731927222
0.5973638493195106	0.6418231047555203
0.539925017654173	0.6567492234707649
0.45951065332270047	0.4925619176030738
0.48823006915536926	0.5373402737488077
0.493973952321903	0.6716753421860097
0.6145954988191119	0.8209365293384563
0.5916199661529769	0.6418231047555203
0.4135595879904304	0.5970447486097863
0.5112056018215043	0.5970447486097863
0.3503768731585591	0.4477835614573398
0.470998419655768	0.5074880363183184
0.4193034711569642	0.4477835614573398
0.5054617186549705	0.611970867325031
0.5456689008207068	0.611970867325031
0.34463298999202535	0.3582268491658718
0.45951065332270047	0.4627096801725844
0.493973952321903	0.6866014609012543
0.48823006915536926	0.567192511179297
0.47674230282230173	0.5970447486097863
0.26421862566055276	0.37315296788111646
0.42504735432349794	0.26867013687440383
0.4652545364892342	0.4925619176030738
0.5571566671537743	0.7612320544774775
0.5341811344876394	0.43285744274209514
0.39632793849082915	0.4776357988878291
0.37335240582469414	0.4179313240268504
0.25273085932748524	0.31344849302013783
0.42504735432349794	0.4776357988878291
0.6490587978183144	0.8209365293384563
0.5571566671537743	0.522414155033563
0.5858760829864431	0.5970447486097863
0.39632793849082915	0.567192511179297
0.5456689008207068	0.611970867325031
0.470998419655768	0.4925619176030738
0.4824861859888355	0.5373402737488077
0.45951065332270047	0.5074880363183184
0.45951065332270047	0.6567492234707649
0.3618646394916266	0.4925619176030738
0.43653512065656547	0.5970447486097863
0.5054617186549705	0.4925619176030738
0.4652545364892342	0.5821186298945417
0.5054617186549705	0.8358626480537008
0.5743883166533756	0.6418231047555203
0.4824861859888355	0.6418231047555203
0.5629005503203081	0.6268969860402757
0.493973952321903	0.6418231047555203
0.5054617186549705	0.5970447486097863
0.44227900382309915	0.6268969860402757
0.5284372513211055	0.611970867325031
0.5858760829864431	0.6418231047555203
0.516949484988038	0.6268969860402757
0.6260832651521794	0.6716753421860097
0.6145954988191119	0.6866014609012543
0.5054617186549705	0.6268969860402757
0.5226933681545718	0.6418231047555203
0.5226933681545718	0.6268969860402757
0.4824861859888355	0.4776357988878291
0.4652545364892342	0.5522663924640524
0.44802288698963294	0.5074880363183184
0.5054617186549705	0.5522663924640524
0.44802288698963294	0.522414155033563
0.48823006915536926	0.611970867325031
0.470998419655768	0.6268969860402757
0.6375710314852469	0.567192511179297
0.5284372513211055	0.6268969860402757
0.4824861859888355	0.522414155033563
0.4652545364892342	0.5373402737488077
0.516949484988038	0.4925619176030738
0.5226933681545718	0.6268969860402757
0.5341811344876394	0.5373402737488077
0.516949484988038	0.611970867325031
0.470998419655768	0.4179313240268504
0.45376677015616673	0.5373402737488077
0.4307912374900317	0.6418231047555203
0.5916199661529769	0.5821186298945417
0.5973638493195106	0.7463059357622329
0.4652545364892342	0.7164536983317435
0.45951065332270047	0.4030052053116058
0.37335240582469414	0.522414155033563
0.5629005503203081	0.8358626480537008
0.5916199661529769	0.6866014609012543
0.4307912374900317	0.4627096801725844
0.4824861859888355	0.5074880363183184
0.493973952321903	0.6866014609012543
0.5284372513211055	0.6866014609012543
0.3561207563250929	0.4030052053116058
0.43653512065656547	0.5821186298945417
0.43653512065656547	0.5970447486097863
0.4652545364892342	0.6866014609012543
0.5112056018215043	0.6866014609012543
0.4078157048238967	0.43285744274209514
0.47674230282230173	0.5074880363183184
0.516949484988038	0.6268969860402757
0.47674230282230173	0.4627096801725844
0.42504735432349794	0.522414155033563
0.28145027516015403	0.3582268491658718
0.34463298999202535	0.4776357988878291
0.4307912374900317	0.6268969860402757
0.37909628899122794	0.567192511179297
0.42504735432349794	0.5373402737488077
0.3905840553242954	0.5522663924640524
0.36760852265816035	0.34330073045062715
0.4078157048238967	0.5373402737488077
0.33888910682549156	0.32837461173538246
0.4824861859888355	0.5373402737488077
0.4078157048238967	0.5074880363183184
0.44227900382309915	0.5074880363183184
0.47674230282230173	0.5970447486097863
0.39632793849082915	0.4627096801725844
0.43653512065656547	0.7612320544774775
0.43653512065656547	0.611970867325031
0.4020718216573629	0.4627096801725844
0.4193034711569642	0.4477835614573398
0.45951065332270047	0.5373402737488077
0.4307912374900317	0.5074880363183184
0.45951065332270047	0.4776357988878291
0.45376677015616673	0.4776357988878291
0.43653512065656547	0.5970447486097863
0.4020718216573629	0.5522663924640524
0.470998419655768	0.4627096801725844
0.3561207563250929	0.5821186298945417
0.3848401721577616	0.3582268491658718
0.4997178354884368	0.522414155033563
