WT	KO
0.30524636256436527	0.38381448124914835
0.30524636256436527	0.46057737749897804
0.38401961741968543	0.40940211333242493
0.39386627427660037	0.5885155379153608
0.4135595879904304	0.48616500958225456
0.3347863331351103	0.43498974541570146
0.23631976456596024	0.43498974541570146
0.35447964684894034	0.38381448124914835
0.44309955856117544	0.48616500958225456
0.5120261565595805	0.8188042266648499
0.4135595879904304	0.48616500958225456
0.30524636256436527	0.5373402737488077
0.30524636256436527	0.43498974541570146
0.5218728134164955	0.7676289624982967
0.5317194702734105	0.8699794908314029
0.4726395291319205	0.46057737749897804
0.34463298999202535	0.46057737749897804
0.35447964684894034	0.5885155379153608
0.34463298999202535	0.6652784341651905
0.39386627427660037	0.43498974541570146
0.42340624484734546	0.46057737749897804
0.42340624484734546	0.46057737749897804
0.5218728134164955	0.639690802081914
0.35447964684894034	0.639690802081914
0.42340624484734546	0.5629279058320843
0.39386627427660037	0.46057737749897804
0.4332529017042604	0.48616500958225456
0.42340624484734546	0.46057737749897804
0.4332529017042604	0.5885155379153608
0.5218728134164955	0.40940211333242493
0.4627928722750055	0.43498974541570146
0.4824861859888355	0.43498974541570146
0.45294621541809044	0.5117526416655311
0.32493967627819537	0.40940211333242493
0.35447964684894034	0.40940211333242493
0.4332529017042604	0.7164536983317435
0.4824861859888355	0.7420413304150202
0.5120261565595805	0.38381448124914835
0.42340624484734546	0.43498974541570146
0.45294621541809044	0.46057737749897804
0.3643263037058554	0.7164536983317435
0.5809527545579856	0.6141031699986373
0.6006460682718157	0.6141031699986373
0.4332529017042604	0.48616500958225456
0.38401961741968543	0.48616500958225456
0.45294621541809044	0.3582268491658718
0.5415661271303256	0.5629279058320843
0.4824861859888355	0.46057737749897804
0.5120261565595805	0.639690802081914
0.5317194702734105	0.639690802081914
0.4627928722750055	0.5885155379153608
0.5218728134164955	0.7676289624982967
0.4824861859888355	0.48616500958225456
0.49233284284575046	0.43498974541570146
0.42340624484734546	0.28146395291604215
0.39386627427660037	0.5885155379153608
0.42340624484734546	0.7164536983317435
0.4627928722750055	0.5117526416655311
0.49233284284575046	0.48616500958225456
0.5711060977010706	0.7420413304150202
0.4726395291319205	0.7164536983317435
0.4037129311335154	0.6141031699986373
0.4627928722750055	0.5629279058320843
0.5120261565595805	0.639690802081914
0.4824861859888355	0.6652784341651905
0.5907994114149006	0.8443918587481265
0.5218728134164955	0.6141031699986373
0.4726395291319205	0.7164536983317435
0.45294621541809044	0.6141031699986373
0.4824861859888355	0.639690802081914
0.7188059505547958	0.8699794908314029
0.5711060977010706	0.5117526416655311
0.5120261565595805	0.6652784341651905
0.4726395291319205	0.639690802081914
0.44309955856117544	0.5885155379153608
0.5514127839872406	0.639690802081914
0.5711060977010706	0.639690802081914
0.44309955856117544	0.9211547549979561
0.5907994114149006	0.5629279058320843
0.5612594408441556	0.7420413304150202
0.5415661271303256	0.46057737749897804
0.4824861859888355	0.48616500958225456
0.44309955856117544	0.639690802081914
0.6400326956994757	0.6652784341651905
0.6498793525563907	0.6652784341651905
0.4135595879904304	0.7932165945815732
0.44309955856117544	0.5117526416655311
0.4824861859888355	0.33263921708259525
0.45294621541809044	0.3582268491658718
0.42340624484734546	0.40940211333242493
0.6203393819856456	0.7932165945815732
0.4824861859888355	0.5885155379153608
0.4135595879904304	0.40940211333242493
0.3741729605627704	0.3582268491658718
0.3643263037058554	0.40940211333242493
0.5514127839872406	0.7420413304150202
0.4135595879904304	0.5373402737488077
0.39386627427660037	0.5373402737488077
0.45294621541809044	0.40940211333242493
0.2953997057074503	0.40940211333242493
0.45294621541809044	0.46057737749897804
0.23631976456596024	0.1791134245829359
0.3741729605627704	0.5373402737488077
0.4627928722750055	0.639690802081914
0.4037129311335154	0.23028868874948902
0.6695726662702206	0.5885155379153608
0.4037129311335154	0.33263921708259525
0.39386627427660037	0.5629279058320843
0.5415661271303256	0.5629279058320843
0.42340624484734546	0.639690802081914
0.6597260094133057	0.5885155379153608
0.38401961741968543	0.43498974541570146
0.3741729605627704	0.38381448124914835
0.5120261565595805	0.5629279058320843
0.45294621541809044	0.38381448124914835
0.5021794997026655	0.5885155379153608
0.5711060977010706	0.5117526416655311
0.5809527545579856	0.6652784341651905
0.6104927251287305	0.8699794908314029
0.5415661271303256	0.8188042266648499
0.6498793525563907	0.9467423870812327
0.6301860388425606	0.6652784341651905
0.49233284284575046	0.5885155379153608
0.5809527545579856	0.8188042266648499
0.4726395291319205	0.5885155379153608
0.5218728134164955	0.5373402737488077
0.4037129311335154	0.7420413304150202
0.5907994114149006	0.690866066248467
0.6006460682718157	0.639690802081914
0.6498793525563907	0.7420413304150202
0.5711060977010706	0.8699794908314029
0.6498793525563907	0.6141031699986373
0.6695726662702206	0.8188042266648499
0.5120261565595805	0.7420413304150202
0.5218728134164955	0.48616500958225456
0.42340624484734546	0.5117526416655311
0.4627928722750055	0.5885155379153608
0.5021794997026655	0.40940211333242493
0.5317194702734105	0.7420413304150202
0.49233284284575046	0.5885155379153608
0.5711060977010706	0.7932165945815732
0.6794193231271357	0.690866066248467
0.45294621541809044	0.46057737749897804
0.5711060977010706	0.5629279058320843
0.49233284284575046	0.38381448124914835
0.44309955856117544	0.5885155379153608
0.5514127839872406	0.690866066248467
0.5415661271303256	0.5373402737488077
0.5809527545579856	0.5885155379153608
0.4726395291319205	0.48616500958225456
0.45294621541809044	0.690866066248467
0.6400326956994757	0.7164536983317435
0.4726395291319205	0.5117526416655311
0.5809527545579856	0.690866066248467
0.5021794997026655	0.5885155379153608
0.5120261565595805	0.5373402737488077
0.5120261565595805	0.8955671229146795
0.7089592936978807	0.5117526416655311
0.4726395291319205	0.6141031699986373
0.5021794997026655	0.5629279058320843
0.5612594408441556	0.7932165945815732
0.5612594408441556	0.7164536983317435
0.5317194702734105	0.7420413304150202
0.45294621541809044	0.28146395291604215
0.4627928722750055	0.690866066248467
0.49233284284575046	0.5629279058320843
0.4824861859888355	0.639690802081914
0.4037129311335154	0.5885155379153608
0.45294621541809044	0.3582268491658718
0.5907994114149006	0.5885155379153608
0.5711060977010706	0.5885155379153608
0.4037129311335154	0.46057737749897804
0.4037129311335154	0.40940211333242493
0.34463298999202535	0.6141031699986373
0.38401961741968543	0.5373402737488077
0.5218728134164955	0.5629279058320843
0.4332529017042604	0.639690802081914
0.4135595879904304	0.38381448124914835
0.39386627427660037	0.639690802081914
0.32493967627819537	0.5117526416655311
0.45294621541809044	0.5885155379153608
0.4037129311335154	0.6141031699986373
0.49233284284575046	0.46057737749897804
0.5120261565595805	0.48616500958225456
0.5415661271303256	0.5629279058320843
0.4726395291319205	0.7420413304150202
0.4037129311335154	0.6652784341651905
0.4627928722750055	0.7164536983317435
0.4037129311335154	0.48616500958225456
0.39386627427660037	0.40940211333242493
0.39386627427660037	0.40940211333242493
0.3347863331351103	0.5117526416655311
0.42340624484734546	0.38381448124914835
0.44309955856117544	0.40940211333242493
0.5317194702734105	0.7164536983317435
0.4824861859888355	0.5629279058320843
0.4037129311335154	0.5629279058320843
0.3741729605627704	0.38381448124914835
0.3150930194212803	0.46057737749897804
0.38401961741968543	0.46057737749897804
