DKO	Bcl6KO
0.294890098295168	0.2542815863710265
0.22662850146758282	0.21795564546087987
0.2621245318179271	0.20433341761957488
0.31400334540689184	0.21795564546087987
0.2621245318179271	0.2361186159159532
0.354960303503443	0.27244455682609986
0.36042123124964975	0.3587186664876981
0.3713430867420634	0.31331124035001484
0.2976205621682714	0.30422975512247813
0.31400334540689184	0.21341490284711154
0.3358470563917191	0.31785198296378314
0.2839682428027544	0.31331124035001484
0.31400334540689184	0.2542815863710265
0.34130798413792596	0.2361186159159532
0.3249252008993055	0.33601495341885645
0.34130798413792596	0.2679038142123315
0.2757768511834442	0.2860667846674048
0.3003510260413748	0.2633630715985632
0.3713430867420634	0.3314742108050881
0.3658821589958566	0.30422975512247813
0.38226494223447705	0.3905038647840764
0.3331165925186157	0.3223927255775515
0.2921596344220646	0.3087704977362465
0.3768040144882702	0.2679038142123315
0.35769076737654637	0.2679038142123315
0.38226494223447705	0.3587186664876981
0.41503050871171787	0.37688163694277144
0.3768040144882702	0.29968901250870983
0.31400334540689184	0.2224963880746482
0.3467689118841328	0.29968901250870983
0.4095695809655111	0.3587186664876981
0.4041086532193043	0.3587186664876981
0.39045633385378725	0.29968901250870983
0.4396046835696486	0.2906075272811732
0.36861262286895996	0.2951482698949415
0.36861262286895996	0.3587186664876981
0.38499540610758043	0.30422975512247813
0.41503050871171787	0.34963718126016147
0.4232219003310282	0.37688163694277144
0.44233514744275204	0.39504460739784475
0.4013781893462009	0.34055569603262476
0.39318679772689064	0.37234089432900314
0.39864772547309746	0.2679038142123315
0.36042123124964975	0.29968901250870983
0.4477960751889588	0.3678001517152348
0.3467689118841328	0.2542815863710265
0.38499540610758043	0.2951482698949415
0.35222983963033955	0.24974084375725816
0.35769076737654637	0.2951482698949415
0.39864772547309746	0.33601495341885645
0.4204914364579248	0.2906075272811732
0.36861262286895996	0.39504460739784475
0.4123000448386145	0.3087704977362465
0.36861262286895996	0.33601495341885645
0.428682828077235	0.3587186664876981
0.38226494223447705	0.39958535001161305
0.3631516951227532	0.27698529943986816
0.45325700293516563	0.37688163694277144
0.45871793068137245	0.3587186664876981
0.46690932230068266	0.3450964386463931
0.49694442490482016	0.4268298056942231
0.5051358165241304	0.34963718126016147
0.4123000448386145	0.34963718126016147
0.38226494223447705	0.30422975512247813
0.428682828077235	0.4222890630804548
0.5051358165241304	0.4177483204666864
0.5105967442703372	0.4222890630804548
0.4368742196965452	0.34055569603262476
0.455987466808269	0.37688163694277144
0.4314132919503384	0.3905038647840764
0.44233514744275204	0.3587186664876981
0.4232219003310282	0.3087704977362465
0.455987466808269	0.40412609262538146
0.44233514744275204	0.39958535001161305
0.4450656113158554	0.3314742108050881
0.5733974133517156	0.5448891136521997
0.4641788584275792	0.3905038647840764
0.3768040144882702	0.40412609262538146
0.47237025004688943	0.39958535001161305
0.4314132919503384	0.4495335187630647
0.5051358165241304	0.4222890630804548
0.4477960751889588	0.3678001517152348
0.455987466808269	0.3587186664876981
0.46144839455447584	0.39504460739784475
0.4477960751889588	0.33601495341885645
0.4832921055393031	0.2906075272811732
0.45052653906206225	0.3632594091014665
0.4641788584275792	0.34963718126016147
0.4123000448386145	0.3678001517152348
0.47510071391999287	0.31785198296378314
0.3959172615999941	0.34055569603262476
0.35769076737654637	0.24065935852972153
0.2648549956910305	0.22703713068841652
0.2593940679448237	0.2224963880746482
0.35222983963033955	0.2951482698949415
0.34949937575723616	0.2906075272811732
0.31946427315309867	0.22703713068841652
0.38772586998068387	0.28152604205363646
0.3167338092799953	0.24974084375725816
0.20751525435585894	0.13622227841304993
0.2157066459751692	0.1316815357992816
0.22662850146758282	0.18162970455073324
0.354960303503443	0.2860667846674048
0.3768040144882702	0.27698529943986816
0.2866987066758578	0.28152604205363646
0.3631516951227532	0.3314742108050881
0.3385775202648225	0.2906075272811732
0.24301128470620328	0.17254821932319656
0.31946427315309867	0.20433341761957488
0.4259523642041316	0.2860667846674048
0.34403844801102934	0.2633630715985632
0.46690932230068266	0.3223927255775515
0.4805616416661997	0.39504460739784475
0.5679364856055088	0.3905038647840764
0.4805616416661997	0.3541779238739298
0.45052653906206225	0.34963718126016147
0.4314132919503384	0.31785198296378314
0.47237025004688943	0.3450964386463931
0.47510071391999287	0.45861500399060146
0.5597450939861985	0.4994816875145163
0.5624755578593019	0.4767779744456747
0.5815888049710258	0.48585945967321137
0.46963978617378604	0.4177483204666864
0.455987466808269	0.40412609262538146
0.4095695809655111	0.37234089432900314
0.5105967442703372	0.46315574660436976
0.5051358165241304	0.3905038647840764
0.5351709191282679	0.4767779744456747
0.4996748887779236	0.4449927761492964
0.543362310747578	0.43137054830799143
0.516057672016544	0.4132075778529181
0.45325700293516563	0.3814223795565398
0.5105967442703372	0.39958535001161305
0.529709991382061	0.40412609262538146
0.4314132919503384	0.39958535001161305
0.4259523642041316	0.44045203353552803
0.46963978617378604	0.3314742108050881
0.41503050871171787	0.3587186664876981
0.4914834971586134	0.4177483204666864
0.4341437558234418	0.39958535001161305
0.46690932230068266	0.37234089432900314
0.4341437558234418	0.4268298056942231
0.45325700293516563	0.3678001517152348
0.4232219003310282	0.31331124035001484
0.4396046835696486	0.3541779238739298
0.4396046835696486	0.3678001517152348
0.4341437558234418	0.4177483204666864
0.4259523642041316	0.29968901250870983
0.40683911709240766	0.31785198296378314
0.45871793068137245	0.3541779238739298
0.3631516951227532	0.27244455682609986
0.38499540610758043	0.2679038142123315
0.4095695809655111	0.25882232898479485
0.46144839455447584	0.31331124035001484
0.38499540610758043	0.30422975512247813
0.3631516951227532	0.25882232898479485
0.37953447836137366	0.28152604205363646
0.3959172615999941	0.24974084375725816
0.3768040144882702	0.3223927255775515
0.4177609725848213	0.2906075272811732
0.3467689118841328	0.2679038142123315
0.38772586998068387	0.3450964386463931
0.3768040144882702	0.3314742108050881
0.37953447836137366	0.30422975512247813
0.40683911709240766	0.3087704977362465
0.3385775202648225	0.30422975512247813
0.3713430867420634	0.2951482698949415
0.34949937575723616	0.2860667846674048
0.44233514744275204	0.2951482698949415
0.3713430867420634	0.24520010114348986
0.39864772547309746	0.2906075272811732
0.3385775202648225	0.33601495341885645
0.39045633385378725	0.3905038647840764
0.37953447836137366	0.4222890630804548
0.35769076737654637	0.31331124035001484
0.3249252008993055	0.27244455682609986
0.3631516951227532	0.2906075272811732
0.37953447836137366	0.28152604205363646
0.3713430867420634	0.3678001517152348
0.3768040144882702	0.2906075272811732
0.34403844801102934	0.28152604205363646
0.37407355061516684	0.2860667846674048
0.30581195378758164	0.19979267500580652
0.3303861286455123	0.24520010114348986
0.35769076737654637	0.31331124035001484
0.354960303503443	0.2679038142123315
0.3385775202648225	0.24065935852972153
0.34949937575723616	0.25882232898479485
0.3303861286455123	0.22703713068841652
0.3085424176606851	0.2542815863710265
0.32765566477240887	0.2633630715985632
0.38499540610758043	0.27698529943986816
0.354960303503443	0.29968901250870983
0.294890098295168	0.21341490284711154
0.3030814899144782	0.2679038142123315
0.34130798413792596	0.29968901250870983
0.2976205621682714	0.23157787330218488
0.3003510260413748	0.24520010114348986
0.3358470563917191	0.31331124035001484
0.30581195378758164	0.33601495341885645
