condition1	condition1
0.12873952277588147	0.11757301605367544
0.13072013081858733	0.13598302568485593
0.13864256298941083	0.1246859743202679
0.11289465843423452	0.12217551846147055
0.12774921875452852	0.12594120224966657
0.11091405039152864	0.125522792939867
0.13963286701076374	0.125522792939867
0.12279769864776385	0.14016711878285149
0.13270073886129322	0.1158993788144772
0.12428315467979326	0.1276148394888648
0.1267589147331756	0.11757301605367544
0.13072013081858733	0.12719643017906523
0.13864256298941083	0.12635961155946612
0.1450795391282049	0.13472779775545726
0.12873952277588147	0.13640143499465548
0.143098931085499	0.13556461637505637
0.12626376272249912	0.12510438363006746
0.11685587451964626	0.13765666292405415
0.1391377150000873	0.12677802086926568
0.12873952277588147	0.14476962119064662
0.13765225896805786	0.13681984430445504
0.1406231710321167	0.13891189085345282
0.135671650925352	0.13598302568485593
0.15102136325632248	0.14476962119064662
0.14260377907482252	0.13765666292405415
0.14458438711752838	0.14267757464164885
0.13864256298941083	0.13096211396726126
0.1416134750534696	0.12635961155946612
0.12824437076520498	0.14142234671225018
0.1391377150000873	0.14058552809265107
0.15349712330970483	0.14476962119064662
0.13765225896805786	0.14016711878285149
0.14359408309617547	0.15397462600623688
0.13616680293602845	0.14476962119064662
0.1450795391282049	0.14476962119064662
0.150526211245646	0.1460248491200453
0.14557469113888136	0.14351439326124796
0.13072013081858733	0.14518803050044618
0.135671650925352	0.13472779775545726
0.11735102653032271	0.1297068860378626
0.12824437076520498	0.15230098876703865
0.143098931085499	0.15522985393563554
0.1391377150000873	0.15397462600623688
0.14953590722429308	0.1615059935826289
0.14111832304279315	0.13974870947305193
0.14458438711752838	0.15774030979443288
0.13814741097873434	0.1506273515278404
0.15250681928835189	0.1430959839514484
0.15349712330970483	0.1460248491200453
0.15003105923496954	0.14058552809265107
0.14606984314955782	0.13933030016325237
0.15943894743782244	0.14686166773964443
0.15102136325632248	0.15230098876703865
0.14755529918158722	0.16694531461002313
0.1599340994484989	0.16778213322962224
0.16340016352323417	0.15774030979443288
0.15745833939511655	0.16569008668062446
0.16439046754458708	0.14769848635924354
0.16389531553391062	0.154811444625836
0.157953491405793	0.1644348587512258
0.17676926781149876	0.15899553772383157
0.16340016352323417	0.15983235634343068
0.15498257934173423	0.14518803050044618
0.15448742733105775	0.15983235634343068
0.14904075521361662	0.16234281220222802
0.17231289971541056	0.15983235634343068
0.14408923510685193	0.1640164494414262
0.14805045119226368	0.15690349117483376
0.15151651526699894	0.16192440289242846
0.16488561955526354	0.18326327769220585
0.15943894743782244	0.15146417014743951
0.15844864341646947	0.16861895184922135
0.1569631873844401	0.1711294077080187
0.18221593992893992	0.16987417977862002
0.15003105923496954	0.16694531461002313
0.1569631873844401	0.15522985393563554
0.15349712330970483	0.17447668218641516
0.15597288336308715	0.17196622632761782
0.14904075521361662	0.1556482632454351
0.16340016352323417	0.1652716773708249
0.16835168362999883	0.15732190048463332
0.17231289971541056	0.16485326806102535
0.150526211245646	0.1527193980768382
0.14805045119226368	0.1615059935826289
0.1703322916727047	0.17196622632761782
0.1539922753203813	0.16192440289242846
0.16835168362999883	0.16317963082182713
0.1792450278648811	0.17740554735501204
0.16785653161932237	0.17196622632761782
0.1297298267972344	0.13681984430445504
0.1341861948933226	0.15313780738663776
0.10992374637017571	0.11422574157527898
0.1569631873844401	0.1506273515278404
0.15597288336308715	0.17238463563741738
0.13319589087196967	0.14476962119064662
0.10596253028476398	0.11548096950467765
0.09457403403920524	0.09456050401469983
0.11140920240220512	0.10334709952049051
0.19063352411043985	0.1962339662959921
0.19707050024923392	0.20711260835078057
0.2049929324200574	0.20167328732338635
0.20400262839870448	0.19246828250779607
0.18172078791826346	0.19288669181759563
0.17726441982217525	0.17280304494721693
0.10942859435949924	0.09623414125389804
0.11091405039152864	0.10878642054788475
0.11883648256235213	0.11715460674387589
0.12923467478655792	0.1506273515278404
0.16736137960864592	0.17196622632761782
0.15498257934173423	0.1615059935826289
0.10893344234882278	0.11715460674387589
0.13517649891467554	0.13849348154365326
0.15745833939511655	0.1439328025710475
0.157953491405793	0.15941394703363113
0.17280805172608701	0.1682005425394218
0.16488561955526354	0.15522985393563554
0.15498257934173423	0.17154781701781827
0.17429350775811644	0.17949759390400982
0.16191470749120476	0.15397462600623688
0.16785653161932237	0.18410009631180496
0.16340016352323417	0.1740582728766156
0.15201166727767543	0.1615059935826289
0.17231289971541056	0.17071099839821915
0.18914806807841048	0.1640164494414262
0.16191470749120476	0.18410009631180496
0.17429350775811644	0.1748950914962147
0.14904075521361662	0.1711294077080187
0.16785653161932237	0.16234281220222802
0.16785653161932237	0.1690373611590209
0.1569631873844401	0.15230098876703865
0.17082744368338115	0.17238463563741738
0.16983713966202824	0.16276122151202757
0.15894379542714598	0.16485326806102535
0.16439046754458708	0.15522985393563554
0.16092440346985185	0.16569008668062446
0.16983713966202824	0.14895371428864218
0.16538077156594003	0.17363986356681604
0.14854560320294014	0.16569008668062446
0.15597288336308715	0.15690349117483376
0.16488561955526354	0.1556482632454351
0.15943894743782244	0.1711294077080187
0.1718177477047341	0.15941394703363113
0.15003105923496954	0.16276122151202757
0.14656499516023427	0.14058552809265107
0.15250681928835189	0.16108758427282935
0.15745833939511655	0.16025076565323024
0.14359408309617547	0.15230098876703865
0.13963286701076374	0.15355621669643732
0.143098931085499	0.15606667255523465
0.14706014717091076	0.14644325842984487
0.14111832304279315	0.15606667255523465
0.14755529918158722	0.15355621669643732
0.13022497880791087	0.13849348154365326
0.13022497880791087	0.15397462600623688
0.143098931085499	0.14560643981024574
0.14904075521361662	0.1606691749630298
0.15102136325632248	0.15146417014743951
0.14606984314955782	0.14016711878285149
0.15250681928835189	0.15188257945723907
0.13369104288264613	0.15857712841403201
0.14359408309617547	0.14435121188084707
0.1341861948933226	0.14644325842984487
0.15300197129902837	0.15230098876703865
0.15003105923496954	0.15104576083763996
0.13616680293602845	0.13765666292405415
0.14854560320294014	0.1422591653318493
0.13963286701076374	0.15397462600623688
0.13963286701076374	0.14937212359844174
0.14408923510685193	0.13849348154365326
0.13369104288264613	0.13933030016325237
0.1267589147331756	0.13765666292405415
0.13171043483994027	0.14016711878285149
0.13963286701076374	0.13096211396726126
0.13963286701076374	0.13096211396726126
0.135671650925352	0.14476962119064662
0.14656499516023427	0.13933030016325237
0.13319589087196967	0.1439328025710475
0.13171043483994027	0.13556461637505637
0.12873952277588147	0.12719643017906523
0.13171043483994027	0.1276148394888648
0.14210862706414606	0.1430959839514484
0.14111832304279315	0.1305437046574617
0.12131224261573445	0.12845165810846393
0.13022497880791087	0.13263575120645948
0.13517649891467554	0.1334725698260586
0.14458438711752838	0.13305416051625904
0.14755529918158722	0.16025076565323024
0.13072013081858733	0.1238491557006688
0.13468134690399908	0.12301233708106969
0.13468134690399908	0.11882824398307411
0.13270073886129322	0.13933030016325237
0.12774921875452852	0.12928847672806304
0.12873952277588147	0.13138052327706082
0.1297298267972344	0.12719643017906523
0.1223025466370874	0.1372382536142546
0.1297298267972344	0.13765666292405415
0.12032193859438152	0.12928847672806304
0.1297298267972344	0.14686166773964443
0.12774921875452852	0.1150625601948781
0.12774921875452852	0.13765666292405415
