condition1	condition1
0.13667687425117672	0.1259454838685275
0.13791376904078012	0.1395329634560035
0.14038755861998692	0.11758395796854229
0.11812345240712557	0.1259454838685275
0.12616326853954773	0.12437769776228028
0.11874189980192727	0.11758395796854229
0.11936034719672899	0.11810655333729136
0.1212156893811341	0.1311714375560183
0.13667687425117672	0.12280991165603307
0.1342030846719699	0.13848777271850538
0.12863705811875456	0.1238551023935312
0.1354399794615733	0.1353522005060109
0.13791376904078012	0.13326181903101458
0.1348215320667716	0.14319113103724704
0.11688655761752217	0.13378441439976366
0.13915066383038355	0.13378441439976366
0.13111084769796136	0.13430700976851276
0.14595358517320228	0.14319113103724704
0.1496642695420125	0.13378441439976366
0.13172929509276307	0.1421459402997489
0.14162445340959035	0.13848777271850538
0.15028271693681422	0.14841708472473783
0.1354399794615733	0.13587479587475995
0.15461184870042616	0.14110074956225074
0.14347979559399548	0.13587479587475995
0.15399340130562442	0.14528151251224333
0.14162445340959035	0.12960365144977104
0.15213805912121933	0.13587479587475995
0.1453351377784006	0.14737189398723965
0.1372953216459784	0.13691998661225813
0.1614147700432449	0.15521082451847582
0.13791376904078012	0.14057815419350167
0.15399340130562442	0.15521082451847582
0.14286134819919374	0.1536430384122286
0.15028271693681422	0.1463267032497415
0.14286134819919374	0.1447589171434943
0.14100600601478866	0.1395329634560035
0.14595358517320228	0.1578238013622212
0.15213805912121933	0.15259784767473042
0.12554482114474602	0.1442363217747452
0.14719047996280568	0.1687983041059518
0.15770408567443467	0.16095937357471568
0.15337495391082273	0.15886899209971933
0.16327011222765	0.16148196894346473
0.15151961172641762	0.14162334493099982
0.15523029609522784	0.16514013652470827
0.15523029609522784	0.1646175411559592
0.16636234920165854	0.1515526569372323
0.15646719088483124	0.1447589171434943
0.16388855962245172	0.1536430384122286
0.15584874349002956	0.13796517734975627
0.16574390180685683	0.1510300615684832
0.15708563827963298	0.14893968009348688
0.14595358517320228	0.16566273189345734
0.173783717939279	0.17245647168719536
0.17440216533408068	0.16984349484344996
0.16636234920165854	0.1755920438996898
0.15646719088483124	0.1531204430434795
0.16821769138606366	0.15834639673097026
0.16883613878086534	0.16566273189345734
0.1898633502041233	0.16775311336845367
0.16759924399126191	0.1682757087372027
0.1614147700432449	0.14684929861849058
0.1750206127288824	0.15730120599347214
0.15832253306923635	0.1693208994747009
0.17316527054447728	0.16618532726220642
0.15955942785883978	0.16304975504971198
0.14409824298879717	0.15834639673097026
0.15523029609522784	0.17245647168719536
0.1725468231496756	0.18343097443092596
0.17996819188729604	0.17141128094969718
0.17687595491328753	0.17036609021219906
0.17192837575487385	0.16409494578721012
0.17934974449249433	0.15939158746846843
0.14595358517320228	0.16252715968096287
0.17749440230808922	0.16357235041846105
0.1601778752536415	0.17141128094969718
0.1725468231496756	0.18813433274966765
0.15461184870042616	0.16618532726220642
0.1626516648328483	0.16043677820596658
0.16698079659646023	0.15939158746846843
0.17192837575487385	0.16775311336845367
0.16698079659646023	0.1557334198872249
0.1509011643316159	0.15886899209971933
0.16883613878086534	0.1761146392684389
0.1620332174380466	0.16566273189345734
0.17996819188729604	0.1578238013622212
0.18367887625610627	0.18290837906217688
0.17192837575487385	0.17141128094969718
0.12430792635514261	0.1395329634560035
0.13791376904078012	0.14110074956225074
0.11874189980192727	0.1128805996498006
0.15151961172641762	0.1353522005060109
0.15461184870042616	0.1646175411559592
0.13915066383038355	0.16095937357471568
0.11255742585391024	0.12751326997477475
0.10884674148510001	0.10713205059356075
0.12925550551355627	0.12124212554978583
0.18367887625610627	0.18865692811841672
0.2133643512065881	0.21478669655587057
0.2028507454949591	0.19492807254340563
0.19604782415214034	0.17872761611218427
0.18306042886130455	0.20276700307464182
0.1756390601236841	0.17768242537468612
0.13172929509276307	0.11810655333729136
0.12987395290835796	0.11601617186229506
0.12740016332915113	0.1196743394435386
0.146572032568004	0.15416563378097767
0.1645070070172534	0.1808179975871806
0.15275650651602105	0.17245647168719536
0.11379432064351364	0.11915174407478953
0.13172929509276307	0.14319113103724704
0.15646719088483124	0.1442363217747452
0.14719047996280568	0.1599141828372175
0.1750206127288824	0.17506944853094072
0.15213805912121933	0.16148196894346473
0.16945458617566705	0.1761146392684389
0.1750206127288824	0.17193387631844625
0.1762575075184858	0.16304975504971198
0.18862645541451992	0.18761173738091858
0.17440216533408068	0.18134059295592964
0.16512545441205512	0.16304975504971198
0.173783717939279	0.16984349484344996
0.17316527054447728	0.1599141828372175
0.16945458617566705	0.17768242537468612
0.17996819188729604	0.18186318832467874
0.1725468231496756	0.18499876053717318
0.17873129709769262	0.1687983041059518
0.17069148096527048	0.17193387631844625
0.1589409804640381	0.1557334198872249
0.18306042886130455	0.17454685316219165
0.1756390601236841	0.1672305179997046
0.16698079659646023	0.16566273189345734
0.16821769138606366	0.17506944853094072
0.1756390601236841	0.1755920438996898
0.17440216533408068	0.16095937357471568
0.17749440230808922	0.18865692811841672
0.15399340130562442	0.18499876053717318
0.1750206127288824	0.1682757087372027
0.17316527054447728	0.16670792263095552
0.16512545441205512	0.17245647168719536
0.18429732365090798	0.17663723463718797
0.16574390180685683	0.17872761611218427
0.16636234920165854	0.1693208994747009
0.15646719088483124	0.1672305179997046
0.16698079659646023	0.17245647168719536
0.15151961172641762	0.16252715968096287
0.15708563827963298	0.17141128094969718
0.1620332174380466	0.16618532726220642
0.16079632264844318	0.15834639673097026
0.16512545441205512	0.1672305179997046
0.1601778752536415	0.16357235041846105
0.14286134819919374	0.1447589171434943
0.14038755861998692	0.15625601525597396
0.15523029609522784	0.16148196894346473
0.15399340130562442	0.16670792263095552
0.173783717939279	0.17297906705594443
0.15461184870042616	0.1463267032497415
0.1589409804640381	0.16043677820596658
0.13111084769796136	0.16409494578721012
0.1509011643316159	0.1442363217747452
0.1490458221472108	0.1531204430434795
0.17069148096527048	0.16148196894346473
0.17069148096527048	0.15259784767473042
0.15646719088483124	0.1463267032497415
0.1509011643316159	0.16566273189345734
0.1614147700432449	0.1646175411559592
0.15399340130562442	0.15416563378097767
0.15028271693681422	0.15521082451847582
0.15151961172641762	0.1400555588247526
0.14100600601478866	0.1620045643122138
0.15151961172641762	0.1531204430434795
0.1614147700432449	0.1531204430434795
0.15523029609522784	0.1395329634560035
0.13915066383038355	0.1395329634560035
0.15646719088483124	0.1447589171434943
0.15955942785883978	0.15677861062472304
0.15646719088483124	0.15416563378097767
0.13976911122518523	0.1327392236622655
0.13296618988236647	0.13691998661225813
0.1509011643316159	0.1557334198872249
0.1372953216459784	0.13587479587475995
0.1478089273576074	0.14162334493099982
0.14162445340959035	0.13430700976851276
0.14038755861998692	0.14266853566849796
0.15028271693681422	0.14162334493099982
0.1589409804640381	0.16095937357471568
0.15151961172641762	0.13064884218726922
0.1484273747524091	0.13587479587475995
0.14595358517320228	0.13796517734975627
0.13976911122518523	0.13848777271850538
0.13358463727716818	0.14110074956225074
0.14162445340959035	0.14371372640599614
0.1478089273576074	0.15259784767473042
0.1453351377784006	0.14684929861849058
0.14409824298879717	0.14528151251224333
0.12368947896034092	0.13064884218726922
0.12925550551355627	0.15259784767473042
0.13976911122518523	0.11915174407478953
0.13049240030315967	0.13639739124350905
