DKO	Bcl6KO
0.35327452066075155	0.17691624033089745
1.4130980826430062	0.5307487209926923
0.7065490413215031	0.5307487209926923
0.0	0.0
0.0	0.5307487209926923
0.0	0.17691624033089745
0.35327452066075155	0.5307487209926923
1.0598235619822547	0.5307487209926923
0.35327452066075155	0.7076649613235898
0.7065490413215031	0.5307487209926923
0.0	0.0
0.0	0.17691624033089745
0.0	0.3538324806617949
1.4130980826430062	0.7076649613235898
1.0598235619822547	0.5307487209926923
0.7065490413215031	0.17691624033089745
0.35327452066075155	0.0
0.0	0.0
0.35327452066075155	0.8845812016544873
0.35327452066075155	0.5307487209926923
0.7065490413215031	0.5307487209926923
0.0	0.0
0.0	0.5307487209926923
0.7065490413215031	0.8845812016544873
1.0598235619822547	0.7076649613235898
1.7663726033037577	0.7076649613235898
0.7065490413215031	0.17691624033089745
0.7065490413215031	0.5307487209926923
0.7065490413215031	0.5307487209926923
0.7065490413215031	0.5307487209926923
0.35327452066075155	0.7076649613235898
0.0	0.5307487209926923
0.7065490413215031	0.5307487209926923
0.0	0.0
0.0	0.17691624033089745
0.0	0.5307487209926923
0.35327452066075155	0.0
0.35327452066075155	0.7076649613235898
0.35327452066075155	0.8845812016544873
0.0	1.0614974419853846
0.35327452066075155	0.8845812016544873
0.35327452066075155	0.3538324806617949
1.7663726033037577	0.5307487209926923
0.7065490413215031	1.2384136823162821
0.0	0.8845812016544873
0.0	0.3538324806617949
0.35327452066075155	0.5307487209926923
0.7065490413215031	0.3538324806617949
0.0	0.17691624033089745
0.35327452066075155	0.3538324806617949
0.0	0.3538324806617949
0.35327452066075155	1.2384136823162821
0.35327452066075155	0.5307487209926923
0.0	0.17691624033089745
0.35327452066075155	0.17691624033089745
0.0	0.5307487209926923
0.35327452066075155	0.7076649613235898
0.35327452066075155	0.3538324806617949
0.35327452066075155	0.7076649613235898
0.0	0.0
0.0	0.17691624033089745
0.7065490413215031	0.5307487209926923
0.0	0.0
0.35327452066075155	0.5307487209926923
0.0	0.17691624033089745
0.35327452066075155	0.0
0.35327452066075155	0.5307487209926923
0.0	0.0
0.7065490413215031	1.0614974419853846
0.0	0.5307487209926923
0.0	0.5307487209926923
0.0	1.4153299226471796
0.0	0.5307487209926923
1.0598235619822547	0.5307487209926923
0.7065490413215031	0.7076649613235898
0.35327452066075155	1.0614974419853846
1.4130980826430062	1.592246162978077
0.0	0.3538324806617949
0.0	0.3538324806617949
0.0	0.17691624033089745
0.7065490413215031	0.0
0.35327452066075155	0.5307487209926923
0.7065490413215031	0.5307487209926923
1.4130980826430062	1.0614974419853846
0.35327452066075155	1.2384136823162821
1.0598235619822547	1.0614974419853846
0.0	1.2384136823162821
0.7065490413215031	1.592246162978077
0.0	0.3538324806617949
0.7065490413215031	1.0614974419853846
0.7065490413215031	0.8845812016544873
0.35327452066075155	0.7076649613235898
0.7065490413215031	0.8845812016544873
1.4130980826430062	0.5307487209926923
1.7663726033037577	0.8845812016544873
1.0598235619822547	0.8845812016544873
1.0598235619822547	0.7076649613235898
0.35327452066075155	0.8845812016544873
0.35327452066075155	1.2384136823162821
0.7065490413215031	1.0614974419853846
1.0598235619822547	0.8845812016544873
0.7065490413215031	0.7076649613235898
0.35327452066075155	0.3538324806617949
0.7065490413215031	0.7076649613235898
1.4130980826430062	1.4153299226471796
0.7065490413215031	0.5307487209926923
0.35327452066075155	0.17691624033089745
0.0	0.3538324806617949
0.0	0.3538324806617949
0.7065490413215031	0.5307487209926923
0.7065490413215031	1.0614974419853846
1.0598235619822547	0.7076649613235898
0.35327452066075155	0.3538324806617949
0.35327452066075155	0.17691624033089745
0.35327452066075155	0.5307487209926923
0.0	0.8845812016544873
1.0598235619822547	0.7076649613235898
2.4729216446252607	1.0614974419853846
1.0598235619822547	1.0614974419853846
0.0	1.2384136823162821
0.0	0.5307487209926923
0.35327452066075155	1.2384136823162821
1.0598235619822547	1.4153299226471796
0.0	1.0614974419853846
0.35327452066075155	0.17691624033089745
0.7065490413215031	0.7076649613235898
0.7065490413215031	1.2384136823162821
0.0	0.8845812016544873
1.0598235619822547	1.7691624033089746
1.7663726033037577	1.2384136823162821
1.4130980826430062	1.4153299226471796
0.35327452066075155	0.8845812016544873
0.35327452066075155	1.0614974419853846
0.7065490413215031	1.4153299226471796
0.7065490413215031	1.4153299226471796
1.7663726033037577	1.4153299226471796
1.4130980826430062	1.592246162978077
0.7065490413215031	0.8845812016544873
0.35327452066075155	0.5307487209926923
0.7065490413215031	1.4153299226471796
1.4130980826430062	1.0614974419853846
0.35327452066075155	0.8845812016544873
2.1196471239645094	0.8845812016544873
0.0	0.5307487209926923
1.7663726033037577	1.2384136823162821
1.4130980826430062	1.4153299226471796
0.7065490413215031	0.8845812016544873
1.4130980826430062	1.0614974419853846
0.0	0.7076649613235898
0.0	0.3538324806617949
1.4130980826430062	1.0614974419853846
0.0	0.3538324806617949
0.7065490413215031	0.5307487209926923
0.7065490413215031	0.5307487209926923
0.0	0.5307487209926923
2.1196471239645094	1.7691624033089746
1.4130980826430062	0.8845812016544873
1.0598235619822547	0.5307487209926923
0.7065490413215031	0.7076649613235898
0.35327452066075155	0.5307487209926923
1.0598235619822547	1.2384136823162821
0.7065490413215031	1.0614974419853846
0.35327452066075155	1.4153299226471796
0.0	1.0614974419853846
1.0598235619822547	1.2384136823162821
0.35327452066075155	1.0614974419853846
0.0	0.7076649613235898
0.0	0.0
1.0598235619822547	0.7076649613235898
0.7065490413215031	0.8845812016544873
1.4130980826430062	1.2384136823162821
0.7065490413215031	1.2384136823162821
0.7065490413215031	1.0614974419853846
1.0598235619822547	0.7076649613235898
0.7065490413215031	1.0614974419853846
0.7065490413215031	1.2384136823162821
0.35327452066075155	0.8845812016544873
3.179470685946764	2.4768273646325643
0.35327452066075155	0.7076649613235898
1.0598235619822547	1.4153299226471796
1.4130980826430062	1.2384136823162821
0.7065490413215031	0.8845812016544873
0.7065490413215031	1.0614974419853846
0.7065490413215031	0.5307487209926923
0.7065490413215031	0.3538324806617949
0.0	0.7076649613235898
0.0	0.0
0.7065490413215031	0.3538324806617949
0.7065490413215031	0.17691624033089745
0.0	0.17691624033089745
0.0	0.7076649613235898
0.0	0.17691624033089745
0.7065490413215031	0.8845812016544873
0.0	0.3538324806617949
0.0	0.5307487209926923
0.35327452066075155	0.5307487209926923
0.35327452066075155	0.17691624033089745
0.0	0.8845812016544873
0.0	0.0
0.0	0.17691624033089745
