DKO	Bcl6KO
0.0	0.06433317830214454
0.5138538482338204	0.06433317830214454
0.2569269241169102	0.7719981396257343
0.5138538482338204	0.3216658915107226
0.2569269241169102	0.5146654264171563
0.5138538482338204	0.38599906981286713
0.0	0.12866635660428907
0.1284634620584551	0.38599906981286713
0.2569269241169102	0.0
0.3853903861753653	0.25733271320857815
0.5138538482338204	0.9649976745321679
0.5138538482338204	0.12866635660428907
1.156171158526096	0.5789986047193008
0.6423173102922756	1.1579972094386015
1.0277076964676408	0.9649976745321679
0.6423173102922756	0.7719981396257343
0.3853903861753653	0.7719981396257343
1.2846346205845511	0.6433317830214452
0.3853903861753653	0.38599906981286713
0.3853903861753653	0.3216658915107226
0.7707807723507306	0.7719981396257343
0.0	0.38599906981286713
0.6423173102922756	0.4503322481150117
0.0	0.0
0.8992442344091858	0.5146654264171563
0.6423173102922756	0.6433317830214452
0.0	0.3216658915107226
0.0	0.4503322481150117
0.2569269241169102	0.6433317830214452
0.6423173102922756	0.4503322481150117
1.0277076964676408	0.5789986047193008
0.2569269241169102	0.5146654264171563
0.2569269241169102	0.38599906981286713
0.6423173102922756	0.5789986047193008
0.2569269241169102	0.19299953490643357
0.3853903861753653	0.4503322481150117
0.6423173102922756	0.25733271320857815
0.3853903861753653	0.3216658915107226
0.7707807723507306	0.5146654264171563
0.8992442344091858	0.7076649613235898
0.5138538482338204	0.5789986047193008
0.6423173102922756	0.4503322481150117
0.1284634620584551	0.19299953490643357
0.2569269241169102	0.25733271320857815
0.7707807723507306	0.38599906981286713
0.2569269241169102	0.6433317830214452
1.156171158526096	1.222330387740746
1.6700250067599165	1.2866635660428904
0.5138538482338204	0.9649976745321679
0.2569269241169102	0.38599906981286713
0.6423173102922756	0.38599906981286713
0.8992442344091858	0.6433317830214452
0.7707807723507306	1.0293308528343126
0.2569269241169102	0.12866635660428907
0.3853903861753653	0.4503322481150117
0.6423173102922756	0.5789986047193008
0.8992442344091858	0.836331317927879
0.7707807723507306	0.5146654264171563
0.2569269241169102	0.5146654264171563
1.0277076964676408	0.7076649613235898
0.5138538482338204	0.5146654264171563
0.5138538482338204	0.9649976745321679
1.156171158526096	0.9649976745321679
0.8992442344091858	1.3509967443450352
0.6423173102922756	0.5789986047193008
0.5138538482338204	0.4503322481150117
0.3853903861753653	0.38599906981286713
0.8992442344091858	0.5789986047193008
0.7707807723507306	0.9649976745321679
0.5138538482338204	0.5146654264171563
0.5138538482338204	0.7076649613235898
0.2569269241169102	0.836331317927879
0.2569269241169102	1.093664031136457
1.4130980826430062	1.5439962792514685
1.2846346205845511	1.1579972094386015
1.7984884688183715	0.9006644962300234
1.156171158526096	0.9006644962300234
0.7707807723507306	0.7719981396257343
0.6423173102922756	1.1579972094386015
0.7707807723507306	0.6433317830214452
0.6423173102922756	0.7719981396257343
0.7707807723507306	0.6433317830214452
0.6423173102922756	0.38599906981286713
0.6423173102922756	0.4503322481150117
0.5138538482338204	0.38599906981286713
0.7707807723507306	1.3509967443450352
1.5415615447014612	0.836331317927879
0.3853903861753653	1.0293308528343126
0.5138538482338204	0.7719981396257343
0.7707807723507306	1.0293308528343126
0.7707807723507306	0.6433317830214452
0.8992442344091858	0.7076649613235898
0.3853903861753653	0.7076649613235898
0.1284634620584551	0.25733271320857815
0.5138538482338204	0.38599906981286713
1.156171158526096	1.3509967443450352
1.5415615447014612	1.9943285273664806
1.156171158526096	1.1579972094386015
0.2569269241169102	0.5146654264171563
0.1284634620584551	0.25733271320857815
0.6423173102922756	0.9006644962300234
0.8992442344091858	0.38599906981286713
1.156171158526096	1.0293308528343126
1.0277076964676408	1.2866635660428904
0.3853903861753653	0.3216658915107226
0.7707807723507306	0.4503322481150117
1.156171158526096	0.5789986047193008
0.6423173102922756	0.9006644962300234
1.0277076964676408	0.9006644962300234
0.5138538482338204	0.25733271320857815
1.0277076964676408	0.836331317927879
1.0277076964676408	0.6433317830214452
0.5138538482338204	0.9006644962300234
0.6423173102922756	0.6433317830214452
0.3853903861753653	0.9006644962300234
1.4130980826430062	0.836331317927879
0.7707807723507306	0.4503322481150117
0.2569269241169102	0.5146654264171563
0.3853903861753653	0.5146654264171563
0.1284634620584551	0.25733271320857815
0.6423173102922756	0.7719981396257343
0.6423173102922756	0.9649976745321679
1.6700250067599165	1.7369958141579023
1.0277076964676408	0.5789986047193008
0.1284634620584551	0.4503322481150117
0.6423173102922756	0.5789986047193008
0.7707807723507306	0.4503322481150117
0.3853903861753653	0.7076649613235898
0.2569269241169102	0.4503322481150117
0.3853903861753653	0.25733271320857815
0.7707807723507306	0.4503322481150117
0.3853903861753653	0.5146654264171563
0.6423173102922756	1.0293308528343126
1.4130980826430062	0.7076649613235898
0.6423173102922756	0.3216658915107226
0.8992442344091858	0.7719981396257343
0.0	0.4503322481150117
0.7707807723507306	0.38599906981286713
0.8992442344091858	0.12866635660428907
0.5138538482338204	0.5789986047193008
0.2569269241169102	0.5146654264171563
0.3853903861753653	0.3216658915107226
0.7707807723507306	0.25733271320857815
0.8992442344091858	0.7719981396257343
0.3853903861753653	0.836331317927879
0.7707807723507306	0.06433317830214454
0.1284634620584551	0.3216658915107226
0.0	0.0
0.5138538482338204	0.7719981396257343
0.3853903861753653	0.836331317927879
1.0277076964676408	0.7719981396257343
0.6423173102922756	0.38599906981286713
0.5138538482338204	0.6433317830214452
1.0277076964676408	0.7076649613235898
0.6423173102922756	0.38599906981286713
0.6423173102922756	0.38599906981286713
0.7707807723507306	0.38599906981286713
0.5138538482338204	0.7719981396257343
0.8992442344091858	0.9006644962300234
0.8992442344091858	0.836331317927879
1.156171158526096	0.9649976745321679
0.8992442344091858	0.6433317830214452
0.8992442344091858	0.7719981396257343
0.8992442344091858	1.1579972094386015
0.6423173102922756	0.5146654264171563
0.2569269241169102	0.38599906981286713
0.0	0.7076649613235898
0.3853903861753653	0.9649976745321679
1.5415615447014612	0.836331317927879
1.0277076964676408	1.2866635660428904
1.4130980826430062	0.7719981396257343
0.0	0.4503322481150117
0.5138538482338204	0.836331317927879
0.7707807723507306	0.5146654264171563
1.9269519308768266	0.836331317927879
0.6423173102922756	0.6433317830214452
0.3853903861753653	0.25733271320857815
0.6423173102922756	0.7076649613235898
0.5138538482338204	1.093664031136457
0.8992442344091858	0.7076649613235898
1.156171158526096	0.836331317927879
0.1284634620584551	0.25733271320857815
0.6423173102922756	0.19299953490643357
1.7984884688183715	1.3509967443450352
1.5415615447014612	1.093664031136457
0.5138538482338204	0.7719981396257343
0.1284634620584551	0.7076649613235898
0.5138538482338204	0.7719981396257343
0.6423173102922756	0.9006644962300234
0.5138538482338204	0.7076649613235898
0.5138538482338204	0.6433317830214452
0.5138538482338204	0.4503322481150117
0.5138538482338204	0.836331317927879
0.0	0.6433317830214452
0.5138538482338204	0.5789986047193008
1.156171158526096	0.9649976745321679
0.6423173102922756	0.5146654264171563
0.1284634620584551	0.12866635660428907
0.5138538482338204	0.4503322481150117
0.7707807723507306	0.38599906981286713
