condition1	condition1
0.1854480683978988	0.1895265130411373
0.17412533154852214	0.18419958442015857
0.18453000865335475	0.1940123476693299
0.19493468575818737	0.19597490031916415
0.188814287461227	0.19064797169818545
0.19738284507697149	0.19877854696178454
0.19830090482151555	0.19429271233359194
0.1970768251621235	0.19429271233359194
0.1976888649918195	0.19765708830473638
0.19983100439575566	0.19990000561883267
0.18912030737607502	0.20270365226145307
0.1851420484830508	0.20242328759719103
0.20136110396999574	0.19681599431195027
0.19677080524727547	0.18896578371261322
0.19860692473636357	0.1984981822975225
0.20472732303332392	0.19233015968375766
0.1940166260136433	0.2001803702830947
0.2007490641402997	0.21335750950341048
0.20870558192634817	0.21251641551062436
0.2025851836293878	0.2066287575611216
0.20992966158574022	0.20775021621816972
0.22339453783905303	0.21868443812438917
0.19860692473636357	0.21083422752505213
0.20870558192634817	0.2144789681604586
0.21207180098967637	0.21111459218931417
0.2025851836293878	0.20859131021095587
0.21758015945694067	0.22288990808831977
0.22186443826481292	0.2226095434240577
0.2282908564766213	0.22485246073815401
0.22247647809450896	0.2343848593230633
0.22370055775390105	0.2313008480161809
0.2331871751141896	0.23017938935913274
0.2249246374132931	0.22597391939520214
0.2160500598827006	0.23410449465880126
0.22339453783905303	0.23214194200896698
0.2319630954547975	0.23494558865158738
0.2319630954547975	0.24616017522206884
0.2331871751141896	0.23494558865158738
0.2249246374132931	0.23859032928699386
0.22553667724298915	0.2360670473086355
0.22370055775390105	0.23915105861551791
0.23410523485873364	0.24055288193682814
0.2368594140923658	0.24139397592961423
0.2451219517932623	0.24307616391518644
0.24604001153780633	0.2343848593230633
0.22951493613601337	0.24924418652895128
0.240225633155694	0.23971178794404202
0.23777747383690984	0.23887069395125587
0.2503242903456786	0.25429075048566796
0.25124235009022267	0.24980491585747536
0.25460856915355085	0.2441976225722346
0.2423677725596301	0.2366277766371596
0.2604229475356632	0.2450387165650207
0.2518543899199187	0.2503656451859994
0.24665205136750237	0.2537300211571438
0.25460856915355085	0.26494460772762535
0.2503242903456786	0.2655053370561494
0.2616470271950553	0.24531908122928273
0.25491458906839887	0.2596176791066466
0.2515483700050707	0.2601784084351707
0.25950488779111913	0.2713929950056522
0.26593130600292747	0.2660660663846735
0.26317712676929533	0.27083226567712815
0.2705216047256478	0.2669071603774596
0.26684936574747153	0.269430442355818
0.2686854852365596	0.26382314907057725
0.26562528608807945	0.2669071603774596
0.26562528608807945	0.26158023175648093
0.2861286203828967	0.27307518299122446
0.2662373259177755	0.2629820550777911
0.27205170429988784	0.2663464310489355
0.2818443415750244	0.27363591231974854
0.26470722634353544	0.25485147981419204
0.2766420030226081	0.2669071603774596
0.2839864809789605	0.2876541455328504
0.28643464029774474	0.27363591231974854
0.28429250089380853	0.2868130515400643
0.2879647398719848	0.2781217469479411
0.275417923363216	0.2868130515400643
0.27756006276715217	0.29017742751120873
0.2766420030226081	0.3041956607243106
0.2815383216601764	0.28008429959777537
0.2708276246404958	0.2755984649695828
0.274193843703824	0.27027153634860407
0.2677674254920156	0.2559729384712402
0.24144971281508606	0.247001269214855
0.22186443826481292	0.24083324660109015
0.2432858323041742	0.2509263745145235
0.24297981238932614	0.2343848593230633
0.21696811962724463	0.22737574271651237
0.23777747383690984	0.24531908122928273
0.2518543899199187	0.24447798723649664
0.3513108622455245	0.3543809356272153
0.2858226004680487	0.28148612291908554
0.2836804610641125	0.2969061794534976
0.2420617526447821	0.2500852805217374
0.36569379824338133	0.3602685935767181
0.4770850472480598	0.4749377412598914
0.4513793744008263	0.45979804938974134
0.2732757839592799	0.2666267957131976
0.1340367227034318	0.13233212153168167
0.13648488202221595	0.14915400138740392
0.29377911825409714	0.2826075815761337
0.4715766887807955	0.45475148543302474
0.4923860429904607	0.47661992924546365
0.3635516588394452	0.3709224508186755
0.22278249800935696	0.2450387165650207
0.2836804610641125	0.2884952395256365
0.2763359831077601	0.2660660663846735
0.34274230462978	0.33896087909280326
0.2536905094090068	0.262140961085005
0.24848817085659047	0.2425154345866624
0.22553667724298915	0.23634741197289755
0.2313510556251015	0.2268150133879883
0.25705672847233496	0.2517674685073096
0.22767881664692527	0.2374688706299457
0.2386955335814539	0.25232819783583366
0.26593130600292747	0.2584962204495985
0.257362748387183	0.2635427844063152
0.2766420030226081	0.26774825437024574
0.2818443415750244	0.2817664875833476
0.28980085936107286	0.2725144536627004
0.3032657356143857	0.28036466426203743
0.2950031979134892	0.29017742751120873
0.28857677970168083	0.2722340889984383
0.27756006276715217	0.2817664875833476
0.28000822208593634	0.28008429959777537
0.2907189191056169	0.28064502892629944
0.2686854852365596	0.26858934836303183
0.2833744411492645	0.27055190101286614
0.257974788216879	0.2657857017204115
0.27235772421473586	0.26999117168434206
0.2729697640444319	0.25793549112107444
0.2604229475356632	0.27307518299122446
0.2674614055771676	0.26410351373483926
0.2653192661732315	0.2722340889984383
0.257362748387183	0.2554122091427161
0.2677674254920156	0.262140961085005
0.25675070855748694	0.26774825437024574
0.26593130600292747	0.27055190101286614
0.2601169276208152	0.262140961085005
0.2607289674505112	0.25569257380697813
0.2521604098347667	0.2517674685073096
0.2674614055771676	0.26045877309943277
0.2588928479614231	0.2624213257492671
0.2543025492387028	0.24756199854337907
0.24848817085659047	0.24559944589354477
0.23777747383690984	0.23242230667322902
0.24267379247447812	0.2537300211571438
0.257668768302031	0.25513184447845405
0.24420389204871823	0.2512067391787855
0.25950488779111913	0.24475835190075865
0.23563533443297374	0.24223506992240035
0.23104503571025345	0.22793647204503642
0.23532931451812572	0.23859032928699386
0.23930757341114994	0.24167434059387627
0.23716543400721382	0.24167434059387627
0.23226911536964553	0.23074011868765681
0.22584269715783714	0.22933829536634662
0.23563533443297374	0.22485246073815401
0.2331871751141896	0.23494558865158738
0.23104503571025345	0.2189648027886512
0.22217045817966094	0.22148808476700957
0.22645473698753318	0.22204881409553362
0.22645473698753318	0.2329830360017531
0.21360190056391645	0.21700225013881697
0.21880423911633273	0.21083422752505213
0.22400657766874907	0.2144789681604586
0.2313510556251015	0.22877756603782254
0.2249246374132931	0.22288990808831977
0.21880423911633273	0.2189648027886512
0.2145199603084605	0.21027349819652807
0.20656344252241202	0.2141986034961966
0.20686946243726004	0.2060680282325975
0.21666209971239664	0.2209273554384855
0.20839956201150014	0.2119556861821003
0.21880423911633273	0.20634839289685955
0.19952498448090764	0.2060680282325975
0.20197314379969175	0.2038251109185012
0.2126838408193724	0.20550729890407343
0.20931762175604418	0.21335750950341048
0.2071754823521081	0.2141986034961966
0.205951402692716	0.20354474625423916
0.19677080524727547	0.2127967801748864
0.18636612814244286	0.19877854696178454
0.1955467255878834	0.20130182894014287
0.19615876541757943	0.20775021621816972
0.20044304422545167	0.19877854696178454
0.19921896456605961	0.20326438158997712
0.18667214805729088	0.2043858402470253
0.19279254635425122	0.17887265579917988
0.19860692473636357	0.1993392762903086
0.19677080524727547	0.19737672364047434
0.20227916371453977	0.1954141709906401
0.17779757052669834	0.19120870102670953
0.1970768251621235	0.19821781763326046
0.19921896456605961	0.21083422752505213
0.18299990907911468	0.19681599431195027
0.19095642686516315	0.18896578371261322
0.1839179688236587	0.179713749791966
