condition1	condition1
0.17048825017806504	0.1623625849587725
0.16218007777285895	0.16078952185190554
0.16684631158948154	0.1542725461234565
0.16126959312571304	0.15809284224013354
0.15796908627980927	0.1675312208813355
0.16957776553091916	0.164722179619073
0.17321970411950266	0.1659581577744685
0.1620662671919657	0.16685705097839254
0.16422866822893717	0.16651996602692104
0.1677567962366274	0.1637109247646585
0.16513915287608302	0.1657334344734875
0.1674153644939477	0.167194135929864
0.17014681843538532	0.168767199036731
0.17037443959717183	0.17258749515340802
0.17492686283290118	0.175958344668123
0.17515448399468767	0.1877563179696255
0.17891023316416438	0.18180115049362902
0.17891023316416438	0.17517181311468952
0.17925166490684408	0.17775613107597102
0.18289360349542758	0.17685723787204702
0.1843731410470396	0.1870821480666825
0.19393322984207131	0.1783179393284235
0.1826659823336411	0.184722553406382
0.1892669960254487	0.18292476699853402
0.19142939706242015	0.19056535923188803
0.19086034415795397	0.18663270146472052
0.1941608510038578	0.1789921092313665
0.18619411034133138	0.18663270146472052
0.19268131345224573	0.192812592241698
0.2024690234090639	0.19427329369807453
0.2021275916663842	0.19292495389218853
0.19086034415795397	0.18393602185294852
0.1946160933274307	0.192138422338755
0.19370560868028486	0.1938238470961125
0.20804574187283237	0.21045337136870654
0.19871327423958715	0.2022509708829
0.20019281179119922	0.19831831311573253
0.19894089540137364	0.1967452500088655
0.20098948585745183	0.20506001214516253
0.20007900121030597	0.205621820397615
0.20668001490211357	0.2059589053490865
0.2031518868944233	0.206295990300558
0.20269664457085035	0.201801524280938
0.2041761821224624	0.20337458738780503
0.20781812071104588	0.214386029135874
0.20781812071104588	0.210565733019197
0.2164677248589317	0.211689349524102
0.21089100639516323	0.210341009718216
0.21237054394677526	0.20708252185399154
0.21259816510856172	0.22629636408786702
0.22432065494056488	0.21876813350500351
0.22067871635198139	0.21944230340794652
0.2071352572256865	0.21180171117459254
0.22272730680805958	0.21741979369911751
0.2256863819112837	0.22573455583541452
0.2237516020360987	0.23292570146680652
0.23023880514701306	0.21719507039813654
0.23342550141202362	0.23618418933103102
0.23900221987579212	0.23359987136974952
0.22864545701450778	0.23685835923397403
0.2270521088820025	0.23079083010748702
0.2273935406246822	0.23225153156386352
0.2220444433227002	0.22854359709767702
0.23240120618398452	0.23168972331141102
0.237977924647753	0.25281371360362503
0.24298559020705532	0.24067865535065103
0.23706744000060712	0.23989212379721753
0.24935898273707643	0.23438640292318302
0.24651371821474558	0.24258880340898953
0.24651371821474558	0.24393714321487553
0.23888840929489888	0.24236408010800853
0.24253034788348238	0.23809433738936953
0.2376364929050733	0.24146518690408453
0.23547409186810184	0.23517293447661652
0.23080785805147924	0.22494802428198102
0.2343359860591695	0.23876850729231253
0.24662752879563882	0.248094524283024
0.24548942298670648	0.24977994904038153
0.2462860970529591	0.25371260680754903
0.2560738070097773	0.24551020632174253
0.24822087692814407	0.24101574030212253
0.24344083253062826	0.24067865535065103
0.24526180182492	0.25034175729283403
0.2541390271345923	0.24910577913743853
0.24423750659688087	0.25146537379773903
0.2459446653102794	0.244723674768309
0.2359293341916748	0.24146518690408453
0.21430532382196024	0.2120264344755735
0.20542809851228797	0.21180171117459254
0.2196544211239423	0.23989212379721753
0.2377503034859665	0.2493305024384195
0.26028479850282693	0.25191482039970103
0.2151019978882129	0.2100039247667445
0.23683981883882066	0.23663363593299303
0.26586151696659543	0.27584785195417755
0.2829331041005806	0.28607276214881305
0.20508666676960827	0.19191369903777403
0.16070054022124688	0.1585422888420955
0.19199844996688634	0.199779014572109
0.23672600825792742	0.246072014574195
0.2994356383300995	0.29337626943069556
0.288965064887922	0.304949519431217
0.23251501676487776	0.23067846845699652
0.1956403885554698	0.18719450971717302
0.14317371076368882	0.1562950558322855
0.20565571967407445	0.202475694183881
0.28794076965988286	0.2877581869061705
0.26597532754748865	0.27258936408995305
0.2362707659343545	0.23416167962220202
0.2024690234090639	0.2022509708829
0.24935898273707643	0.24753271603057153
0.23353931199291686	0.24067865535065103
0.22659686655842956	0.22247606797119002
0.1984856530778007	0.20741960680546304
0.20770431013015267	0.20270041748486203
0.225344950168604	0.23236389321435402
0.24423750659688087	0.2430382500109515
0.24970041447975613	0.25989249758452654
0.26005717734104045	0.2533755218560775
0.2476518240236779	0.2580947111766785
0.25072470970779526	0.24977994904038153
0.24776563460457116	0.25753290292422604
0.2528871107447667	0.25292607525411553
0.2537975953919126	0.25506094661343504
0.2459446653102794	0.245397844671252
0.24810706634725085	0.25449913836098254
0.2419612949790162	0.248094524283024
0.23877459871400564	0.24067865535065103
0.24617228647206585	0.23798197573887903
0.2377503034859665	0.24022920874868903
0.24583085472938615	0.24944286408891
0.24014032568472446	0.24101574030212253
0.24731039228099821	0.24191463350604653
0.24116462091276356	0.24236408010800853
0.2445789383395606	0.23270097816582552
0.23786411406685976	0.22416149272854752
0.23092166863237246	0.22876832039865802
0.2419612949790162	0.23977976214672703
0.2369536294197139	0.24124046360310353
0.22750735120557544	0.23326278641827802
0.22796259352914838	0.22741998059277202
0.21828869415322347	0.22124008981579452
0.2190853682194761	0.22618400243737652
0.23046642630879954	0.22944249030160102
0.22580019249217692	0.22674581068982902
0.2236377914552055	0.216408538844703
0.21385008149838733	0.2133747742814595
0.22090633751376784	0.21573436894176
0.21191530162320232	0.22371204612658552
0.22716591946289572	0.21315005098047854
0.2133948391748144	0.206970160203501
0.2220444433227002	0.216633262145684
0.21385008149838733	0.205621820397615
0.21054957465248353	0.21449839078636454
0.21066338523337677	0.21809396360206051
0.20497285618871505	0.209891563116254
0.198144221335121	0.20843086165987754
0.20372093979888944	0.214386029135874
0.20963909000533765	0.201127354377995
0.20827336303461882	0.203599310688786
0.19723373668797511	0.202475694183881
0.19677849436440217	0.19798122816426103
0.20019281179119922	0.205172373795653
0.1998513800485195	0.20371167233927653
0.2041761821224624	0.19775650486328
0.1949575250701104	0.19798122816426103
0.20110329643834507	0.199104844669166
0.19655087320261572	0.21247588107753554
0.19939613772494655	0.19393620874660303
0.19837184249690745	0.19730705826131803
0.19825803191601424	0.196857611659356
0.1842593304661464	0.19303731554267903
0.19655087320261572	0.19270023059120753
0.198144221335121	0.18123934224117652
0.18642173150311783	0.18258768204706252
0.19165701822420664	0.18078989563921452
0.18380408814257346	0.18820576457158752
0.1842593304661464	0.178655024279895
0.18516981511329228	0.1857338082607965
0.18118644478202908	0.18494727670736302
0.18221074001006818	0.17517181311468952
0.17982071781131026	0.18494727670736302
0.17982071781131026	0.17618306796910402
0.1807312024584561	0.18225059709559102
0.1846007622088261	0.1810146189401955
0.18004833897309672	0.1735987500078225
0.18255217175274788	0.17685723787204702
0.1729920829577162	0.17719432282351852
0.16457009997161687	0.166744689327902
0.17356113586218236	0.17404819660978452
0.1736749464430756	0.1688795606872215
0.1667325010085883	0.160677160201415
0.16297675183911156	0.1675312208813355
0.16104197196392658	0.162699669910244
0.16400104706715068	0.166969412628883
0.1696915761118124	0.17056498544457901
0.167073932751268	0.15741867233719053
0.16172483544928598	0.15775575728866204
0.1630905624200048	0.15876701214307654
0.15762765453712957	0.15674450243424753
