WT-Tfh	WT-Th1
0.2406418941785027	0.32775472214562124
0.2742198329010845	0.39018419303050145
0.2742198329010845	0.32775472214562124
0.2574308635397936	0.20289578037586076
0.3189904178645268	0.20289578037586076
0.3749536490688298	0.3589694575880613
0.33577938722581774	0.4370062961941616
0.3525683565871086	0.28093261898196104
0.3805499721892601	0.31214735442440117
0.2574308635397936	0.2965399867031811
0.3861462953096904	0.45261366391538166
0.3077977716236662	0.45261366391538166
0.2798161560215148	0.31214735442440117
0.2910088022623754	0.20289578037586076
0.2574308635397936	0.2185031480970808
0.3077977716236662	0.39018419303050145
0.34137571034624803	0.32775472214562124
0.3469720334666783	0.3589694575880613
0.2966051253828057	0.28093261898196104
0.21825660169678154	0.26532525126074097
0.3861462953096904	0.4994357670790418
0.3469720334666783	0.31214735442440117
0.41412791091184187	0.2497178835395209
0.42532055715270245	0.3589694575880613
0.2966051253828057	0.15607367721220058
0.4756874652365751	0.39018419303050145
0.3581646797075389	0.3745768253092814
0.30220144850323594	0.4057915607517215
0.2798161560215148	0.2965399867031811
0.33018306410538745	0.28093261898196104
0.3637610028279692	0.4057915607517215
0.33018306410538745	0.32775472214562124
0.34137571034624803	0.4057915607517215
0.3861462953096904	0.34336208986684125
0.45330217275485396	0.39018419303050145
0.43091688027313274	0.4838283993578218
0.33577938722581774	0.3589694575880613
0.3469720334666783	0.3589694575880613
0.3861462953096904	0.3745768253092814
0.3861462953096904	0.32775472214562124
0.3693573259483995	0.4057915607517215
0.3581646797075389	0.3589694575880613
0.46449481899571454	0.45261366391538166
0.41412791091184187	0.4213989284729415
0.41412791091184187	0.3745768253092814
0.3525683565871086	0.3589694575880613
0.4029352646709813	0.3589694575880613
0.397338941550551	0.28093261898196104
0.28541247914194506	0.34336208986684125
0.2518345404193633	0.34336208986684125
0.3917426184301207	0.34336208986684125
0.4029352646709813	0.32775472214562124
0.43091688027313274	0.4838283993578218
0.4029352646709813	0.3589694575880613
0.3469720334666783	0.45261366391538166
0.3693573259483995	0.32775472214562124
0.3805499721892601	0.2965399867031811
0.44770584963442367	0.4370062961941616
0.41972423403227216	0.4213989284729415
0.3581646797075389	0.4213989284729415
0.47009114211614483	0.4370062961941616
0.4421095265139934	0.2965399867031811
0.46449481899571454	0.3745768253092814
0.45330217275485396	0.5150431348002619
0.4085315877914116	0.34336208986684125
0.46449481899571454	0.4213989284729415
0.3133940947440965	0.4057915607517215
0.33577938722581774	0.2185031480970808
0.4029352646709813	0.31214735442440117
0.4085315877914116	0.4370062961941616
0.4029352646709813	0.34336208986684125
0.4029352646709813	0.28093261898196104
0.33577938722581774	0.31214735442440117
0.3469720334666783	0.3589694575880613
0.5260543733204478	0.4994357670790418
0.47009114211614483	0.3589694575880613
0.3637610028279692	0.2185031480970808
0.34137571034624803	0.26532525126074097
0.3469720334666783	0.26532525126074097
0.4085315877914116	0.34336208986684125
0.4756874652365751	0.2965399867031811
0.3749536490688298	0.26532525126074097
0.3525683565871086	0.4057915607517215
0.3581646797075389	0.2965399867031811
0.4085315877914116	0.39018419303050145
0.3917426184301207	0.45261366391538166
0.3469720334666783	0.28093261898196104
0.3077977716236662	0.32775472214562124
0.2574308635397936	0.23411051581830086
0.3469720334666783	0.23411051581830086
0.2742198329010845	0.2185031480970808
0.3469720334666783	0.45261366391538166
0.3861462953096904	0.3745768253092814
0.32458674098495716	0.2497178835395209
0.2518345404193633	0.20289578037586076
0.17908233985376945	0.1872884126546407
0.20146763233549064	0.17168104493342062
0.49247643459786605	0.34336208986684125
0.42532055715270245	0.4057915607517215
0.3637610028279692	0.34336208986684125
0.43091688027313274	0.3745768253092814
0.41412791091184187	0.4682210316366017
0.41412791091184187	0.4682210316366017
0.2574308635397936	0.2185031480970808
0.20706395545592093	0.09364420632732035
0.2686235097806542	0.26532525126074097
0.33577938722581774	0.34336208986684125
0.41972423403227216	0.3745768253092814
0.4868801114774357	0.5150431348002619
0.3189904178645268	0.31214735442440117
0.397338941550551	0.4213989284729415
0.3525683565871086	0.34336208986684125
0.4085315877914116	0.32775472214562124
0.3581646797075389	0.3745768253092814
0.3189904178645268	0.34336208986684125
0.49807275771829634	0.3589694575880613
0.3693573259483995	0.31214735442440117
0.44770584963442367	0.4213989284729415
0.47009114211614483	0.5306505025214819
0.3469720334666783	0.23411051581830086
0.3525683565871086	0.3745768253092814
0.41412791091184187	0.34336208986684125
0.45330217275485396	0.45261366391538166
0.397338941550551	0.2185031480970808
0.3077977716236662	0.23411051581830086
0.41412791091184187	0.28093261898196104
0.42532055715270245	0.4838283993578218
0.3861462953096904	0.34336208986684125
0.3189904178645268	0.20289578037586076
0.2742198329010845	0.1092515740485404
0.45330217275485396	0.26532525126074097
0.44770584963442367	0.2965399867031811
0.4756874652365751	0.4213989284729415
0.4029352646709813	0.17168104493342062
0.3581646797075389	0.26532525126074097
0.3469720334666783	0.1872884126546407
0.3469720334666783	0.32775472214562124
0.46449481899571454	0.4838283993578218
0.41412791091184187	0.2965399867031811
0.5036690808387266	0.4682210316366017
0.4365132033935631	0.34336208986684125
0.3917426184301207	0.32775472214562124
0.4868801114774357	0.4057915607517215
0.33018306410538745	0.4370062961941616
0.45889849587528425	0.4370062961941616
0.4812837883570054	0.4370062961941616
0.3861462953096904	0.45261366391538166
0.28541247914194506	0.4370062961941616
0.3133940947440965	0.3589694575880613
0.45330217275485396	0.4838283993578218
0.4812837883570054	0.4682210316366017
0.4085315877914116	0.34336208986684125
0.44770584963442367	0.4838283993578218
0.3469720334666783	0.4370062961941616
0.41972423403227216	0.4838283993578218
0.4029352646709813	0.26532525126074097
0.41412791091184187	0.3745768253092814
0.2686235097806542	0.32775472214562124
0.41972423403227216	0.39018419303050145
0.41412791091184187	0.31214735442440117
0.3917426184301207	0.28093261898196104
0.45330217275485396	0.4213989284729415
0.41412791091184187	0.4370062961941616
0.3805499721892601	0.45261366391538166
0.33018306410538745	0.5774726056851421
0.3525683565871086	0.28093261898196104
0.3637610028279692	0.2497178835395209
0.3077977716236662	0.32775472214562124
0.4029352646709813	0.4370062961941616
0.41972423403227216	0.4213989284729415
0.397338941550551	0.3589694575880613
0.32458674098495716	0.31214735442440117
0.3581646797075389	0.28093261898196104
0.3525683565871086	0.26532525126074097
0.3693573259483995	0.39018419303050145
0.46449481899571454	0.28093261898196104
0.3861462953096904	0.2965399867031811
0.41412791091184187	0.23411051581830086
0.2742198329010845	0.28093261898196104
0.2910088022623754	0.17168104493342062
0.2798161560215148	0.26532525126074097
0.3469720334666783	0.4370062961941616
0.3469720334666783	0.4213989284729415
0.33577938722581774	0.2497178835395209
0.23504557105807242	0.23411051581830086
0.2910088022623754	0.26532525126074097
0.33577938722581774	0.34336208986684125
0.2518345404193633	0.32775472214562124
0.3525683565871086	0.4370062961941616
0.3693573259483995	0.3589694575880613
0.3749536490688298	0.4213989284729415
0.3749536490688298	0.31214735442440117
0.3189904178645268	0.20289578037586076
0.2630271866602239	0.23411051581830086
0.28541247914194506	0.32775472214562124
0.2966051253828057	0.31214735442440117
0.32458674098495716	0.3589694575880613
0.30220144850323594	0.39018419303050145
0.2686235097806542	0.2185031480970808
0.3189904178645268	0.2185031480970808
