WT-Tfh	WT-Th1
0.36957593232029134	0.365309950724807
0.32747234509392903	0.3457397747931209
0.34150687416938313	0.38488012665649307
0.2689951406128703	0.26745907106637656
0.3906277259334725	0.43706726247432265
0.3906277259334725	0.42402047851986524
0.320455080556202	0.3392163828158922
0.33215052145241375	0.31964620688420614
0.3110987278392326	0.30007603095252
0.34618505052786785	0.365309950724807
0.4186967840843807	0.3979269106109505
0.35554140324483724	0.45011404642878006
0.367236844141049	0.4762076143376948
0.45846128313150064	0.45663743840600873
0.3508632268863525	0.3522631667703496
0.4280531368013501	0.430543870497094
0.3812713732165031	0.3587865587475783
0.367236844141049	0.4109736945654079
0.43507040133907715	0.46968422236046614
0.42571404862210777	0.4435906544515513
0.41167951954665366	0.4827310063149235
0.39764499047119956	0.41749708654263656
0.4163576959051383	0.4631608303832374
0.4537831067730159	0.3587865587475783
0.3532023150655949	0.30007603095252
0.367236844141049	0.3261695988614348
0.4420876658768042	0.4827310063149235
0.43039222498059243	0.43706726247432265
0.414018607725896	0.4109736945654079
0.3391677859901408	0.25441228711191916
0.414018607725896	0.2935526389752913
0.4327313131598348	0.38488012665649307
0.43507040133907715	0.45011404642878006
0.42571404862210777	0.3783567346792644
0.4280531368013501	0.5023011822466096
0.4982257821786206	0.45663743840600873
0.5450075457634677	0.4957777902693809
0.4186967840843807	0.4892543982921522
0.3859495495749878	0.30007603095252
0.3999840786504419	0.3979269106109505
0.3906277259334725	0.3522631667703496
0.4561221949522583	0.5088245742238383
0.39530590229195717	0.42402047851986524
0.4046622550089266	0.4762076143376948
0.44442675405604654	0.3979269106109505
0.43974857769756187	0.37183334270203566
0.47717398856543947	0.5479649260872105
0.5029039585371053	0.4631608303832374
0.5052430467163477	0.45663743840600873
0.4467658422352889	0.3522631667703496
0.39764499047119956	0.4109736945654079
0.4888694294616512	0.5283947501555244
0.4280531368013501	0.39140351863372175
0.4654785476692277	0.5610117100416678
0.4514440185937736	0.4435906544515513
0.48185216492392413	0.4631608303832374
0.4537831067730159	0.4435906544515513
0.4163576959051383	0.4109736945654079
0.47717398856543947	0.40445030258817916
0.49120851764089357	0.5283947501555244
0.4795130767446818	0.3979269106109505
0.4046622550089266	0.42402047851986524
0.44910493041453126	0.41749708654263656
0.4420876658768042	0.38488012665649307
0.42571404862210777	0.5218713581782957
0.48185216492392413	0.4631608303832374
0.47249581220695475	0.4631608303832374
0.4327313131598348	0.5479649260872105
0.45846128313150064	0.4957777902693809
0.43039222498059243	0.430543870497094
0.4888694294616512	0.5414415341099817
0.5029039585371053	0.5218713581782957
0.4748349003861971	0.5414415341099817
0.46313945948998536	0.515347966201067
0.4748349003861971	0.4957777902693809
0.4748349003861971	0.43706726247432265
0.4982257821786206	0.4892543982921522
0.460800371310743	0.5023011822466096
0.5333121048672559	0.5283947501555244
0.47717398856543947	0.5544883180644392
0.4935476058201359	0.6392924137684123
0.4561221949522583	0.515347966201067
0.54734663394271	0.45011404642878006
0.5192775757918018	0.4892543982921522
0.4888694294616512	0.4631608303832374
0.49588669399937824	0.5675351020188966
0.5052430467163477	0.5218713581782957
0.47717398856543947	0.4892543982921522
0.3999840786504419	0.3522631667703496
0.4841912531031665	0.46968422236046614
0.5052430467163477	0.6523391977228696
0.4841912531031665	0.4827310063149235
0.4186967840843807	0.4435906544515513
0.46313945948998536	0.4631608303832374
0.5637202511974064	0.6327690217911836
0.5707375157351334	0.6327690217911836
0.4935476058201359	0.515347966201067
0.34150687416938313	0.3457397747931209
0.5262948403295288	0.6784327656317845
0.7438300409990674	0.8219473891308158
0.5894502211690723	0.7371432934268427
0.7204391592066439	0.7436666854040713
0.5379902812257406	0.4827310063149235
0.27835149332983966	0.25441228711191916
0.43507040133907715	0.41749708654263656
0.6105020147822534	0.6784327656317845
0.6479274256501311	0.6914795495862418
0.5660593393766488	0.5349181421327531
0.4467658422352889	0.4435906544515513
0.514599399433317	0.4892543982921522
0.5239557521502864	0.5218713581782957
0.48185216492392413	0.60015206190504
0.460800371310743	0.4827310063149235
0.5496857221219523	0.5283947501555244
0.5099212230748323	0.5544883180644392
0.5567029866596793	0.6327690217911836
0.5005648703578629	0.5023011822466096
0.49588669399937824	0.45663743840600873
0.5286339285087711	0.4892543982921522
0.5192775757918018	0.5283947501555244
0.5239557521502864	0.4435906544515513
0.5239557521502864	0.5218713581782957
0.4935476058201359	0.5740584939961253
0.3906277259334725	0.60015206190504
0.48653034128240885	0.45011404642878006
0.46313945948998536	0.4892543982921522
0.5520248103011947	0.5218713581782957
0.54734663394271	0.6131988458594975
0.4701567240277124	0.43706726247432265
0.4841912531031665	0.5871052779505826
0.5029039585371053	0.6131988458594975
0.49588669399937824	0.6066754538822687
0.5590420748389217	0.6392924137684123
0.4935476058201359	0.5871052779505826
0.4514440185937736	0.4827310063149235
0.5099212230748323	0.4109736945654079
0.46781763584847	0.45663743840600873
0.5005648703578629	0.5023011822466096
0.4467658422352889	0.5023011822466096
0.4467658422352889	0.5805818859733539
0.5099212230748323	0.5088245742238383
0.47717398856543947	0.4957777902693809
0.43974857769756187	0.5414415341099817
0.4514440185937736	0.4957777902693809
0.4537831067730159	0.45663743840600873
0.47717398856543947	0.4892543982921522
0.48185216492392413	0.4892543982921522
0.5169384876125594	0.5544883180644392
0.514599399433317	0.4892543982921522
0.46781763584847	0.5283947501555244
0.4023231668296842	0.41749708654263656
0.3812713732165031	0.5023011822466096
0.4420876658768042	0.4631608303832374
0.4795130767446818	0.4435906544515513
0.4982257821786206	0.4957777902693809
0.43974857769756187	0.430543870497094
0.4374094895183195	0.42402047851986524
0.42571404862210777	0.39140351863372175
0.42103587226362305	0.5023011822466096
0.514599399433317	0.5283947501555244
0.49120851764089357	0.4762076143376948
0.4537831067730159	0.43706726247432265
0.4537831067730159	0.46968422236046614
0.39530590229195717	0.38488012665649307
0.48185216492392413	0.46968422236046614
0.44910493041453126	0.45663743840600873
0.4327313131598348	0.3392163828158922
0.414018607725896	0.365309950724807
0.4186967840843807	0.37183334270203566
0.3882886377542301	0.41749708654263656
0.3906277259334725	0.4109736945654079
0.39764499047119956	0.4435906544515513
0.4023231668296842	0.4827310063149235
0.4327313131598348	0.45011404642878006
0.40700134318816894	0.5023011822466096
0.36957593232029134	0.39140351863372175
0.43974857769756187	0.38488012665649307
0.3765931968580184	0.26093567908914783
0.4046622550089266	0.45663743840600873
0.4163576959051383	0.4827310063149235
0.4163576959051383	0.4109736945654079
0.35554140324483724	0.45663743840600873
0.43974857769756187	0.3261695988614348
0.3999840786504419	0.5349181421327531
0.4046622550089266	0.4109736945654079
0.3227941687354443	0.3392163828158922
0.4233749604428654	0.5283947501555244
0.4046622550089266	0.37183334270203566
0.37893228503726073	0.4435906544515513
0.37893228503726073	0.4631608303832374
0.3368286978108984	0.38488012665649307
0.39296681411271484	0.31964620688420614
0.39296681411271484	0.4109736945654079
0.35554140324483724	0.4631608303832374
0.29238602240529377	0.39140351863372175
0.3625586677825643	0.365309950724807
0.3625586677825643	0.4631608303832374
0.37425410867877607	0.41749708654263656
0.3882886377542301	0.38488012665649307
0.3227941687354443	0.365309950724807
