WT-Tfh	WT-Th1
0.46193649985494645	0.4771395274772989
0.3935014628393988	0.23856976373864944
0.2908489073160774	0.5248534802250288
0.46193649985494645	0.5248534802250288
0.25663138880830355	0.28628371648637935
0.3935014628393988	0.5725674329727587
0.3421751850777381	0.28628371648637935
0.20530511104664287	0.28628371648637935
0.3421751850777381	0.23856976373864944
0.3935014628393988	0.5248534802250288
0.3935014628393988	0.3339976692341093
0.5988065738860416	0.429425574729569
0.3763927035855119	0.28628371648637935
0.3421751850777381	0.3817116219818391
0.35928394433162497	0.28628371648637935
0.32506642582385115	0.429425574729569
0.3421751850777381	0.4771395274772989
0.3763927035855119	0.19085581099091956
0.5132627776166071	0.6202813857204886
0.3935014628393988	0.6202813857204886
0.3421751850777381	0.28628371648637935
0.20530511104664287	0.19085581099091956
0.13687007403109525	0.14314185824318967
0.20530511104664287	0.19085581099091956
0.18819635179275596	0.23856976373864944
0.22241387030052978	0.3339976692341093
0.5645890553782679	0.6679953384682186
0.2737401480621905	0.6679953384682186
0.35928394433162497	0.5725674329727587
0.3935014628393988	0.4771395274772989
0.44482774060105956	0.23856976373864944
0.4277189813471726	0.429425574729569
0.23952262955441667	0.14314185824318967
0.3935014628393988	0.23856976373864944
0.4277189813471726	0.3339976692341093
0.4961540183627203	0.14314185824318967
0.3763927035855119	0.4771395274772989
0.5988065738860416	0.5725674329727587
0.2908489073160774	0.5248534802250288
0.3763927035855119	0.429425574729569
0.2908489073160774	0.09542790549545978
0.3421751850777381	0.429425574729569
0.3763927035855119	0.19085581099091956
0.4277189813471726	0.429425574729569
0.46193649985494645	0.5248534802250288
0.3421751850777381	0.3817116219818391
0.44482774060105956	0.429425574729569
0.2908489073160774	0.28628371648637935
0.4277189813471726	0.28628371648637935
0.35928394433162497	0.3339976692341093
0.4277189813471726	0.8111371967114082
0.5988065738860416	0.6679953384682186
0.44482774060105956	0.4771395274772989
0.3935014628393988	0.5248534802250288
0.3763927035855119	0.5248534802250288
0.3935014628393988	0.5725674329727587
0.3935014628393988	0.429425574729569
0.44482774060105956	0.3339976692341093
0.23952262955441667	0.23856976373864944
0.30795766656996426	0.6679953384682186
0.4277189813471726	0.6202813857204886
0.4961540183627203	0.7634232439636782
0.41061022209328574	0.429425574729569
0.30795766656996426	0.28628371648637935
0.41061022209328574	0.5725674329727587
0.23952262955441667	0.28628371648637935
0.32506642582385115	0.14314185824318967
0.5132627776166071	0.3817116219818391
0.18819635179275596	0.3339976692341093
0.4277189813471726	0.3339976692341093
0.5816978146321548	0.7634232439636782
0.22241387030052978	0.3339976692341093
0.3763927035855119	0.5248534802250288
0.3421751850777381	0.3817116219818391
0.3763927035855119	0.28628371648637935
0.4961540183627203	0.6679953384682186
0.30795766656996426	0.19085581099091956
0.2908489073160774	0.4771395274772989
0.3763927035855119	0.4771395274772989
0.530371536870494	0.6679953384682186
0.41061022209328574	0.4771395274772989
0.2737401480621905	0.23856976373864944
0.2737401480621905	0.3339976692341093
0.44482774060105956	0.429425574729569
0.46193649985494645	0.4771395274772989
0.32506642582385115	0.6202813857204886
0.35928394433162497	0.28628371648637935
0.35928394433162497	0.19085581099091956
0.3421751850777381	0.28628371648637935
0.47904525910883333	0.3339976692341093
0.3421751850777381	0.3817116219818391
0.2908489073160774	0.3339976692341093
0.2908489073160774	0.04771395274772989
0.2908489073160774	0.23856976373864944
0.2737401480621905	0.23856976373864944
0.2737401480621905	0.04771395274772989
0.2737401480621905	0.3339976692341093
0.41061022209328574	0.429425574729569
0.41061022209328574	0.429425574729569
0.47904525910883333	0.6679953384682186
0.25663138880830355	0.429425574729569
0.46193649985494645	0.4771395274772989
0.4277189813471726	0.429425574729569
0.20530511104664287	0.14314185824318967
0.17108759253886904	0.19085581099091956
0.30795766656996426	0.14314185824318967
0.25663138880830355	0.23856976373864944
0.3421751850777381	0.5725674329727587
0.22241387030052978	0.23856976373864944
0.44482774060105956	0.5725674329727587
0.47904525910883333	0.3817116219818391
0.2908489073160774	0.429425574729569
0.2908489073160774	0.19085581099091956
0.46193649985494645	0.14314185824318967
0.3763927035855119	0.3339976692341093
0.4277189813471726	0.5248534802250288
0.6330240923938155	0.4771395274772989
0.47904525910883333	0.4771395274772989
0.4277189813471726	0.4771395274772989
0.3763927035855119	0.429425574729569
0.4277189813471726	0.6202813857204886
0.3763927035855119	0.4771395274772989
0.46193649985494645	0.3817116219818391
0.4277189813471726	0.23856976373864944
0.4277189813471726	0.3339976692341093
0.4277189813471726	0.28628371648637935
0.2908489073160774	0.23856976373864944
0.41061022209328574	0.3817116219818391
0.47904525910883333	0.429425574729569
0.3935014628393988	0.4771395274772989
0.5816978146321548	0.6202813857204886
0.3763927035855119	0.23856976373864944
0.30795766656996426	0.23856976373864944
0.5645890553782679	0.6679953384682186
0.3421751850777381	0.4771395274772989
0.6501328516477023	0.5725674329727587
0.44482774060105956	0.3817116219818391
0.530371536870494	0.5725674329727587
0.35928394433162497	0.6202813857204886
0.20530511104664287	0.4771395274772989
0.41061022209328574	0.4771395274772989
0.547480296124381	0.6679953384682186
0.46193649985494645	0.3339976692341093
0.41061022209328574	0.429425574729569
0.5816978146321548	0.5725674329727587
0.32506642582385115	0.28628371648637935
0.25663138880830355	0.23856976373864944
0.2737401480621905	0.28628371648637935
0.15397883328498213	0.19085581099091956
0.30795766656996426	0.3339976692341093
0.35928394433162497	0.6202813857204886
0.547480296124381	0.6679953384682186
0.530371536870494	0.7634232439636782
0.3763927035855119	0.5248534802250288
0.47904525910883333	0.4771395274772989
0.4277189813471726	0.5248534802250288
0.2737401480621905	0.3339976692341093
0.4277189813471726	0.3339976692341093
0.20530511104664287	0.14314185824318967
0.2737401480621905	0.28628371648637935
0.2908489073160774	0.23856976373864944
0.22241387030052978	0.23856976373864944
0.2908489073160774	0.4771395274772989
0.23952262955441667	0.429425574729569
0.41061022209328574	0.4771395274772989
0.5132627776166071	0.3339976692341093
0.2737401480621905	0.3339976692341093
0.4277189813471726	0.3339976692341093
0.25663138880830355	0.5248534802250288
0.35928394433162497	0.19085581099091956
0.30795766656996426	0.14314185824318967
0.25663138880830355	0.04771395274772989
0.41061022209328574	0.5725674329727587
0.3763927035855119	0.3817116219818391
0.5132627776166071	0.28628371648637935
0.30795766656996426	0.28628371648637935
0.30795766656996426	0.28628371648637935
0.4277189813471726	0.5725674329727587
0.46193649985494645	0.429425574729569
0.25663138880830355	0.28628371648637935
0.32506642582385115	0.19085581099091956
0.2908489073160774	0.429425574729569
0.35928394433162497	0.28628371648637935
0.3421751850777381	0.3817116219818391
0.25663138880830355	0.3817116219818391
0.46193649985494645	0.429425574729569
0.44482774060105956	0.429425574729569
0.6501328516477023	0.7157092912159484
0.547480296124381	0.3339976692341093
0.25663138880830355	0.3817116219818391
0.2737401480621905	0.28628371648637935
0.30795766656996426	0.14314185824318967
0.18819635179275596	0.429425574729569
0.32506642582385115	0.23856976373864944
0.15397883328498213	0.09542790549545978
0.3763927035855119	0.3817116219818391
0.2908489073160774	0.28628371648637935
0.32506642582385115	0.5248534802250288
0.20530511104664287	0.23856976373864944
0.2737401480621905	0.3817116219818391
