condition1	condition1
0.1107441507674306	0.12654211469454177
0.11965459967975262	0.12758791729532312
0.11031984367636766	0.11712989128750974
0.12347336349931919	0.12288180559180709
0.12814074150101165	0.12654211469454177
0.11753306422443784	0.12706501599493245
0.11626014295124898	0.13490853550079246
0.12262474931719328	0.12235890429141642
0.11498722167806012	0.13020242379727645
0.12262474931719328	0.12497341079336978
0.11795737131550081	0.12392760819258844
0.13280811950270416	0.14222915370626182
0.1374754975043966	0.13386273290001113
0.12347336349931919	0.13072532509766713
0.12050321386187852	0.12601921339415112
0.11413860749593423	0.11712989128750974
0.11413860749593423	0.12131310169063508
0.125170591863571	0.1359543381015738
0.13026227695632642	0.13072532509766713
0.13535396204908187	0.13072532509766713
0.13662688332227071	0.13961464720430847
0.13535396204908187	0.13543143680118314
0.12729212731888576	0.14275205500665247
0.1349296549580189	0.12863371989610445
0.12389767059038213	0.13804594330313646
0.13450534786695595	0.14432075890782448
0.134081040775893	0.13386273290001113
0.1332324265937671	0.13490853550079246
0.13705119041333366	0.13490853550079246
0.12304905640825624	0.12601921339415112
0.14935609605415928	0.1558245875164192
0.13577826914014482	0.1495497719117312
0.14426441096140386	0.1495497719117312
0.13365673368483005	0.15948489661915388
0.13662688332227071	0.12758791729532312
0.12898935568313755	0.14275205500665247
0.15062901732734815	0.13804594330313646
0.14171856841502614	0.14222915370626182
0.1421428755060891	0.1605306992199352
0.1446887180524668	0.14275205500665247
0.13789980459545956	0.13543143680118314
0.1485074818720334	0.14902687061134054
0.15826654496648127	0.16157650182071653
0.151901938600537	0.16366810702227924
0.15572070242010358	0.14170625240587115
0.13917272586864843	0.14902687061134054
0.1485074818720334	0.1694200213265766
0.15487208823797766	0.16262230442149792
0.14341579677927793	0.14536656150860586
0.15784223787541832	0.1328169302992298
0.14426441096140386	0.15059557451251254
0.14553733223459273	0.14850396931094986
0.16038808042179606	0.15216427841368454
0.17099575769836986	0.1662826135242326
0.16378253715029967	0.16732841612501392
0.14935609605415928	0.15843909401837256
0.15317485987372587	0.14641236410938718
0.14171856841502614	0.14693526540977786
0.160812387512859	0.13386273290001113
0.16505545842348854	0.14641236410938718
0.169722836425181	0.17569483693126461
0.18160343497494366	0.16575971222384192
0.16250961587711082	0.1558245875164192
0.1502047102362852	0.16575971222384192
0.151901938600537	0.1631452057218886
0.16293392296817377	0.1620994031211072
0.1769360569732512	0.1694200213265766
0.16038808042179606	0.1542558836152472
0.15869085205754424	0.14641236410938718
0.14893178896309633	0.16157650182071653
0.16929852933411804	0.1662826135242326
0.17820897824644005	0.1694200213265766
0.18330066333919548	0.17726354083243662
0.18117912788388071	0.1824925538363433
0.15953946623967016	0.16837421872579525
0.18202774206600664	0.16732841612501392
0.17269298606262165	0.16837421872579525
0.19093819097832865	0.17830934343321794
0.187968041340888	0.17308033042931126
0.15699362369329242	0.16575971222384192
0.18414927752132138	0.18301545513673398
0.15487208823797766	0.17569483693126461
0.1671769938788033	0.1709887252277486
0.16760130096986625	0.16105360052032588
0.16420684424136262	0.1620994031211072
0.1905138838872657	0.18772156684025
0.18542219879451025	0.18196965253595265
0.18160343497494366	0.17987804733438997
0.18966526970513978	0.18144675123556198
0.20069725407277653	0.20183990195079804
0.19305972643364339	0.19713379024728203
0.1374754975043966	0.12131310169063508
0.24143073481481997	0.23216817737345682
0.23591474263100162	0.23948879557892616
0.1752388286089994	0.1694200213265766
0.11286568622274537	0.11817569388829108
0.17099575769836986	0.16523681092345124
0.24482519154332358	0.25622163719142754
0.28301282973898934	0.2724315775035383
0.18627081297663614	0.1694200213265766
0.10947122949424175	0.10458026007813369
0.09249894585172365	0.096213839271883
0.17651174988218826	0.15687039011720055
0.28216421555686344	0.28132089961017964
0.25882732554840104	0.23530558517580083
0.1849978917034473	0.16105360052032588
0.11498722167806012	0.10614896397930569
0.16929852933411804	0.17046582392735793
0.22742860080974253	0.23896589427853548
0.22063968735273531	0.23269107867384747
0.12644351313675986	0.11190087828360305
0.20069725407277653	0.18144675123556198
0.2019701753459654	0.21491243446056477
0.18202774206600664	0.1824925538363433
0.17566313570006234	0.1793551460339993
0.1714200647894328	0.15530168621602855
0.1905138838872657	0.1793551460339993
0.16208530878604788	0.1495497719117312
0.18287635624813253	0.16889712002618593
0.17269298606262165	0.18040094863478065
0.1705714506073069	0.15321008101446587
0.17651174988218826	0.17778644213282727
0.1646311513324256	0.1709887252277486
0.1705714506073069	0.17151162652813925
0.16250961587711082	0.1709887252277486
0.18033051370175482	0.17569483693126461
0.16123669460392195	0.16680551482462325
0.15741793078435537	0.16366810702227924
0.15869085205754424	0.16105360052032588
0.15953946623967016	0.1793551460339993
0.17269298606262165	0.17726354083243662
0.18075482079281777	0.19347348114454732
0.15656931660222947	0.1511184758129032
0.16420684424136262	0.15948489661915388
0.14681025350778157	0.16157650182071653
0.169722836425181	0.14798106801055919
0.15869085205754424	0.1589619953187632
0.15953946623967016	0.1495497719117312
0.1688742222430551	0.16680551482462325
0.1591151591486072	0.15373298231485655
0.17099575769836986	0.14170625240587115
0.15784223787541832	0.1573932914175912
0.16420684424136262	0.14745816671016854
0.15614500951116653	0.15164137711329387
0.15232624569159994	0.15477878491563787
0.16420684424136262	0.1511184758129032
0.15402347405585176	0.15373298231485655
0.1412942613239632	0.1573932914175912
0.1510533244184111	0.14798106801055919
0.15487208823797766	0.15634748881680988
0.14511302514352975	0.14693526540977786
0.13195950532057824	0.15687039011720055
0.15062901732734815	0.14641236410938718
0.1446887180524668	0.14798106801055919
0.1510533244184111	0.1495497719117312
0.13450534786695595	0.1495497719117312
0.13535396204908187	0.1343856342004018
0.1412942613239632	0.14693526540977786
0.1485074818720334	0.15059557451251254
0.16420684424136262	0.14745816671016854
0.14935609605415928	0.15216427841368454
0.1374754975043966	0.14275205500665247
0.1349296549580189	0.1343856342004018
0.1421428755060891	0.13490853550079246
0.1476588676899075	0.14432075890782448
0.13195950532057824	0.1244505094929791
0.13280811950270416	0.12131310169063508
0.12304905640825624	0.11869859518868174
0.13238381241164118	0.12967952249688577
0.13153519822951526	0.15059557451251254
0.12559489895463394	0.14432075890782448
0.12644351313675986	0.12340470689219775
0.12092752095294147	0.12288180559180709
0.11753306422443784	0.13333983159962046
0.12177613513506738	0.12131310169063508
0.11923029258868967	0.12967952249688577
0.11923029258868967	0.12340470689219775
0.11244137913168241	0.13020242379727645
0.12050321386187852	0.11712989128750974
0.1285650485920746	0.12549631209376044
0.1277164344099487	0.13020242379727645
0.12941366277420052	0.11869859518868174
0.12474628477250804	0.11712989128750974
0.11201707204061946	0.10510316137852437
0.12007890677081558	0.1343856342004018
0.11795737131550081	0.11869859518868174
0.11923029258868967	0.11765279258790041
0.11541152876912307	0.11817569388829108
0.12729212731888576	0.11190087828360305
0.11838167840656376	0.11869859518868174
0.11498722167806012	0.11660698998711908
0.12177613513506738	0.11556118738633774
0.11244137913168241	0.11503828608594706
0.1277164344099487	0.10824056918086838
0.10862261531211585	0.10667186527969637
0.1090469224031788	0.10667186527969637
0.11498722167806012	0.12288180559180709
0.1009850876729827	0.11085507568282171
0.10989553658530471	0.10876347048125905
0.09843924512660499	0.10144285227578968
