WT	KO
0.19546871059682405	0.17491584811297434
0.1912193908012409	0.2148966133959399
0.15297551264099274	0.15992306113186225
0.11898095427632768	0.09995191320741391
0.10623299488957828	0.09495431754704321
0.12747959386749397	0.08995672188667252
0.16572347202774212	0.18491103943371576
0.1869700710056578	0.18491103943371576
0.15722483243657587	0.15992306113186225
0.23796190855265537	0.17991344377334503
0.15297551264099274	0.15992306113186225
0.21246598977915657	0.16492065679223294
0.19971803039240718	0.114944700188526
0.22096462937032282	0.15992306113186225
0.1784714314144915	0.114944700188526
0.14022755325424335	0.18491103943371576
0.19971803039240718	0.24987978301853478
0.21246598977915657	0.2398845916977934
0.14872619284540958	0.14992786981112088
0.16572347202774212	0.09995191320741391
0.1869700710056578	0.15992306113186225
0.19971803039240718	0.17991344377334503
0.15297551264099274	0.14493027415075016
0.19546871059682405	0.17491584811297434
0.16572347202774212	0.1049495088677846
0.19546871059682405	0.18990863509408643
0.22521394916590595	0.14992786981112088
0.1869700710056578	0.17991344377334503
0.19546871059682405	0.19490623075445712
0.20821666998357344	0.1199422958488967
0.2294632689614891	0.2348869960374227
0.1912193908012409	0.2198942090563106
0.19546871059682405	0.229889400377052
0.18272075121007467	0.18491103943371576
0.22521394916590595	0.26987016566001754
0.25495918773498794	0.15992306113186225
0.18272075121007467	0.15492546547149155
0.1359782334586602	0.13493508283000877
0.21671530957473972	0.12993748716963807
0.16572347202774212	0.2098990177355692
0.22096462937032282	0.18491103943371576
0.19971803039240718	0.15992306113186225
0.1784714314144915	0.16991825245260364
0.2039673501879903	0.16991825245260364
0.14872619284540958	0.16991825245260364
0.22096462937032282	0.17491584811297434
0.2039673501879903	0.229889400377052
0.21671530957473972	0.2098990177355692
0.22521394916590595	0.17991344377334503
0.25070986793940475	0.18491103943371576
0.16572347202774212	0.20490142207519849
0.2039673501879903	0.2398845916977934
0.1869700710056578	0.19990382641482782
0.24221122834823847	0.2398845916977934
0.23371258875707224	0.17491584811297434
0.2719564669173204	0.26487256999964687
0.29745238569081917	0.2548773786789055
0.1784714314144915	0.19490623075445712
0.18272075121007467	0.17491584811297434
0.2677071471217373	0.2348869960374227
0.15297551264099274	0.2198942090563106
0.23371258875707224	0.2148966133959399
0.1869700710056578	0.17991344377334503
0.18272075121007467	0.18491103943371576
0.19971803039240718	0.29485814396187104
0.21671530957473972	0.25987497433927614
0.22521394916590595	0.2148966133959399
0.26345782732615414	0.2198942090563106
0.25070986793940475	0.24488218735816408
0.1912193908012409	0.18491103943371576
0.1912193908012409	0.3098509309429831
0.1869700710056578	0.2548773786789055
0.25070986793940475	0.2398845916977934
0.23796190855265537	0.2848629526411296
0.20821666998357344	0.24987978301853478
0.23796190855265537	0.19990382641482782
0.2294632689614891	0.13493508283000877
0.2719564669173204	0.229889400377052
0.26345782732615414	0.2348869960374227
0.2889537460996529	0.2148966133959399
0.19971803039240718	0.229889400377052
0.22521394916590595	0.26987016566001754
0.24646054814382162	0.1049495088677846
0.21246598977915657	0.16492065679223294
0.25495918773498794	0.29985573962224177
0.21671530957473972	0.1099471045281553
0.25495918773498794	0.27986535698075893
0.25070986793940475	0.31484852660335383
0.23796190855265537	0.229889400377052
0.19546871059682405	0.26987016566001754
0.1359782334586602	0.114944700188526
0.31444966487315174	0.25987497433927614
0.259208507530571	0.27986535698075893
0.19971803039240718	0.24488218735816408
0.15297551264099274	0.16991825245260364
0.1784714314144915	0.16492065679223294
0.356942862828983	0.27986535698075893
0.356942862828983	0.3948100571692849
0.21671530957473972	0.24488218735816408
0.08923571570724576	0.12493989150926739
0.12323027407191081	0.06996633924518973
0.14872619284540958	0.1199422958488967
0.23796190855265537	0.3748196745278022
0.356942862828983	0.2898605483015003
0.17422211161890838	0.2148966133959399
0.11473163448074455	0.14992786981112088
0.25495918773498794	0.20490142207519849
0.20821666998357344	0.26987016566001754
0.2804551065084867	0.27486776132038826
0.1869700710056578	0.13493508283000877
0.25070986793940475	0.24987978301853478
0.30170170548640235	0.3098509309429831
0.21671530957473972	0.2098990177355692
0.1869700710056578	0.19490623075445712
0.21246598977915657	0.2398845916977934
0.30170170548640235	0.24987978301853478
0.18272075121007467	0.17491584811297434
0.13172891366307707	0.18990863509408643
0.20821666998357344	0.2098990177355692
0.21671530957473972	0.17491584811297434
0.33144694405548425	0.18491103943371576
0.26345782732615414	0.27486776132038826
0.2294632689614891	0.29485814396187104
0.23796190855265537	0.2198942090563106
0.25070986793940475	0.229889400377052
0.20821666998357344	0.25987497433927614
0.2804551065084867	0.27486776132038826
0.17422211161890838	0.19990382641482782
0.25070986793940475	0.16991825245260364
0.24646054814382162	0.24488218735816408
0.2932030658952361	0.2148966133959399
0.24646054814382162	0.2548773786789055
0.20821666998357344	0.27986535698075893
0.24221122834823847	0.20490142207519849
0.2932030658952361	0.17991344377334503
0.2039673501879903	0.17991344377334503
0.25495918773498794	0.18491103943371576
0.21671530957473972	0.15492546547149155
0.21246598977915657	0.19990382641482782
0.23796190855265537	0.229889400377052
0.259208507530571	0.24488218735816408
0.16572347202774212	0.24488218735816408
0.24646054814382162	0.18491103943371576
0.1784714314144915	0.17991344377334503
0.22096462937032282	0.2348869960374227
0.2932030658952361	0.32484371792409517
0.2762057867129035	0.27486776132038826
0.2677071471217373	0.2548773786789055
0.22521394916590595	0.16991825245260364
0.23371258875707224	0.19990382641482782
0.17422211161890838	0.2348869960374227
0.19546871059682405	0.18990863509408643
0.1784714314144915	0.19490623075445712
0.22521394916590595	0.229889400377052
0.18272075121007467	0.25987497433927614
0.22096462937032282	0.2098990177355692
0.20821666998357344	0.20490142207519849
0.2294632689614891	0.20490142207519849
0.24221122834823847	0.18491103943371576
0.24221122834823847	0.2898605483015003
0.24646054814382162	0.2398845916977934
0.3271976242599011	0.2398845916977934
0.20821666998357344	0.2198942090563106
0.20821666998357344	0.17491584811297434
0.21671530957473972	0.2398845916977934
0.20821666998357344	0.20490142207519849
0.15722483243657587	0.14992786981112088
0.15297551264099274	0.16991825245260364
0.19546871059682405	0.09995191320741391
0.2039673501879903	0.14992786981112088
0.20821666998357344	0.1049495088677846
0.1869700710056578	0.1199422958488967
0.16572347202774212	0.16991825245260364
0.19546871059682405	0.19490623075445712
0.2039673501879903	0.14992786981112088
0.15722483243657587	0.17491584811297434
0.19546871059682405	0.20490142207519849
0.2039673501879903	0.18990863509408643
0.1359782334586602	0.1199422958488967
0.1784714314144915	0.14493027415075016
0.2294632689614891	0.2148966133959399
0.18272075121007467	0.19990382641482782
0.25070986793940475	0.17991344377334503
0.1869700710056578	0.2198942090563106
0.22096462937032282	0.18491103943371576
0.20821666998357344	0.17991344377334503
0.14447687304982645	0.13493508283000877
0.13172891366307707	0.08495912622630182
0.16572347202774212	0.16991825245260364
0.16572347202774212	0.18491103943371576
0.161474152232159	0.16492065679223294
0.16997279182332525	0.2248918047166813
0.21671530957473972	0.229889400377052
0.16997279182332525	0.14493027415075016
0.161474152232159	0.12993748716963807
0.12747959386749397	0.14493027415075016
0.20821666998357344	0.14992786981112088
0.1869700710056578	0.14493027415075016
0.15722483243657587	0.13993267849037946
0.1784714314144915	0.2248918047166813
