DKO	Prdm1KO
0.46515529144191653	0.46595934844037945
0.5276388380535173	0.36711948664999594
0.46515529144191653	0.46595934844037945
0.4720979077320944	0.5365592497192248
0.38878651224996014	0.3247595458826887
0.5206962217633394	0.5365592497192248
0.4998683728928058	0.5083192892076867
0.5137536054731615	0.46595934844037945
0.4165569774106715	0.33887952613845773
0.541524070633873	0.4094794274173031
0.6109502335356516	0.6353991115096084
0.5970650009552958	0.7765989140672991
0.5554093032142287	0.48007932869614856
0.4582126751517387	0.5224392694634558
0.5206962217633394	0.5224392694634558
0.5970650009552958	0.6495190917653774
0.6803763964374301	0.6777590522769155
0.5970650009552958	0.6212791312538393
0.5276388380535173	0.5365592497192248
0.43738482628120506	0.381239466905765
0.5345814543436951	0.6495190917653774
0.5276388380535173	0.564799210230763
0.6109502335356516	0.6353991115096084
0.5623519195044065	0.5224392694634558
0.6456633149865408	0.7059990127884537
0.6456633149865408	0.7201189930442228
0.5068109891829836	0.5506792299749939
0.6734337801472523	0.748358953555761
0.5484666869240509	0.5365592497192248
0.5137536054731615	0.5083192892076867
0.6595485475668965	0.9319186968807589
0.6040076172454737	0.6777590522769155
0.687319012727608	0.7765989140672991
0.6803763964374301	0.5930391707423011
0.47904052402227226	0.5506792299749939
0.5970650009552958	0.6495190917653774
0.46515529144191653	0.5506792299749939
0.5901223846651179	0.6353991115096084
0.6942616290177859	0.8613187956019135
0.5484666869240509	0.6495190917653774
0.6040076172454737	0.5930391707423011
0.5901223846651179	0.564799210230763
0.5901223846651179	0.6777590522769155
0.8053434896606315	0.76247893381153
0.6664911638570744	0.748358953555761
0.7220320941784973	0.7059990127884537
0.6248354661160073	0.6353991115096084
0.48598314031245005	0.564799210230763
0.6803763964374301	0.5930391707423011
0.6526059312767187	0.6918790325326846
0.5206962217633394	0.5083192892076867
0.7012042453079637	0.6636390720211465
0.6317780824061852	0.49419930895191755
0.638720698696363	0.8754387758576826
0.5901223846651179	0.7201189930442228
0.5831797683749401	0.6777590522769155
0.541524070633873	0.6212791312538393
0.5901223846651179	0.7201189930442228
0.7567451756293866	0.8895587561134516
0.6040076172454737	0.7765989140672991
0.6456633149865408	0.7342389732999919
0.5623519195044065	0.7765989140672991
0.6317780824061852	0.76247893381153
0.6178928498258294	0.6495190917653774
0.638720698696363	0.6636390720211465
0.7428599430490309	0.6918790325326846
0.7012042453079637	0.8330788350903753
0.541524070633873	0.5224392694634558
0.7012042453079637	0.5789191904865321
0.7984008733704536	0.76247893381153
0.735917326758853	0.7059990127884537
0.6317780824061852	0.748358953555761
0.6248354661160073	0.5789191904865321
0.6317780824061852	0.7907188943230682
0.7567451756293866	0.6777590522769155
0.6526059312767187	0.6071591509980702
0.7220320941784973	0.9177987166249898
0.6248354661160073	0.5083192892076867
0.6109502335356516	0.6495190917653774
0.7706304082097424	0.7765989140672991
0.6317780824061852	0.8330788350903753
0.7775730244999203	0.6918790325326846
0.9511384317543666	0.9319186968807589
0.6248354661160073	0.6777590522769155
0.937253199174011	0.8189588548346062
0.5484666869240509	0.6071591509980702
0.6178928498258294	0.6777590522769155
0.8122861059508094	0.8471988153461444
0.5831797683749401	0.7059990127884537
0.6317780824061852	0.5365592497192248
0.5554093032142287	0.4377193879288413
0.49292575660262794	0.4377193879288413
0.47904052402227226	0.48007932869614856
0.4998683728928058	0.45183936818461035
0.6526059312767187	0.6353991115096084
0.6803763964374301	0.7765989140672991
0.4165569774106715	0.5789191904865321
0.5762371520847622	0.5789191904865321
0.49292575660262794	0.45183936818461035
0.32630296563835937	0.3247595458826887
0.3679586633794265	0.3247595458826887
0.4165569774106715	0.49419930895191755
0.49292575660262794	0.45183936818461035
0.5970650009552958	0.6071591509980702
0.4304422099910272	0.48007932869614856
0.6109502335356516	0.46595934844037945
0.6109502335356516	0.48007932869614856
0.34018819821871504	0.3953594471615341
0.40961436112049365	0.49419930895191755
0.4998683728928058	0.3953594471615341
0.5623519195044065	0.5506792299749939
0.6942616290177859	0.6777590522769155
0.7220320941784973	0.564799210230763
0.7150894778883194	0.76247893381153
0.687319012727608	0.6918790325326846
0.7012042453079637	0.6353991115096084
0.8053434896606315	0.9036787363692207
0.7012042453079637	0.5930391707423011
0.638720698696363	0.7059990127884537
0.541524070633873	0.5930391707423011
0.6595485475668965	0.6071591509980702
0.7289747104686751	0.6777590522769155
0.7012042453079637	0.7765989140672991
0.6942616290177859	0.5930391707423011
0.6456633149865408	0.6777590522769155
0.687319012727608	0.8471988153461444
0.735917326758853	0.76247893381153
0.5970650009552958	0.7201189930442228
0.5831797683749401	0.6212791312538393
0.7567451756293866	0.8895587561134516
0.7636877919195645	0.8330788350903753
0.5692945357945844	0.6918790325326846
0.5831797683749401	0.6636390720211465
0.7081468615981416	0.5224392694634558
0.7498025593392088	0.7059990127884537
0.7636877919195645	0.8471988153461444
0.6040076172454737	0.6071591509980702
0.5206962217633394	0.6353991115096084
0.6456633149865408	0.6212791312538393
0.541524070633873	0.5506792299749939
0.5831797683749401	0.6353991115096084
0.5692945357945844	0.5506792299749939
0.6734337801472523	0.5930391707423011
0.5623519195044065	0.49419930895191755
0.44432744257138296	0.5224392694634558
0.46515529144191653	0.5930391707423011
0.5762371520847622	0.6353991115096084
0.6248354661160073	0.5930391707423011
0.7567451756293866	0.7342389732999919
0.6178928498258294	0.6071591509980702
0.5345814543436951	0.6918790325326846
0.5762371520847622	0.5506792299749939
0.5206962217633394	0.48007932869614856
0.7081468615981416	0.6918790325326846
0.6109502335356516	0.748358953555761
0.6248354661160073	0.6071591509980702
0.4998683728928058	0.7201189930442228
0.6040076172454737	0.5930391707423011
0.5623519195044065	0.6495190917653774
0.4998683728928058	0.6212791312538393
0.5345814543436951	0.5789191904865321
0.5484666869240509	0.5930391707423011
0.5068109891829836	0.45183936818461035
0.6040076172454737	0.5224392694634558
0.6248354661160073	0.6071591509980702
0.638720698696363	0.5365592497192248
0.48598314031245005	0.5506792299749939
0.5206962217633394	0.5365592497192248
0.5206962217633394	0.6071591509980702
0.5762371520847622	0.6918790325326846
0.49292575660262794	0.6212791312538393
0.5068109891829836	0.5789191904865321
0.5484666869240509	0.45183936818461035
0.6040076172454737	0.6918790325326846
0.7289747104686751	0.5930391707423011
0.6664911638570744	0.7342389732999919
0.4720979077320944	0.4377193879288413
0.4512700588615608	0.3953594471615341
0.4720979077320944	0.5365592497192248
0.4582126751517387	0.5789191904865321
0.47904052402227226	0.5224392694634558
0.5345814543436951	0.5365592497192248
0.4998683728928058	0.5083192892076867
0.5762371520847622	0.49419930895191755
0.40267174483031576	0.35299950639422684
0.44432744257138296	0.4094794274173031
0.38878651224996014	0.48007932869614856
0.5276388380535173	0.5930391707423011
0.49292575660262794	0.5224392694634558
0.4720979077320944	0.46595934844037945
0.4512700588615608	0.46595934844037945
0.4998683728928058	0.6071591509980702
0.5206962217633394	0.49419930895191755
0.5623519195044065	0.46595934844037945
0.44432744257138296	0.5506792299749939
0.42349959370084933	0.5789191904865321
0.4165569774106715	0.4235994076730722
0.43738482628120506	0.3953594471615341
0.40267174483031576	0.31063956562691963
0.38878651224996014	0.381239466905765
