condition1	condition1
0.12630166346298796	0.13633439829328264
0.11531891011838029	0.15230148998528872
0.130694764800831	0.12282378224620058
0.11092580878053723	0.11054140402158052
0.11861373612176258	0.13142144700343464
0.11312235944945877	0.11668259313389055
0.12630166346298796	0.1277367335360486
0.11861373612176258	0.1277367335360486
0.11971201145622334	0.12405202006866259
0.11641718545284106	0.1056284527317325
0.12190856212514488	0.13142144700343464
0.12630166346298796	0.12405202006866259
0.13289131546975255	0.12036730660127656
0.13838269214205634	0.13633439829328264
0.13179304013529175	0.14001911176066867
0.13179304013529175	0.14247558740559269
0.12630166346298796	0.1473885386954407
0.13179304013529175	0.1252802578911246
0.15375854682450704	0.13510616047082064
0.12520338812852716	0.14861677651790273
0.149365445486664	0.13510616047082064
0.1339895908042133	0.13510616047082064
0.12300683745960567	0.13019320918097263
0.15375854682450704	0.13879087393820666
0.15046372082112477	0.13756263611574468
0.149365445486664	0.15721444127513676
0.130694764800831	0.13633439829328264
0.14167751814543864	0.10931316619911852
0.12520338812852716	0.15230148998528872
0.13618614147313482	0.16089915474252275
0.1460706194832817	0.15598620345267475
0.13618614147313482	0.14616030087297868
0.15924992349681089	0.15230148998528872
0.11751546078730182	0.1498450143403647
0.13289131546975255	0.14616030087297868
0.14167751814543864	0.1498450143403647
0.14826717015220323	0.14124734958313068
0.11422063478391954	0.1449320630505167
0.14167751814543864	0.14001911176066867
0.11861373612176258	0.11668259313389055
0.11531891011838029	0.15107325216282672
0.16474130016911473	0.14370382522805467
0.14387406881436018	0.14247558740559269
0.1405792428109779	0.1498450143403647
0.13289131546975255	0.1473885386954407
0.13838269214205634	0.14861677651790273
0.14387406881436018	0.14370382522805467
0.1526602714900463	0.15352972780775073
0.15485682215896782	0.1658121060323708
0.14716889481774248	0.15721444127513676
0.14167751814543864	0.15230148998528872
0.16693785083803622	0.17440977078960485
0.16254474950019318	0.14001911176066867
0.14387406881436018	0.14861677651790273
0.16364302483465393	0.1670403438548328
0.15815164816235014	0.13879087393820666
0.16034819883127163	0.15230148998528872
0.15375854682450704	0.14861677651790273
0.16144647416573243	0.15598620345267475
0.1372844168075956	0.1547579656302127
0.16474130016911473	0.14370382522805467
0.17023267684141852	0.16949681949975678
0.14387406881436018	0.13756263611574468
0.1526602714900463	0.1719532951446808
0.14826717015220323	0.16089915474252275
0.16474130016911473	0.1498450143403647
0.1427757934798994	0.15352972780775073
0.15156199615558552	0.14616030087297868
0.16144647416573243	0.1670403438548328
0.18560853152386922	0.17563800861206683
0.17792060418264388	0.15598620345267475
0.1526602714900463	0.17440977078960485
0.15046372082112477	0.15598620345267475
0.17242922751034007	0.15844267909759874
0.1372844168075956	0.15598620345267475
0.16693785083803622	0.1498450143403647
0.15375854682450704	0.15967091692006077
0.15046372082112477	0.1719532951446808
0.15705337282788934	0.1547579656302127
0.15815164816235014	0.18423567336930088
0.16144647416573243	0.1682685816772948
0.1713309521758793	0.16949681949975678
0.16144647416573243	0.1670403438548328
0.168036126172497	0.15230148998528872
0.1746257781792616	0.17072505732221882
0.149365445486664	0.1547579656302127
0.16913440150695777	0.14861677651790273
0.16583957550357548	0.16458386820990878
0.1746257781792616	0.15352972780775073
0.130694764800831	0.12405202006866259
0.149365445486664	0.1449320630505167
0.10433615677377264	0.09457431232957444
0.13618614147313482	0.13142144700343464
0.168036126172497	0.15844267909759874
0.1460706194832817	0.14370382522805467
0.11971201145622334	0.11299787966650453
0.09554995409808653	0.11299787966650453
0.11971201145622334	0.10194373926434648
0.18451025618940847	0.1670403438548328
0.1965912848684769	0.21616985675331304
0.20318093687524147	0.20880042981854097
0.18890335752725151	0.20634395417361698
0.1921981835306338	0.17809448425699084
0.18121543018602618	0.19406157594899692
0.1273999387974487	0.11054140402158052
0.11312235944945877	0.11299787966650453
0.12190856212514488	0.11913906877881457
0.1526602714900463	0.13879087393820666
0.17242922751034007	0.15844267909759874
0.1372844168075956	0.1498450143403647
0.12190856212514488	0.12896497135851062
0.12410511279406641	0.11545435531142856
0.149365445486664	0.14616030087297868
0.16144647416573243	0.1498450143403647
0.16254474950019318	0.17563800861206683
0.16144647416573243	0.1473885386954407
0.15375854682450704	0.15107325216282672
0.16254474950019318	0.1670403438548328
0.15375854682450704	0.16458386820990878
0.16693785083803622	0.14001911176066867
0.16693785083803622	0.15721444127513676
0.16034819883127163	0.17563800861206683
0.1801171548515654	0.16458386820990878
0.1735275028448008	0.17440977078960485
0.16693785083803622	0.15967091692006077
0.16583957550357548	0.16949681949975678
0.16364302483465393	0.16335563038744677
0.17023267684141852	0.15721444127513676
0.1559550974934286	0.13756263611574468
0.15046372082112477	0.14247558740559269
0.16913440150695777	0.15352972780775073
0.1746257781792616	0.15967091692006077
0.149365445486664	0.15721444127513676
0.16254474950019318	0.1682685816772948
0.15485682215896782	0.14001911176066867
0.1735275028448008	0.15721444127513676
0.16583957550357548	0.17440977078960485
0.15046372082112477	0.13879087393820666
0.1746257781792616	0.16089915474252275
0.14497234414882093	0.14616030087297868
0.14497234414882093	0.16335563038744677
0.16474130016911473	0.17440977078960485
0.16364302483465393	0.1670403438548328
0.16254474950019318	0.1658121060323708
0.15705337282788934	0.16212739256498476
0.17023267684141852	0.16335563038744677
0.15046372082112477	0.16458386820990878
0.16144647416573243	0.1658121060323708
0.1405792428109779	0.1473885386954407
0.14387406881436018	0.1498450143403647
0.14167751814543864	0.16458386820990878
0.16034819883127163	0.1719532951446808
0.13948096747651711	0.13510616047082064
0.12410511279406641	0.15107325216282672
0.149365445486664	0.16335563038744677
0.130694764800831	0.13633439829328264
0.149365445486664	0.14616030087297868
0.15156199615558552	0.14124734958313068
0.13289131546975255	0.16089915474252275
0.1460706194832817	0.15598620345267475
0.15156199615558552	0.15844267909759874
0.1372844168075956	0.14124734958313068
0.15046372082112477	0.14370382522805467
0.15156199615558552	0.14370382522805467
0.1405792428109779	0.1265084957135866
0.1460706194832817	0.15967091692006077
0.13289131546975255	0.1473885386954407
0.14716889481774248	0.1670403438548328
0.15156199615558552	0.1498450143403647
0.14497234414882093	0.1547579656302127
0.13179304013529175	0.1277367335360486
0.13289131546975255	0.13142144700343464
0.14167751814543864	0.13264968482589662
0.14497234414882093	0.1473885386954407
0.12849821413190946	0.14370382522805467
0.15705337282788934	0.14247558740559269
0.1427757934798994	0.1547579656302127
0.13508786613867405	0.15230148998528872
0.12190856212514488	0.14861677651790273
0.12849821413190946	0.12896497135851062
0.14826717015220323	0.1265084957135866
0.13948096747651711	0.13510616047082064
0.13508786613867405	0.13264968482589662
0.13179304013529175	0.12036730660127656
0.12410511279406641	0.13019320918097263
0.1339895908042133	0.14370382522805467
0.15924992349681089	0.1473885386954407
0.1339895908042133	0.13633439829328264
0.13179304013529175	0.11791083095635256
0.1427757934798994	0.13879087393820666
0.14497234414882093	0.11299787966650453
0.11861373612176258	0.15107325216282672
0.12300683745960567	0.13633439829328264
0.1273999387974487	0.14370382522805467
0.12520338812852716	0.12405202006866259
0.12630166346298796	0.11545435531142856
0.11971201145622334	0.11791083095635256
0.1087292581116157	0.13019320918097263
0.13508786613867405	0.12405202006866259
0.11971201145622334	0.13142144700343464
