WT	KO
0.5035546161659014	0.47661165699835284
0.755331924248852	0.3177411046655686
0.2517773080829507	0.3177411046655686
0.5035546161659014	0.6354822093311372
0.2517773080829507	0.1588705523327843
0.5035546161659014	0.1588705523327843
0.5035546161659014	0.47661165699835284
0.2517773080829507	0.3177411046655686
0.755331924248852	0.0
0.0	0.47661165699835284
0.0	0.1588705523327843
0.5035546161659014	0.1588705523327843
0.0	0.0
0.2517773080829507	0.3177411046655686
0.0	0.47661165699835284
0.5035546161659014	0.1588705523327843
0.5035546161659014	0.6354822093311372
0.5035546161659014	0.0
0.0	0.0
0.5035546161659014	0.0
1.2588865404147533	0.47661165699835284
0.755331924248852	0.0
0.5035546161659014	0.0
0.0	0.3177411046655686
0.5035546161659014	0.47661165699835284
0.2517773080829507	0.1588705523327843
0.0	0.1588705523327843
0.2517773080829507	0.7943527616639214
0.5035546161659014	0.6354822093311372
0.2517773080829507	0.3177411046655686
0.0	0.0
0.755331924248852	0.3177411046655686
0.755331924248852	0.0
0.0	0.6354822093311372
0.5035546161659014	0.0
0.2517773080829507	0.1588705523327843
0.2517773080829507	0.47661165699835284
0.5035546161659014	0.47661165699835284
0.755331924248852	0.0
0.2517773080829507	0.3177411046655686
0.755331924248852	0.47661165699835284
0.0	0.47661165699835284
0.2517773080829507	0.9532233139967057
0.2517773080829507	0.7943527616639214
0.5035546161659014	0.47661165699835284
0.0	0.3177411046655686
0.0	0.3177411046655686
0.755331924248852	0.0
0.2517773080829507	0.6354822093311372
1.0071092323318027	0.47661165699835284
0.755331924248852	0.6354822093311372
1.510663848497704	0.47661165699835284
0.5035546161659014	0.6354822093311372
0.0	0.3177411046655686
0.2517773080829507	0.47661165699835284
1.510663848497704	0.6354822093311372
0.5035546161659014	0.1588705523327843
0.5035546161659014	0.7943527616639214
0.755331924248852	0.1588705523327843
0.0	0.3177411046655686
0.5035546161659014	0.1588705523327843
0.5035546161659014	0.1588705523327843
1.0071092323318027	0.47661165699835284
1.0071092323318027	0.3177411046655686
0.5035546161659014	0.47661165699835284
0.5035546161659014	0.3177411046655686
0.0	0.47661165699835284
0.2517773080829507	0.0
0.2517773080829507	0.47661165699835284
0.2517773080829507	0.0
0.0	0.47661165699835284
0.2517773080829507	0.47661165699835284
0.755331924248852	0.3177411046655686
0.2517773080829507	0.7943527616639214
0.5035546161659014	0.6354822093311372
0.5035546161659014	0.3177411046655686
0.2517773080829507	0.1588705523327843
0.5035546161659014	0.3177411046655686
0.5035546161659014	0.6354822093311372
0.5035546161659014	0.47661165699835284
0.755331924248852	0.7943527616639214
2.0142184646636054	0.3177411046655686
1.2588865404147533	0.9532233139967057
0.2517773080829507	0.47661165699835284
0.2517773080829507	0.47661165699835284
0.755331924248852	0.47661165699835284
0.755331924248852	0.47661165699835284
1.0071092323318027	0.47661165699835284
0.755331924248852	0.1588705523327843
0.5035546161659014	0.1588705523327843
0.0	0.3177411046655686
0.2517773080829507	0.1588705523327843
0.0	0.6354822093311372
0.2517773080829507	0.7943527616639214
0.2517773080829507	0.1588705523327843
0.2517773080829507	0.3177411046655686
1.2588865404147533	0.3177411046655686
0.5035546161659014	0.3177411046655686
1.0071092323318027	0.6354822093311372
0.2517773080829507	0.47661165699835284
1.0071092323318027	0.6354822093311372
0.5035546161659014	0.1588705523327843
0.2517773080829507	0.47661165699835284
0.5035546161659014	0.3177411046655686
0.0	0.0
1.0071092323318027	0.6354822093311372
0.755331924248852	0.6354822093311372
0.0	0.47661165699835284
0.2517773080829507	0.1588705523327843
0.5035546161659014	0.1588705523327843
0.755331924248852	0.3177411046655686
0.2517773080829507	0.3177411046655686
0.755331924248852	0.6354822093311372
0.5035546161659014	0.3177411046655686
0.2517773080829507	0.1588705523327843
0.0	0.1588705523327843
0.5035546161659014	0.47661165699835284
0.0	0.3177411046655686
0.0	0.3177411046655686
0.0	0.3177411046655686
0.0	0.6354822093311372
0.0	0.1588705523327843
0.2517773080829507	0.3177411046655686
0.0	0.3177411046655686
0.0	0.3177411046655686
0.5035546161659014	0.0
0.5035546161659014	0.0
0.2517773080829507	0.3177411046655686
0.0	0.3177411046655686
0.2517773080829507	0.3177411046655686
0.0	0.47661165699835284
0.2517773080829507	0.1588705523327843
0.755331924248852	0.1588705523327843
0.5035546161659014	0.6354822093311372
0.5035546161659014	0.3177411046655686
0.0	0.1588705523327843
0.5035546161659014	0.47661165699835284
0.755331924248852	0.9532233139967057
0.0	0.1588705523327843
0.2517773080829507	0.0
0.5035546161659014	0.47661165699835284
0.755331924248852	0.47661165699835284
0.2517773080829507	1.11209386632949
0.2517773080829507	0.0
0.0	0.47661165699835284
1.2588865404147533	0.7943527616639214
1.7624411565806546	0.6354822093311372
1.0071092323318027	0.9532233139967057
0.5035546161659014	0.3177411046655686
0.5035546161659014	0.6354822093311372
0.0	0.47661165699835284
0.2517773080829507	0.3177411046655686
0.755331924248852	0.47661165699835284
0.0	0.3177411046655686
1.0071092323318027	0.9532233139967057
1.0071092323318027	0.3177411046655686
1.2588865404147533	0.3177411046655686
1.0071092323318027	0.7943527616639214
0.0	0.1588705523327843
1.510663848497704	1.11209386632949
0.5035546161659014	0.6354822093311372
0.755331924248852	0.9532233139967057
0.5035546161659014	0.47661165699835284
0.0	0.1588705523327843
0.2517773080829507	0.1588705523327843
1.0071092323318027	1.11209386632949
1.7624411565806546	0.7943527616639214
0.755331924248852	1.11209386632949
0.0	0.1588705523327843
0.2517773080829507	0.7943527616639214
0.5035546161659014	0.1588705523327843
1.2588865404147533	0.47661165699835284
0.2517773080829507	0.1588705523327843
0.2517773080829507	0.0
1.2588865404147533	0.1588705523327843
0.755331924248852	0.7943527616639214
0.755331924248852	0.3177411046655686
1.0071092323318027	0.6354822093311372
0.755331924248852	0.7943527616639214
0.5035546161659014	0.9532233139967057
0.2517773080829507	0.47661165699835284
0.5035546161659014	0.9532233139967057
0.2517773080829507	0.6354822093311372
0.5035546161659014	0.6354822093311372
1.0071092323318027	0.9532233139967057
0.755331924248852	0.6354822093311372
0.5035546161659014	0.47661165699835284
0.2517773080829507	0.47661165699835284
0.0	0.6354822093311372
0.755331924248852	0.1588705523327843
0.0	0.47661165699835284
0.755331924248852	0.0
1.0071092323318027	0.1588705523327843
0.5035546161659014	0.6354822093311372
0.5035546161659014	0.47661165699835284
0.5035546161659014	0.1588705523327843
0.2517773080829507	0.1588705523327843
0.5035546161659014	0.6354822093311372
2.0142184646636054	0.47661165699835284
0.0	0.1588705523327843
