WT	KO
0.491384318395915	0.5125484720406466
0.4643356403190757	0.5071246786857191
0.4327788492294298	0.4745819185561542
0.40122205813978384	0.4447510551040531
0.5049086574343347	0.4583105384913718
0.491384318395915	0.4800057119110817
0.4327788492294298	0.5586507155575302
0.491384318395915	0.5532269222026027
0.48687620538310844	0.5125484720406466
0.6626926128825643	0.5830577856547038
0.5409735615367872	0.5152603687181103
0.5274492224983676	0.5017008853307916
0.47785997935749536	0.5450912321702115
0.4553194142934625	0.47187002187869054
0.5094167704471413	0.5667864055899213
0.5139248834599478	0.5830577856547038
0.49589243140872163	0.5478031288476751
0.5049086574343347	0.5966172690420225
0.6266277087801118	0.5776339922997763
0.5770384656392397	0.591193475687095
0.5680222396136265	0.5966172690420225
0.4688437533318822	0.5315317487828928
0.5860546916648528	0.5261079554279653
0.5184329964727543	0.5342436454603565
0.6401520478185315	0.6400076158814423
0.5860546916648528	0.5830577856547038
0.5770384656392397	0.5342436454603565
0.5274492224983676	0.5315317487828928
0.6536763868569512	0.5966172690420225
0.6176114827544987	0.642719512558906
0.644660160831338	0.6617027893011522
0.6536763868569512	0.6183124424617323
0.6131033697416921	0.5694983022673851
0.6176114827544987	0.591193475687095
0.635643934805725	0.5423793354927476
0.56351412660082	0.6454314092363698
0.6040871437160791	0.6833979627208622
0.6942494039722101	0.58034588897724
0.5860546916648528	0.5966172690420225
0.6176114827544987	0.5993291657194862
0.5680222396136265	0.6101767524293411
0.7077737430106299	0.6101767524293411
0.6536763868569512	0.7186526195278907
0.5815465786520462	0.5640745089124576
0.5725303526264331	0.6562789959462247
0.5770384656392397	0.5857696823321675
0.5770384656392397	0.6400076158814423
0.7753954382027283	0.7484834829799918
0.6897412909594037	0.694245549430717
0.7799035512155349	0.7132288261729632
0.6311358217929184	0.6562789959462247
0.6987575169850168	0.6237362358166598
0.716789969036243	0.7078050328180358
0.6491682738441447	0.7023812394631083
0.7618710991643086	0.778314346432093
0.5995790307032725	0.6915336527532533
0.8024441162795677	0.6562789959462247
0.7348224210874692	0.653567099268761
0.6897412909594037	0.7105169294954995
0.748346760125889	0.7620429663673105
0.8385090203820201	0.7078050328180358
0.7889197772411479	0.6915336527532533
0.7753954382027283	0.7105169294954995
0.7032656299978233	0.7376358962701369
0.829492794356407	0.7186526195278907
0.6942494039722101	0.6996693427856445
0.7303143080746627	0.6833979627208622
0.8745739244844726	0.808145209884194
0.6807250649337906	0.7078050328180358
0.7889197772411479	0.7593310696898469
0.7799035512155349	0.7647548630447742
0.716789969036243	0.6806860660433983
0.7934278902539545	0.7593310696898469
0.7393305341002758	0.7457715863025282
0.8249846813436005	0.8325522799813676
0.7348224210874692	0.7213645162053545
0.8249846813436005	0.7837381397870203
0.8880982635228923	0.8027214165292667
0.8114603423051808	0.7810262431095568
0.7844116642283415	0.8189927965940491
0.9061307155741185	0.8189927965940491
0.7348224210874692	0.7213645162053545
0.8024441162795677	0.8298403833039041
0.7348224210874692	0.7810262431095568
0.8340009073692136	0.7918738298194117
0.7348224210874692	0.6589908926236885
0.5995790307032725	0.591193475687095
0.5680222396136265	0.5261079554279653
0.635643934805725	0.5749220956223126
0.5229411094855609	0.47187002187869054
0.7618710991643086	0.767466759722238
0.6942494039722101	0.6752622726884709
0.6942494039722101	0.6372957192039785
0.4688437533318822	0.466446228523763
0.6401520478185315	0.591193475687095
0.7528548731386956	0.6047529590744136
0.45982752730626913	0.4393272617491257
0.6536763868569512	0.60204106239695
0.5950709176904659	0.5667864055899213
0.5454816745495937	0.4745819185561542
0.6131033697416921	0.5857696823321675
0.5049086574343347	0.4366153650716619
0.5094167704471413	0.5179722653955741
0.5364654485239806	0.550515025525139
0.3741733800629445	0.34983467139282226
0.6536763868569512	0.6345838225265149
0.5544979005752069	0.58034588897724
0.49589243140872163	0.4691581252012268
0.5590060135880134	0.5586507155575302
0.6581844998697578	0.6779741693659347
0.8790820374972791	0.8054333132067304
0.5274492224983676	0.49898898865332786
0.47785997935749536	0.4555986418139081
0.5725303526264331	0.550515025525139
0.6672007258953709	0.5450912321702115
0.7212980820490497	0.6671265826560796
0.829492794356407	0.778314346432093
0.757362986151502	0.840687970013759
0.7708873251899218	0.7647548630447742
0.716789969036243	0.6725503760110071
0.7212980820490497	0.653567099268761
0.910638828586925	0.8271284866264402
0.7753954382027283	0.6888217560757895
0.8880982635228923	0.8488236600461502
0.7889197772411479	0.8108571065616578
0.6942494039722101	0.705093136140572
0.7258061950618561	0.8027214165292667
0.7708873251899218	0.664414685978616
0.8249846813436005	0.7539072763349193
0.7799035512155349	0.7078050328180358
0.7618710991643086	0.6454314092363698
0.716789969036243	0.6617027893011522
0.5725303526264331	0.5288198521054289
0.7438386471130823	0.6806860660433983
0.7663792121771151	0.7213645162053545
0.6942494039722101	0.6562789959462247
0.7122818560234364	0.715940722850427
0.6131033697416921	0.7186526195278907
0.6581844998697578	0.6779741693659347
0.757362986151502	0.6562789959462247
0.7258061950618561	0.6698384793335435
0.7032656299978233	0.6725503760110071
0.6491682738441447	0.6345838225265149
0.6897412909594037	0.6291600291715873
0.7032656299978233	0.726788309560282
0.5770384656392397	0.5532269222026027
0.635643934805725	0.6237362358166598
0.6266277087801118	0.6725503760110071
0.7212980820490497	0.6617027893011522
0.6221195957673052	0.6617027893011522
0.6040871437160791	0.5694983022673851
0.5860546916648528	0.5776339922997763
0.6221195957673052	0.6345838225265149
0.6626926128825643	0.6400076158814423
0.6176114827544987	0.5776339922997763
0.635643934805725	0.6074648557518775
0.6401520478185315	0.6400076158814423
0.7077737430106299	0.6725503760110071
0.6131033697416921	0.6888217560757895
0.5815465786520462	0.631871925849051
0.6311358217929184	0.5586507155575302
0.5544979005752069	0.5857696823321675
0.6085952567288856	0.6481433059138335
0.6040871437160791	0.642719512558906
0.6131033697416921	0.60204106239695
0.5184329964727543	0.5966172690420225
0.635643934805725	0.60204106239695
0.6536763868569512	0.664414685978616
0.5860546916648528	0.5939053723645588
0.6491682738441447	0.6698384793335435
0.5860546916648528	0.5586507155575302
0.5139248834599478	0.5369555421378203
0.5454816745495937	0.5640745089124576
0.5544979005752069	0.5369555421378203
0.5319573355111741	0.4528867451364444
0.5409735615367872	0.6508552025912973
0.5364654485239806	0.5749220956223126
0.5680222396136265	0.5993291657194862
0.5319573355111741	0.6481433059138335
0.5094167704471413	0.5640745089124576
0.6581844998697578	0.6047529590744136
0.49589243140872163	0.5939053723645588
0.5590060135880134	0.5342436454603565
0.4147463971782035	0.4691581252012268
0.4733518663446888	0.48814140194347294
0.4463031882678494	0.4800057119110817
0.47785997935749536	0.47187002187869054
0.4282707362166232	0.4555986418139081
0.5319573355111741	0.5017008853307916
0.4147463971782035	0.47187002187869054
0.5319573355111741	0.5288198521054289
0.5409735615367872	0.47187002187869054
0.4237626232038166	0.477293815233618
0.40122205813978384	0.5044127820082553
0.5860546916648528	0.5613626122349938
0.5409735615367872	0.5559388188800664
0.4372869622422363	0.5206841620730378
0.44179507525504286	0.466446228523763
0.48687620538310844	0.5315317487828928
0.491384318395915	0.48814140194347294
