WT	KO
0.46677380298604615	0.42118808529721585
0.42408107710317605	0.40749091179161534
0.3728498060437319	0.4006423250388151
0.3700036243182073	0.3903694449096147
0.42408107710317605	0.42290023198541593
0.4383119857307994	0.4194759386090158
0.4411581674563241	0.4263245253618161
0.42408107710317605	0.43659740549101644
0.39846544157345404	0.4006423250388151
0.42977344055422534	0.3920815915978148
0.42408107710317605	0.4109152051680155
0.407003986750028	0.4194759386090158
0.4781585298881448	0.46912819256681765
0.43546580400527474	0.4537188723730171
0.5180050740454902	0.42118808529721585
0.46961998471157074	0.4742646326314179
0.47246616643709544	0.46056745912581737
0.46392762126052145	0.4794010726960181
0.45823525780947205	0.45029457899661696
0.5407745278496875	0.46056745912581737
0.46961998471157074	0.4383095521792165
0.4810047116136695	0.4571431657494172
0.49523562024129286	0.4588553124376173
0.5094665288689162	0.4879618061370184
0.5350821643986382	0.4896739528252185
0.44969671263289807	0.45543101906121713
0.5493130730262615	0.4896739528252185
0.5009279836923421	0.5085075663954192
0.537928346124163	0.5256290332774198
0.5749287085559837	0.5119318597718193
0.48669707506471876	0.49481039288981865
0.4838508933391941	0.49994683295441883
0.46677380298604615	0.45200672568481703
0.49523562024129286	0.5085075663954192
0.5066203471433915	0.5102197130836192
0.5265436192220642	0.5102197130836192
0.5094665288689162	0.5067954197072191
0.5493130730262615	0.5273411799656199
0.5066203471433915	0.5444626468476206
0.6090828892622797	0.5393262067830203
0.5493130730262615	0.5341897667184201
0.6033905258112303	0.5650084071060213
0.5976981623601809	0.5461747935358207
0.6176214344388536	0.5615841137296211
0.580621072007033	0.5427505001594205
0.5692363451049343	0.5769934339234217
0.5948519806346564	0.5838420206762219
0.5578516182028356	0.5461747935358207
0.537928346124163	0.5204925932128196
0.4781585298881448	0.5307654733420201
0.5578516182028356	0.5187804465246195
0.5550054364773109	0.5204925932128196
0.5407745278496875	0.53247762003022
0.6204676161643784	0.5975391941818226
0.5493130730262615	0.5478869402240207
0.5350821643986382	0.5667205537942214
0.5749287085559837	0.6060999276228228
0.6176214344388536	0.6060999276228228
0.614775252713329	0.5804177272998219
0.6318523430664771	0.5906906074290222
0.5407745278496875	0.5170682998364194
0.6033905258112303	0.6352064213222239
0.5777748902815083	0.5016589796426189
0.6574679785961991	0.6334942746340239
0.6005443440857057	0.5992513408700225
0.6688527054982978	0.5906906074290222
0.5948519806346564	0.5958270474936225
0.6802374324003965	0.5427505001594205
0.5720825268304589	0.5684327004824213
0.6631603420472484	0.5787055806116218
0.7058530679301185	0.6215092478166234
0.6033905258112303	0.5906906074290222
0.5749287085559837	0.5889784607408222
0.6802374324003965	0.6163728077520232
0.6432370699685758	0.5632962604178212
0.7086992496556432	0.6300699812576238
0.6489294334196251	0.5924027541172223
0.6290061613409523	0.5478869402240207
0.5749287085559837	0.5975391941818226
0.6204676161643784	0.5821298739880219
0.5777748902815083	0.5735691405470216
0.6802374324003965	0.5718569938588215
0.6688527054982978	0.6215092478166234
0.6432370699685758	0.5787055806116218
0.5066203471433915	0.5410383534712204
0.5350821643986382	0.4811132193842181
0.5948519806346564	0.5222047399010197
0.6546217968706745	0.6266456878812237
0.6432370699685758	0.6146606610638232
0.5749287085559837	0.4742646326314179
0.5920057989091316	0.6026756342464227
0.6119290709878044	0.556447673665021
0.8339312455787287	0.717389462355827
0.7001607044790692	0.6215092478166234
0.7513919755385132	0.6985558487856264
0.6460832516941004	0.5924027541172223
0.8908548800892221	0.7790267431310294
0.9307014242465675	0.8269668504006311
0.7172377948322172	0.6163728077520232
0.5720825268304589	0.5102197130836192
0.580621072007033	0.5273411799656199
0.856700699382926	0.6985558487856264
0.9563170597762896	0.8577854907882324
0.7513919755385132	0.7122530222912269
0.6119290709878044	0.5341897667184201
0.7371610669108899	0.6420550080750242
0.6802374324003965	0.6249335411930236
0.8652392445595001	0.7550566894962284
0.5720825268304589	0.5547355269768209
0.6119290709878044	0.5119318597718193
0.49523562024129286	0.4930982462016186
0.5322359826731136	0.4896739528252185
0.5208512557710149	0.5187804465246195
0.5521592547517863	0.5461747935358207
0.5094665288689162	0.49481039288981865
0.5834672537325576	0.49652253957801873
0.5493130730262615	0.5376140600948203
0.5863134354580822	0.5307654733420201
0.5663901633794096	0.5136440064600194
0.5663901633794096	0.5872663140526221
0.623313797889903	0.5906906074290222
0.6574679785961991	0.5889784607408222
0.580621072007033	0.5598719670414211
0.6432370699685758	0.5632962604178212
0.6005443440857057	0.5495990869122207
0.6830836141259212	0.6043877809346228
0.6062367075367551	0.53247762003022
0.5606977999283602	0.53247762003022
0.5834672537325576	0.5684327004824213
0.5976981623601809	0.5718569938588215
0.5663901633794096	0.6352064213222239
0.6973145227535444	0.6129485143756231
0.5350821643986382	0.5667205537942214
0.6631603420472484	0.6163728077520232
0.589159617183607	0.5889784607408222
0.5720825268304589	0.585554167364422
0.6688527054982978	0.5735691405470216
0.5720825268304589	0.5478869402240207
0.49523562024129286	0.5341897667184201
0.537928346124163	0.5718569938588215
0.589159617183607	0.585554167364422
0.6773912506748718	0.5769934339234217
0.5663901633794096	0.5239168865892198
0.5606977999283602	0.5102197130836192
0.5493130730262615	0.5222047399010197
0.5236974374965395	0.49994683295441883
0.5180050740454902	0.5119318597718193
0.5521592547517863	0.4725524859432178
0.49523562024129286	0.5085075663954192
0.46392762126052145	0.4862496594488183
0.5151588923199655	0.505083273019019
0.589159617183607	0.5256290332774198
0.5407745278496875	0.49994683295441883
0.49808180196681745	0.49823468626621875
0.5407745278496875	0.4537188723730171
0.5407745278496875	0.5547355269768209
0.6375447065175264	0.5341897667184201
0.44969671263289807	0.5359019134066202
0.5578516182028356	0.5239168865892198
0.5720825268304589	0.5838420206762219
0.5407745278496875	0.5136440064600194
0.48954325679024346	0.5187804465246195
0.5976981623601809	0.4930982462016186
0.46108143953499675	0.5307654733420201
0.5436207095752122	0.5393262067830203
0.49808180196681745	0.4811132193842181
0.5293898009475888	0.5393262067830203
0.5123127105944408	0.53247762003022
0.48954325679024346	0.4896739528252185
0.48669707506471876	0.5033711263308189
0.46677380298604615	0.42803667205001616
0.5521592547517863	0.4742646326314179
0.49523562024129286	0.5444626468476206
0.5208512557710149	0.4588553124376173
0.46108143953499675	0.46741604587861757
0.45254289435842276	0.46056745912581737
0.5094665288689162	0.4811132193842181
0.5322359826731136	0.49481039288981865
0.5037741654178668	0.4930982462016186
0.38992689639687994	0.46056745912581737
0.43261962227975004	0.44515813893201683
0.46108143953499675	0.42290023198541593
0.5293898009475888	0.5085075663954192
0.4781585298881448	0.4400216988674166
0.5265436192220642	0.4742646326314179
0.45538907608394746	0.4194759386090158
0.43546580400527474	0.5136440064600194
0.43261962227975004	0.4314609654264162
0.49808180196681745	0.45200672568481703
0.43546580400527474	0.40406661841521524
0.5350821643986382	0.4708403392550177
0.45823525780947205	0.47768892600781804
0.5350821643986382	0.4930982462016186
0.5037741654178668	0.4263245253618161
0.44969671263289807	0.43488525880281637
0.5436207095752122	0.4588553124376173
0.5208512557710149	0.5119318597718193
0.5037741654178668	0.45543101906121713
0.5066203471433915	0.49481039288981865
0.4781585298881448	0.4092030584798154
