WT	KO
0.36161578381165405	0.3728989970948281
0.3677104318534235	0.37078025279315296
0.3413002903390892	0.35594904268142685
0.4489724057436828	0.42798634893838233
0.43678310966014394	0.3962051844132549
0.3900574746732448	0.3856114629048791
0.43272001096563095	0.4025614173182804
0.41443606684032264	0.423748860335032
0.4164676161875791	0.39832392871493005
0.39208902402050133	0.4046801616199555
0.44490930704916987	0.4597675134635097
0.4164676161875791	0.4322238375417326
0.45913015247996525	0.4089176502233059
0.4692878992162477	0.476717467876911
0.47131944856350416	0.47459872357523586
0.4672563498689912	0.4534112805584842
0.487571843341556	0.41315513882665617
0.4428777577019134	0.44069881474843325
0.42662536292386155	0.423748860335032
0.487571843341556	0.48307370078193645
0.4835087446470431	0.45129253625680904
0.487571843341556	0.4173926274300065
0.45913015247996525	0.45764876916183456
0.49976113942509487	0.47459872357523586
0.4550670537854523	0.47247997927356067
0.49366649138332547	0.45764876916183456
0.4306884616183745	0.4343425818434078
0.47335099791076063	0.4534112805584842
0.44490930704916987	0.52968607541879
0.546486774411994	0.5148548653070638
0.5261712809394292	0.476717467876911
0.5627391691900459	0.4851924450836116
0.48147719529978655	0.4555300248601594
0.48960339268881253	0.4322238375417326
0.48960339268881253	0.42798634893838233
0.4977295900778384	0.5000236551953378
0.5282028302866857	0.4915486779886371
0.5282028302866857	0.5360423083238155
0.5627391691900459	0.4597675134635097
0.5871177613571237	0.5275673311171148
0.5322659289811986	0.5127361210053887
0.5647707185373023	0.5339235640221404
0.550549873106507	0.5339235640221404
0.5810231133153543	0.5021423994970129
0.5830546626626107	0.5614672399439175
0.5647707185373023	0.5805359386589938
0.5871177613571237	0.557229751340567
0.5871177613571237	0.46824249067021034
0.5586760704955329	0.49366742229031224
0.5789915639680978	0.516973609608739
0.55461297180102	0.4873111893852868
0.5383605770229681	0.5466360298321913
0.5342974783284551	0.4597675134635097
0.6054017054824321	0.516973609608739
0.5830546626626107	0.6144358474857964
0.5769600146208413	0.5360423083238155
0.6216541002604838	0.6144358474857964
0.5221081822449163	0.5233298425137645
0.6338433963440229	0.5678234728489429
0.6236856496077404	0.5826546829606689
0.6297802976495099	0.5911296601673697
0.6561904391638441	0.5890109158656944
0.6338433963440229	0.5466360298321913
0.6358749456912793	0.5423985412288409
0.6521273404693312	0.5911296601673697
0.5830546626626107	0.5720609614522931
0.6013386067879192	0.5614672399439175
0.5911808600516366	0.5911296601673697
0.5952439587461495	0.5720609614522931
0.6196225509132274	0.610198358882446
0.6175910015659709	0.5805359386589938
0.6054017054824321	0.5381610526254906
0.6561904391638441	0.650454500614274
0.6440011430803052	0.5741797057539684
0.6013386067879192	0.6313858018991977
0.6358749456912793	0.59536714877072
0.6866636793726913	0.6335045462008728
0.7029160741507433	0.6652857107260002
0.668379735247383	0.6674044550276754
0.6582219885111007	0.5974858930723951
0.7171369195815386	0.59536714877072
0.6216541002604838	0.5635859842455926
0.5810231133153543	0.5762984500556435
0.55461297180102	0.5868921715640193
0.4977295900778384	0.4449363033517836
0.48960339268881253	0.47883621217858613
0.5525814224537635	0.45764876916183456
0.5099188861613774	0.48942993368696197
0.546486774411994	0.5508735184355416
0.5830546626626107	0.5381610526254906
0.5688338172318154	0.5487547741338664
0.4672563498689912	0.4491737919551339
0.5810231133153543	0.5890109158656944
0.7333893143595905	0.6928293866477773
0.8695031206257748	0.8135978118432613
0.8187143869443628	0.7415605055863059
0.45100395509093927	0.3856114629048791
0.36974198120067997	0.3517115540780765
0.4835087446470431	0.4915486779886371
0.7415155117486164	0.7309667840779301
0.8288721336806453	0.8284290219549876
0.6704112845946395	0.6695231993293506
0.4652248005217347	0.4555300248601594
0.4692878992162477	0.4173926274300065
0.5322659289811986	0.5360423083238155
0.7963673441245415	0.834785254860013
0.7597994558739248	0.7818166473181339
0.7272946663178211	0.622910824692497
0.672442833941896	0.5657047285472677
0.5099188861613774	0.44281755905010844
0.6054017054824321	0.5868921715640193
0.5119504355086338	0.48307370078193645
0.5403921263702246	0.5508735184355416
0.5342974783284551	0.5084986324020384
0.5038242381196079	0.47459872357523586
0.5383605770229681	0.48095495648026126
0.45303550443819585	0.47247997927356067
0.5424236757174811	0.5233298425137645
0.6175910015659709	0.5762984500556435
0.6541588898165877	0.635623290502548
0.7476101597903858	0.6419795234075735
0.6561904391638441	0.584773427262344
0.6643166365528701	0.6080796145807709
0.6622850872056136	0.622910824692497
0.6297802976495099	0.622910824692497
0.5525814224537635	0.5423985412288409
0.6236856496077404	0.610198358882446
0.6114963535242015	0.635623290502548
0.6480642417748181	0.6313858018991977
0.5932124093988931	0.5868921715640193
0.5627391691900459	0.5318048197204652
0.49569804073058193	0.5127361210053887
0.6318118469967664	0.569942217150618
0.6460326924275617	0.544517285530516
0.5160135342031468	0.5466360298321913
0.5647707185373023	0.5021423994970129
0.5627391691900459	0.49578616659198743
0.5993070574406627	0.5466360298321913
0.6582219885111007	0.5826546829606689
0.5607076198427894	0.610198358882446
0.6155594522187144	0.5614672399439175
0.5850862120098672	0.5233298425137645
0.5708653665790718	0.5678234728489429
0.5932124093988931	0.5190923539104142
0.5119504355086338	0.5360423083238155
0.546486774411994	0.49366742229031224
0.49569804073058193	0.5000236551953378
0.5668022678845589	0.5529922627372167
0.5221081822449163	0.4534112805584842
0.5058557874668644	0.4915486779886371
0.5139819848558903	0.504261143798688
0.5363290276757117	0.5190923539104142
0.5221081822449163	0.5063798881003633
0.48554029399429954	0.43858007044675806
0.42256226422934856	0.4491737919551339
0.5871177613571237	0.5021423994970129
0.5342974783284551	0.544517285530516
0.49569804073058193	0.5212110982120893
0.4692878992162477	0.44069881474843325
0.4672563498689912	0.41103639452498103
0.5302343796339422	0.4534112805584842
0.5586760704955329	0.5254485868154396
0.5789915639680978	0.5063798881003633
0.47131944856350416	0.49578616659198743
0.44694085639642633	0.44281755905010844
0.4835087446470431	0.4555300248601594
0.5302343796339422	0.4851924450836116
0.4835087446470431	0.4618862577651849
0.5139819848558903	0.5106173767037135
0.4977295900778384	0.46400500206686
0.49569804073058193	0.4703612349718855
0.49976113942509487	0.46612374636853515
0.43881465900740046	0.423748860335032
0.45100395509093927	0.44069881474843325
0.4977295900778384	0.41103639452498103
0.4083414187985532	0.43646132614508293
0.45913015247996525	0.44281755905010844
0.43678310966014394	0.42586760463670714
0.43272001096563095	0.4449363033517836
0.39615212271501427	0.3919676958099046
0.44694085639642633	0.45764876916183456
0.39818367206227073	0.38773020720655427
0.3819312772842189	0.43010509324005747
0.4347515603128874	0.40679890592163065
0.4489724057436828	0.4216301160333568
0.4083414187985532	0.37501774139650335
0.37177353054793644	0.3919676958099046
0.3798997279369624	0.36654276418980264
0.4063098694512967	0.4004426730166052
0.35145803707537165	0.33899908826802555
0.4631932511744782	0.4025614173182804
0.4428777577019134	0.3728989970948281
0.3555211357698846	0.3495928097764014
0.41443606684032264	0.3517115540780765
0.44694085639642633	0.3538302983797517
0.3595842344643976	0.42586760463670714
0.3758366292424495	0.31569290094959884
0.3555211357698846	0.33052411106132495
0.38396282663147535	0.358067786983102
0.31489014882475497	0.36230527558645237
