WT	KO
0.6072676974894071	0.6138661197193999
0.539793508879473	0.9646467595590571
0.2698967544397365	0.4384757997995714
0.4723193202695388	0.08769515995991428
0.539793508879473	0.5261709597594857
0.33737094304967064	0.5261709597594857
0.7422160747092753	0.7015612796793143
0.13494837721986824	0.08769515995991428
0.20242256582980236	0.17539031991982856
0.2698967544397365	0.17539031991982856
0.33737094304967064	0.4384757997995714
0.20242256582980236	0.4384757997995714
0.20242256582980236	0.3507806398396571
0.2698967544397365	0.26308547987974285
0.2698967544397365	0.4384757997995714
0.33737094304967064	0.3507806398396571
0.2698967544397365	0.4384757997995714
0.13494837721986824	0.3507806398396571
0.40484513165960473	0.08769515995991428
0.40484513165960473	0.26308547987974285
0.6072676974894071	0.4384757997995714
0.33737094304967064	0.3507806398396571
0.40484513165960473	0.3507806398396571
0.2698967544397365	0.6138661197193999
0.20242256582980236	0.3507806398396571
0.4723193202695388	0.3507806398396571
0.2698967544397365	0.17539031991982856
0.4723193202695388	0.7015612796793143
0.7422160747092753	0.6138661197193999
0.2698967544397365	0.26308547987974285
0.4723193202695388	0.26308547987974285
0.33737094304967064	0.26308547987974285
0.539793508879473	0.4384757997995714
0.7422160747092753	0.7015612796793143
0.4723193202695388	0.3507806398396571
0.20242256582980236	0.26308547987974285
0.40484513165960473	0.3507806398396571
0.20242256582980236	0.3507806398396571
0.20242256582980236	0.26308547987974285
0.6747418860993413	0.7015612796793143
0.4723193202695388	0.7015612796793143
0.4723193202695388	0.4384757997995714
0.4723193202695388	0.4384757997995714
0.2698967544397365	0.3507806398396571
0.6072676974894071	0.3507806398396571
0.40484513165960473	0.26308547987974285
0.6072676974894071	0.5261709597594857
0.4723193202695388	0.8769515995991428
0.40484513165960473	0.4384757997995714
0.33737094304967064	0.5261709597594857
0.33737094304967064	0.6138661197193999
0.33737094304967064	0.17539031991982856
0.4723193202695388	0.3507806398396571
0.4723193202695388	0.6138661197193999
0.2698967544397365	0.26308547987974285
0.13494837721986824	0.17539031991982856
0.06747418860993412	0.5261709597594857
0.4723193202695388	0.5261709597594857
0.33737094304967064	0.8769515995991428
0.6747418860993413	0.6138661197193999
0.539793508879473	0.17539031991982856
0.13494837721986824	0.3507806398396571
0.33737094304967064	0.08769515995991428
0.40484513165960473	0.17539031991982856
0.539793508879473	0.26308547987974285
0.2698967544397365	0.9646467595590571
0.2698967544397365	0.4384757997995714
0.4723193202695388	0.26308547987974285
0.2698967544397365	0.3507806398396571
0.4723193202695388	0.5261709597594857
0.40484513165960473	0.26308547987974285
0.4723193202695388	0.4384757997995714
0.4723193202695388	0.6138661197193999
0.40484513165960473	0.3507806398396571
0.40484513165960473	0.3507806398396571
0.6072676974894071	0.7015612796793143
0.6747418860993413	0.5261709597594857
0.33737094304967064	0.17539031991982856
0.6072676974894071	0.08769515995991428
0.40484513165960473	0.4384757997995714
0.33737094304967064	0.4384757997995714
0.33737094304967064	0.26308547987974285
0.2698967544397365	0.17539031991982856
0.20242256582980236	0.4384757997995714
0.40484513165960473	0.3507806398396571
0.6072676974894071	0.5261709597594857
0.40484513165960473	0.3507806398396571
0.539793508879473	0.4384757997995714
0.4723193202695388	0.17539031991982856
0.13494837721986824	0.0
0.20242256582980236	0.0
0.06747418860993412	0.3507806398396571
0.40484513165960473	0.7015612796793143
0.6072676974894071	0.26308547987974285
0.33737094304967064	0.08769515995991428
0.13494837721986824	0.08769515995991428
0.33737094304967064	0.3507806398396571
0.2698967544397365	0.8769515995991428
0.2698967544397365	0.3507806398396571
0.0	0.08769515995991428
0.2698967544397365	0.4384757997995714
0.33737094304967064	0.0
0.6747418860993413	0.6138661197193999
0.539793508879473	0.4384757997995714
0.4723193202695388	0.3507806398396571
0.40484513165960473	0.5261709597594857
0.7422160747092753	0.5261709597594857
0.6747418860993413	0.8769515995991428
0.539793508879473	0.7892564396392285
0.33737094304967064	0.26308547987974285
0.40484513165960473	0.4384757997995714
0.33737094304967064	0.26308547987974285
0.20242256582980236	0.26308547987974285
0.539793508879473	0.6138661197193999
0.8096902633192095	0.7015612796793143
0.539793508879473	0.8769515995991428
0.2698967544397365	0.08769515995991428
0.13494837721986824	0.08769515995991428
0.2698967544397365	0.3507806398396571
0.40484513165960473	0.6138661197193999
0.539793508879473	0.7892564396392285
0.40484513165960473	0.4384757997995714
0.13494837721986824	0.26308547987974285
0.33737094304967064	0.3507806398396571
0.2698967544397365	0.4384757997995714
0.4723193202695388	0.5261709597594857
0.33737094304967064	0.4384757997995714
0.33737094304967064	0.4384757997995714
0.539793508879473	0.26308547987974285
0.40484513165960473	0.3507806398396571
0.7422160747092753	0.5261709597594857
0.4723193202695388	0.3507806398396571
0.13494837721986824	0.26308547987974285
0.13494837721986824	0.17539031991982856
0.20242256582980236	0.26308547987974285
0.6072676974894071	0.6138661197193999
0.33737094304967064	0.17539031991982856
0.13494837721986824	0.3507806398396571
0.06747418860993412	0.08769515995991428
0.13494837721986824	0.08769515995991428
0.33737094304967064	0.4384757997995714
0.20242256582980236	0.4384757997995714
0.40484513165960473	0.3507806398396571
0.06747418860993412	0.0
0.40484513165960473	0.26308547987974285
0.33737094304967064	0.3507806398396571
0.20242256582980236	0.26308547987974285
0.20242256582980236	0.3507806398396571
0.33737094304967064	0.4384757997995714
0.6747418860993413	0.5261709597594857
0.4723193202695388	0.4384757997995714
0.0	0.17539031991982856
0.2698967544397365	0.3507806398396571
0.2698967544397365	0.5261709597594857
0.33737094304967064	0.6138661197193999
0.20242256582980236	0.26308547987974285
0.13494837721986824	0.08769515995991428
0.539793508879473	0.5261709597594857
0.33737094304967064	0.6138661197193999
0.4723193202695388	0.3507806398396571
0.4723193202695388	0.26308547987974285
0.13494837721986824	0.4384757997995714
0.33737094304967064	0.26308547987974285
0.40484513165960473	0.8769515995991428
0.4723193202695388	0.3507806398396571
0.20242256582980236	0.17539031991982856
0.33737094304967064	0.3507806398396571
0.33737094304967064	0.26308547987974285
0.40484513165960473	0.3507806398396571
0.2698967544397365	0.3507806398396571
0.6072676974894071	0.0
0.13494837721986824	0.17539031991982856
0.40484513165960473	0.3507806398396571
0.40484513165960473	0.3507806398396571
0.40484513165960473	0.08769515995991428
0.6747418860993413	0.7892564396392285
0.20242256582980236	0.17539031991982856
0.2698967544397365	0.17539031991982856
0.40484513165960473	0.26308547987974285
0.13494837721986824	0.3507806398396571
0.20242256582980236	0.17539031991982856
0.06747418860993412	0.08769515995991428
0.33737094304967064	0.5261709597594857
0.4723193202695388	0.4384757997995714
0.33737094304967064	0.26308547987974285
0.40484513165960473	0.26308547987974285
0.33737094304967064	0.3507806398396571
0.13494837721986824	0.17539031991982856
0.2698967544397365	0.26308547987974285
0.539793508879473	0.6138661197193999
0.20242256582980236	0.3507806398396571
0.33737094304967064	0.3507806398396571
0.2698967544397365	0.7015612796793143
0.13494837721986824	0.4384757997995714
0.4723193202695388	0.4384757997995714
0.8096902633192095	0.26308547987974285
0.2698967544397365	0.17539031991982856
0.33737094304967064	0.5261709597594857
0.33737094304967064	0.17539031991982856
0.6072676974894071	0.7015612796793143
