WT	KO
0.1874866772853009	0.18162869150341662
0.19126157682795794	0.18657096882323748
0.17742027850488207	0.2088112167624314
0.20384457530348152	0.20634007810252095
0.2151692739314527	0.20634007810252095
0.19629477621816738	0.22240247939193875
0.20384457530348152	0.17545084485364057
0.19755307606571973	0.20386893944261053
0.15980408063914908	0.2013978007827001
0.19629477621816738	0.18409983016332707
0.20006967576082446	0.20757564743247617
0.20636117499858622	0.20757564743247617
0.20761947484613857	0.2100467860923866
0.212652674236348	0.2088112167624314
0.22146077316921448	0.20386893944261053
0.20384457530348152	0.2273447567117596
0.20761947484613857	0.2112823554223418
0.212652674236348	0.22981589537167002
0.20761947484613857	0.20386893944261053
0.20258627545592914	0.2026333701126553
0.21768587362655742	0.22858032604171483
0.22901057225452862	0.24217158867122218
0.2327854717971857	0.23228703403158046
0.22775227240697624	0.24587829666108785
0.23907697103494746	0.22240247939193875
0.2264939725594239	0.24587829666108785
0.21013607454124328	0.2508205739809087
0.2378186711873951	0.20634007810252095
0.20636117499858622	0.22610918738180438
0.20887777469369093	0.21375349408225225
0.21139437438879563	0.22116691006198352
0.212652674236348	0.23228703403158046
0.21642757377900507	0.2273447567117596
0.21391097408390036	0.21251792475229703
0.20258627545592914	0.23105146470162524
0.23907697103494746	0.2495850046509535
0.2327854717971857	0.23105146470162524
0.22020247332166212	0.2347581726914909
0.24285187057760452	0.240936019341267
0.23656037133984273	0.20510450877256572
0.2151692739314527	0.23722931135140132
0.24536847027270925	0.23722931135140132
0.2629846681384422	0.22981589537167002
0.2378186711873951	0.23228703403158046
0.22523567271187156	0.23228703403158046
0.2327854717971857	0.2174602020721179
0.22775227240697624	0.240936019341267
0.2655012678335469	0.27800309923992345
0.26046806844333753	0.2569984206306848
0.23530207149229038	0.22487361805184916
0.2327854717971857	0.22610918738180438
0.2566931689006804	0.24834943532099826
0.23026887210208097	0.2681185446002817
0.2755676666139657	0.2718252525901474
0.27179276707130867	0.23352260336153569
0.24788506996781393	0.2495850046509535
0.23907697103494746	0.2495850046509535
0.25417656920557574	0.2656474059403713
0.2755676666139657	0.2619406979505057
0.28311746569927987	0.275531960580013
0.28060086600417516	0.2903587925394756
0.27934256615662284	0.28170980722978906
0.25291826935802336	0.24711386599104307
0.28060086600417516	0.28170980722978906
0.2655012678335469	0.26441183661041606
0.25291826935802336	0.26441183661041606
0.25417656920557574	0.27429639125005784
0.28060086600417516	0.26935411393023695
0.2818591658517275	0.25576285130072957
0.28060086600417516	0.2854165152196547
0.26675956768109926	0.25576285130072957
0.26424296798599456	0.2829453765597443
0.2592097685957851	0.2854165152196547
0.2491433698153663	0.2668829752703265
0.29821706386990815	0.28788765387956516
0.25291826935802336	0.2705896832601921
0.28060086600417516	0.26317626728046084
0.2881506650894893	0.27429639125005784
0.28563406539438463	0.2854165152196547
0.28563406539438463	0.275531960580013
0.26927616737620397	0.2718252525901474
0.26046806844333753	0.26935411393023695
0.28563406539438463	0.3002433471791173
0.28689236524193695	0.2915943618694308
0.27179276707130867	0.2668829752703265
0.24285187057760452	0.26935411393023695
0.25417656920557574	0.2767675299099682
0.28563406539438463	0.2656474059403713
0.25165996951047104	0.2854165152196547
0.29192556463214636	0.2767675299099682
0.30325026326011756	0.2915943618694308
0.3108000623454317	0.3076567631588486
0.25291826935802336	0.24711386599104307
0.31457496188808876	0.30395005516898294
0.33093285990626936	0.34843055104737075
0.3108000623454317	0.28788765387956516
0.26046806844333753	0.24834943532099826
0.17238707911467263	0.16433072088404363
0.28689236524193695	0.3002433471791173
0.43788834694821954	0.4163868641949075
0.32212476097340287	0.3261903031081768
0.39007295274123005	0.3941466162557137
0.30954176249787935	0.2990077778491621
0.15854578079159676	0.1680374288739093
0.2264939725594239	0.23722931135140132
0.29570046417480345	0.2990077778491621
0.35232395731465943	0.3348392884178633
0.3170915615831935	0.3088923324888038
0.26424296798599456	0.24834943532099826
0.28563406539438463	0.2569984206306848
0.28311746569927987	0.2841809458896995
0.2566931689006804	0.28912322320952033
0.23907697103494746	0.2434071580011774
0.25165996951047104	0.2607051286205504
0.28689236524193695	0.2718252525901474
0.26046806844333753	0.2656474059403713
0.28689236524193695	0.28788765387956516
0.30199196341256523	0.2854165152196547
0.28311746569927987	0.2804742378998339
0.26172636829088985	0.2705896832601921
0.290667264784594	0.28665208454960994
0.29570046417480345	0.275531960580013
0.29318386447969874	0.3014789165090725
0.27808426630907046	0.3064211938288934
0.25417656920557574	0.25576285130072957
0.28437576554683225	0.26441183661041606
0.26927616737620397	0.2619406979505057
0.28311746569927987	0.2990077778491621
0.28940896493704166	0.2990077778491621
0.27934256615662284	0.29530106985929644
0.29192556463214636	0.3002433471791173
0.28689236524193695	0.2619406979505057
0.2629846681384422	0.2841809458896995
0.24788506996781393	0.2990077778491621
0.26172636829088985	0.2841809458896995
0.28311746569927987	0.27306082192010256
0.26424296798599456	0.2569984206306848
0.2743093667664134	0.24587829666108785
0.2655012678335469	0.2532917126408191
0.24411017042515687	0.2508205739809087
0.28689236524193695	0.25576285130072957
0.26801786752865164	0.26317626728046084
0.27305106691886105	0.28665208454960994
0.24662677012026157	0.2495850046509535
0.27179276707130867	0.23722931135140132
0.24033527088249979	0.2607051286205504
0.26046806844333753	0.2508205739809087
0.26675956768109926	0.2495850046509535
0.24411017042515687	0.24217158867122218
0.2378186711873951	0.25946955929059523
0.23656037133984273	0.24464272733113263
0.23656037133984273	0.23970045001131177
0.25165996951047104	0.2718252525901474
0.2655012678335469	0.2495850046509535
0.24159357073005217	0.23846488068135654
0.23656037133984273	0.240936019341267
0.23907697103494746	0.2705896832601921
0.25795146874823277	0.24464272733113263
0.2378186711873951	0.23722931135140132
0.22901057225452862	0.23722931135140132
0.2327854717971857	0.22858032604171483
0.23907697103494746	0.24834943532099826
0.24033527088249979	0.22981589537167002
0.23404377164473802	0.23105146470162524
0.24033527088249979	0.22981589537167002
0.212652674236348	0.2162246327421627
0.23026887210208097	0.22240247939193875
0.22901057225452862	0.2347581726914909
0.2151692739314527	0.2026333701126553
0.20258627545592914	0.22240247939193875
0.21139437438879563	0.2100467860923866
0.24411017042515687	0.22981589537167002
0.22523567271187156	0.2347581726914909
0.19881137591327208	0.23228703403158046
0.20636117499858622	0.2199313407320283
0.20636117499858622	0.22610918738180438
0.23404377164473802	0.23228703403158046
0.22020247332166212	0.2273447567117596
0.20636117499858622	0.23352260336153569
0.21391097408390036	0.22610918738180438
0.20258627545592914	0.19769109279283445
0.20636117499858622	0.18039312217346143
0.19755307606571973	0.17174413686377493
0.20761947484613857	0.20386893944261053
0.21013607454124328	0.19645552346287923
0.21391097408390036	0.2026333701126553
0.20006967576082446	0.2026333701126553
0.20761947484613857	0.2026333701126553
0.16483728002935852	0.19892666212278964
0.17490367880977734	0.195219954132924
0.20258627545592914	0.18162869150341662
0.18497007759019618	0.21375349408225225
0.22146077316921448	0.19274881547301356
0.21768587362655742	0.21251792475229703
0.20258627545592914	0.195219954132924
0.19503647637061503	0.2013978007827001
0.18119517804753912	0.18904210748314793
0.21013607454124328	0.20757564743247617
0.19629477621816738	0.20386893944261053
0.17238707911467263	0.2013978007827001
