WT	KO
0.13761224696413482	0.168907943629105
0.1643701838738277	0.19142900277965233
0.18730555836785018	0.168907943629105
0.22553118252455429	0.18392198306280322
0.16819274628949812	0.22896410136389786
0.1911281207835206	0.23271761122232246
0.2293537449402247	0.24022463093917157
0.1911281207835206	0.22145708164704878
0.17583787112083896	0.19893602249650144
0.21024093286187265	0.19893602249650144
0.24846655701857678	0.19142900277965233
0.21024093286187265	0.21395006193019966
0.20259580803053182	0.2177035717886242
0.1911281207835206	0.1764149633459541
0.1911281207835206	0.18767549292122776
0.1987732456148614	0.17266145348752956
0.18730555836785018	0.1764149633459541
0.17583787112083896	0.236471121080747
0.20259580803053182	0.22896410136389786
0.21788605769321348	0.2177035717886242
0.23317630735589512	0.23271761122232246
0.23317630735589512	0.202689532354926
0.20259580803053182	0.18392198306280322
0.1720153087051685	0.19518251263807687
0.20259580803053182	0.22521059150547332
0.20641837044620226	0.22896410136389786
0.23699886977156553	0.21395006193019966
0.18730555836785018	0.18016847320437868
0.17583787112083896	0.21395006193019966
0.2675793690969288	0.22145708164704878
0.259934244265588	0.2664991999481434
0.17583787112083896	0.21019655207177512
0.20259580803053182	0.236471121080747
0.20259580803053182	0.2439781407975961
0.2293537449402247	0.22145708164704878
0.24464399460290637	0.2552386703728698
0.21024093286187265	0.25899218023129433
0.1720153087051685	0.236471121080747
0.21024093286187265	0.23271761122232246
0.24846655701857678	0.20644304221335055
0.22553118252455429	0.24022463093917157
0.24846655701857678	0.18016847320437868
0.20259580803053182	0.19142900277965233
0.21788605769321348	0.22896410136389786
0.2293537449402247	0.22145708164704878
0.20641837044620226	0.22145708164704878
0.259934244265588	0.2815132393818417
0.259934244265588	0.2664991999481434
0.24082143218723595	0.24773165065602065
0.23317630735589512	0.2627456900897189
0.1911281207835206	0.22145708164704878
0.2293537449402247	0.24022463093917157
0.24082143218723595	0.2177035717886242
0.2217086201088839	0.24773165065602065
0.2675793690969288	0.2815132393818417
0.24464399460290637	0.2627456900897189
0.27904705634394006	0.25899218023129433
0.24464399460290637	0.2815132393818417
0.23699886977156553	0.236471121080747
0.24082143218723595	0.27025270980656796
0.2675793690969288	0.236471121080747
0.2828696187596104	0.2552386703728698
0.2637568066812584	0.304034298532389
0.2675793690969288	0.27025270980656796
0.2866921811752809	0.27025270980656796
0.27904705634394006	0.2740062196649925
0.3096275556693034	0.304034298532389
0.25611168184991756	0.30778780839081354
0.24082143218723595	0.2627456900897189
0.2828696187596104	0.3415693971166346
0.3096275556693034	0.2664991999481434
0.2828696187596104	0.2965272788155399
0.3096275556693034	0.236471121080747
0.24464399460290637	0.3190483379660872
0.2637568066812584	0.2815132393818417
0.2828696187596104	0.2777597295234171
0.23317630735589512	0.24773165065602065
0.2828696187596104	0.2890202590986908
0.24464399460290637	0.2927737689571153
0.194950683199191	0.3115413182492381
0.259934244265588	0.34532290697505913
0.27522449392826964	0.2627456900897189
0.305804993253633	0.2514851605144452
0.2637568066812584	0.2965272788155399
0.2828696187596104	0.22145708164704878
0.22553118252455429	0.22521059150547332
0.1987732456148614	0.22896410136389786
0.2522891194342472	0.236471121080747
0.27522449392826964	0.2552386703728698
0.2637568066812584	0.3115413182492381
0.20259580803053182	0.21019655207177512
0.324917805331985	0.2890202590986908
0.33638549257899625	0.2890202590986908
0.37078855432002994	0.30028078867396446
0.23317630735589512	0.24773165065602065
0.10320918522310113	0.09008423660218934
0.259934244265588	0.2777597295234171
0.2217086201088839	0.2815132393818417
0.3096275556693034	0.33030886754136085
0.23699886977156553	0.2439781407975961
0.17966043353650937	0.18392198306280322
0.24846655701857678	0.24773165065602065
0.31345011808497375	0.28526674924026624
0.2293537449402247	0.2777597295234171
0.2866921811752809	0.2664991999481434
0.17583787112083896	0.16140092391225588
0.259934244265588	0.24022463093917157
0.3096275556693034	0.3115413182492381
0.35549830465734833	0.2927737689571153
0.2866921811752809	0.2815132393818417
0.21024093286187265	0.23271761122232246
0.259934244265588	0.32280184782451177
0.27904705634394006	0.2740062196649925
0.2675793690969288	0.24773165065602065
0.2675793690969288	0.2664991999481434
0.3516757422416779	0.304034298532389
0.37461111673570036	0.3415693971166346
0.2943373060066217	0.2815132393818417
0.2828696187596104	0.21395006193019966
0.2675793690969288	0.32280184782451177
0.33256293016332583	0.2514851605144452
0.305804993253633	0.3115413182492381
0.36314342948868916	0.2890202590986908
0.33256293016332583	0.28526674924026624
0.27904705634394006	0.28526674924026624
0.31345011808497375	0.31529482810766263
0.27904705634394006	0.34532290697505913
0.305804993253633	0.304034298532389
0.27904705634394006	0.2664991999481434
0.27522449392826964	0.2927737689571153
0.27522449392826964	0.2927737689571153
0.2905147435909513	0.28526674924026624
0.31727268050064417	0.2627456900897189
0.29815986842229214	0.2927737689571153
0.305804993253633	0.3265553576829363
0.2522891194342472	0.30028078867396446
0.23699886977156553	0.24022463093917157
0.305804993253633	0.30778780839081354
0.259934244265588	0.2740062196649925
0.2637568066812584	0.27025270980656796
0.23699886977156553	0.2815132393818417
0.21788605769321348	0.22896410136389786
0.2714019315125992	0.2740062196649925
0.27522449392826964	0.2627456900897189
0.21788605769321348	0.23271761122232246
0.23317630735589512	0.2627456900897189
0.23699886977156553	0.23271761122232246
0.23317630735589512	0.21019655207177512
0.23699886977156553	0.2740062196649925
0.27522449392826964	0.27025270980656796
0.2675793690969288	0.27025270980656796
0.27522449392826964	0.22521059150547332
0.2637568066812584	0.23271761122232246
0.27522449392826964	0.2552386703728698
0.2675793690969288	0.30028078867396446
0.2293537449402247	0.24773165065602065
0.25611168184991756	0.22145708164704878
0.194950683199191	0.2740062196649925
0.24846655701857678	0.2552386703728698
0.2293537449402247	0.23271761122232246
0.2522891194342472	0.22896410136389786
0.21788605769321348	0.19893602249650144
0.21024093286187265	0.19518251263807687
0.2217086201088839	0.19893602249650144
0.21406349527754306	0.202689532354926
0.24846655701857678	0.22896410136389786
0.24082143218723595	0.236471121080747
0.194950683199191	0.2740062196649925
0.21406349527754306	0.19142900277965233
0.2217086201088839	0.21395006193019966
0.24082143218723595	0.236471121080747
0.22553118252455429	0.22145708164704878
0.23699886977156553	0.2177035717886242
0.21024093286187265	0.20644304221335055
0.24846655701857678	0.18392198306280322
0.20641837044620226	0.2627456900897189
0.21406349527754306	0.22521059150547332
0.23699886977156553	0.22521059150547332
0.1911281207835206	0.16515443377068043
0.16819274628949812	0.19893602249650144
0.21788605769321348	0.23271761122232246
0.23699886977156553	0.21019655207177512
0.21788605769321348	0.1764149633459541
0.18730555836785018	0.18767549292122776
0.16819274628949812	0.19518251263807687
0.1911281207835206	0.2177035717886242
0.18348299595217976	0.18016847320437868
0.1911281207835206	0.168907943629105
0.21024093286187265	0.18392198306280322
0.194950683199191	0.21019655207177512
0.21406349527754306	0.19893602249650144
0.16819274628949812	0.19142900277965233
0.18730555836785018	0.18767549292122776
0.18348299595217976	0.21019655207177512
0.17966043353650937	0.15764741405383131
0.17583787112083896	0.15764741405383131
0.1720153087051685	0.18767549292122776
0.17583787112083896	0.21395006193019966
0.20641837044620226	0.22521059150547332
0.194950683199191	0.1764149633459541
