WT	KO
0.22425699505266414	0.24279113340647038
0.1696302911295793	0.18632807912589588
0.19550609825104054	0.21738275898021187
0.1696302911295793	0.20326699541006824
0.1926310085708782	0.19479753726798205
0.18400573953039112	0.2089133008381257
0.16388011176925457	0.1976206899820108
0.18400573953039112	0.1778586209838097
0.18688082921055346	0.19479753726798205
0.20413136729152764	0.2230290644082693
0.15812993240892984	0.18632807912589588
0.20700645697168998	0.20326699541006824
0.18400573953039112	0.1778586209838097
0.21275663633201472	0.16091970469963734
0.20988154665185235	0.17503546826978097
0.13800430464779334	0.24279113340647038
0.18688082921055346	0.20044384269603951
0.18113064985022875	0.19197438455395333
0.23000717441298887	0.18350492641186714
0.2271320847328265	0.20326699541006824
0.18975591889071583	0.17221231555575225
0.23000717441298887	0.22585221712229805
0.23288226409315124	0.18068177369783844
0.18113064985022875	0.1891512318399246
0.14950466336844276	0.23432167526438422
0.1926310085708782	0.2117364535521544
0.21563172601217706	0.1778586209838097
0.20988154665185235	0.23432167526438422
0.18975591889071583	0.2230290644082693
0.19550609825104054	0.1976206899820108
0.18975591889071583	0.20326699541006824
0.20125627761136528	0.18068177369783844
0.23863244345347598	0.23996798069244166
0.18400573953039112	0.2766689659748151
0.1926310085708782	0.17221231555575225
0.21275663633201472	0.16374285741366607
0.20125627761136528	0.19197438455395333
0.2530078918542878	0.28513842411690127
0.17825556017006638	0.21738275898021187
0.2357573537733136	0.2230290644082693
0.2213819053725018	0.27384581326078633
0.15812993240892984	0.1891512318399246
0.20700645697168998	0.2540837442625853
0.1983811879312029	0.21738275898021187
0.20700645697168998	0.24561428612049913
0.23000717441298887	0.2314985225503555
0.23000717441298887	0.2089133008381257
0.18975591889071583	0.20609014812409696
0.2271320847328265	0.22585221712229805
0.23863244345347598	0.2230290644082693
0.2357573537733136	0.23996798069244166
0.3076345957773726	0.25126059154855657
0.27025842993526195	0.2540837442625853
0.25588298153445016	0.26255320240467145
0.23288226409315124	0.27102266054675767
0.27025842993526195	0.30207734040107365
0.310509685457535	0.2653763551187002
0.2271320847328265	0.26255320240467145
0.2673833402550996	0.2766689659748151
0.3306353132186715	0.29643103497301615
0.2875089680162361	0.2907847295449587
0.28463387833607373	0.24843743883452785
0.1926310085708782	0.24561428612049913
0.23000717441298887	0.23432167526438422
0.2587580712146125	0.2766689659748151
0.31625986481785967	0.22867536983632678
0.27025842993526195	0.2794921186888438
0.23000717441298887	0.2540837442625853
0.2587580712146125	0.2794921186888438
0.33638549257899625	0.33877832568344707
0.3076345957773726	0.2907847295449587
0.1983811879312029	0.2653763551187002
0.23288226409315124	0.27384581326078633
0.2443826228138007	0.25126059154855657
0.2443826228138007	0.33030886754136085
0.26163316089477484	0.30207734040107365
0.3018844164170479	0.24561428612049913
0.3076345957773726	0.26819950783272895
0.25588298153445016	0.25126059154855657
0.2673833402550996	0.21455960626618314
0.2530078918542878	0.3105467985431598
0.23000717441298887	0.27102266054675767
0.2443826228138007	0.20326699541006824
0.23000717441298887	0.20609014812409696
0.2271320847328265	0.21738275898021187
0.20700645697168998	0.21455960626618314
0.24725771249396306	0.24561428612049913
0.2501328021741254	0.20044384269603951
0.29325914737656084	0.31901625668524597
0.2501328021741254	0.26819950783272895
0.16388011176925457	0.16656601012769479
0.33638549257899625	0.35854039468164817
0.2673833402550996	0.31336995125718853
0.2673833402550996	0.2540837442625853
0.14087939432795568	0.20326699541006824
0.25588298153445016	0.18068177369783844
0.3392605822591586	0.35289408925359067
0.3766367481012693	0.3444246311115045
0.20125627761136528	0.17221231555575225
0.11212849752633207	0.14398078841546502
0.11500358720649444	0.10163349770503412
0.17250538080974168	0.18068177369783844
0.2990093267368855	0.38394876910790665
0.3622612997004575	0.32466256211330347
0.18688082921055346	0.23996798069244166
0.15812993240892984	0.14962709384352246
0.2731335196154243	0.26819950783272895
0.3392605822591586	0.3416014783974758
0.34501076161948335	0.3641867001097056
0.15237975304860513	0.19197438455395333
0.2645082505749372	0.2653763551187002
0.31625986481785967	0.33313202025538957
0.2875089680162361	0.28231527140287255
0.2760086092955867	0.23996798069244166
0.1926310085708782	0.27102266054675767
0.24725771249396306	0.2230290644082693
0.20700645697168998	0.16656601012769479
0.20700645697168998	0.24279113340647038
0.2501328021741254	0.256906896976614
0.2213819053725018	0.24561428612049913
0.2673833402550996	0.27384581326078633
0.2501328021741254	0.20044384269603951
0.2673833402550996	0.26819950783272895
0.27025842993526195	0.29643103497301615
0.28463387833607373	0.2540837442625853
0.23000717441298887	0.29360788225898743
0.21850681569233943	0.2117364535521544
0.23000717441298887	0.27384581326078633
0.28175878865591136	0.2907847295449587
0.29325914737656084	0.25126059154855657
0.22425699505266414	0.2314985225503555
0.20125627761136528	0.20326699541006824
0.24725771249396306	0.26819950783272895
0.2443826228138007	0.28513842411690127
0.21850681569233943	0.23996798069244166
0.23000717441298887	0.24561428612049913
0.2357573537733136	0.20044384269603951
0.22425699505266414	0.2117364535521544
0.1926310085708782	0.2540837442625853
0.2530078918542878	0.24279113340647038
0.23863244345347598	0.25973004969064273
0.21850681569233943	0.23996798069244166
0.19550609825104054	0.19479753726798205
0.23000717441298887	0.24843743883452785
0.2357573537733136	0.2230290644082693
0.26163316089477484	0.24279113340647038
0.24150753313363835	0.22867536983632678
0.2213819053725018	0.22585221712229805
0.23863244345347598	0.27102266054675767
0.24150753313363835	0.23996798069244166
0.24150753313363835	0.2089133008381257
0.21563172601217706	0.23714482797841294
0.2501328021741254	0.23714482797841294
0.1983811879312029	0.20044384269603951
0.2357573537733136	0.25126059154855657
0.29038405769639847	0.20044384269603951
0.17250538080974168	0.20326699541006824
0.1926310085708782	0.19479753726798205
0.24150753313363835	0.19197438455395333
0.23863244345347598	0.24843743883452785
0.25588298153445016	0.2089133008381257
0.2673833402550996	0.22585221712229805
0.2213819053725018	0.24279113340647038
0.2357573537733136	0.20044384269603951
0.23288226409315124	0.26819950783272895
0.23288226409315124	0.20326699541006824
0.1696302911295793	0.16938916284172353
0.17250538080974168	0.19479753726798205
0.18688082921055346	0.2230290644082693
0.18975591889071583	0.1778586209838097
0.21850681569233943	0.24843743883452785
0.22425699505266414	0.1976206899820108
0.21850681569233943	0.2089133008381257
0.17250538080974168	0.22020591169424059
0.20700645697168998	0.20609014812409696
0.22425699505266414	0.17221231555575225
0.1696302911295793	0.20609014812409696
0.1696302911295793	0.17221231555575225
0.1926310085708782	0.2089133008381257
0.1552548427287675	0.20326699541006824
0.18688082921055346	0.16938916284172353
0.2271320847328265	0.24561428612049913
0.18113064985022875	0.1976206899820108
0.27025842993526195	0.18632807912589588
0.21563172601217706	0.18632807912589588
0.1696302911295793	0.1891512318399246
0.1552548427287675	0.20326699541006824
0.18113064985022875	0.2230290644082693
0.17250538080974168	0.22020591169424059
0.17250538080974168	0.22020591169424059
0.15812993240892984	0.15809655198560862
0.1667552014494169	0.1976206899820108
0.19550609825104054	0.2117364535521544
0.18975591889071583	0.23996798069244166
0.14087939432795568	0.1552733992715799
0.14087939432795568	0.16091970469963734
0.20988154665185235	0.1778586209838097
0.17825556017006638	0.2230290644082693
0.12937903560730624	0.14115763570143627
0.1610050220890922	0.16374285741366607
