WT	KO
0.1903233708012742	0.18905836497433157
0.17040580874067573	0.15863517980604833
0.196962558154807	0.1629813491158031
0.1549143715824325	0.14559667187678407
0.17704499609420854	0.1825391110096994
0.17261887119185335	0.2020968729035958
0.18811030835009657	0.1847121956645768
0.16819274628949812	0.18905836497433157
0.17704499609420854	0.1825391110096994
0.2190931826665831	0.18905836497433157
0.18368418344774137	0.1847121956645768
0.1903233708012742	0.19775070359384106
0.21024093286187265	0.19123144962920893
0.20360174550833982	0.17384677239018992
0.17483193364303096	0.1847121956645768
0.1947494957036294	0.21078921152310529
0.19917562060598462	0.1825391110096994
0.1659796838383205	0.18688528031945417
0.19917562060598462	0.2260008041072469
0.17483193364303096	0.1847121956645768
0.196962558154807	0.18688528031945417
0.1903233708012742	0.1955776189389637
0.19917562060598462	0.21513538083286005
0.20802787041069504	0.20861612686822792
0.196962558154807	0.2020968729035958
0.20360174550833982	0.19123144962920893
0.1947494957036294	0.21078921152310529
0.19917562060598462	0.20644304221335055
0.21466705776422787	0.2173084654877374
0.2345846198248263	0.2173084654877374
0.21466705776422787	0.2433854813462659
0.18368418344774137	0.21078921152310529
0.20138868305716223	0.19775070359384106
0.21466705776422787	0.24990473531089805
0.2345846198248263	0.20861612686822792
0.21688012021540548	0.20644304221335055
0.23679768227600395	0.2173084654877374
0.20581480795951743	0.23252005807187906
0.1947494957036294	0.18688528031945417
0.2279454324712935	0.2260008041072469
0.20138868305716223	0.21513538083286005
0.2257323700201159	0.2607701585852849
0.23679768227600395	0.23903931203651116
0.1947494957036294	0.20861612686822792
0.20802787041069504	0.21513538083286005
0.20802787041069504	0.2281738887621243
0.2279454324712935	0.21948155014261478
0.22130624511776067	0.21513538083286005
0.21466705776422787	0.19775070359384106
0.23679768227600395	0.24990473531089805
0.2788458688483785	0.2433854813462659
0.25892830678778	0.2542509046206528
0.25007605698306956	0.25207781996577544
0.21688012021540548	0.23252005807187906
0.2345846198248263	0.23903931203651116
0.25007605698306956	0.26511632789503964
0.25007605698306956	0.2694624972047944
0.25892830678778	0.23034697341700167
0.21466705776422787	0.2433854813462659
0.22130624511776067	0.21513538083286005
0.23901074472718153	0.23034697341700167
0.26999361904366803	0.26728941254991706
0.24343686962953676	0.2346931427267564
0.28327199375073364	0.2542509046206528
0.25892830678778	0.2716355818596718
0.28105893129955606	0.24555856600114329
0.2522891194342472	0.2694624972047944
0.2545021818854248	0.2607701585852849
0.27220668149484567	0.2694624972047944
0.30097649336015453	0.28467408978893605
0.24786299453189195	0.2607701585852849
0.2522891194342472	0.2607701585852849
0.2257323700201159	0.23252005807187906
0.24564993208071437	0.24990473531089805
0.26999361904366803	0.2716355818596718
0.2766328063972009	0.26511632789503964
0.29212424355544414	0.2716355818596718
0.24343686962953676	0.28032792047918126
0.2522891194342472	0.25207781996577544
0.29655036845779936	0.22382771945236954
0.26999361904366803	0.27380866651454916
0.25007605698306956	0.27380866651454916
0.28327199375073364	0.2868471744438134
0.23901074472718153	0.26294324324016227
0.29212424355544414	0.24990473531089805
0.22351930756893829	0.27380866651454916
0.2987634309089769	0.2694624972047944
0.2899111811042665	0.2868471744438134
0.27441974394602325	0.26294324324016227
0.24786299453189195	0.28032792047918126
0.22351930756893829	0.20861612686822792
0.17040580874067573	0.16950060308043519
0.18147112099656376	0.1629813491158031
0.12393149726594598	0.14776975653166144
0.2190931826665831	0.24121239669138855
0.2545021818854248	0.24555856600114329
0.20581480795951743	0.2020968729035958
0.20802787041069504	0.1955776189389637
0.2190931826665831	0.2020968729035958
0.17483193364303096	0.1542890104962936
0.14163599687536682	0.1521159258414162
0.15048824668007726	0.15646209515117093
0.21024093286187265	0.2260008041072469
0.2545021818854248	0.26511632789503964
0.2323715573736487	0.22165463479749217
0.24122380717835915	0.2346931427267564
0.2257323700201159	0.24121239669138855
0.1571274340336101	0.14559667187678407
0.13499680952183402	0.1847121956645768
0.17040580874067573	0.1825391110096994
0.2345846198248263	0.2368662273816338
0.3341724301278186	0.26294324324016227
0.2788458688483785	0.2868471744438134
0.30540261826250975	0.3085780209925872
0.2766328063972009	0.26511632789503964
0.27220668149484567	0.23252005807187906
0.34302467993252905	0.26511632789503964
0.3164679305183978	0.28032792047918126
0.2943373060066217	0.2998856823730776
0.26335443169013517	0.2433854813462659
0.29655036845779936	0.2694624972047944
0.29655036845779936	0.27380866651454916
0.24786299453189195	0.26294324324016227
0.3231071178719306	0.29771259771820024
0.28327199375073364	0.3085780209925872
0.28327199375073364	0.26728941254991706
0.2301584949224711	0.2694624972047944
0.2522891194342472	0.2607701585852849
0.2279454324712935	0.2694624972047944
0.2522891194342472	0.26511632789503964
0.2545021818854248	0.26294324324016227
0.29212424355544414	0.27380866651454916
0.22130624511776067	0.25207781996577544
0.28327199375073364	0.23903931203651116
0.2567152443366024	0.2368662273816338
0.25892830678778	0.2607701585852849
0.2522891194342472	0.23903931203651116
0.25892830678778	0.23034697341700167
0.21466705776422787	0.24555856600114329
0.25892830678778	0.2890202590986908
0.25892830678778	0.22382771945236954
0.23679768227600395	0.26511632789503964
0.2345846198248263	0.23903931203651116
0.2345846198248263	0.2281738887621243
0.25007605698306956	0.2781548358243039
0.2788458688483785	0.2759817511694265
0.2943373060066217	0.2694624972047944
0.24343686962953676	0.2607701585852849
0.26114136923895764	0.2542509046206528
0.2854850562019113	0.24773165065602065
0.2545021818854248	0.2607701585852849
0.25892830678778	0.24555856600114329
0.2190931826665831	0.25207781996577544
0.23679768227600395	0.23252005807187906
0.24786299453189195	0.23252005807187906
0.2943373060066217	0.25207781996577544
0.2522891194342472	0.26728941254991706
0.23901074472718153	0.26511632789503964
0.23679768227600395	0.24555856600114329
0.2545021818854248	0.25207781996577544
0.2345846198248263	0.2585970739304075
0.19917562060598462	0.24555856600114329
0.20138868305716223	0.19775070359384106
0.2190931826665831	0.23252005807187906
0.2323715573736487	0.22382771945236954
0.2279454324712935	0.2173084654877374
0.24786299453189195	0.22165463479749217
0.24343686962953676	0.24773165065602065
0.2257323700201159	0.2020968729035958
0.23901074472718153	0.2346931427267564
0.1947494957036294	0.22382771945236954
0.19253643325245182	0.21296229617798268
0.20360174550833982	0.21513538083286005
0.2567152443366024	0.2585970739304075
0.23901074472718153	0.2281738887621243
0.2190931826665831	0.2281738887621243
0.21466705776422787	0.1934045342840863
0.20138868305716223	0.1760198570450673
0.21466705776422787	0.24773165065602065
0.21688012021540548	0.21513538083286005
0.2190931826665831	0.2042699575584732
0.21024093286187265	0.1955776189389637
0.21245399531305023	0.2020968729035958
0.19917562060598462	0.21948155014261478
0.23901074472718153	0.26511632789503964
0.2257323700201159	0.23252005807187906
0.21466705776422787	0.20644304221335055
0.20138868305716223	0.19775070359384106
0.17925805854538615	0.1825391110096994
0.2190931826665831	0.20861612686822792
0.23901074472718153	0.23034697341700167
0.21466705776422787	0.24990473531089805
0.19917562060598462	0.19123144962920893
0.18589724589891896	0.1955776189389637
0.19253643325245182	0.1608082644609257
0.20581480795951743	0.2173084654877374
0.20581480795951743	0.21078921152310529
0.196962558154807	0.2346931427267564
0.22130624511776067	0.19775070359384106
0.1947494957036294	0.1955776189389637
