WT	KO
0.43841917985821355	0.4137657680835344
0.4286765314169199	0.46203844102661346
0.5066177189472689	0.49651892170024126
0.6332721486840863	0.49651892170024126
0.5066177189472689	0.4413501526224367
0.6235295002427926	0.4482462487571623
0.5163603673885626	0.4482462487571623
0.5358456642711499	0.4068696719488088
0.5163603673885626	0.4551423448918879
0.5066177189472689	0.4551423448918879
0.5553309611537371	0.5103111139696924
0.6332721486840863	0.5723759791822226
0.5261030158298563	0.5516876907780458
0.5650736095950307	0.4827267294307901
0.4286765314169199	0.4482462487571623
0.4481618282995072	0.46203844102661346
0.5650736095950307	0.42755796035298554
0.5748162580363244	0.6275447482600273
0.5748162580363244	0.6758174212031062
0.5553309611537371	0.49651892170024126
0.5943015549189117	0.5172072101044181
0.399448586093039	0.4896228255655157
0.5455883127124436	0.5930642675863993
0.6819853908905543	0.6758174212031062
0.5455883127124436	0.6827135173378318
0.5748162580363244	0.6482330366642038
0.5358456642711499	0.6689213250683806
0.5261030158298563	0.5516876907780458
0.6332721486840863	0.6068564598558505
0.6332721486840863	0.5378954985085947
0.6235295002427926	0.662025228933655
0.7404412815383162	0.6413369405294783
0.691728039331848	0.7792588632239899
0.7014706877731417	0.7034018057420085
0.613786851801499	0.5999603637211249
0.5455883127124436	0.5930642675863993
0.6430147971253799	0.6068564598558505
0.6527574455666736	0.6344408443947527
0.720955984655729	0.7102979018767341
0.6527574455666736	0.5930642675863993
0.5845589064776181	0.5861681714516738
0.5650736095950307	0.6896096134725573
0.8281251175099589	0.7723627670892642
0.8963236565990144	0.8689081129754223
0.9645221956880698	0.8344276323017944
0.798897172186078	0.6827135173378318
0.6332721486840863	0.6551291327989295
0.7306986330970227	0.5792720753169481
0.7404412815383162	0.7240900941461852
0.7306986330970227	0.7171939980114596
0.6527574455666736	0.6689213250683806
0.6722427424492607	0.6689213250683806
0.7696692268621972	0.7102979018767341
0.8281251175099589	0.7723627670892642
0.8865810081577208	0.8137393438976176
0.7794118753034907	0.7171939980114596
0.662500094007967	0.6068564598558505
0.7696692268621972	0.7309861902809107
0.6527574455666736	0.6344408443947527
0.7014706877731417	0.8068432477628921
0.8378677659512526	0.8413237284365199
0.5943015549189117	0.6689213250683806
0.720955984655729	0.8068432477628921
0.7112133362144353	0.6206486521253016
0.6040442033602054	0.7447783825503619
0.720955984655729	0.7654666709545387
0.8378677659512526	0.7171939980114596
0.691728039331848	0.662025228933655
0.691728039331848	0.7102979018767341
0.8086398206273716	0.7034018057420085
0.8086398206273716	0.8137393438976176
0.7696692268621972	0.793051055493441
0.6722427424492607	0.6758174212031062
0.6722427424492607	0.6413369405294783
0.7112133362144353	0.7654666709545387
0.8086398206273716	0.6551291327989295
0.8378677659512526	0.8689081129754223
1.0716913285422998	0.8620120168406966
0.8183824690686653	0.8758042091101478
0.8573530628338398	0.7378822864156364
0.7306986330970227	0.7654666709545387
0.7696692268621972	0.8275315361670688
0.7501839299796099	0.8206354400323432
0.7014706877731417	0.7102979018767341
0.5650736095950307	0.5723759791822226
0.7501839299796099	0.6413369405294783
0.662500094007967	0.6689213250683806
0.6430147971253799	0.5447915946433204
0.6235295002427926	0.5309994023738692
0.5943015549189117	0.6482330366642038
0.5455883127124436	0.6275447482600273
0.6332721486840863	0.6206486521253016
0.9450368988054826	0.9240768820532269
0.9158089534816016	0.7516744786850875
0.8768383597164271	0.7240900941461852
0.7306986330970227	0.6206486521253016
0.6235295002427926	0.5723759791822226
0.6722427424492607	0.5309994023738692
0.7112133362144353	0.5516876907780458
0.6235295002427926	0.6068564598558505
0.613786851801499	0.5792720753169481
0.6527574455666736	0.6413369405294783
0.7794118753034907	0.6275447482600273
0.7306986330970227	0.7171939980114596
0.6819853908905543	0.7723627670892642
0.7501839299796099	0.9654534588615802
0.691728039331848	0.7861549593587154
0.7306986330970227	0.8068432477628921
0.5748162580363244	0.5792720753169481
0.5748162580363244	0.5241033062391436
0.6430147971253799	0.5999603637211249
0.6722427424492607	0.7171939980114596
0.6527574455666736	0.7654666709545387
0.5455883127124436	0.5930642675863993
0.5358456642711499	0.5103111139696924
0.5845589064776181	0.4551423448918879
0.7306986330970227	0.696505709607283
0.7306986330970227	0.7102979018767341
0.8378677659512526	0.7309861902809107
0.7501839299796099	0.758570574819813
0.7404412815383162	0.758570574819813
0.8378677659512526	0.7999471516281664
0.7112133362144353	0.8206354400323432
0.9255516019228952	0.8964924975143246
0.8086398206273716	0.7999471516281664
0.7306986330970227	0.7447783825503619
0.7599265784209035	0.7171939980114596
0.8963236565990144	0.8275315361670688
0.7112133362144353	0.7171939980114596
0.8573530628338398	0.8137393438976176
0.662500094007967	0.662025228933655
0.8086398206273716	0.7792588632239899
0.8183824690686653	0.7309861902809107
0.691728039331848	0.6551291327989295
0.8476104143925463	0.696505709607283
0.6332721486840863	0.6482330366642038
0.7794118753034907	0.5723759791822226
0.662500094007967	0.7447783825503619
0.6819853908905543	0.6137525559905761
0.613786851801499	0.6482330366642038
0.7404412815383162	0.5861681714516738
0.6527574455666736	0.5792720753169481
0.662500094007967	0.6068564598558505
0.5650736095950307	0.5172072101044181
0.613786851801499	0.5930642675863993
0.691728039331848	0.6689213250683806
0.7501839299796099	0.6689213250683806
0.7306986330970227	0.5999603637211249
0.4579044767408008	0.5378954985085947
0.662500094007967	0.49651892170024126
0.5943015549189117	0.5723759791822226
0.7112133362144353	0.565479883047497
0.6040442033602054	0.5516876907780458
0.399448586093039	0.5447915946433204
0.613786851801499	0.5585837869127714
0.5261030158298563	0.5034150178349669
0.5553309611537371	0.6068564598558505
0.5748162580363244	0.565479883047497
0.5845589064776181	0.5309994023738692
0.5553309611537371	0.5792720753169481
0.4871324220646817	0.6137525559905761
0.4968750705059754	0.5172072101044181
0.5066177189472689	0.5516876907780458
0.4871324220646817	0.5723759791822226
0.5066177189472689	0.6896096134725573
0.5943015549189117	0.6137525559905761
0.5455883127124436	0.5585837869127714
0.6430147971253799	0.5792720753169481
0.3897059376517453	0.34480480673627867
0.4871324220646817	0.5172072101044181
0.5650736095950307	0.42755796035298554
0.4481618282995072	0.5034150178349669
0.5553309611537371	0.5034150178349669
0.4968750705059754	0.4896228255655157
0.4579044767408008	0.4827267294307901
0.4286765314169199	0.46203844102661346
0.5650736095950307	0.49651892170024126
0.5943015549189117	0.4413501526224367
0.4481618282995072	0.4758306332960645
0.5261030158298563	0.4413501526224367
0.5358456642711499	0.5034150178349669
0.3604779923278645	0.4137657680835344
0.5455883127124436	0.5103111139696924
0.4773897736233881	0.5172072101044181
0.3897059376517453	0.3379087106015531
0.3702206407691581	0.4068696719488088
0.399448586093039	0.4068696719488088
0.37996328921045175	0.42066186421825996
0.5358456642711499	0.5172072101044181
0.5455883127124436	0.4344540564877111
0.40919123453433265	0.3930774796793577
0.37996328921045175	0.4413501526224367
0.4773897736233881	0.4827267294307901
0.5066177189472689	0.5930642675863993
0.4871324220646817	0.6413369405294783
0.3312500470039835	0.5103111139696924
0.3897059376517453	0.4068696719488088
0.37996328921045175	0.3930774796793577
0.43841917985821355	0.5103111139696924
0.46764712518209445	0.4551423448918879
