WT	KO
0.54338627473569	0.500852118406803
0.5701729220818156	0.5589219292365774
0.616092888960888	0.6109428014382501
0.5816529138015837	0.5710198064927803
0.5842040230726433	0.5492436274316149
0.5969595694279412	0.6024742873589081
0.5931329055213518	0.5589219292365774
0.6313995445872455	0.6194113155175922
0.6224706621385369	0.5806981082977427
0.6058884518766496	0.5952155610051862
0.6352262084938348	0.6157819523407312
0.6020617879700604	0.6182015277919719
0.6262973260451262	0.6532853718349605
0.6135417796898285	0.5722295942184006
0.585479577708173	0.6206211032432125
0.6505328641201923	0.6593343104630619
0.633950653858305	0.6484462209324793
0.6696661836531391	0.6218308909688327
0.6492573094846624	0.667802824542404
0.7194128144388008	0.6423972823043779
0.6530839733912519	0.6254602541456937
0.7398216886072775	0.7464390267077234
0.7257905876164498	0.7028866685853927
0.6875239485505562	0.7101453949391144
0.6990039402703242	0.6750615508961259
0.7181372598032711	0.6883692158779491
0.7461994617849265	0.736760724902761
0.7168617051677413	0.667802824542404
0.7283416968875094	0.7198236967440768
0.7104839319900923	0.7355509371771407
0.7104839319900923	0.6690126122680243
0.6492573094846624	0.6786909140729868
0.6734928475597284	0.6944181545060506
0.7104839319900923	0.7137747581159753
0.7219639237098604	0.7186139090184566
0.6747684021952582	0.6919985790548101
0.6734928475597284	0.6569147350118214
0.7627816720468137	0.7403900880796219
0.7053817134479732	0.6726419754448852
0.7308928061585689	0.7113551826647347
0.7742616637665818	0.7282922108234189
0.7168617051677413	0.6871594281523288
0.7831905462152903	0.7198236967440768
0.7347194700651584	0.712564970390355
0.742372797878337	0.7512781776102045
0.7717105544955222	0.7415998758052421
0.7436483525138669	0.7319215740002798
0.7270661422519796	0.7246628476465581
0.742372797878337	0.7706347812201293
0.7959460925705881	0.7730543566713699
0.797221647206118	0.7839424462019526
0.72451503298092	0.7113551826647347
0.7653327813178732	0.7379705126283813
0.8074260842903562	0.7391803003540016
0.8048749750192966	0.7875718093788134
0.8125283028324755	0.8129773516168397
0.8189060760101243	0.7924109602812947
0.7372705793362179	0.7210334844696971
0.7653327813178732	0.6811104895242274
0.7232394783453903	0.7403900880796219
0.7870172101218798	0.8081382007143585
0.839314950178601	0.7597466916895467
0.8316616223654223	0.8178165025193209
0.809977193561416	0.8516905588366892
0.8189060760101243	0.8045088375374977
0.8189060760101243	0.7621662671407873
0.8342127316364818	0.838382893854866
0.8405905048141308	0.8238654411474223
0.839314950178601	0.8202360779705615
0.7870172101218798	0.8190262902449412
0.803599420383767	0.8202360779705615
0.9069193458616798	0.8190262902449412
0.8405905048141308	0.8008794743606368
0.7870172101218798	0.7452292389821031
0.8074260842903562	0.7972501111837759
0.8801326985155542	0.8045088375374977
0.8699282614313159	0.883145039702817
0.9311548839367458	0.9218582469226665
0.8597238243470776	0.8637884360928921
0.8609993789826075	0.900082067861501
0.8380393955430713	0.7778935075738511
0.7984972018416479	0.7536977530614452
0.78446610085082	0.760956479415167
0.8087016389258861	0.7827326584763323
0.7525772349625754	0.7984598989093962
0.7283416968875094	0.6907887913291897
0.7564038988691647	0.7234530599209378
0.6811461753729072	0.6774811263473665
0.7028306041769136	0.7355509371771407
0.7436483525138669	0.7307117862746595
0.7398216886072775	0.7234530599209378
1.0548836835831354	1.0561446844665194
0.8507949418983691	0.8432220447573472
0.9209504468525075	0.8649982238185125
0.7602305627757541	0.7549075407870655
1.1467236173412803	1.148088551613662
1.516634461644919	1.4638431480005596
1.4528567298684294	1.413032063524507
0.8265594038233032	0.8299143797755238
0.3890441638365856	0.4282648548695852
0.3826663906589366	0.3956005862778372
0.839314950178601	0.8238654411474223
1.3584656868392249	1.352542677243492
1.4745411586724357	1.3767384317558982
1.20795023984671	1.151717914790523
0.766608335953403	0.7246628476465581
0.9081949004972096	0.8746765256234749
0.8661015975247266	0.7718445689457496
0.9566659766473415	0.9823476332036812
0.7321683607940987	0.7234530599209378
0.7372705793362179	0.7307117862746595
0.6990039402703242	0.667802824542404
0.7028306041769136	0.6883692158779491
0.7513016803270456	0.7065160317622535
0.6658395197465498	0.6375581314018965
0.6913506124571455	0.7222432721953175
0.7819149915797604	0.8045088375374977
0.8214571852811839	0.8045088375374977
0.8240082945522436	0.8190262902449412
0.8533460511694286	0.8335437429523848
0.8291105130943627	0.7984598989093962
0.881408253151084	0.915809308294565
0.8648260428891967	0.8807254642515764
0.8852349170576734	0.8311241675011442
0.8431416140851904	0.8045088375374977
0.8979904634129713	0.81418713934246
0.8775815892444947	0.8686275869953733
0.8941637995063819	0.8662080115441328
0.8826838077866138	0.8649982238185125
0.8291105130943627	0.8214458656961818
0.7564038988691647	0.7561173285126858
0.839314950178601	0.7972501111837759
0.8469682779917798	0.8262850165986629
0.8010483111127074	0.8541101342879298
0.8048749750192966	0.7887815971044337
0.8048749750192966	0.7863620216531931
0.8048749750192966	0.8347535306780051
0.803599420383767	0.7996696866350165
0.7704349998599923	0.7403900880796219
0.8303860677298924	0.8093479884399788
0.8265594038233032	0.7960403234581556
0.809977193561416	0.7778935075738511
0.7576794535046946	0.7524879653358248
0.6785950661018476	0.7149845458415957
0.6773195114663179	0.6750615508961259
0.7143105958966817	0.7210334844696971
0.7627816720468137	0.712564970390355
0.7296172515230392	0.6992573054085317
0.7831905462152903	0.7839424462019526
0.7168617051677413	0.7440194512564827
0.7678838905889328	0.7863620216531931
0.7028306041769136	0.7040964563110129
0.7117594866256222	0.6496560086580996
0.6913506124571455	0.6932083667804303
0.7602305627757541	0.6992573054085317
0.7398216886072775	0.7089356072134941
0.7564038988691647	0.6871594281523288
0.6990039402703242	0.7174041212928363
0.742372797878337	0.7319215740002798
0.6862483939150263	0.7234530599209378
0.6632884104754901	0.6968377299572912
0.7117594866256222	0.7137747581159753
0.7513016803270456	0.7428096635308624
0.755128344233635	0.7464390267077234
0.7155861505322115	0.6859496404267086
0.7321683607940987	0.7270824230977986
0.7525772349625754	0.7331313617259001
0.7385461339717477	0.7113551826647347
0.6683906290176093	0.6823202772498476
0.6900750578216157	0.6883692158779491
0.6709417382886689	0.6665930368167837
0.6836972846439667	0.6714321877192649
0.6990039402703242	0.6448168577556184
0.6658395197465498	0.6617538859143025
0.6326750992227752	0.6423972823043779
0.6964528309992646	0.7198236967440768
0.706657268083503	0.6738517631705055
0.7104839319900923	0.6883692158779491
0.6058884518766496	0.6048938628101486
0.5765506952594645	0.6109428014382501
0.6390528724004242	0.6363483436762764
0.6390528724004242	0.6617538859143025
0.6849728392794965	0.6242504664200733
0.6352262084938348	0.6206211032432125
0.6288484353161858	0.6048938628101486
0.6454306455780731	0.6617538859143025
0.6403284270359539	0.6194113155175922
0.6365017631293646	0.6169917400663515
0.60333734260559	0.635138555950656
0.633950653858305	0.6073134382613892
0.5982351240634709	0.6097330137126299
0.5905817962502923	0.6194113155175922
0.6390528724004242	0.6278798295969342
0.60333734260559	0.6012644996332877
0.6199195528674774	0.6460266454812387
0.5701729220818156	0.6048938628101486
0.5637951489041666	0.5226282974679684
0.60333734260559	0.5710198064927803
0.585479577708173	0.6085232259870095
0.6313995445872455	0.6012644996332877
