WT	KO
0.42511717391144077	0.40940141313507256
0.38587558862730775	0.41560446484924035
0.5493821939778619	0.6389143265592798
0.5101406086937289	0.5520716025609311
0.555922458191884	0.5954929645601055
0.555922458191884	0.5768838094176022
0.5101406086937289	0.44661972342007916
0.5428419297638397	0.5396654991325956
0.4708990234095959	0.5210563439900924
0.48397955183764024	0.5148532922759246
0.4905198160516624	0.5086502405617568
0.4447379665535072	0.502447188847589
0.5297614013357954	0.5148532922759246
0.4447379665535072	0.396995309706737
0.5297614013357954	0.46522887856258244
0.6017043076900391	0.5520716025609311
0.49706008026568455	0.5520716025609311
0.4578184949815516	0.5148532922759246
0.4905198160516624	0.47143193027675023
0.4447379665535072	0.3907922579925693
0.6409458929741721	0.5086502405617568
0.48397955183764024	0.44661972342007916
0.5820835150479727	0.6265082231309443
0.5232211371217732	0.5954929645601055
0.6671069498302609	0.6823356885584542
0.5624627224059062	0.6389143265592798
0.6017043076900391	0.5520716025609311
0.5820835150479727	0.58308686113177
0.5624627224059062	0.5644777059892667
0.5755432508339505	0.7009448437009574
0.5232211371217732	0.5520716025609311
0.555922458191884	0.6078990679884411
0.6147848361180835	0.7009448437009574
0.7063485351143938	0.6327112748451121
0.6540264214022165	0.7071478954151252
0.752130384612549	0.713350947129293
0.5428419297638397	0.5520716025609311
0.5036003444797067	0.5644777059892667
0.6147848361180835	0.5582746542750989
0.7063485351143938	0.7009448437009574
0.7652109130405933	0.7381631539859642
0.5493821939778619	0.6078990679884411
0.5755432508339505	0.5334624474184279
0.5624627224059062	0.6513204299876154
0.6605666856162387	0.6761326368442865
0.6605666856162387	0.7381631539859642
0.63440562876015	0.6327112748451121
0.6213251003321056	0.6327112748451121
0.555922458191884	0.5272593957042601
0.6867277424723273	0.6451173782734476
0.595164043476017	0.6761326368442865
0.6409458929741721	0.6203051714167765
0.6017043076900391	0.6265082231309443
0.6278653645461278	0.5954929645601055
0.7586706488265711	0.769178412556803
0.7325095919704825	0.5954929645601055
0.6409458929741721	0.6389143265592798
0.6474861571881944	0.7257570505576285
0.6801874782583052	0.713350947129293
0.6932680066863495	0.793990619413474
0.7455901203985268	0.6699295851301187
0.7325095919704825	0.7567723091284675
0.6801874782583052	0.6265082231309443
0.5755432508339505	0.5582746542750989
0.7063485351143938	0.769178412556803
0.7063485351143938	0.6575234817017831
0.63440562876015	0.6451173782734476
0.6801874782583052	0.7195539988434608
0.6998082709003717	0.6637265334159509
0.673647214044283	0.7257570505576285
0.7390498561845046	0.7815845159851386
0.7325095919704825	0.6637265334159509
0.6409458929741721	0.5582746542750989
0.6998082709003717	0.7505692574142997
0.595164043476017	0.6016960162742733
0.7063485351143938	0.7381631539859642
0.6671069498302609	0.6451173782734476
0.6147848361180835	0.6451173782734476
0.6540264214022165	0.6451173782734476
0.7194290635424381	0.6637265334159509
0.6932680066863495	0.6265082231309443
0.6474861571881944	0.7381631539859642
0.6540264214022165	0.6078990679884411
0.6474861571881944	0.6451173782734476
0.5363016655498175	0.5396654991325956
0.6278653645461278	0.6265082231309443
0.7979122341107042	0.7319601022717964
0.6605666856162387	0.6513204299876154
0.5886237792619948	0.6389143265592798
0.5755432508339505	0.58308686113177
0.5036003444797067	0.502447188847589
0.5755432508339505	0.6203051714167765
0.6082445719040613	0.5768838094176022
0.7848317056826599	0.7195539988434608
0.7390498561845046	0.6513204299876154
0.5101406086937289	0.4342136199917436
0.63440562876015	0.6016960162742733
0.5624627224059062	0.502447188847589
0.8502343478228815	0.8001936711276418
0.9614188394612583	1.004894377695178
0.9679591036752805	0.9738791191243392
1.0529825384575686	0.849818084840984
0.752130384612549	0.7257570505576285
0.3531742675571969	0.3411678442792271
0.5232211371217732	0.5272593957042601
0.555922458191884	0.5210563439900924
0.7063485351143938	0.7319601022717964
0.6147848361180835	0.6389143265592798
0.48397955183764024	0.477634981990918
0.5820835150479727	0.5458685508467633
0.4447379665535072	0.4031983614209048
0.63440562876015	0.6451173782734476
0.7586706488265711	0.6203051714167765
0.5297614013357954	0.713350947129293
0.7586706488265711	0.6823356885584542
0.5886237792619948	0.6265082231309443
0.7390498561845046	0.688538740272622
0.7194290635424381	0.688538740272622
0.6474861571881944	0.6637265334159509
0.5297614013357954	0.5582746542750989
0.6605666856162387	0.5334624474184279
0.4578184949815516	0.5148532922759246
0.6147848361180835	0.7071478954151252
0.6605666856162387	0.7257570505576285
0.5886237792619948	0.6016960162742733
0.6017043076900391	0.5892899128459378
0.712888799328416	0.7257570505576285
0.752130384612549	0.7071478954151252
0.6474861571881944	0.849818084840984
0.6213251003321056	0.6265082231309443
0.63440562876015	0.6389143265592798
0.6409458929741721	0.6265082231309443
0.7652109130405933	0.6141021197026088
0.7325095919704825	0.7071478954151252
0.7390498561845046	0.7505692574142997
0.6540264214022165	0.688538740272622
0.791371969896682	0.7381631539859642
0.6278653645461278	0.6078990679884411
0.7063485351143938	0.6389143265592798
0.7586706488265711	0.7009448437009574
0.8371538193948372	0.6513204299876154
0.8109927625387485	0.7629753608426353
0.8175330267527707	0.8063967228418096
0.7455901203985268	0.6575234817017831
0.6278653645461278	0.6327112748451121
0.5886237792619948	0.6016960162742733
0.712888799328416	0.7195539988434608
0.7259693277564603	0.7319601022717964
0.752130384612549	0.7505692574142997
0.6932680066863495	0.6575234817017831
0.5820835150479727	0.502447188847589
0.63440562876015	0.6761326368442865
0.6147848361180835	0.6016960162742733
0.5886237792619948	0.6761326368442865
0.6213251003321056	0.6141021197026088
0.48397955183764024	0.5396654991325956
0.5886237792619948	0.5954929645601055
0.5363016655498175	0.5458685508467633
0.6213251003321056	0.4838380337050857
0.6082445719040613	0.5768838094176022
0.5624627224059062	0.5086502405617568
0.6278653645461278	0.6016960162742733
0.5493821939778619	0.5272593957042601
0.555922458191884	0.49624413713342125
0.4708990234095959	0.5396654991325956
0.516680872907751	0.5458685508467633
0.48397955183764024	0.5954929645601055
0.4381977023394851	0.5520716025609311
0.5428419297638397	0.40940141313507256
0.49706008026568455	0.49624413713342125
0.5036003444797067	0.5644777059892667
0.4381977023394851	0.5396654991325956
0.48397955183764024	0.47143193027675023
0.6017043076900391	0.6265082231309443
0.4905198160516624	0.49624413713342125
0.595164043476017	0.5086502405617568
0.5886237792619948	0.5520716025609311
0.46435875919557373	0.58308686113177
0.6082445719040613	0.58308686113177
0.5297614013357954	0.5148532922759246
0.4708990234095959	0.5210563439900924
0.555922458191884	0.4342136199917436
0.5297614013357954	0.41560446484924035
0.5624627224059062	0.5210563439900924
0.5363016655498175	0.5272593957042601
0.40549638126937426	0.477634981990918
0.5690029866199283	0.5210563439900924
0.5428419297638397	0.502447188847589
0.4578184949815516	0.5706807577034344
0.4774392876236181	0.4528227751342469
0.46435875919557373	0.46522887856258244
0.4381977023394851	0.5334624474184279
0.48397955183764024	0.4342136199917436
0.5297614013357954	0.6265082231309443
0.6017043076900391	0.6078990679884411
0.45127823076752943	0.5396654991325956
0.4905198160516624	0.477634981990918
0.4774392876236181	0.4528227751342469
0.45127823076752943	0.4590258268484147
0.6082445719040613	0.6451173782734476
