WT	KO
0.49423772558411483	0.5051240244420847
0.5219320808970178	0.4808780712688646
0.5538871062580597	0.4808780712688646
0.5261927509451567	0.5031035283443164
0.5091500707526011	0.47279608687779123
0.5432354311377124	0.5031035283443164
0.587972466643171	0.5940258527438916
0.4899770555359759	0.4808780712688646
0.5283230859692262	0.5152265049309264
0.5112804057766706	0.4869395595621696
0.5347140910414346	0.46673459858448624
0.5517567712339903	0.44855013370457114
0.5581477763061986	0.5414929542019148
0.5198017458729484	0.5010830322465479
0.48571638548783697	0.5152265049309264
0.5368444260655041	0.5152265049309264
0.5474961011858513	0.5515954346907564
0.5283230859692262	0.6061488293305016
0.5709297864506154	0.5596774190818298
0.5624084463543376	0.5596774190818298
0.541105096113643	0.5435134502996831
0.4793253804156286	0.5354314659086098
0.59223313669131	0.6041283332327333
0.5602781113302681	0.5637184112773665
0.5624084463543376	0.6303947825037217
0.4921073905600454	0.5273494815175364
0.5432354311377124	0.5637184112773665
0.5048894007044621	0.5495749385929881
0.5432354311377124	0.5637184112773665
0.5496264362099208	0.5899848605483549
0.5517567712339903	0.5637184112773665
0.6028848118116573	0.5596774190818298
0.6050151468357268	0.6546407356769418
0.5666691164024765	0.6526202395791734
0.6646645275096716	0.727378595196602
0.6646645275096716	0.5980668449394283
0.6944892178466442	0.6930301615345402
0.6944892178466442	0.6990916498278452
0.6412308422449076	0.59604634884166
0.6944892178466442	0.6930301615345402
0.6667948625337411	0.602107837134965
0.675316202630019	0.6768661927523935
0.7115318980391998	0.6485792473836367
0.6071454818597962	0.6728252005568568
0.6582735224374633	0.6586817278724785
0.6731858676059496	0.6768661927523935
0.67105553258188	0.727378595196602
0.6050151468357268	0.6607022239702468
0.6731858676059496	0.6041283332327333
0.8010059690501171	0.6889891693390036
0.7008802229188525	0.6809071849479301
0.6774465376540885	0.7233376030010653
0.6902285477985053	0.733440083489907
0.6476218473171159	0.7051531381211502
0.7157925680873387	0.6970711537300769
0.7200532381354776	0.7778909976408105
0.7349655833039639	0.7374810756854436
0.7370959183280333	0.7415220678809803
0.5943634717153795	0.6889891693390036
0.6177971569801435	0.602107837134965
0.6987498878947831	0.727378595196602
0.7605296035927974	0.7597065327608954
0.7562689335446585	0.7718295093475054
0.7562689335446585	0.7637475249564321
0.7541385985205891	0.7516245483698221
0.7115318980391998	0.6869686732412352
0.74987792847245	0.7738500054452737
0.730704913255825	0.7031326420233819
0.7818329538334919	0.7738500054452737
0.7669206086650058	0.7314195873921386
0.6454915122930465	0.6829276810456985
0.7157925680873387	0.7435425639787486
0.675316202630019	0.6647432161657835
0.7754419487612836	0.7536450444675904
0.7349655833039639	0.7415220678809803
0.7605296035927974	0.7960754625207255
0.8137879791945338	0.8081984391073355
0.7157925680873387	0.6849481771434669
0.7413565883761722	0.7617270288586637
0.7946149639779088	0.7536450444675904
0.8372216644592979	0.7839524859341155
0.7285745782317555	0.8183009195961771
0.7413565883761722	0.7496040522720537
0.7179229031114082	0.7253580990988336
0.7520082634965195	0.7415220678809803
0.7094015630151304	0.6849481771434669
0.7903542939297699	0.7597065327608954
0.8372216644592979	0.7556655405653587
0.67105553258188	0.7496040522720537
0.67105553258188	0.5920053566461232
0.6114061519079351	0.614230813721575
0.5368444260655041	0.5172470010286947
0.39624231447691965	0.4344066610201928
0.402633319549128	0.4081402117492044
0.6092758168838657	0.6485792473836367
0.7157925680873387	0.6728252005568568
0.5453657661617819	0.4930010478554746
0.6731858676059496	0.6647432161657835
0.5560174412821292	0.5475544424952198
0.4132849946694753	0.37783277028267936
0.3706782941880861	0.47885757517109623
0.4068939895972669	0.4626936063889495
0.6199274920042129	0.59604634884166
0.7754419487612836	0.7799114937385788
0.5581477763061986	0.5738208917662082
0.6902285477985053	0.6586817278724785
0.6135364869320046	0.6061488293305016
0.4835860504637675	0.4606731102911812
0.46654337027121184	0.49502154395324294
0.5283230859692262	0.5394724581041465
0.5666691164024765	0.5980668449394283
0.6966195528707136	0.7496040522720537
0.8159183142186033	0.7960754625207255
0.8521340096277842	0.7980959586184938
0.7221835731595472	0.6930301615345402
0.7733116137372141	0.7819319898363472
0.8734373598684788	0.8627518337470805
0.832960994411159	0.8627518337470805
0.832960994411159	0.8324443922805554
0.8031363040741866	0.7172761147077603
0.8137879791945338	0.7839524859341155
0.8862193700128956	0.8304238961827871
0.7797026188094225	0.8344648883783238
0.8350913294352285	0.8506288571604705
0.8031363040741866	0.8183009195961771
0.7243139081836166	0.7496040522720537
0.675316202630019	0.6950506576323086
0.7072712279910609	0.727378595196602
0.7136622330632693	0.7293990912943703
0.7647902736409363	0.7496040522720537
0.7349655833039639	0.727378595196602
0.7839632888575614	0.8081984391073355
0.6135364869320046	0.626353790308185
0.6561431874133937	0.7233376030010653
0.7136622330632693	0.6970711537300769
0.7264442432076861	0.7192966108055286
0.7839632888575614	0.7617270288586637
0.6944892178466442	0.7253580990988336
0.7051408929669915	0.6930301615345402
0.675316202630019	0.7051531381211502
0.7094015630151304	0.6930301615345402
0.7115318980391998	0.7496040522720537
0.6923588828225747	0.7172761147077603
0.6582735224374633	0.6687842083613201
0.6923588828225747	0.6687842083613201
0.7157925680873387	0.7112146264144552
0.7413565883761722	0.7374810756854436
0.6795768726781579	0.6425177590903317
0.6795768726781579	0.6404972629925634
0.6731858676059496	0.63241527860149
0.5730601214746849	0.650599743481405
0.703010557942922	0.7011121459256136
0.6561431874133937	0.7071736342189185
0.7136622330632693	0.6950506576323086
0.6028848118116573	0.5495749385929881
0.6263184970764214	0.59604634884166
0.6859678777503663	0.7172761147077603
0.703010557942922	0.727378595196602
0.6177971569801435	0.6990916498278452
0.67105553258188	0.6627227200680151
0.596493806739449	0.6526202395791734
0.5837117965950321	0.5718003956684399
0.6092758168838657	0.5515954346907564
0.675316202630019	0.6667637122635518
0.6476218473171159	0.6344357746992584
0.6050151468357268	0.60816932542827
0.6114061519079351	0.6728252005568568
0.6625341924856022	0.6526202395791734
0.6582735224374633	0.6586817278724785
0.6731858676059496	0.60816932542827
0.6050151468357268	0.6303947825037217
0.6518825173652548	0.6809071849479301
0.6625341924856022	0.650599743481405
0.6241881620523518	0.6728252005568568
0.5709297864506154	0.6586817278724785
0.6241881620523518	0.5920053566461232
0.5602781113302681	0.5758413878639765
0.6177971569801435	0.6526202395791734
0.568799451426546	0.638476766894795
0.5496264362099208	0.5697798995706715
0.6028848118116573	0.5778618839617449
0.5453657661617819	0.5536159307885248
0.6007544767875879	0.5354314659086098
0.5773207915228238	0.6041283332327333
0.587972466643171	0.614230813721575
0.5943634717153795	0.5980668449394283
0.5837117965950321	0.638476766894795
0.587972466643171	0.531390473713073
0.4644130352471424	0.46673459858448624
0.5709297864506154	0.6041283332327333
0.6028848118116573	0.5596774190818298
0.5751904564987543	0.5778618839617449
0.5837117965950321	0.4990625361487796
0.47719504539155916	0.5172470010286947
0.51341074080074	0.5212879932242314
0.51341074080074	0.5293699776153047
0.5730601214746849	0.5273494815175364
0.5304534209932957	0.5819028761572815
0.5027590656803926	0.5172470010286947
0.5730601214746849	0.5172470010286947
