WT	KO
0.4962970494407153	0.5415358132100492
0.46518124696794316	0.5267800689808926
0.46673703709158176	0.47365938975592864
0.5102991605534627	0.5105487503288203
0.5149665309243785	0.4913662828309166
0.5056317901825469	0.5415358132100492
0.5040760000589083	0.489890708408001
0.5305244321607647	0.5651450039766999
0.5460823333971507	0.5577671318621216
0.6005349877245019	0.5990832157037602
0.5258570617898488	0.5489136853246276
0.5600844445098981	0.5607182807079529
0.5305244321607647	0.512024324751736
0.5818655062408387	0.5651450039766999
0.6083139383426949	0.5621938551308686
0.5258570617898488	0.5651450039766999
0.572530765499007	0.5710473016683625
0.5756423457462841	0.5326823666725553
0.5756423457462841	0.5769495993600252
0.5818655062408387	0.5931809180120976
0.6083139383426949	0.5577671318621216
0.6176486790845266	0.6049855133954228
0.6347623704445512	0.5666205783996155
0.5974234074772247	0.5887541947433504
0.5694191852517299	0.6005587901266759
0.544526543273512	0.5444869620558805
0.6549876420518532	0.6108878110870856
0.6207602593318038	0.6492527460828927
0.6425413210627442	0.6167901087787482
0.6223160494554424	0.6226924064704109
0.5912002469826703	0.6389237251224831
0.6254276297027196	0.6625329158891338
0.6487644815572987	0.6418748739683144
0.6067581482190564	0.6271191297391578
0.64720869143366	0.6492527460828927
0.5974234074772247	0.5976076412808445
0.6456529013100215	0.6123633855100011
0.6332065803209127	0.6359725762766519
0.6456529013100215	0.6418748739683144
0.6534318519282145	0.6197412576245795
0.675212913659155	0.6595817670433025
0.6565434321754917	0.6654840647349651
0.6487644815572987	0.6418748739683144
0.667433963040962	0.6507283205058085
0.7078845062555658	0.6743375112724591
0.7716719013247485	0.7186047439599291
0.7405560988519764	0.762871976647399
0.7047729260082886	0.7200803183828448
0.7374445186046992	0.7392627858807483
0.6440971111863829	0.7200803183828448
0.6580992222991303	0.6876176810787001
0.6487644815572987	0.7392627858807483
0.7390003087283379	0.6566306181974711
0.7218866173683132	0.6654840647349651
0.7016613457610114	0.7363116370349171
0.6876592346482638	0.6772886601182905
0.7016613457610114	0.6920444043474471
0.7078845062555658	0.6949955531932784
0.777895061819303	0.749591806841158
0.718775037121036	0.6920444043474471
0.7156634568737588	0.6743375112724591
0.793452963055689	0.7466406579953268
0.8167898149102681	0.6861421066557845
0.7467792593465309	0.7672986999161461
0.7576697902120011	0.7820544441453027
0.6814360741537094	0.6566306181974711
0.6783244939064322	0.6890932555016157
0.8058992840447978	0.7658231254932304
0.7623371605829169	0.7835300185682184
0.8043434939211592	0.7584452533786521
0.7498908395938081	0.7525429556869894
0.7607813704592784	0.7672986999161461
0.7141076667501202	0.762871976647399
0.726553987739229	0.7672986999161461
0.7530024198410853	0.7658231254932304
0.7514466297174467	0.7584452533786521
0.7654487408301942	0.7363116370349171
0.7887855926847732	0.7230314672286761
0.7981203334266048	0.7746765720307244
0.7872298025611347	0.8115659326036161
0.7747834815720257	0.8484552931765077
0.7716719013247485	0.7658231254932304
0.7841182223138574	0.7909078906827968
0.7887855926847732	0.7481162324182424
0.8510171976303175	0.8056636349119534
0.7296655679865062	0.7186047439599291
0.7032171358846498	0.6831909578099532
0.6612108025464075	0.6817153833870374
0.6083139383426949	0.5297312178267239
0.7654487408301942	0.7481162324182424
0.8836887902267282	0.8233705279869413
0.7810066420665802	0.7023734253078567
0.5491939136444278	0.5518648341704588
0.4356212346188097	0.37774705226641037
0.7078845062555658	0.7200803183828448
0.718775037121036	0.7053245741536881
0.7249981976155904	0.7746765720307244
0.7390003087283379	0.7304093393432545
0.5414149630262348	0.5223533457121456
0.51341074080074	0.5312067922496395
0.4636254568443046	0.4957930060996636
0.51341074080074	0.5326823666725553
0.7732276914483872	0.6846665322328688
0.7887855926847732	0.7466406579953268
0.7576697902120011	0.6831909578099532
0.6565434321754917	0.6890932555016157
0.43873281486608684	0.44119675245178397
0.5709749753753683	0.5813763226287721
0.7561140000883625	0.8366506977931824
0.8603519383721491	0.8351751233702667
0.7436676790992537	0.7436895091494955
0.5818655062408387	0.5887541947433504
0.5896444568590317	0.5326823666725553
0.6145370988372494	0.6595817670433025
0.706328716131927	0.7186047439599291
0.7358887284810607	0.7584452533786521
0.8136782346629909	0.8130415070265317
0.7872298025611347	0.7982857627973751
0.7514466297174467	0.6979467020391098
0.7498908395938081	0.7451650835724111
0.8027877037975207	0.7761521464536401
0.8463498272594017	0.789432316259881
0.7296655679865062	0.7672986999161461
0.6954381852664568	0.7348360626120014
0.7358887284810607	0.749591806841158
0.7483350494701695	0.8174682302952787
0.801231913673882	0.7923834651057123
0.6798802840300708	0.7938590395286281
0.6954381852664568	0.7422139347265797
0.7623371605829169	0.7702498487619774
0.7312213581101449	0.762871976647399
0.7405560988519764	0.785005592991134
0.7732276914483872	0.7599208278015677
0.7825624321902188	0.7717254231848931
0.7467792593465309	0.7304093393432545
0.6534318519282145	0.6831909578099532
0.7281097778628676	0.7687742743390618
0.7887855926847732	0.7864811674140497
0.7483350494701695	0.7687742743390618
0.6487644815572987	0.6935199787703629
0.5974234074772247	0.6699107880037122
0.667433963040962	0.6699107880037122
0.7125518766264816	0.7687742743390618
0.7530024198410853	0.7776277208765557
0.7685603210774714	0.7259826160745074
0.7156634568737588	0.6536794693516399
0.6876592346482638	0.6935199787703629
0.6876592346482638	0.6802398089641218
0.7016613457610114	0.6817153833870374
0.6923266050191796	0.6846665322328688
0.64720869143366	0.6890932555016157
0.6534318519282145	0.6595817670433025
0.6627665926700462	0.6994222764620254
0.6861034445246252	0.6979467020391098
0.6861034445246252	0.6758130856953748
0.6363181605681899	0.6330214274308206
0.6783244939064322	0.6492527460828927
0.6052023580954177	0.6374481506995675
0.623871839579081	0.6094122366641699
0.5740865556226455	0.6064610878183385
0.6363181605681899	0.5902297691662662
0.7001055556373726	0.6344970018537361
0.6876592346482638	0.6861421066557845
0.6580992222991303	0.6241679808933265
0.6269834198263582	0.6256435553162422
0.6223160494554424	0.6167901087787482
0.6114255185899722	0.5666205783996155
0.6534318519282145	0.6507283205058085
0.6503202716809373	0.5931809180120976
0.6098697284663336	0.6108878110870856
0.5678633951280911	0.6094122366641699
0.6036465679717792	0.5976076412808445
0.6440971111863829	0.6049855133954228
0.5834212963644773	0.5518648341704588
0.5616402346335367	0.5518648341704588
0.5383033827789577	0.5636694295537842
0.5709749753753683	0.5887541947433504
0.5756423457462841	0.5754740249371095
0.5740865556226455	0.6064610878183385
0.5040760000589083	0.5562915574392059
0.5554170741389823	0.5238289201350612
0.5756423457462841	0.5533404085933746
0.5756423457462841	0.543011387632965
0.4791833580806906	0.5282556434038083
0.5507497037680665	0.5356335155183867
0.5585286543862595	0.5592427062850372
0.5896444568590317	0.5371090899413022
0.5040760000589083	0.48546398513925393
0.49785283956435394	0.4972685805225793
0.5071875803061856	0.47513496417884427
0.5258570617898488	0.5149754735975672
0.5398591729025962	0.5459625364787962
0.4636254568443046	0.48841513398508524
0.46829282721522036	0.5016953037913263
0.5025202099352697	0.503170878214242
0.5694191852517299	0.5282556434038083
0.5227454815425715	0.5621938551308686
0.4496233457315571	0.44267232687469965
0.4402886049897255	0.503170878214242
0.5056317901825469	0.4869395595621696
