WT	KO
0.5261399327214195	0.5727911623499902
0.47946622901226127	0.5164510480204829
0.4695657464072884	0.5016953037913263
0.4808805836701146	0.5177924793140427
0.487952356959381	0.49901244120420685
0.5049246128536203	0.5218167731947218
0.4808805836701146	0.52986536095608
0.5530126712206317	0.5285239296625203
0.5176538047742998	0.5526696929465947
0.5431121886156588	0.5848640439920274
0.5996863749297899	0.5781568875242289
0.523311223405713	0.5151096167269232
0.5473552525892187	0.5365725174238783
0.5091676768271801	0.49632957861708754
0.5459408979313655	0.5714497310564305
0.579885409719844	0.5687668684693111
0.5713992817727244	0.6049855133954228
0.6477744332968014	0.582181181404908
0.5699849271148711	0.5419382425981171
0.5586700898520449	0.5660840058821917
0.620901694797589	0.5714497310564305
0.5784710550619907	0.5432796738916769
0.6435313693232415	0.6331555705601765
0.620901694797589	0.5902297691662662
0.5487696072470719	0.599619788221184
0.5459408979313655	0.5634011432950723
0.5996863749297899	0.564742574588632
0.6039294389033498	0.6103512385696616
0.6407026600075351	0.6197412576245795
0.6279734680868555	0.5982783569276243
0.5883715376669637	0.5969369256340648
0.620901694797589	0.6465698834957735
0.615244276166176	0.639862727027975
0.6534318519282145	0.6103512385696616
0.6562605612439211	0.688154253596124
0.6166586308240293	0.6344970018537361
0.6520174972703613	0.6143755324503408
0.6435313693232415	0.688154253596124
0.6308021774025621	0.6183998263310199
0.6718184624803071	0.6653499216056092
0.6534318519282145	0.6251069827988184
0.676061526453867	0.6787642345412062
0.6548462065860677	0.6197412576245795
0.6265591134290023	0.6304727079730571
0.6520174972703613	0.6680327841927286
0.7298070034522914	0.674739940660527
0.7736519978457431	0.7042514291188404
0.6986912009795194	0.7512015243934297
0.717077811531612	0.7055928604124001
0.6817189450852801	0.7082757229995195
0.6562605612439211	0.7042514291188404
0.701519910295226	0.7391286427513925
0.68596200905884	0.7257143298157955
0.7453649046886776	0.6546184712571317
0.7057629742687858	0.670715646779848
0.7001055556373726	0.7418115053385118
0.6788902357695735	0.657301333844251
0.6803045904274267	0.7029099978252806
0.7665802245564768	0.7512015243934297
0.7312213581101449	0.7418115053385118
0.6873763637166932	0.701568566531721
0.7071773289266391	0.6760813719540868
0.7651658698986236	0.6814470971283255
0.7750663525035963	0.7377872114578328
0.7962816723713956	0.8236388142456533
0.7368787767415579	0.701568566531721
0.6873763637166932	0.6868128223025644
0.726978294136585	0.7096171542930791
0.7623371605829169	0.7833958754388625
0.7821381257928628	0.7565672495676685
0.7948673177135424	0.7726644250903849
0.7213208755051719	0.7337629175771537
0.7241495848208784	0.7780301502646236
0.7241495848208784	0.7565672495676685
0.7128347475580522	0.7458357992191909
0.7764807071614498	0.7632744060354669
0.7552653872936506	0.7337629175771537
0.7722376431878899	0.7176657420544372
0.7906242537399825	0.8021759135486981
0.7906242537399825	0.7646158373290267
0.7906242537399825	0.8169316577778548
0.7100060382423456	0.7123000168801985
0.726978294136585	0.7632744060354669
0.7764807071614498	0.7753472876775043
0.8104252189499285	0.776688718971064
0.7849668351085693	0.7740058563839445
0.701519910295226	0.6760813719540868
0.6491887879546546	0.626448414092378
0.6605036252174808	0.626448414092378
0.5996863749297899	0.6009612195147438
0.9249879462360439	0.8786374972816008
0.8231544108706079	0.7431529366320716
0.6095868575347628	0.6023026508083035
0.46532268243372854	0.49498814732352775
0.6647466891910407	0.6318141392666168
0.8514415040276735	0.8947346728043172
0.46815139174943504	0.4882809908557293
0.7184921661894653	0.6640084903120494
0.6491887879546546	0.657301333844251
0.5402834792999522	0.5271824983689605
0.6718184624803071	0.6921785474768031
0.519068159432153	0.5137681854333634
0.6689897531646005	0.6251069827988184
0.7128347475580522	0.6801056658347658
0.47663751969655477	0.44803805204893843
0.8768998878690324	0.8625403217588845
0.6520174972703613	0.6479113147893332
0.5176538047742998	0.5486453990659156
0.691619427690253	0.7216900359351165
0.76799457921433	0.7552258182741088
0.8868003704740054	0.8665646156395636
0.5926146016405236	0.6197412576245795
0.5586700898520449	0.5768154562306692
0.5728136364305777	0.5808397501113484
0.6548462065860677	0.674739940660527
0.7298070034522914	0.7458357992191909
0.7510223233200907	0.8021759135486981
0.7708232885300366	0.7592501121547879
0.7736519978457431	0.7525429556869894
0.7892098990821292	0.7123000168801985
0.7199065208473187	0.7833958754388625
0.8047678003185152	0.7646158373290267
0.7807237711350096	0.7672986999161461
0.7312213581101449	0.7699815625032654
0.7043486196109325	0.7337629175771537
0.7807237711350096	0.8035173448422578
0.76799457921433	0.7780301502646236
0.7609228059250637	0.7740058563839445
0.691619427690253	0.74986009309987
0.726978294136585	0.7283971924029149
0.7566797419515038	0.7887616006131012
0.7312213581101449	0.7485186618063103
0.7340500674258513	0.7632744060354669
0.7665802245564768	0.7404700740449521
0.6944481370059595	0.7109585855866389
0.6732328171381604	0.6680327841927286
0.7100060382423456	0.7257143298157955
0.7453649046886776	0.776688718971064
0.809010864292075	0.7659572686225864
0.6322165320604153	0.6841299597154449
0.5713992817727244	0.599619788221184
0.6223160494554424	0.6452284522022137
0.7227352301630251	0.7123000168801985
0.6520174972703613	0.7055928604124001
0.7241495848208784	0.7123000168801985
0.7382931313994112	0.7109585855866389
0.6633323345331875	0.6519356086700122
0.7142491022159054	0.6854713910090046
0.6449457239810948	0.6559599025506913
0.7100060382423456	0.6640084903120494
0.6562605612439211	0.6385212957344152
0.6237304041132956	0.6827885284218853
0.650603142612508	0.6653499216056092
0.6803045904274267	0.701568566531721
0.7043486196109325	0.6626670590184898
0.6223160494554424	0.6841299597154449
0.6180729854818826	0.6183998263310199
0.620901694797589	0.6505941773764525
0.6477744332968014	0.6385212957344152
0.6194873401397358	0.6452284522022137
0.5756423457462841	0.6023026508083035
0.6279734680868555	0.5915712004598259
0.6520174972703613	0.6344970018537361
0.6605036252174808	0.626448414092378
0.6081725028769096	0.582181181404908
0.5940289562983768	0.6063269446889825
0.6081725028769096	0.6009612195147438
0.6364595960339752	0.643887020908654
0.6449457239810948	0.6197412576245795
0.6110012121926162	0.5392553800109978
0.5699849271148711	0.6237655515052586
0.6039294389033498	0.6009612195147438
0.6237304041132956	0.6210826889181391
0.6011007295876432	0.5862054752855872
0.5346260606685392	0.5124267541398039
0.5530126712206317	0.5593768494143931
0.5643275084834579	0.5473039677723559
0.5374547699842457	0.5929126317533856
0.5303829966949792	0.5446211051852365
0.5784710550619907	0.582181181404908
0.5515983165627785	0.5513282616530351
0.5487696072470719	0.520475341901162
0.5897858923248169	0.564742574588632
0.5020959035379138	0.49498814732352775
0.5049246128536203	0.5473039677723559
0.5501839619049252	0.5365725174238783
0.5728136364305777	0.5432796738916769
0.5176538047742998	0.5258410670754008
0.4907810662750875	0.4735252466265727
0.49219542093294083	0.4668180901587742
0.5671562177991645	0.5392553800109978
0.47380881038084816	0.489622422149289
0.4936097755907941	0.48157383438793083
0.4907810662750875	0.49767100991064717
0.4992671942222072	0.5070610289655652
0.5091676768271801	0.5097438915526844
0.5148250954585932	0.4936467160299681
0.4483504265394892	0.49498814732352775
0.47098010106514165	0.4373066017004609
0.47946622901226127	0.46413522757165476
