WT	KO
0.5994417297997829	0.500100088198985
0.3885270470924519	0.43692955074227113
0.38297666070541686	0.3527021674666526
0.5272867067683276	0.3948158591044619
0.43848052457576714	0.4737790309253542
0.45513168373687224	0.4685148194706281
0.3052712512869265	0.4053442820139142
0.36632550154431176	0.3737590132855572
0.5439378659294326	0.4211369163780927
0.46623245651094225	0.6053843172935082
0.4495812973498372	0.48430745383480656
0.5550386387035027	0.5106285111084373
0.5494882523164676	0.4527221851064496
0.4884340020590824	0.44745797365172346
0.46623245651094225	0.43692955074227113
0.45513168373687224	0.48957166528953266
0.405178206253557	0.5632706256556989
0.4939843884461174	0.4579863965611758
0.4717828428979773	0.5948558943840558
0.48288361567204735	0.4948358767442589
0.42182936541466204	0.6001201058387821
0.45513168373687224	0.48957166528953266
0.5161859339942575	0.3790232247402834
0.4773332292850123	0.4790432423800804
0.4495812973498372	0.5053642996537112
0.39962781986652196	0.48430745383480656
0.4939843884461174	0.40008007055918804
0.4495812973498372	0.5790632600198774
0.5272867067683276	0.4948358767442589
0.4939843884461174	0.4685148194706281
0.5050851612201874	0.4421937621969973
0.38297666070541686	0.5053642996537112
0.3496743423832067	0.5158927225631635
0.5161859339942575	0.5158927225631635
0.41072859264059197	0.36323059037610494
0.5605890250905377	0.48957166528953266
0.4884340020590824	0.3948158591044619
0.45513168373687224	0.5632706256556989
0.5772401842516428	0.5158927225631635
0.38297666070541686	0.5053642996537112
0.4717828428979773	0.46325060801590195
0.4939843884461174	0.48957166528953266
0.638294434509028	0.531685356927342
0.5605890250905377	0.5527422027462465
0.43848052457576714	0.5580064142009727
0.4773332292850123	0.4948358767442589
0.5439378659294326	0.5948558943840558
0.6771471392182733	0.5895916829293297
0.5439378659294326	0.5632706256556989
0.5883409570257129	0.6053843172935082
0.48288361567204735	0.4790432423800804
0.5328370931553625	0.5895916829293297
0.5272867067683276	0.5474779912915204
0.616092888960888	0.6159127402029605
0.638294434509028	0.5948558943840558
0.5272867067683276	0.5053642996537112
0.5716897978646077	0.5843274714746035
0.5050851612201874	0.5948558943840558
0.6549455936701332	0.6211769516576867
0.7104494575404835	0.7843675067541975
0.6771471392182733	0.7054043349333052
0.7437517758626936	0.8001601411183761
0.6715967528312382	0.668554854750222
0.5106355476072225	0.6896117005691267
0.6660463664442032	0.5737990485651512
0.6715967528312382	0.631705374567139
0.6049921161868179	0.5580064142009727
0.6826975256053083	0.7054043349333052
0.7048990711534484	0.7211969692974837
0.7048990711534484	0.7527822380258405
0.6826975256053083	0.6264411631124128
0.6604959800571681	0.631705374567139
0.7659533214108337	0.7159327578427576
0.7326510030886235	0.6948759120238529
0.7215502303145536	0.668554854750222
0.7493021622497286	0.731725392206936
0.7159998439275185	0.6053843172935082
0.5994417297997829	0.6422337974765914
0.5605890250905377	0.6159127402029605
0.7437517758626936	0.7054043349333052
0.5050851612201874	0.6527622203860436
0.7548525486367637	0.6580264318407697
0.5661394114775727	0.5685348371104251
0.5883409570257129	0.6211769516576867
0.7715037077978687	0.731725392206936
0.6660463664442032	0.6632906432954959
0.815906798894149	0.5948558943840558
0.6826975256053083	0.7633106609352929
0.838108344442289	0.7475180265711144
0.6493952072830981	0.6632906432954959
0.45513168373687224	0.3421737445572003
0.9047129810867094	0.8528022556656376
0.8936122083126393	0.8264811983920068
0.6549455936701332	0.631705374567139
0.3885270470924519	0.4053442820139142
0.49953477483315245	0.5158927225631635
0.810356412507114	0.700140123478579
1.076774959084795	1.105484405492493
0.405178206253557	0.4948358767442589
0.36632550154431176	0.43166533928754497
0.42737975180169707	0.41587270492336653
0.6660463664442032	0.48957166528953266
1.0878757318588652	1.00020017639797
0.832557958055254	0.9107085816676254
0.7159998439275185	0.5527422027462465
0.5161859339942575	0.5158927225631635
0.6771471392182733	0.7422538151163883
0.7881548669589739	0.7685748723900191
0.9158137538607793	0.8791233129392684
0.5772401842516428	0.5106285111084373
0.7215502303145536	0.7159327578427576
0.9380152994089195	0.8738591014845423
0.5994417297997829	0.6580264318407697
0.5827905706386778	0.5685348371104251
0.4495812973498372	0.6001201058387821
0.5827905706386778	0.5580064142009727
0.5439378659294326	0.5422137798367943
0.4329301381887321	0.5737990485651512
0.5494882523164676	0.500100088198985
0.5383874795423975	0.6264411631124128
0.6993486847664134	0.6106485287482344
0.7326510030886235	0.7633106609352929
0.638294434509028	0.8001601411183761
0.5994417297997829	0.6159127402029605
0.4939843884461174	0.4737790309253542
0.610542502573853	0.6211769516576867
0.5550386387035027	0.6264411631124128
0.7770540941849038	0.731725392206936
0.6937982983793783	0.6738190662049482
0.7659533214108337	0.6580264318407697
0.5106355476072225	0.6896117005691267
0.5827905706386778	0.6369695860218652
0.616092888960888	0.731725392206936
0.5439378659294326	0.6948759120238529
0.5716897978646077	0.6106485287482344
0.7881548669589739	0.6632906432954959
0.6493952072830981	0.5895916829293297
0.4884340020590824	0.5264211454726159
0.6660463664442032	0.5422137798367943
0.5883409570257129	0.700140123478579
0.5938913434127479	0.6790832776596744
0.5050851612201874	0.5790632600198774
0.3718758879313468	0.3737590132855572
0.5439378659294326	0.6001201058387821
0.5883409570257129	0.6422337974765914
0.5494882523164676	0.6106485287482344
0.5050851612201874	0.5632706256556989
0.5161859339942575	0.5369495683820682
0.5439378659294326	0.5106285111084373
0.5883409570257129	0.6843474891144006
0.5883409570257129	0.5843274714746035
0.4884340020590824	0.5948558943840558
0.5494882523164676	0.531685356927342
0.6493952072830981	0.700140123478579
0.7104494575404835	0.6843474891144006
0.632744048121993	0.668554854750222
0.5161859339942575	0.5422137798367943
0.5716897978646077	0.5106285111084373
0.5328370931553625	0.5527422027462465
0.6549455936701332	0.6211769516576867
0.6715967528312382	0.5685348371104251
0.5772401842516428	0.668554854750222
0.6216432753479231	0.6264411631124128
0.6937982983793783	0.500100088198985
0.5439378659294326	0.6106485287482344
0.7271006167015884	0.6738190662049482
0.45513168373687224	0.4790432423800804
0.5328370931553625	0.41587270492336653
0.6271936617349579	0.48957166528953266
0.5161859339942575	0.4527221851064496
0.6715967528312382	0.6474980089313174
0.5328370931553625	0.5106285111084373
0.6216432753479231	0.4527221851064496
0.49953477483315245	0.5158927225631635
0.5106355476072225	0.5632706256556989
0.6049921161868179	0.5790632600198774
0.5661394114775727	0.5632706256556989
0.416278979027627	0.4421937621969973
0.5439378659294326	0.4948358767442589
0.5272867067683276	0.3948158591044619
0.7104494575404835	0.6474980089313174
0.6882479119923434	0.668554854750222
0.405178206253557	0.40008007055918804
0.35522472877024175	0.41060849346864037
0.44403091096280217	0.43166533928754497
0.4329301381887321	0.44745797365172346
0.5994417297997829	0.6474980089313174
0.5050851612201874	0.4211369163780927
0.49953477483315245	0.40008007055918804
0.46623245651094225	0.5737990485651512
0.46623245651094225	0.5527422027462465
0.4773332292850123	0.631705374567139
0.416278979027627	0.43166533928754497
0.45513168373687224	0.3263811101930218
0.5272867067683276	0.46325060801590195
0.4717828428979773	0.5474779912915204
0.49953477483315245	0.5737990485651512
0.4717828428979773	0.531685356927342
0.3607751151572768	0.38428743619500955
0.5161859339942575	0.4211369163780927
