WT	KO
0.8264660705572888	0.824965144999323
0.8890771365085984	0.8277058929893539
0.9141215628891224	0.8523726248996328
0.9015993496988605	0.8286194756526977
0.8890771365085984	0.8103478223858245
0.863069462959593	0.8450639635928835
0.9035258440358237	0.8532862075629764
0.9304967647533111	0.8642491995231003
0.9083420798782322	0.8578541208796947
0.8784814176553	0.8322738063060723
0.8967831138564519	0.824965144999323
0.9179745515630492	0.8651627821864439
0.9574676854707983	0.8989653407301593
0.8987096081934154	0.8806936874632861
0.9160480572260857	0.8980517580668157
0.899672855361897	0.8861751834433481
0.9150848100576041	0.8660763648497876
0.9420557307750913	0.8861751834433481
0.9102685742151957	0.8761257741465678
0.9015993496988605	0.8733850261565369
0.9131583157206407	0.8861751834433481
0.9882915948622124	0.937335812590593
1.0239317400960348	0.9912371897278687
0.998887313715511	0.9492123872140604
0.9459087194490181	0.9428173085706548
0.9478352137859816	0.8989653407301593
0.9854018533567673	0.9501259698774042
0.9950343250415843	0.9382493952539366
1.0056300438948829	0.937335812590593
1.0441599306341505	0.9903236070645252
1.001777055220956	0.9821013630944321
1.0046667967264011	0.993064355054556
0.9902180891991758	0.9647432924909026
0.9940710778731026	0.9875828590744942
1.0412701891287053	0.9738791191243392
1.001777055220956	0.9766198671143702
0.9863651005252491	0.9565210485208098
1.0412701891287053	1.0159039216381476
1.029711223106925	0.9702247884709646
1.0586086381613757	0.9985458510346179
1.1212197041126852	1.0104224256580856
1.0923222890582347	1.0606694721419867
1.1289256814605388	1.099953526665764
1.0990650192376066	1.0186446696281786
1.0306744702754067	1.0076816776680546
1.0123727740742547	0.961088961837528
1.0566821438244123	1.0314348269149898
1.103881255080015	1.1008671093291076
1.1115872324278686	1.0752867947554852
1.1173667154387588	1.0661509681220487
1.1453008833247276	1.0953856133490458
1.0942487833951982	1.0469657321918318
1.1337419173029473	1.0825954560622344
1.1019547607430518	1.0807682907355474
1.1269991871235756	1.0835090387255784
1.1192932097757222	1.0734596294287981
1.1019547607430518	1.1273610065660737
1.1183299626072403	1.0908177000323276
1.1549333550095446	1.0880769520422966
1.0826898173734179	1.0798547080722034
1.1520436135040995	1.137410415862854
1.1356684116399107	1.1529413211396962
1.2319931284880796	1.1620771477731326
1.1578230965149896	1.145632659832947
1.1125504795963503	1.0698052987754234
1.1443376361562458	1.0213854176182096
1.1308521757975023	1.0990399440024203
1.1289256814605388	1.1145708492792625
1.1578230965149896	1.0935584480223584
1.1587863436834713	1.0816818733988909
1.1558966021780261	1.102694274655795
1.1713085568737331	1.0972127786757329
1.1664923210313247	1.102694274655795
1.2011692190966656	1.1502005731496654
1.2329563756565614	1.169385809079882
1.2416256001728965	1.2004476196335663
1.3071264076296514	1.273534232701059
1.305199913292688	1.257089744760873
1.2685965208903838	1.2086698636036592
1.208875196444519	1.1858302970200678
1.205022207770592	1.099953526665764
1.1212197041126852	1.1502005731496654
1.1115872324278686	1.0752867947554852
1.014299268411218	0.9894100244011813
0.8640327101280746	0.8660763648497876
0.8563267327802211	0.8185700663559174
0.9131583157206407	0.8779529394732551
0.8707754403074465	0.8742986088198805
0.8197233403779168	0.7591871932385796
0.7754139706277592	0.7838539251488584
0.9671001571556153	0.9409901432439676
1.388039169782113	1.3685468296887995
1.267633273721902	1.3018552952647124
1.057645390992894	1.0423978188751137
0.7262883650351931	0.6824462495177124
0.8765549233183365	0.8669899475131313
1.3649212377385527	1.3393121844618023
1.5604604129403354	1.4599050960231652
0.9593941798077618	0.9281999859571564
0.41708602395257116	0.376396057297587
0.3968578334144557	0.3891862145843982
1.011409526905773	0.9419037259073112
1.5007390884944707	1.5375596224073762
1.3861126754451498	1.3091639565714617
0.899672855361897	0.8578541208796947
0.7272516122036748	0.7098537294180222
1.0643881211722659	0.9921507723912125
1.2117649379499642	1.1949661236535043
1.3042366661242062	1.289978720641245
0.9478352137859816	0.8825208527899735
0.7754139706277592	0.7710637678620472
0.8004583970082831	0.7537056972585177
0.9150848100576041	0.8825208527899735
0.9478352137859816	0.9035332540468776
0.8515104969378126	0.792989751782295
0.940129236438128	0.9135826633436579
1.1019547607430518	1.030521244251646
1.1202564569442037	1.0908177000323276
1.0431966834656685	1.052447228171894
1.1549333550095446	1.1419783291795722
1.2936409472709076	1.2269415168705324
1.261853790711012	1.2844972246611828
1.2685965208903838	1.2214600208904705
1.2425888473413782	1.1840031316933806
1.1790145342215868	1.1419783291795722
1.2445153416783414	1.169385809079882
1.264743532216457	1.2132377769203777
1.2512580718577133	1.2342501781772819
1.231029881319598	1.1657314784265074
1.1684188153682882	1.1364968331995104
1.1433743889877643	1.052447228171894
1.1481906248301728	1.05153364550855
1.0923222890582347	1.0597558894786432
1.0836530645418994	1.0981263613390768
1.1443376361562458	1.134669667872823
1.1501171191671362	1.0953856133490458
1.1915367474118486	1.1502005731496654
1.1636025795258798	1.1255338412393865
1.1587863436834713	1.0698052987754234
1.1009915135745698	1.0551879761619247
1.1347051644714292	1.0542743934985812
1.1501171191671362	1.0634102201320177
1.0932855362267164	1.0899041173689836
1.0287479759384435	1.0113360083214293
1.0027403023894377	0.9894100244011813
1.0460864249711137	1.016817504301491
1.0653513683407474	1.001286599024649
1.042233436297187	1.0022001816879926
0.9979240665470293	0.9683976231442772
0.9574676854707983	0.9848421110844632
1.0046667967264011	1.022299000281553
1.0692043570146743	1.0159039216381476
0.9854018533567673	0.9565210485208098
1.0104462797372913	1.022299000281553
1.014299268411218	1.0104224256580856
1.0566821438244123	0.9894100244011813
0.9709531458295421	0.9565210485208098
0.9719163929980238	0.9327678992738747
0.9979240665470293	0.9903236070645252
0.9950343250415843	1.0131631736481164
0.9796223703458773	0.9656568751542463
0.9574676854707983	0.9126690806803142
0.9805856175143588	0.9428173085706548
1.0316377174438884	0.9866692764111504
1.029711223106925	0.9757062844510266
0.9622839213132068	0.9364222299272493
1.0248949872645166	0.9967186857079308
1.0123727740742547	1.0122495909847729
1.014299268411218	0.9592617965108408
0.9998505608839927	0.9939779377178997
0.9622839213132068	0.934595064600562
0.9719163929980238	0.9336814819372182
1.0162257627481814	0.9674840404809337
0.9459087194490181	0.9163234113336888
0.9593941798077618	0.897138175403472
0.9526514496283899	0.958348213847497
0.9468719666174998	0.9364222299272493
0.9150848100576041	0.8852616007800044
0.8428412724214774	0.8277058929893539
0.9218275402369759	0.8642491995231003
0.9372394949326829	0.9254592379671254
0.9439822251120547	0.8962245927401283
0.9131583157206407	0.8934838447500973
0.9131583157206407	0.8880023487700354
0.8312823063996971	0.8149157357025427
0.8418780252529958	0.8386688849494779
0.8910036308455619	0.8359281369594469
0.8582532271171844	0.8313602236427287
0.8601797214541478	0.824965144999323
0.853436991274776	0.8112614050491681
0.893893372351007	0.8267923103260103
0.822613081883362	0.824965144999323
0.8004583970082831	0.7619279412286106
0.8611429686226295	0.8386688849494779
0.8755916761498548	0.8679035301764749
0.8813711591607449	0.8368417196227906
0.8958198666879703	0.8203972316826047
0.7840831951440944	0.737261209318332
0.773487476290796	0.747310618615112
0.8120173630300634	0.8030391610790752
