condition1	condition1
0.1001554344868363	0.12206837662597146
0.11226213535887145	0.08794173369828051
0.13097249125201668	0.11288043429928543
0.11996639955016657	0.12206837662597146
0.1166645720396115	0.08400404412970079
0.09024995195517116	0.105005055162126
0.10896030784831641	0.13781913490029035
0.12987188208183167	0.1194432502469183
0.0924511702955412	0.10237992878307284
0.09465238863591122	0.10763018154117913
0.11776518120979651	0.11288043429928543
0.11996639955016657	0.1246935030050246
0.09685360697628126	0.10237992878307284
0.1012560436570213	0.1246935030050246
0.08254568776387607	0.12600606619455118
0.10455787116757635	0.12075581343644487
0.14307919212405185	0.12994375576313089
0.10455787116757635	0.12863119257360434
0.10565848033776137	0.10894274473070571
0.10345726199739134	0.12731862938407776
0.11446335369924149	0.11681812386786515
0.13647553710294177	0.11288043429928543
0.1463810196346069	0.1194432502469183
0.154085283825902	0.13781913490029035
0.11776518120979651	0.11419299748881201
0.15298467465571697	0.12206837662597146
0.1166645720396115	0.11288043429928543
0.1243688362309066	0.12863119257360434
0.15628650216627202	0.11681812386786515
0.13757614627312678	0.1719457778279813
0.12657005457127665	0.1456945140374498
0.13537492793275677	0.11156787110975885
0.13097249125201668	0.1312563189526575
0.12877127291164667	0.14963220360602955
0.14528041046442186	0.14306938765839666
0.13977736461349682	0.16407039869082185
0.15078345631534695	0.12338093981549803
0.13097249125201668	0.12600606619455118
0.17059442137867722	0.14963220360602955
0.14748162880479193	0.1351940085212372
0.13097249125201668	0.1194432502469183
0.13647553710294177	0.14831964041650295
0.1166645720396115	0.12863119257360434
0.13647553710294177	0.14438195084792324
0.14968284714516195	0.1614452723117687
0.13647553710294177	0.14700707722697637
0.16068893884701207	0.15225732998508268
0.17169503054886223	0.1456945140374498
0.15078345631534695	0.16407039869082185
0.1617895480171971	0.14831964041650295
0.16399076635756712	0.1548824563641358
0.14087797378368183	0.166695525069875
0.15738711133645703	0.15356989317460926
0.13977736461349682	0.14831964041650295
0.16289015718738212	0.15225732998508268
0.16619198469793714	0.17850859377561418
0.15848772050664206	0.1706332146384547
0.16289015718738212	0.1706332146384547
0.14968284714516195	0.16800808825940158
0.16399076635756712	0.15882014593271557
0.16729259386812215	0.16407039869082185
0.19810965063330258	0.1194432502469183
0.17499685805941725	0.1771960305860876
0.17169503054886223	0.16013270912224212
0.18710355893145242	0.1916342256708799
0.19590843229293253	0.1719457778279813
0.1849023405910824	0.16407039869082185
0.15958832967682707	0.16407039869082185
0.1926066047823775	0.18638397291277362
0.16949381220849222	0.1771960305860876
0.14968284714516195	0.20475985756614568
0.17169503054886223	0.166695525069875
0.19150599561219248	0.1876965361023002
0.1793992947401573	0.2073849839451988
0.18160051308052735	0.15882014593271557
0.16729259386812215	0.20082216799756597
0.19700904146311757	0.1916342256708799
0.19150599561219248	0.1706332146384547
0.18160051308052735	0.19032166248135335
0.19700904146311757	0.1837588465337205
0.16839320303830718	0.1916342256708799
0.1771980763997873	0.1876965361023002
0.16839320303830718	0.16013270912224212
0.16509137552775213	0.1509447667955561
0.12216761789053658	0.1509447667955561
0.14968284714516195	0.15356989317460926
0.13537492793275677	0.12075581343644487
0.16949381220849222	0.17982115696514075
0.1860029497612674	0.16275783550129527
0.18710355893145242	0.16800808825940158
0.1849023405910824	0.15356989317460926
0.09465238863591122	0.105005055162126
0.2036126964842276	0.22051061584046458
0.233329144079223	0.20869754713472538
0.154085283825902	0.16013270912224212
0.11336274452905647	0.10763018154117913
0.15188406548553196	0.13650657171076377
0.19810965063330258	0.20607242075567223
0.233329144079223	0.21526036308235827
0.1243688362309066	0.12206837662597146
0.06493594104091584	0.06956584904490846
0.08804873361480114	0.06694072266585531
0.13097249125201668	0.0984422392144931
0.2487376724618132	0.24676187963099605
0.18710355893145242	0.2126352367033051
0.13757614627312678	0.16275783550129527
0.13317370959238672	0.10106736559354626
0.15738711133645703	0.1837588465337205
0.23993279910033313	0.24807444282052263
0.24213401744070315	0.2349488109252569
0.1078596986781314	0.09187942326686024
0.19810965063330258	0.19425935204993308
0.2245242707177429	0.18507140972324707
0.14197858295386684	0.16407039869082185
0.18049990391034232	0.17850859377561418
0.155185892996087	0.17457090420703444
0.1386767554433118	0.1706332146384547
0.16068893884701207	0.17457090420703444
0.11776518120979651	0.15356989317460926
0.17279563971904724	0.13388144533171062
0.1838017314208974	0.15882014593271557
0.17059442137867722	0.14700707722697637
0.2102163515053377	0.19032166248135335
0.21241756984570775	0.17325834101750787
0.19921025980348758	0.2139477998928317
0.17389624888923225	0.16407039869082185
0.17059442137867722	0.18900909929182677
0.1617895480171971	0.15750758274318896
0.16619198469793714	0.16407039869082185
0.17059442137867722	0.15882014593271557
0.1849023405910824	0.18244628334419388
0.1782986855699723	0.19557191523945966
0.1782986855699723	0.1706332146384547
0.18160051308052735	0.1548824563641358
0.16839320303830718	0.1653829618803484
0.16068893884701207	0.1653829618803484
0.15298467465571697	0.1509447667955561
0.17169503054886223	0.18507140972324707
0.15628650216627202	0.17588346739656102
0.16729259386812215	0.15356989317460926
0.1782986855699723	0.17982115696514075
0.1860029497612674	0.1719457778279813
0.14968284714516195	0.12731862938407776
0.16399076635756712	0.16800808825940158
0.15298467465571697	0.1509447667955561
0.1617895480171971	0.19032166248135335
0.18049990391034232	0.14700707722697637
0.15958832967682707	0.1653829618803484
0.14197858295386684	0.166695525069875
0.15738711133645703	0.16275783550129527
0.14858223797497694	0.1509447667955561
0.1617895480171971	0.14175682446887009
0.14748162880479193	0.166695525069875
0.15738711133645703	0.1509447667955561
0.15298467465571697	0.13781913490029035
0.14087797378368183	0.15356989317460926
0.16509137552775213	0.12731862938407776
0.15628650216627202	0.14306938765839666
0.1463810196346069	0.13781913490029035
0.15078345631534695	0.14044426127934348
0.1463810196346069	0.12994375576313089
0.1166645720396115	0.12338093981549803
0.14197858295386684	0.13650657171076377
0.14417980129423685	0.15619501955366238
0.1463810196346069	0.1456945140374498
0.10896030784831641	0.1456945140374498
0.1386767554433118	0.1351940085212372
0.11996639955016657	0.12994375576313089
0.155185892996087	0.13781913490029035
0.12657005457127665	0.14044426127934348
0.12657005457127665	0.14175682446887009
0.12106700872035157	0.13781913490029035
0.10565848033776137	0.12206837662597146
0.12657005457127665	0.11419299748881201
0.12106700872035157	0.12075581343644487
0.1243688362309066	0.12600606619455118
0.1078596986781314	0.14700707722697637
0.12657005457127665	0.12206837662597146
0.09685360697628126	0.11156787110975885
0.11226213535887145	0.1548824563641358
0.13427431876257173	0.1246935030050246
0.13537492793275677	0.13913169808981693
0.12987188208183167	0.1351940085212372
0.13537492793275677	0.14963220360602955
0.13537492793275677	0.14044426127934348
0.13427431876257173	0.0984422392144931
0.12657005457127665	0.1312563189526575
0.11886579037998155	0.11156787110975885
0.1078596986781314	0.12075581343644487
0.1155639628694265	0.1509447667955561
0.10455787116757635	0.12338093981549803
0.1166645720396115	0.1036924919725994
0.08584751527443112	0.11025530792023229
0.12657005457127665	0.11681812386786515
0.13647553710294177	0.1246935030050246
0.11886579037998155	0.11419299748881201
0.10896030784831641	0.12863119257360434
0.11226213535887145	0.11813068705739174
0.11996639955016657	0.11156787110975885
0.14748162880479193	0.11550556067833859
