condition1	condition1
0.1007457415663265	0.12872918353863774
0.10974089706331992	0.095474144457823
0.13132927025610416	0.12229272436170587
0.14302297240219566	0.1394566155001909
0.12323363030881007	0.10083786043859956
0.10164525711602584	0.12336546755786117
0.10974089706331992	0.13731112910788026
0.12323363030881007	0.12229272436170587
0.11603750591121534	0.11478352198861864
0.10884138151362059	0.12014723796939523
0.12773120805730678	0.12336546755786117
0.10434380376512387	0.13623838591172496
0.09984622601662715	0.10834706281168677
0.11423847481181665	0.14589307467712279
0.10434380376512387	0.14052935869634622
0.10344428821542452	0.11907449477323992
0.14752055015069238	0.14803856106943342
0.12143459920941138	0.14374758828481216
0.11783653701061403	0.11156529240015271
0.12143459920941138	0.12121998116555055
0.12953023915670547	0.12229272436170587
0.13042975470640483	0.1255109539501718
0.13492733245490154	0.1265836971463271
0.1520181278991891	0.1469658178732781
0.12143459920941138	0.11907449477323992
0.16011376784648318	0.14374758828481216
0.11603750591121534	0.1255109539501718
0.13762587910399957	0.12765644034248244
0.15381715899858778	0.1180017515770846
0.1520181278991891	0.17592988416947158
0.14122394130279697	0.1619842226194525
0.12863072360700614	0.11263803559630803
0.14662103460099302	0.14267484508865683
0.12503266140820876	0.15447502024636528
0.15561619009798647	0.15018404746174405
0.14931958125009107	0.17485714097331626
0.1565157056476858	0.1394566155001909
0.1484200657003917	0.13731112910788026
0.1565157056476858	0.1684206817963844
0.13942491020339828	0.14803856106943342
0.13852539465369892	0.13087466993094837
0.15291764344888842	0.14803856106943342
0.13942491020339828	0.1469658178732781
0.14931958125009107	0.14160210189250153
0.1646113455949799	0.16520245220791846
0.14931958125009107	0.1566205066386759
0.16371183004528056	0.15340227705020998
0.17990310993986872	0.14482033148096746
0.1673098922440779	0.16412970901176313
0.15561619009798647	0.13623838591172496
0.16641037669437858	0.17056616818869502
0.15561619009798647	0.18665731613102474
0.16641037669437858	0.17271165458100565
0.13672636355430023	0.14911130426558872
0.16641037669437858	0.15447502024636528
0.16641037669437858	0.18665731613102474
0.16371183004528056	0.15769324983483127
0.15741522119738516	0.16412970901176313
0.15291764344888842	0.15983873622714187
0.17900359439016938	0.1394566155001909
0.16551086114467925	0.17271165458100565
0.1969939053841563	0.1255109539501718
0.17450601664167267	0.1898755457194907
0.1897977809865615	0.18558457293486944
0.18260165658896677	0.1984574912887332
0.17990310993986872	0.17914811375793752
0.18440068768836546	0.1694934249925397
0.18260165658896677	0.16305696581560783
0.19429535873505824	0.18129360015024815
0.17810407884047005	0.15876599303098657
0.14662103460099302	0.18880280252333537
0.16011376784648318	0.17592988416947158
0.175405532191372	0.17807537056178221
0.1817021410392674	0.20918492325028634
0.18260165658896677	0.1684206817963844
0.17810407884047005	0.20811218005413104
0.18889826543686217	0.20489395046566508
0.18440068768836546	0.1609114794232972
0.17810407884047005	0.17807537056178221
0.1969939053841563	0.19416651850411193
0.1853002032380648	0.18773005932718007
0.17450601664167267	0.1920210321118013
0.1709079544428753	0.16734793860022906
0.16191279894588187	0.1566205066386759
0.12233411475911074	0.1566205066386759
0.143922487951895	0.16520245220791846
0.14662103460099302	0.13731112910788026
0.18889826543686217	0.190948288915646
0.1951948742847576	0.17378439777716095
0.20419002978175102	0.18558457293486944
0.201491483132653	0.16734793860022906
0.10524331931482321	0.11692900838092929
0.2266779185242346	0.23922173274263514
0.22937646517333263	0.1995302344848885
0.17900359439016938	0.15983873622714187
0.11963556811001269	0.11585626518477397
0.15561619009798647	0.15769324983483127
0.21138615417934578	0.23707624635032454
0.23837162067032605	0.21776686881952886
0.13582684800460088	0.13731112910788026
0.06926269732684946	0.0804557397116486
0.08725300832083634	0.07080105094625076
0.14032442575309761	0.11585626518477397
0.2410701673194241	0.2520946510964989
0.19879293648355498	0.2209850984079948
0.16191279894588187	0.15876599303098657
0.12863072360700614	0.10298334683091019
0.1709079544428753	0.17378439777716095
0.2500653228164175	0.24565819191956703
0.2527638694655156	0.2424399623311011
0.11243944371241796	0.12121998116555055
0.1853002032380648	0.1973847480925779
0.20868760753024773	0.1834390865425588
0.14032442575309761	0.16305696581560783
0.18260165658896677	0.1694934249925397
0.17000843889317596	0.15876599303098657
0.14572151905129369	0.16412970901176313
0.1565157056476858	0.17163891138485032
0.12593217695790812	0.16520245220791846
0.17450601664167267	0.14052935869634622
0.20059196758295364	0.18129360015024815
0.17360650109197331	0.1566205066386759
0.1951948742847576	0.1834390865425588
0.1951948742847576	0.17914811375793752
0.2059890608811497	0.2145486392310629
0.1853002032380648	0.16520245220791846
0.17360650109197331	0.1898755457194907
0.1547166745482871	0.15232953385405465
0.1691089233434766	0.14803856106943342
0.1673098922440779	0.16520245220791846
0.18619971878776412	0.18236634334640345
0.17270698554227398	0.19523926170026726
0.17270698554227398	0.16734793860022906
0.1915968120859602	0.1609114794232972
0.17270698554227398	0.15983873622714187
0.15561619009798647	0.15876599303098657
0.14752055015069238	0.1555477634425206
0.17630504774107136	0.1845118297387141
0.17360650109197331	0.17271165458100565
0.16191279894588187	0.1609114794232972
0.18080262548956808	0.17485714097331626
0.17810407884047005	0.17700262736562689
0.1709079544428753	0.14482033148096746
0.16641037669437858	0.1566205066386759
0.14302297240219566	0.14160210189250153
0.14752055015069238	0.1845118297387141
0.18619971878776412	0.15125679065789935
0.16641037669437858	0.15232953385405465
0.14482200350159435	0.15769324983483127
0.1520181278991891	0.15018404746174405
0.14931958125009107	0.14374758828481216
0.1772045632907707	0.14374758828481216
0.15381715899858778	0.1694934249925397
0.15381715899858778	0.1383838723040356
0.1484200657003917	0.12765644034248244
0.143922487951895	0.15340227705020998
0.1709079544428753	0.14911130426558872
0.1502190967997904	0.14911130426558872
0.14302297240219566	0.13087466993094837
0.15291764344888842	0.13087466993094837
0.1484200657003917	0.13409289951941433
0.12863072360700614	0.14160210189250153
0.13582684800460088	0.14803856106943342
0.15381715899858778	0.15447502024636528
0.175405532191372	0.15125679065789935
0.12503266140820876	0.14911130426558872
0.14482200350159435	0.16627519540407376
0.12863072360700614	0.13087466993094837
0.14931958125009107	0.15125679065789935
0.14302297240219566	0.14267484508865683
0.13492733245490154	0.14911130426558872
0.12413314585850943	0.14052935869634622
0.1133389592621173	0.12229272436170587
0.14122394130279697	0.13087466993094837
0.12773120805730678	0.11585626518477397
0.11693702146091467	0.13087466993094837
0.10434380376512387	0.14160210189250153
0.13582684800460088	0.13194741312710367
0.10614283486452256	0.1383838723040356
0.12053508365971205	0.13409289951941433
0.12503266140820876	0.12872918353863774
0.12683169250760745	0.13623838591172496
0.13222878580580352	0.14267484508865683
0.14302297240219566	0.15018404746174405
0.143922487951895	0.12980192673479307
0.11963556811001269	0.10405609002706552
0.12953023915670547	0.12765644034248244
0.10974089706331992	0.10834706281168677
0.11153992816271861	0.12229272436170587
0.12413314585850943	0.15018404746174405
0.10344428821542452	0.12336546755786117
0.11153992816271861	0.10941980600784208
0.09175058606933305	0.11692900838092929
0.12323363030881007	0.10620157641937615
0.13942491020339828	0.12014723796939523
0.13222878580580352	0.11371077879246334
0.10614283486452256	0.13731112910788026
0.13492733245490154	0.12872918353863774
0.12413314585850943	0.12980192673479307
0.14752055015069238	0.13087466993094837
