WT	KO
0.40025987927180157	0.1998701447308313
0.20012993963590078	0.1998701447308313
0.20012993963590078	0.26649352630777506
0.40025987927180157	0.26649352630777506
0.46696985915043515	0.5329870526155501
0.46696985915043515	0.5329870526155501
0.13341995975726717	0.13324676315388753
0.20012993963590078	0.06662338157694377
0.26683991951453434	0.06662338157694377
0.26683991951453434	0.3331169078847188
0.46696985915043515	0.3997402894616626
0.26683991951453434	0.3331169078847188
0.26683991951453434	0.26649352630777506
0.0	0.06662338157694377
0.5336798390290687	0.4663636710386064
0.40025987927180157	0.9993507236541564
0.5336798390290687	0.3997402894616626
0.6003898189077023	0.5329870526155501
0.26683991951453434	0.1998701447308313
0.7338097786649694	0.5996104341924938
0.5336798390290687	0.6662338157694376
0.20012993963590078	0.26649352630777506
0.26683991951453434	0.13324676315388753
0.40025987927180157	0.3997402894616626
0.6670997987863359	0.5996104341924938
0.6670997987863359	0.3997402894616626
0.26683991951453434	0.1998701447308313
0.13341995975726717	0.13324676315388753
0.3335498993931679	0.26649352630777506
0.7338097786649694	0.6662338157694376
0.9339397183008703	0.7328571973463813
0.3335498993931679	0.3997402894616626
0.3335498993931679	0.3997402894616626
0.20012993963590078	0.13324676315388753
0.40025987927180157	0.3331169078847188
0.6003898189077023	0.6662338157694376
0.46696985915043515	0.6662338157694376
0.7338097786649694	0.7328571973463813
0.6670997987863359	0.5329870526155501
0.6670997987863359	0.5996104341924938
0.46696985915043515	0.3331169078847188
0.3335498993931679	0.1998701447308313
0.26683991951453434	0.3997402894616626
0.20012993963590078	0.1998701447308313
0.5336798390290687	0.3331169078847188
0.46696985915043515	0.5329870526155501
0.26683991951453434	0.26649352630777506
0.3335498993931679	0.5996104341924938
0.46696985915043515	0.7994805789233252
0.26683991951453434	0.5996104341924938
0.26683991951453434	0.3997402894616626
0.20012993963590078	0.26649352630777506
0.13341995975726717	0.4663636710386064
0.6003898189077023	0.5996104341924938
0.40025987927180157	0.3331169078847188
0.46696985915043515	0.3997402894616626
0.6003898189077023	0.7328571973463813
0.13341995975726717	0.5329870526155501
0.46696985915043515	0.4663636710386064
1.134069657936771	0.5329870526155501
0.40025987927180157	0.1998701447308313
0.46696985915043515	0.5996104341924938
0.40025987927180157	0.1998701447308313
0.5336798390290687	0.5329870526155501
0.6670997987863359	0.6662338157694376
1.2674896176940382	0.7994805789233252
0.9339397183008703	0.9993507236541564
0.5336798390290687	0.7994805789233252
0.26683991951453434	0.6662338157694376
0.6003898189077023	0.4663636710386064
0.46696985915043515	0.5329870526155501
0.6670997987863359	0.5996104341924938
0.6670997987863359	0.8661039605002689
0.40025987927180157	0.7994805789233252
0.6003898189077023	0.8661039605002689
0.9339397183008703	0.7328571973463813
0.8005197585436031	0.9327273420772128
0.46696985915043515	0.4663636710386064
0.3335498993931679	0.4663636710386064
0.7338097786649694	0.7328571973463813
0.46696985915043515	0.4663636710386064
0.26683991951453434	0.5996104341924938
0.40025987927180157	0.5329870526155501
0.8672297384222367	0.5329870526155501
0.7338097786649694	0.5996104341924938
0.6003898189077023	0.5996104341924938
0.6003898189077023	0.7328571973463813
0.40025987927180157	0.4663636710386064
0.40025987927180157	0.4663636710386064
0.46696985915043515	0.5329870526155501
0.46696985915043515	0.5329870526155501
0.5336798390290687	0.13324676315388753
0.6003898189077023	0.3331169078847188
0.7338097786649694	0.1998701447308313
0.40025987927180157	0.5996104341924938
0.26683991951453434	0.26649352630777506
0.40025987927180157	0.1998701447308313
0.40025987927180157	0.1998701447308313
0.06670997987863359	0.13324676315388753
0.5336798390290687	0.6662338157694376
1.0006496981795039	0.3997402894616626
0.7338097786649694	0.5996104341924938
0.26683991951453434	0.5996104341924938
0.13341995975726717	0.1998701447308313
0.3335498993931679	0.5329870526155501
0.40025987927180157	0.4663636710386064
0.3335498993931679	0.7328571973463813
0.8005197585436031	0.9327273420772128
0.8005197585436031	0.7328571973463813
0.3335498993931679	0.4663636710386064
0.5336798390290687	0.4663636710386064
0.7338097786649694	0.4663636710386064
0.5336798390290687	0.6662338157694376
0.6670997987863359	0.7328571973463813
0.8005197585436031	0.7328571973463813
0.9339397183008703	0.8661039605002689
1.0673596780581374	0.7328571973463813
0.8672297384222367	0.8661039605002689
1.0006496981795039	0.8661039605002689
0.5336798390290687	0.5996104341924938
0.9339397183008703	0.9993507236541564
0.8672297384222367	0.8661039605002689
0.6003898189077023	0.3331169078847188
0.8672297384222367	0.9327273420772128
1.0673596780581374	0.7328571973463813
0.46696985915043515	0.1998701447308313
0.40025987927180157	0.3331169078847188
0.3335498993931679	0.4663636710386064
0.9339397183008703	0.6662338157694376
0.46696985915043515	0.1998701447308313
0.5336798390290687	0.26649352630777506
0.6670997987863359	0.6662338157694376
0.6003898189077023	0.5996104341924938
0.5336798390290687	0.5329870526155501
0.5336798390290687	0.4663636710386064
0.6003898189077023	0.9993507236541564
0.7338097786649694	0.6662338157694376
0.26683991951453434	0.3331169078847188
0.40025987927180157	0.5996104341924938
0.5336798390290687	0.6662338157694376
0.6003898189077023	0.3997402894616626
0.3335498993931679	0.4663636710386064
0.26683991951453434	0.5329870526155501
0.6670997987863359	0.6662338157694376
0.40025987927180157	0.5996104341924938
0.6670997987863359	0.5329870526155501
0.6670997987863359	0.7994805789233252
0.46696985915043515	0.1998701447308313
0.3335498993931679	0.26649352630777506
0.8672297384222367	0.6662338157694376
0.5336798390290687	0.5329870526155501
0.46696985915043515	0.5329870526155501
0.46696985915043515	0.6662338157694376
0.5336798390290687	0.6662338157694376
0.20012993963590078	0.26649352630777506
0.5336798390290687	0.26649352630777506
0.26683991951453434	0.4663636710386064
0.46696985915043515	0.4663636710386064
0.5336798390290687	0.3331169078847188
0.40025987927180157	0.4663636710386064
0.3335498993931679	0.3997402894616626
0.40025987927180157	0.4663636710386064
0.13341995975726717	0.1998701447308313
0.26683991951453434	0.3331169078847188
0.5336798390290687	0.4663636710386064
0.40025987927180157	0.26649352630777506
0.40025987927180157	0.4663636710386064
0.6670997987863359	0.4663636710386064
0.26683991951453434	0.6662338157694376
0.06670997987863359	0.1998701447308313
0.5336798390290687	0.4663636710386064
0.20012993963590078	0.13324676315388753
0.20012993963590078	0.26649352630777506
0.46696985915043515	0.3331169078847188
0.13341995975726717	0.3331169078847188
0.20012993963590078	0.13324676315388753
0.20012993963590078	0.26649352630777506
0.26683991951453434	0.26649352630777506
0.46696985915043515	0.4663636710386064
0.26683991951453434	0.06662338157694377
0.40025987927180157	0.3331169078847188
0.06670997987863359	0.3997402894616626
0.3335498993931679	0.3331169078847188
0.20012993963590078	0.1998701447308313
0.26683991951453434	0.3331169078847188
0.13341995975726717	0.13324676315388753
0.13341995975726717	0.0
0.06670997987863359	0.1998701447308313
0.26683991951453434	0.13324676315388753
0.26683991951453434	0.13324676315388753
0.20012993963590078	0.13324676315388753
0.3335498993931679	0.06662338157694377
0.20012993963590078	0.06662338157694377
0.13341995975726717	0.3331169078847188
0.46696985915043515	0.1998701447308313
0.46696985915043515	0.1998701447308313
0.13341995975726717	0.26649352630777506
0.0	0.06662338157694377
0.26683991951453434	0.1998701447308313
0.06670997987863359	0.1998701447308313
