WT	KO
0.4300486582437122	0.46925088680412463
0.4956493010266513	0.5727621118344463
0.4956493010266513	0.3864419067798674
0.4300486582437122	0.4623501384687699
0.4883603407174359	0.43474714512735074
0.4227596979344967	0.40714415178593166
0.5248051422635132	0.5382583701576724
0.539383062881944	0.43474714512735074
0.46649345978978946	0.32433517176167437
0.5612499438095905	0.3726404101091578
0.5320941025727286	0.5382583701576724
0.5758278644280215	0.6210673501819297
0.4956493010266513	0.5727621118344463
0.5102272216450823	0.3933426551152221
0.4883603407174359	0.42094564845664123
0.553960983500375	0.4761516351394794
0.6924512293754688	0.4485486417980603
0.6268505865925296	0.4968538801455437
0.6049837056648832	0.5244568734869628
0.5320941025727286	0.552059866828382
0.5685389041188059	0.6210673501819297
0.6122726659740987	0.5796628601698011
0.6195616262833141	0.6072658535112202
0.539383062881944	0.4554493901334151
0.4810713804082204	0.5106553768162533
0.5612499438095905	0.552059866828382
0.5831168247372369	0.4830523834748342
0.6195616262833141	0.552059866828382
0.5612499438095905	0.6417695951879939
0.5612499438095905	0.552059866828382
0.5758278644280215	0.44164789346270555
0.5976947453556677	0.6141666018465749
0.5976947453556677	0.5796628601698011
0.5466720231911596	0.5382583701576724
0.459204499480574	0.4485486417980603
0.5175161819542977	0.5589606151637367
0.6851622690662533	0.5382583701576724
0.6414285072109606	0.6417695951879939
0.539383062881944	0.5382583701576724
0.5904057850464524	0.6072658535112202
0.45191553917135857	0.5451591184930272
0.648717467520176	0.4761516351394794
0.8017856340137007	0.6141666018465749
0.7361849912307615	0.6417695951879939
0.6122726659740987	0.5451591184930272
0.5612499438095905	0.5313576218223176
0.5175161819542977	0.5175561251516081
0.5248051422635132	0.5589606151637367
0.7507629118491925	0.6003651051758654
0.6778733087570378	0.6072658535112202
0.6195616262833141	0.4968538801455437
0.5102272216450823	0.4899531318101889
0.6341395469017451	0.6072658535112202
0.7143181103031152	0.5934643568405106
0.663295388138607	0.6072658535112202
0.7580518721584079	0.6969755818708322
0.5685389041188059	0.5244568734869628
0.6049837056648832	0.793586058565799
0.7361849912307615	0.6555710918587035
0.7507629118491925	0.6072658535112202
0.8163635546321316	0.7176778268768965
0.6268505865925296	0.6072658535112202
0.6705843484478224	0.6624718401940584
0.6268505865925296	0.6210673501819297
0.7288960309215461	0.6693725885294131
0.7799187530860543	0.7245785752122512
0.7726297927768389	0.7797845618950895
0.8309414752505625	0.7245785752122512
0.7288960309215461	0.6693725885294131
0.648717467520176	0.5727621118344463
0.8600973164874244	0.6831740852001227
0.7580518721584079	0.793586058565799
0.7653408324676233	0.6348688468526393
0.6049837056648832	0.6141666018465749
0.8163635546321316	0.5589606151637367
0.7799187530860543	0.7107770785415418
0.7361849912307615	0.6003651051758654
0.8382304355597779	0.5865636085051558
0.5976947453556677	0.5796628601698011
0.6997401896846842	0.6762733368647679
0.6997401896846842	0.6279680985172845
0.7653408324676233	0.6969755818708322
0.6851622690662533	0.5382583701576724
0.7070291499938997	0.7176778268768965
0.7944966737044852	0.7590823168890252
0.8309414752505625	0.6348688468526393
0.7434739515399771	0.6279680985172845
0.8528083561782089	0.8349905485779278
0.8236525149413472	0.8004868069011538
0.8455193958689934	0.76598306522438
0.46649345978978946	0.5037546284808985
0.9548538005072253	0.8970972835961206
1.1735226097836893	0.9661047669496684
0.7653408324676233	0.7107770785415418
0.4227596979344967	0.4002434034505769
0.7143181103031152	0.5727621118344463
1.0204544432901645	0.9592040186143136
1.1808115700929047	1.0834174886506995
0.7653408324676233	0.7728838135597348
0.3571590551515576	0.3864419067798674
0.25511361082254114	0.25532768840812664
0.5612499438095905	0.6141666018465749
1.078766125763888	1.042012998638571
1.0423213242178109	0.7590823168890252
0.7434739515399771	0.6693725885294131
0.39360385669763487	0.2829306817495457
0.7143181103031152	0.5106553768162533
1.1297888479283964	0.8832957869254111
1.0568992448362418	0.9385017736082493
0.5976947453556677	0.5037546284808985
0.7944966737044852	0.5244568734869628
0.7580518721584079	0.703876330206187
0.7726297927768389	0.6831740852001227
0.7944966737044852	0.7245785752122512
0.5831168247372369	0.5244568734869628
0.7070291499938997	0.6141666018465749
0.7653408324676233	0.6279680985172845
0.7726297927768389	0.6072658535112202
0.7507629118491925	0.7107770785415418
0.9402758798887945	0.8073875552365086
0.7653408324676233	0.8556927935839921
0.7143181103031152	0.6624718401940584
0.7070291499938997	0.6348688468526393
0.6924512293754688	0.6279680985172845
0.8382304355597779	0.6762733368647679
0.8090745943229162	0.6693725885294131
0.648717467520176	0.8073875552365086
0.7143181103031152	0.7521815685536704
0.8382304355597779	0.6279680985172845
0.8382304355597779	0.7452808202183157
0.7434739515399771	0.8073875552365086
0.6049837056648832	0.703876330206187
0.7143181103031152	0.6210673501819297
0.6778733087570378	0.5382583701576724
0.7653408324676233	0.7245785752122512
0.8017856340137007	0.5934643568405106
0.6268505865925296	0.6693725885294131
0.6778733087570378	0.6348688468526393
0.7288960309215461	0.6210673501819297
0.7799187530860543	0.6417695951879939
0.6341395469017451	0.6417695951879939
0.6195616262833141	0.5796628601698011
0.6778733087570378	0.46925088680412463
0.6997401896846842	0.6210673501819297
0.7143181103031152	0.7245785752122512
0.5175161819542977	0.7245785752122512
0.4883603407174359	0.5175561251516081
0.6268505865925296	0.4899531318101889
0.5831168247372369	0.6003651051758654
0.6268505865925296	0.6003651051758654
0.539383062881944	0.6624718401940584
0.5320941025727286	0.6831740852001227
0.5175161819542977	0.4554493901334151
0.5685389041188059	0.46925088680412463
0.5758278644280215	0.5865636085051558
0.6341395469017451	0.5727621118344463
0.6705843484478224	0.5658613634990914
0.6122726659740987	0.6417695951879939
0.6195616262833141	0.5037546284808985
0.6778733087570378	0.6072658535112202
0.7070291499938997	0.5658613634990914
0.6268505865925296	0.6072658535112202
0.7288960309215461	0.6141666018465749
0.7434739515399771	0.6072658535112202
0.553960983500375	0.5037546284808985
0.5976947453556677	0.5382583701576724
0.4300486582437122	0.46925088680412463
0.648717467520176	0.5175561251516081
0.6049837056648832	0.5796628601698011
0.6778733087570378	0.5796628601698011
0.648717467520176	0.6831740852001227
0.648717467520176	0.4485486417980603
0.6049837056648832	0.6693725885294131
0.7070291499938997	0.6210673501819297
0.5976947453556677	0.6279680985172845
0.553960983500375	0.4968538801455437
0.6341395469017451	0.6072658535112202
0.6851622690662533	0.4968538801455437
0.648717467520176	0.552059866828382
0.6414285072109606	0.4761516351394794
0.6195616262833141	0.4554493901334151
0.5685389041188059	0.6003651051758654
0.539383062881944	0.6072658535112202
0.6414285072109606	0.5244568734869628
0.6560064278293916	0.552059866828382
0.4810713804082204	0.4899531318101889
0.5612499438095905	0.6624718401940584
0.6049837056648832	0.5037546284808985
0.5612499438095905	0.6003651051758654
0.7288960309215461	0.6348688468526393
0.6268505865925296	0.5865636085051558
0.5612499438095905	0.552059866828382
0.539383062881944	0.4968538801455437
0.4081817773160658	0.3795411584445126
0.5904057850464524	0.5796628601698011
0.6049837056648832	0.5382583701576724
0.6268505865925296	0.6141666018465749
0.539383062881944	0.4761516351394794
0.4810713804082204	0.3864419067798674
0.6414285072109606	0.5727621118344463
