condition1	condition1
0.12394655045500069	0.12710842700658959
0.12227159707047366	0.12833062342011448
0.13064636399310883	0.11427536466457813
0.1166884191220502	0.12221964135248997
0.13343795296732058	0.12283073955925243
0.13734617753121697	0.15521894451766227
0.1217132792756313	0.12588623059306467
0.12729645722405475	0.12405293597277733
0.12115496148078896	0.11916415031867773
0.12729645722405475	0.12649732879982714
0.13790449532605933	0.1472746678297504
0.13008804619826647	0.12405293597277733
0.12562150383952772	0.12894172162687692
0.13008804619826647	0.13321940907421406
0.13008804619826647	0.14299698038241326
0.1546540291713297	0.16621871223938636
0.13567122414668994	0.14483027500270063
0.13232131737763586	0.12221964135248997
0.14013776650542872	0.13260831086745162
0.12952972840342414	0.1497190606568002
0.13232131737763586	0.14360807858917574
0.14404599106932514	0.14483027500270063
0.1485125334280639	0.14788576603651288
0.1473958978383792	0.13871929293507612
0.14795421563322153	0.13871929293507612
0.12673813942921242	0.14605247141622554
0.13232131737763586	0.14055258755536348
0.14962916901774856	0.13505270369450142
0.1485125334280639	0.15155235527708755
0.14907085122290625	0.1594966319649994
0.1351129063518476	0.14788576603651288
0.13957944871058636	0.14849686424327532
0.15297907578680267	0.15216345348385002
0.14013776650542872	0.15460784631089983
0.14795421563322153	0.15338564989737494
0.14460430886416747	0.14849686424327532
0.16135384270943784	0.16866310506643617
0.1351129063518476	0.16194102479204922
0.15186244019711795	0.14788576603651288
0.1473958978383792	0.13077501624716428
0.14404599106932514	0.15094125707032513
0.15074580460743328	0.16132992658528675
0.15521234696617203	0.15033015886356269
0.1451626266590098	0.14360807858917574
0.16135384270943784	0.16194102479204922
0.15521234696617203	0.1570522391379496
0.16302879609396487	0.16499651582586147
0.14572094445385217	0.16071882837852433
0.14348767327448278	0.1497190606568002
0.15632898255585673	0.16194102479204922
0.16749533845270362	0.15583004272442474
0.16470374947849192	0.17721847996111048
0.16023720711975314	0.1601077301717619
0.1462792622486945	0.14544137320946307
0.15521234696617203	0.15766333734471208
0.1741951519908118	0.16560761403262392
0.18145328332376226	0.16805200685967372
0.17587010537533884	0.18516275664902232
0.1792200121443929	0.16866310506643617
0.17028692742691537	0.17294079251377334
0.17754505875986587	0.17721847996111048
0.17363683419596945	0.1839405602354974
0.18480319009281634	0.19005154230312193
0.17028692742691537	0.1594966319649994
0.1781033765547082	0.17599628354758556
0.19261963922060918	0.1863849530625472
0.18815309686187043	0.17171859610024842
0.20266935952777138	0.18332946202873496
0.184244872297974	0.18210726561521007
0.18815309686187043	0.17905177458139782
0.16805365624754598	0.18332946202873496
0.19261963922060918	0.19432922975045908
0.20043608834840201	0.2034957028518958
0.1864781434773434	0.18088506920168515
0.17028692742691537	0.17966287278816026
0.1792200121443929	0.1839405602354974
0.18089496552891993	0.19310703333693416
0.19987777055355968	0.19005154230312193
0.18536150788765868	0.18088506920168515
0.19206132142576682	0.18149616740844762
0.18089496552891993	0.18882934588959702
0.19317795701545154	0.19249593513017174
0.184244872297974	0.19188483692340927
0.1769867409650235	0.18944044409635946
0.18201160111860462	0.17966287278816026
0.19373627481029385	0.18271836382197254
0.20713590188651015	0.1961625243707464
0.19708618157934796	0.1973847207842713
0.1658203850681766	0.17844067637463537
0.1741951519908118	0.17049639968672353
0.15130412240227561	0.13627490010802634
0.1312046817879512	0.13260831086745162
0.10217215645614922	0.11305316825105323
0.10663869881488798	0.10816438259695363
0.169728609632073	0.1601077301717619
0.1658203850681766	0.17049639968672353
0.14069608430027103	0.13933039114183857
0.1485125334280639	0.15277455169061246
0.13790449532605933	0.13871929293507612
0.09658897850772577	0.09594241846170463
0.09603066071288341	0.09105363280760503
0.11278019455815377	0.11183097183752834
0.16023720711975314	0.15338564989737494
0.17028692742691537	0.1594966319649994
0.14181271988995575	0.14421917679593815
0.17028692742691537	0.16988530147996106
0.16749533845270362	0.14238588217565082
0.10775533440457268	0.11244207004429077
0.11613010132720786	0.10755328439019118
0.1351129063518476	0.12099744493896508
0.15130412240227561	0.15460784631089983
0.1903863680412398	0.18944044409635946
0.19987777055355968	0.17232969430701087
0.21439403321946066	0.20410680105865828
0.20099440614324435	0.19310703333693416
0.20713590188651015	0.17905177458139782
0.18480319009281634	0.18027397099492273
0.19485291039997857	0.16988530147996106
0.1976444993741903	0.21021778312628275
0.18201160111860462	0.18516275664902232
0.19931945275871732	0.20532899747218317
0.18759477906702807	0.1741629889272982
0.1831282367082893	0.18699605126930968
0.1942945926051362	0.18699605126930968
0.19987777055355968	0.19555142616398397
0.17028692742691537	0.20105131002484602
0.19150300363092448	0.17355189072053576
0.1903863680412398	0.17905177458139782
0.184244872297974	0.19555142616398397
0.19820281716903262	0.18882934588959702
0.1741951519908118	0.17599628354758556
0.16470374947849192	0.17294079251377334
0.18145328332376226	0.18210726561521007
0.18871141465671276	0.18210726561521007
0.19261963922060918	0.19127373871664682
0.18368655450313165	0.18577385485578476
0.18033664773407757	0.16194102479204922
0.16749533845270362	0.17294079251377334
0.1708452452217577	0.17294079251377334
0.18089496552891993	0.14666356962298796
0.17977832993923523	0.16621871223938636
0.169728609632073	0.17171859610024842
0.17475346978565412	0.1668298104461488
0.1708452452217577	0.17905177458139782
0.15297907578680267	0.16316322120557414
0.1781033765547082	0.17477408713406067
0.15800393594038378	0.16499651582586147
0.1596788893249108	0.17049639968672353
0.1719618808114424	0.15155235527708755
0.15912057153006845	0.15338564989737494
0.15521234696617203	0.15094125707032513
0.1546540291713297	0.1570522391379496
0.1596788893249108	0.16499651582586147
0.16302879609396487	0.15766333734471208
0.13622954194153228	0.15644114093118716
0.15074580460743328	0.1668298104461488
0.16135384270943784	0.1497190606568002
0.1596788893249108	0.18210726561521007
0.15800393594038378	0.16866310506643617
0.16526206727333426	0.17232969430701087
0.1451626266590098	0.15521894451766227
0.15130412240227561	0.15888553375823697
0.15409571137648734	0.1472746678297504
0.15409571137648734	0.1668298104461488
0.15521234696617203	0.17110749789348595
0.14907085122290625	0.16194102479204922
0.14292935547964042	0.14910796245003777
0.15744561814554142	0.15338564989737494
0.153537393581645	0.14299698038241326
0.14572094445385217	0.13627490010802634
0.14348767327448278	0.14544137320946307
0.1485125334280639	0.14238588217565082
0.1351129063518476	0.14177478396888837
0.14460430886416747	0.14116368576212593
0.15521234696617203	0.16194102479204922
0.16023720711975314	0.15644114093118716
0.13957944871058636	0.15216345348385002
0.1473958978383792	0.13933039114183857
0.139021130915744	0.1374970965215512
0.13232131737763586	0.14360807858917574
0.14404599106932514	0.13199721266068917
0.14181271988995575	0.14605247141622554
0.13846281312090167	0.12649732879982714
0.14181271988995575	0.15033015886356269
0.13455458855700525	0.13627490010802634
0.1485125334280639	0.15094125707032513
0.13734617753121697	0.14605247141622554
0.13846281312090167	0.13505270369450142
0.13232131737763586	0.12344183776601488
0.13176299958279353	0.11855305211191527
0.1289714106085818	0.13810819472831368
0.12952972840342414	0.11855305211191527
0.12952972840342414	0.13566380190126387
0.12394655045500069	0.12833062342011448
0.11278019455815377	0.11060877542400344
0.1351129063518476	0.12771952521335203
0.1351129063518476	0.13260831086745162
0.12952972840342414	0.13505270369450142
0.13622954194153228	0.13321940907421406
0.12729645722405475	0.12710842700658959
