condition1	condition1
0.22204817006006203	0.22076180366411582
0.228948668130741	0.22689828482293306
0.22196602127350634	0.22515582720993557
0.22114453340794932	0.22189818906389677
0.22631990696095852	0.22220122517050506
0.22771643633240546	0.220989080744072
0.22689494846684843	0.2250800681832835
0.22837362662485108	0.22909529659584293
0.2241018897239546	0.23401963332822712
0.23165957808707915	0.23068623615553627
0.22738784118618266	0.22773163411610575
0.2330561074585261	0.23538329580796424
0.23576701741486425	0.239777319353784
0.24102453975442917	0.24008035546039225
0.24431049121665724	0.24159553599343356
0.23667065406697696	0.2403833915670005
0.23190602444674624	0.23348932014166263
0.24094239096787345	0.24856536644542349
0.24570702058810417	0.2447016560861682
0.2475142938923296	0.24515621024608059
0.24570702058810417	0.24992902892516064
0.2383957785846467	0.25023206503176887
0.24554272301499278	0.24621683661920946
0.242174622766209	0.2546260885775886
0.25022520384866775	0.25614126911062995
0.25704355313279104	0.25439881149763244
0.25457908953611996	0.2606868107097538
0.2553184286151213	0.2668990508952231
0.2553184286151213	0.2594746662833207
0.2524432210856717	0.255080642737501
0.2553184286151213	0.2622019912427951
0.2571257019193467	0.257353413537063
0.2532647089512287	0.26121712389631824
0.26049380216813045	0.257429172563715
0.2571257019193467	0.26197471416283885
0.26731215145225373	0.2715961105476511
0.26534058057491694	0.2710657973610866
0.2687908296102564	0.2635656537225322
0.26049380216813045	0.26917182169478504
0.2719124834993731	0.27674772435999145
0.2628761169782458	0.2725052188674758
0.2701873589817033	0.2765204472800353
0.27330901287082	0.2772022785199038
0.2696944662623691	0.280914470825855
0.27421264952293267	0.283263000652069
0.2761842204002695	0.28394483189193753
0.2768414106927152	0.2789447361329013
0.2739662031632656	0.28750550614458464
0.27815579127760637	0.27879321807959717
0.2822632306053915	0.27909625418620543
0.2836597599768384	0.29121769845053574
0.2803738085146103	0.2810659888791591
0.2822632306053915	0.2861418436648474
0.28201678424572435	0.2896267588908424
0.28571347964073096	0.29099042137057957
0.2859599260003981	0.299702709435567
0.2940105070828568	0.3048543232479074
0.2961463755333051	0.29856632403578603
0.2915460434861858	0.300914853862
0.28694571143906644	0.2913692165038399
0.29286042407107704	0.2987936011157422
0.2952427388811924	0.3112180814866808
0.29179248984585293	0.3024300343950413
0.29244968013829853	0.30538463643447183
0.28267397453817	0.30583919059438425
0.29573563160052657	0.29985422748887114
0.3015681954459814	0.3109908044067246
0.3018967905922042	0.31902126123184343
0.3020610881653156	0.31083928635342045
0.29483199494841383	0.3030361066082578
0.2964749706795279	0.3029603475816058
0.30173249301909283	0.3090210697137709
0.3033754687502068	0.3120514307798535
0.3134797694965582	0.31879398415188726
0.31775150639745464	0.3340215485089522
0.32481630204124506	0.3275062722168746
0.31964092848823583	0.3356882470952976
0.3334419246295937	0.33947619842790083
0.3322096928312582	0.33894588524133634
0.3318810976850354	0.3418247282541148
0.32958093166147573	0.3369761505483827
0.33853514939604723	0.34288535462724373
0.32580208747991346	0.3303851152296531
0.2963106731064165	0.2986420830624381
0.26492983664213837	0.2624292683227513
0.24389974728387873	0.24765625812559872
0.24159958126031908	0.24250464431325833
0.23264536352574758	0.23629240412778904
0.2675585978119209	0.26697480992187517
0.26706570509258665	0.27182338762760727
0.3155334891604507	0.32023340565827646
0.27207678107248445	0.2765204472800353
0.23913511766364803	0.24333799360643102
0.28045595730116607	0.27803562781307656
0.39907880508759946	0.4006894919627689
0.45132543333702585	0.45682693071194863
0.35003597951384546	0.34955214897262543
0.17481261779053348	0.18909453052355288
0.1617509607281769	0.166897135714498
0.2524432210856717	0.2724294598408238
0.46512642947838373	0.4588724244315544
0.450996838190803	0.46175126744433287
0.25901512401012783	0.26803543629500404
0.1570684798945019	0.16333646146185096
0.17793427167965015	0.18704903680394713
0.3539791212685192	0.34417325808032884
0.4592117168463732	0.45743300292516514
0.41156542064406615	0.41250790012049093
0.275773476467491	0.28159630206572356
0.24480338393599146	0.23901972908726335
0.2657513245076954	0.2715961105476511
0.31742291125123184	0.32174858619131774
0.26049380216813045	0.2737931223205609
0.260904546100909	0.2670505689485272
0.23280966109885898	0.2344741874881395
0.24077809339476205	0.24045915059365258
0.24956801355622213	0.24841384839211933
0.25236107229911603	0.25220179972472256
0.28349546240372697	0.300839094835348
0.3198873748479029	0.3298548020430886
0.32999167559425424	0.3416732102008107
0.3236662190294652	0.3328851631091712
0.33032027074047704	0.3419004872807669
0.33114175860603406	0.3356124880686456
0.32859514622280733	0.34205200533407104
0.3281844022900288	0.33091542841621757
0.3248984508278007	0.3321275728426506
0.3166014233856749	0.32152130911136156
0.3159442330932292	0.31636969529902115
0.3126582816310011	0.31235446688646173
0.30312902239053974	0.3131878161796345
0.3048541469082095	0.30644526280760076
0.29951447578208884	0.30939986484703125
0.29951447578208884	0.3066725398875569
0.30140389787287003	0.313869647419503
0.30058241000731295	0.31023321414020394
0.2870278602256222	0.296217794209572
0.2973786073316406	0.300839094835348
0.28867083595673626	0.30000574554217524
0.29935017820897747	0.30644526280760076
0.3018967905922042	0.3013694080219124
0.2834133136171713	0.2968238664227885
0.291217448339963	0.2925813609302729
0.2876029017315121	0.29523292686309516
0.28645281871973227	0.2969753844760927
0.2837419087633941	0.28773278322454077
0.27355545923048713	0.2831872416254169
0.2725696737918187	0.27568709798686253
0.2696123174758134	0.2792477722395096
0.2766771131196038	0.2811417479058112
0.2691194247564792	0.28636912074480364
0.2743769470960441	0.2831872416254169
0.26714785387914236	0.2758386160401667
0.26821578810436647	0.27402039940051715
0.26780504417158796	0.2811417479058112
0.26607991965391825	0.27955080834611784
0.26706570509258665	0.2628838224826637
0.27273397136493005	0.27523254382695017
0.26599777086736254	0.2772780375465559
0.26599777086736254	0.2649293162022694
0.26764074659847653	0.2636414127491843
0.26640851480014105	0.26735360505513545
0.2607402485277976	0.2700809300146098
0.26172603396646604	0.2693990987747412
0.2559756189075669	0.2627323044293596
0.2632047121244686	0.2674293640817875
0.26221892668580027	0.26136864194962234
0.2528539650184502	0.2558382330040217
0.25383975045711865	0.2551564017641531
0.2553184286151213	0.2607625697364058
0.2558113213344555	0.2616716780562306
0.2425853666989875	0.24947447476524826
0.24989660870244496	0.25311090804454733
0.24841793054444233	0.2558382330040217
0.2504716502083349	0.2487926435253797
0.24463908636288006	0.2518987636181143
0.24956801355622213	0.2525048358313308
0.2388065225174252	0.24265616236656246
0.2432425569914331	0.24705018591238218
0.24044949824853923	0.24811081228551107
0.24546057422843703	0.2504593421117251
0.24176387883343048	0.2389439700606113
0.22820932905173968	0.23401963332822712
0.23691710042664407	0.2401561144870443
0.23026304871563222	0.23439842846148742
0.23223461959296907	0.23962580130047986
0.2332204050316375	0.23204989863527342
0.2337132977509717	0.2293983327024512
0.22837362662485108	0.2335650791683147
0.23075594143496644	0.2318983805819693
0.22985230478285373	0.23682271731435348
0.2239375921508432	0.22909529659584293
0.22434833608362167	0.23136806739540486
0.22673065089373703	0.22409520083680665
0.21876221859783396	0.22629221260971652
0.22303395549873048	0.21864055091785803
0.22130883098106072	0.22371640570354634
0.22254106277939625	0.21803447870464152
0.2241840385105103	0.22000421339759518
0.21835147466505547	0.21992845437094313
