condition1	condition1
0.2502534153953526	0.233491239441423
0.23596368889400746	0.22707107511524785
0.24768859268998297	0.2318017225134822
0.23706289862488014	0.2318017225134822
0.24036052781749828	0.22707107511524785
0.24292535052286793	0.25275173241994847
0.24329175376649215	0.25410334596230116
0.2542838510752192	0.2595098001317118
0.2531846413443465	0.24700737486494964
0.25794788351146153	0.272012225398474
0.24805499593360722	0.2534275391911248
0.2715048035255583	0.253765442576713
0.2707719970383098	0.2453178579370088
0.25501665756246766	0.25646866966141835
0.25098622188260106	0.2534275391911248
0.2502534153953526	0.25410334596230116
0.26271112567857663	0.23822188683965737
0.2630775289222009	0.2723501287840622
0.27003919055106135	0.2655920610722988
0.26930638406381285	0.26119931705965266
0.2612455127040797	0.2652541576867107
0.2638103354094493	0.27505335586876745
0.3015498695027456	0.29228642853376396
0.2813976911034126	0.2770807761822965
0.266375158114819	0.2645783509155343
0.27443602947455215	0.28350094050847163
0.2813976911034126	0.2831630371228835
0.2883593527322731	0.2845146506652362
0.28616093327052766	0.30174772333023264
0.2740696262309279	0.28958320144905864
0.2890921592195215	0.288231587906706
0.27773365866717026	0.28654207097876516
0.2890921592195215	0.3007340131734681
0.29055777219401846	0.2929622353049403
0.28542812678327917	0.2912727183769995
0.2722376100128067	0.27944609988141367
0.29385540138663657	0.27944609988141367
0.2934889981430124	0.3095195011987605
0.3059467084262364	0.30445095041493797
0.29751943382287893	0.30715417749964324
0.29751943382287893	0.32067031292317
0.29312259489938813	0.28383884389405983
0.29751943382287893	0.3047888538005261
0.3063131116698606	0.3061404673428788
0.28469532029603073	0.29532755900405744
0.30228267598999403	0.308505791041996
0.2868937397577761	0.2960033657752338
0.29715303057925474	0.3058025639572906
0.32096924141482996	0.30782998427081965
0.3253660803383208	0.3122227282834658
0.3268316933128178	0.316615472296112
0.3154731927604665	0.32641467047816874
0.3249996770946966	0.3297937043340504
0.31474038627321804	0.32472515355022796
0.3052139019389879	0.2973549793175865
0.3143739830295938	0.3331727381899321
0.3301293225054359	0.33384854496110844
0.32609888682556926	0.3274283806349333
0.3268316933128178	0.3362138686602256
0.31803801546583615	0.3375654822025783
0.32829730628731474	0.3274283806349333
0.3370909841342964	0.3284420907916978
0.3363581776470479	0.33182112464757946
0.31583959600409073	0.34398564652875346
0.3220684511457027	0.3321590280331676
0.3136411765423453	0.3372275788169901
0.3176716122222119	0.3335106415755203
0.31070995059335144	0.34364774314316526
0.3400222100832902	0.3375654822025783
0.32573248358194506	0.3477025837702233
0.328663709530939	0.3382412889737546
0.35797596902087775	0.34668887361345874
0.3513807106356415	0.35783968533786825
0.3513807106356415	0.35919129888022094
0.34368624251953256	0.3561501684099274
0.3480830814430234	0.3595292022658091
0.37153288903497445	0.37912759862992274
0.3601743884826232	0.3649356564352198
0.3616400014571201	0.34567516345669425
0.3601743884826232	0.36392194627845526
0.35064790414839303	0.3514195210116931
0.3239004673638239	0.3128985350546421
0.32133564465845427	0.3176291824528764
0.31327477329872105	0.3051267571861143
0.2839625138087823	0.28282513373729534
0.26784077108931587	0.25984770351729997
0.2612455127040797	0.2666057712290633
0.23266605970138934	0.249710601949655
0.21471230076380182	0.21997510401789636
0.2022545904805778	0.2013904178105472
0.30814512788798176	0.28519045743641247
0.36713605011148365	0.3514195210116931
0.3352589679161752	0.34668887361345874
0.30484749869536365	0.3034372402581735
0.27993207812891563	0.26761948138582786
0.2638103354094493	0.27505335586876745
0.3825249863437015	0.35919129888022094
0.3700672760604775	0.4007534153075654
0.29055777219401846	0.30039610978787995
0.1843008315429903	0.18077831128966906
0.12237868337049455	0.12063150865497543
0.18613284776111144	0.1841573451455507
0.28982496570677	0.27910819649582547
0.4217301334114947	0.37912759862992274
0.4026771647430345	0.37845179185874644
0.28249690083428536	0.26018560690288817
0.2839625138087823	0.2784323897246491
0.30484749869536365	0.284176747279648
0.35541114631550813	0.35581226502433927
0.36310561443161704	0.3740590478461002
0.3033818857208668	0.28992110483464684
0.22973483375239545	0.22436784803054252
0.22680360780340156	0.21862349047554366
0.2498870121517284	0.23484285298377566
0.2605127062168312	0.2666057712290633
0.26527594838394625	0.284176747279648
0.2942218046302608	0.2970170759319983
0.3096107408624787	0.3203324095375818
0.3191372251967088	0.308505791041996
0.33599177440342365	0.32573886370699245
0.3718992922785987	0.35378484471081023
0.37373130849671987	0.3774380817019819
0.3803265668819561	0.3635840428928671
0.36530403389336247	0.3645977530496316
0.37446411498396837	0.3754106613884529
0.35064790414839303	0.3443235499143416
0.3543119365846354	0.34601306684228245
0.3466174684685265	0.3622324293505144
0.36127359821349586	0.35175742439728125
0.35797596902087775	0.3575017819522801
0.35211351712289	0.3372275788169901
0.3293965160181874	0.3284420907916978
0.3477166781993992	0.3328348348043439
0.33599177440342365	0.32472515355022796
0.31657240249133917	0.32641467047816874
0.34331983927590837	0.3392549991305191
0.34112141981416294	0.3335106415755203
0.3319613387235571	0.33418644834669664
0.30558030518261214	0.32911789756287413
0.3315949354799328	0.34364774314316526
0.3352589679161752	0.32235982985111084
0.31290837005509686	0.32641467047816874
0.29385540138663657	0.3132364384402303
0.3052139019389879	0.3132364384402303
0.30228267598999403	0.2960033657752338
0.30814512788798176	0.30749208088523144
0.327198096556442	0.296341269160822
0.30558030518261214	0.3230356366222871
0.3092443376188545	0.31120901812670126
0.2883593527322731	0.2960033657752338
0.28103128785978837	0.2970170759319983
0.3195036284403331	0.2831630371228835
0.30484749869536365	0.3020856267158208
0.2916569819248912	0.31154692151228947
0.285061723539655	0.3007340131734681
0.28616093327052766	0.2868799743643533
0.296053820848382	0.2905969116058231
0.2839625138087823	0.3058025639572906
0.28249690083428536	0.27539125925435565
0.2982522403101274	0.28012190665258996
0.2934889981430124	0.2973549793175865
0.2832297073215338	0.2655920610722988
0.28542812678327917	0.28045981003817816
0.28579453002690347	0.2723501287840622
0.29275619165576394	0.286204167593177
0.2737032229873037	0.3007340131734681
0.2890921592195215	0.2868799743643533
0.2722376100128067	0.26728157800023966
0.27040559379468554	0.2595098001317118
0.2766344489362975	0.28248723035170714
0.285061723539655	0.27775658295347283
0.28579453002690347	0.2831630371228835
0.2813976911034126	0.27741867956788463
0.26490954514032206	0.265929964457887
0.27003919055106135	0.276067066025532
0.2674743678456917	0.26728157800023966
0.26014630297320696	0.2595098001317118
0.25794788351146153	0.25748237981818284
0.2561158672933404	0.25545495950465386
0.253917447831595	0.25275173241994847
0.253917447831595	0.25106221549200763
0.2597798997295827	0.2595098001317118
0.2465893829591103	0.25038640872083134
0.25868068999871	0.24700737486494964
0.25574946404971616	0.23889769361083368
0.27003919055106135	0.24092511392436267
0.246222979715486	0.24193882408112719
0.24329175376649215	0.25748237981818284
0.2531846413443465	0.24396624439465617
0.23266605970138934	0.24768318163612602
0.2293684305087712	0.24329043762347985
0.25098622188260106	0.25883399336053553
0.23779570511212864	0.22977430219995318
0.23706289862488014	0.23450494959818752
0.24109333430474675	0.2277468818864242
0.23376526943226203	0.2176097803187792
0.23742930186850442	0.231463819127894
0.23926131808662557	0.22301623448818986
0.23193325321414085	0.23416704621259934
0.23083404348326816	0.22605736495848336
