WT	KO
0.15707127365601742	0.17011178386907688
0.110873840227777	0.12007890626052486
0.18478973371296167	0.12007890626052486
0.14783178697036936	0.08005260417368325
0.1663107603416655	0.10006575521710406
0.15707127365601742	0.15009863282565605
0.12011332691342509	0.13008548178223528
0.20326870708425784	0.19012493491249768
0.18478973371296167	0.17011178386907688
0.14783178697036936	0.13008548178223528
0.24022665382685018	0.15009863282565605
0.110873840227777	0.1601052083473665
0.10163435354212892	0.09005917969539365
0.13859230028472125	0.12007890626052486
0.26794511388379444	0.19012493491249768
0.24022665382685018	0.3001972656513121
0.2587056271981463	0.1601052083473665
0.1755502470273136	0.13008548178223528
0.221747680455554	0.1601052083473665
0.221747680455554	0.17011178386907688
0.15707127365601742	0.1601052083473665
0.13859230028472125	0.15009863282565605
0.10163435354212892	0.14009205730394567
0.19402922039860976	0.13008548178223528
0.14783178697036936	0.20013151043420813
0.14783178697036936	0.1601052083473665
0.15707127365601742	0.2101380859559185
0.21250819376990593	0.17011178386907688
0.14783178697036936	0.19012493491249768
0.12935281359907316	0.1801183593907873
0.15707127365601742	0.1801183593907873
0.31414254731203484	0.2101380859559185
0.1663107603416655	0.15009863282565605
0.1755502470273136	0.13008548178223528
0.14783178697036936	0.08005260417368325
0.15707127365601742	0.19012493491249768
0.32338203399768295	0.2201446614776289
0.20326870708425784	0.15009863282565605
0.19402922039860976	0.11007233073881445
0.26794511388379444	0.2101380859559185
0.21250819376990593	0.1801183593907873
0.2587056271981463	0.25016438804276014
0.2956635739407387	0.2201446614776289
0.221747680455554	0.24015781252104973
0.18478973371296167	0.25016438804276014
0.3880584407972195	0.2101380859559185
0.221747680455554	0.24015781252104973
0.2309871671412021	0.17011178386907688
0.3049030606263867	0.270177539086181
0.2309871671412021	0.1601052083473665
0.2494661405124983	0.2201446614776289
0.12935281359907316	0.1601052083473665
0.20326870708425784	0.11007233073881445
0.2587056271981463	0.2201446614776289
0.2771846005694425	0.28018411460789133
0.3603399807402753	0.24015781252104973
0.26794511388379444	0.12007890626052486
0.2587056271981463	0.15009863282565605
0.221747680455554	0.15009863282565605
0.2956635739407387	0.1601052083473665
0.2309871671412021	0.12007890626052486
0.2309871671412021	0.2101380859559185
0.24022665382685018	0.28018411460789133
0.2587056271981463	0.14009205730394567
0.1663107603416655	0.2201446614776289
0.3788189541115714	0.270177539086181
0.21250819376990593	0.24015781252104973
0.21250819376990593	0.17011178386907688
0.221747680455554	0.2201446614776289
0.221747680455554	0.24015781252104973
0.2956635739407387	0.28018411460789133
0.26794511388379444	0.29019069012960175
0.2771846005694425	0.23015123699933931
0.31414254731203484	0.19012493491249768
0.2956635739407387	0.19012493491249768
0.2587056271981463	0.2101380859559185
0.24022665382685018	0.14009205730394567
0.24022665382685018	0.14009205730394567
0.1755502470273136	0.2101380859559185
0.21250819376990593	0.20013151043420813
0.3972979274828676	0.24015781252104973
0.3603399807402753	0.13008548178223528
0.2956635739407387	0.3102038411730226
0.3511004940546272	0.35023014325986424
0.3049030606263867	0.23015123699933931
0.3418610073689791	0.23015123699933931
0.20326870708425784	0.24015781252104973
0.221747680455554	0.19012493491249768
0.21250819376990593	0.15009863282565605
0.24022665382685018	0.12007890626052486
0.2494661405124983	0.14009205730394567
0.3788189541115714	0.24015781252104973
0.2587056271981463	0.2101380859559185
0.1755502470273136	0.1601052083473665
0.1663107603416655	0.19012493491249768
0.08315538017083275	0.10006575521710406
0.12011332691342509	0.14009205730394567
0.1663107603416655	0.09005917969539365
0.2587056271981463	0.1601052083473665
0.2771846005694425	0.19012493491249768
0.1663107603416655	0.07004602865197283
0.1755502470273136	0.1801183593907873
0.20326870708425784	0.1801183593907873
0.09239486685648084	0.040026302086841624
0.10163435354212892	0.06003945313026243
0.13859230028472125	0.07004602865197283
0.1755502470273136	0.10006575521710406
0.2309871671412021	0.17011178386907688
0.20326870708425784	0.24015781252104973
0.4157769008541638	0.2201446614776289
0.15707127365601742	0.15009863282565605
0.15707127365601742	0.2101380859559185
0.20326870708425784	0.13008548178223528
0.24022665382685018	0.2101380859559185
0.3603399807402753	0.24015781252104973
0.36957946742592335	0.34022356773815376
0.2864240872550906	0.23015123699933931
0.3049030606263867	0.2201446614776289
0.32338203399768295	0.29019069012960175
0.2771846005694425	0.29019069012960175
0.36957946742592335	0.29019069012960175
0.3418610073689791	0.33021699221644335
0.2864240872550906	0.3102038411730226
0.443495360911108	0.270177539086181
0.1755502470273136	0.3001972656513121
0.36957946742592335	0.28018411460789133
0.32338203399768295	0.270177539086181
0.3049030606263867	0.20013151043420813
0.32338203399768295	0.33021699221644335
0.3418610073689791	0.28018411460789133
0.21250819376990593	0.2101380859559185
0.31414254731203484	0.20013151043420813
0.19402922039860976	0.1801183593907873
0.2587056271981463	0.2101380859559185
0.3511004940546272	0.25016438804276014
0.2771846005694425	0.19012493491249768
0.2771846005694425	0.270177539086181
0.21250819376990593	0.15009863282565605
0.19402922039860976	0.20013151043420813
0.2494661405124983	0.26017096356447056
0.3049030606263867	0.3102038411730226
0.1663107603416655	0.24015781252104973
0.2494661405124983	0.23015123699933931
0.26794511388379444	0.2101380859559185
0.20326870708425784	0.1801183593907873
0.19402922039860976	0.24015781252104973
0.31414254731203484	0.2201446614776289
0.2309871671412021	0.13008548178223528
0.2864240872550906	0.2101380859559185
0.21250819376990593	0.19012493491249768
0.26794511388379444	0.24015781252104973
0.19402922039860976	0.24015781252104973
0.15707127365601742	0.17011178386907688
0.2864240872550906	0.15009863282565605
0.221747680455554	0.17011178386907688
0.2494661405124983	0.34022356773815376
0.24022665382685018	0.1601052083473665
0.21250819376990593	0.29019069012960175
0.2587056271981463	0.28018411460789133
0.21250819376990593	0.13008548178223528
0.24022665382685018	0.3001972656513121
0.26794511388379444	0.1801183593907873
0.2309871671412021	0.25016438804276014
0.2494661405124983	0.11007233073881445
0.2864240872550906	0.23015123699933931
0.2494661405124983	0.24015781252104973
0.31414254731203484	0.3602367187815746
0.26794511388379444	0.270177539086181
0.221747680455554	0.12007890626052486
0.13859230028472125	0.14009205730394567
0.1755502470273136	0.1801183593907873
0.15707127365601742	0.24015781252104973
0.20326870708425784	0.29019069012960175
0.19402922039860976	0.17011178386907688
0.12935281359907316	0.17011178386907688
0.19402922039860976	0.1601052083473665
0.1663107603416655	0.15009863282565605
0.2309871671412021	0.26017096356447056
0.110873840227777	0.1601052083473665
0.20326870708425784	0.1601052083473665
0.221747680455554	0.12007890626052486
0.221747680455554	0.14009205730394567
0.15707127365601742	0.1601052083473665
0.2309871671412021	0.19012493491249768
0.2494661405124983	0.1801183593907873
0.110873840227777	0.1601052083473665
0.19402922039860976	0.15009863282565605
0.1663107603416655	0.10006575521710406
0.18478973371296167	0.10006575521710406
0.2309871671412021	0.10006575521710406
0.12011332691342509	0.1601052083473665
0.110873840227777	0.07004602865197283
0.18478973371296167	0.15009863282565605
0.20326870708425784	0.17011178386907688
0.19402922039860976	0.12007890626052486
0.1663107603416655	0.1601052083473665
0.110873840227777	0.13008548178223528
0.13859230028472125	0.20013151043420813
0.12011332691342509	0.12007890626052486
0.221747680455554	0.1801183593907873
