WT	KO
0.09390728806045937	0.2839680201338382
0.04695364403022968	0.2839680201338382
0.09390728806045937	0.0946560067112794
0.2347682201511484	0.3786240268451176
0.18781457612091873	0.1893120134225588
0.09390728806045937	0.1893120134225588
0.09390728806045937	0.0946560067112794
0.18781457612091873	0.2839680201338382
0.18781457612091873	0.473280033556397
0.37562915224183746	0.473280033556397
0.14086093209068906	0.0946560067112794
0.18781457612091873	0.0
0.09390728806045937	0.1893120134225588
0.37562915224183746	0.0946560067112794
0.18781457612091873	0.2839680201338382
0.09390728806045937	0.0
0.09390728806045937	0.0
0.09390728806045937	0.0946560067112794
0.3286755082116078	0.1893120134225588
0.2817218641813781	0.0
0.2347682201511484	0.473280033556397
0.14086093209068906	0.0946560067112794
0.4695364403022968	0.2839680201338382
0.3286755082116078	0.2839680201338382
0.2347682201511484	0.1893120134225588
0.14086093209068906	0.0
0.14086093209068906	0.1893120134225588
0.0	0.0
0.09390728806045937	0.1893120134225588
0.14086093209068906	0.0946560067112794
0.14086093209068906	0.0946560067112794
0.18781457612091873	0.2839680201338382
0.18781457612091873	0.2839680201338382
0.2817218641813781	0.2839680201338382
0.14086093209068906	0.1893120134225588
0.04695364403022968	0.2839680201338382
0.09390728806045937	0.5679360402676764
0.37562915224183746	0.2839680201338382
0.37562915224183746	0.2839680201338382
0.2817218641813781	0.1893120134225588
0.14086093209068906	0.1893120134225588
0.3286755082116078	0.2839680201338382
0.3286755082116078	0.1893120134225588
0.3286755082116078	0.473280033556397
0.2347682201511484	0.3786240268451176
0.14086093209068906	0.2839680201338382
0.09390728806045937	0.2839680201338382
0.18781457612091873	0.0946560067112794
0.3286755082116078	0.5679360402676764
0.42258279627206713	0.6625920469789558
0.3286755082116078	0.473280033556397
0.18781457612091873	0.2839680201338382
0.0	0.0
0.04695364403022968	0.473280033556397
0.3286755082116078	0.1893120134225588
0.09390728806045937	0.0946560067112794
0.18781457612091873	0.0946560067112794
0.14086093209068906	0.0946560067112794
0.18781457612091873	0.0946560067112794
0.37562915224183746	0.1893120134225588
0.42258279627206713	0.473280033556397
0.14086093209068906	0.473280033556397
0.3286755082116078	0.3786240268451176
0.2347682201511484	0.0946560067112794
0.37562915224183746	0.2839680201338382
0.42258279627206713	0.3786240268451176
0.2817218641813781	0.0
0.2347682201511484	0.1893120134225588
0.5164900843325264	0.3786240268451176
0.37562915224183746	0.2839680201338382
0.2347682201511484	0.473280033556397
0.37562915224183746	0.2839680201338382
0.3286755082116078	0.2839680201338382
0.2347682201511484	0.0946560067112794
0.09390728806045937	0.1893120134225588
0.37562915224183746	0.6625920469789558
0.0	0.473280033556397
0.37562915224183746	0.473280033556397
0.37562915224183746	0.1893120134225588
0.5164900843325264	0.2839680201338382
0.18781457612091873	0.1893120134225588
0.09390728806045937	0.2839680201338382
0.09390728806045937	0.2839680201338382
0.2817218641813781	0.0
0.2347682201511484	0.1893120134225588
0.2347682201511484	0.2839680201338382
0.09390728806045937	0.0946560067112794
0.04695364403022968	0.2839680201338382
0.09390728806045937	0.1893120134225588
0.4695364403022968	0.5679360402676764
0.2817218641813781	0.3786240268451176
0.2817218641813781	0.473280033556397
0.09390728806045937	0.3786240268451176
0.2817218641813781	0.3786240268451176
0.3286755082116078	0.1893120134225588
0.14086093209068906	0.473280033556397
0.09390728806045937	0.0
0.09390728806045937	0.0946560067112794
0.14086093209068906	0.1893120134225588
0.09390728806045937	0.2839680201338382
0.14086093209068906	0.2839680201338382
0.09390728806045937	0.2839680201338382
0.37562915224183746	0.473280033556397
0.3286755082116078	0.1893120134225588
0.04695364403022968	0.0
0.2347682201511484	0.1893120134225588
0.2347682201511484	0.2839680201338382
0.2347682201511484	0.0
0.2347682201511484	0.3786240268451176
0.42258279627206713	0.5679360402676764
0.0	0.1893120134225588
0.14086093209068906	0.0946560067112794
0.09390728806045937	0.2839680201338382
0.14086093209068906	0.0946560067112794
0.2817218641813781	0.2839680201338382
0.2347682201511484	0.1893120134225588
0.42258279627206713	0.2839680201338382
0.2817218641813781	0.946560067112794
0.09390728806045937	0.1893120134225588
0.09390728806045937	0.0946560067112794
0.04695364403022968	0.0946560067112794
0.14086093209068906	0.2839680201338382
0.37562915224183746	0.2839680201338382
0.2347682201511484	0.6625920469789558
0.14086093209068906	0.0
0.14086093209068906	0.0
0.09390728806045937	0.1893120134225588
0.2347682201511484	0.0
0.18781457612091873	0.2839680201338382
0.14086093209068906	0.1893120134225588
0.09390728806045937	0.3786240268451176
0.14086093209068906	0.0946560067112794
0.18781457612091873	0.0946560067112794
0.42258279627206713	0.3786240268451176
0.3286755082116078	0.3786240268451176
0.37562915224183746	0.3786240268451176
0.18781457612091873	0.3786240268451176
0.18781457612091873	0.1893120134225588
0.5634437283627562	0.5679360402676764
0.18781457612091873	0.5679360402676764
0.3286755082116078	0.0946560067112794
0.14086093209068906	0.0946560067112794
0.14086093209068906	0.0946560067112794
0.14086093209068906	0.2839680201338382
0.2347682201511484	0.2839680201338382
0.18781457612091873	0.3786240268451176
0.42258279627206713	0.7572480536902352
0.37562915224183746	0.7572480536902352
0.37562915224183746	0.473280033556397
0.2347682201511484	0.1893120134225588
0.2347682201511484	0.946560067112794
0.2347682201511484	0.1893120134225588
0.18781457612091873	0.473280033556397
0.2347682201511484	0.3786240268451176
0.04695364403022968	0.1893120134225588
0.2347682201511484	0.3786240268451176
0.5634437283627562	0.6625920469789558
0.37562915224183746	0.0946560067112794
0.18781457612091873	0.0946560067112794
0.18781457612091873	0.0946560067112794
0.3286755082116078	0.2839680201338382
0.18781457612091873	0.1893120134225588
0.04695364403022968	0.2839680201338382
0.18781457612091873	0.0946560067112794
0.2347682201511484	0.0
0.3286755082116078	0.6625920469789558
0.4695364403022968	0.2839680201338382
0.2347682201511484	0.3786240268451176
0.2347682201511484	0.0946560067112794
0.18781457612091873	0.473280033556397
0.2817218641813781	0.473280033556397
0.09390728806045937	0.2839680201338382
0.14086093209068906	0.1893120134225588
0.14086093209068906	0.0946560067112794
0.18781457612091873	0.3786240268451176
0.3286755082116078	0.2839680201338382
0.09390728806045937	0.1893120134225588
0.14086093209068906	0.0
0.14086093209068906	0.0946560067112794
0.18781457612091873	0.3786240268451176
0.18781457612091873	0.3786240268451176
0.2347682201511484	0.1893120134225588
0.14086093209068906	0.1893120134225588
0.09390728806045937	0.1893120134225588
0.09390728806045937	0.0
0.0	0.0
0.0	0.0
0.04695364403022968	0.0
0.04695364403022968	0.2839680201338382
0.18781457612091873	0.3786240268451176
0.2817218641813781	0.0946560067112794
0.18781457612091873	0.1893120134225588
0.0	0.0
0.09390728806045937	0.0946560067112794
0.04695364403022968	0.1893120134225588
0.14086093209068906	0.2839680201338382
0.18781457612091873	0.3786240268451176
0.2347682201511484	0.0946560067112794
0.14086093209068906	0.3786240268451176
0.04695364403022968	0.1893120134225588
