DKO	Prdm1KO
0.3985486562341155	0.36470725789995717
0.42357467307355856	0.36070388514584123
0.40639263166140366	0.37471568978524683
0.40377797318564096	0.37391501523442366
0.4340333069766094	0.3791193998147743
0.426562854188716	0.35750118694254857
0.4172247882038491	0.3883271571492409
0.42245410515537457	0.4035399736148812
0.41909240140082255	0.3763170388868932
0.4545770521433164	0.41034570729687825
0.4392626239281348	0.39953660086076537
0.4437448956008709	0.41074604457228986
0.44150375976450285	0.41354840550017097
0.46690329924334056	0.3983355890345306
0.43590092017358273	0.41514975460181736
0.46354159548878854	0.41074604457228986
0.451588871028159	0.37951973709018594
0.44598603143723897	0.3983355890345306
0.45420352950392173	0.4055416599919392
0.4803501142615488	0.406742671818174
0.49342340664036227	0.4487780857363907
0.449347735191791	0.4299622337920461
0.472132616194866	0.42115481373299113
0.47325318411305	0.42756021013957657
0.4979056783130984	0.4371683047494547
0.5064966990191758	0.4583861803462689
0.49715863303430907	0.44637606208392117
0.4855794312130742	0.4323642574445156
0.5091113574949385	0.4487780857363907
0.519943514037384	0.4607882039987384
0.5397402139253017	0.45198078393968344
0.5169553329222266	0.47159731043485126
0.4896881802464156	0.4379689793002779
0.49939976887067705	0.4207544764575795
0.5453430535162218	0.44837774846097916
0.5431019176798537	0.49721889606119296
0.5247993083495148	0.45918685489709204
0.5188229461192001	0.45278145849050666
0.510978970691912	0.42435751193628385
0.5236787404313308	0.4583861803462689
0.5259198762676989	0.45158044666427183
0.5221846498737521	0.4727983222610861
0.5348844196131709	0.4503794348380371
0.5580428232556407	0.474800008638144
0.5733572514708222	0.4932155233070771
0.578213045782953	0.5072273279464826
0.515461242364648	0.45238112121509505
0.5569222553374567	0.49401619785790024
0.561031004370798	0.5124317125268333
0.5823217948162944	0.5276445289924736
0.5860570212102411	0.5344502626744707
0.5546811195010886	0.4932155233070771
0.5464636214344059	0.5024232806415436
0.5886716796860038	0.4896124878283728
0.5890452023253985	0.4916141742054307
0.5580428232556407	0.5004215942644856
0.5886716796860038	0.5316479017465896
0.5995038362284494	0.5112307007005986
0.5755983873071903	0.5200381207596535
0.6230357625103137	0.5424570081827025
0.6006244041466333	0.4908134996546075
0.6226622398709191	0.5276445289924736
0.6245298530678923	0.5520651027925806
0.6196740587557616	0.5404553218056446
0.6069742890163428	0.5320482390220012
0.6073478116557375	0.5300465526449433
0.6372296228073112	0.5332492508482358
0.6387237133648899	0.540855659081056
0.6331208737739699	0.5280448662678853
0.6559057547770449	0.5580701619237545
0.617059400279999	0.5188371089334187
0.6230357625103137	0.5372526236023518
0.6562792774164394	0.5572694873729312
0.6435795076770207	0.5572694873729312
0.6435795076770207	0.5596715110254008
0.6409648492012578	0.5508640909663459
0.6630026849255437	0.5484620673138763
0.6794376810589092	0.5548674637204617
0.683172907452856	0.5700802801861021
0.6745818867467784	0.5356512745007055
0.6719672282710157	0.5868944457533888
0.6936315413559068	0.5604721855762239
0.6865346112074079	0.5696799429106905
0.6943785866346961	0.5772863511435107
0.6771965452225411	0.5708809547369252
0.6536646189406767	0.5600718483008124
0.5961421324738972	0.5316479017465896
0.5442224855980379	0.5076276652218943
0.5524399836647206	0.47600102046437875
0.47661488786760203	0.4299622337920461
0.5797071363405317	0.5564688128221081
0.6742083641073837	0.6137170432059652
0.6566528000558342	0.5640752210549282
0.469891480358498	0.4315635828936924
0.34812309991583473	0.31506543574892015
0.5195699913979893	0.4683946122315586
0.5427283950404591	0.4868101269004917
0.6338679190527592	0.5472610554876415
0.5957686098345025	0.5364519490515286
0.4295510353038733	0.37511602706065844
0.4433713729614762	0.3691109679294846
0.4127425165311131	0.3611042224212529
0.4030309279068516	0.3719133288573657
0.606600766376948	0.5340499253990592
0.6286386021012337	0.5460600436614068
0.5670073666011128	0.5128320498022448
0.509858402773728	0.48721046417590325
0.3608228696552536	0.31786779667680126
0.4848323859342849	0.4175517782542868
0.6652438207619117	0.5764856765926875
0.6674849565982797	0.5977035521895017
0.5655132760435341	0.5080280024973058
0.4545770521433164	0.4079436836444087
0.5236787404313308	0.4559841566937993
0.5550546421404833	0.510830363425187
0.5927804287193451	0.5356512745007055
0.6346149643315485	0.5464603809368184
0.7033431299801682	0.583691747550096
0.6742083641073837	0.5912981557829162
0.6954991545528801	0.5340499253990592
0.7059577884559309	0.5728826411139832
0.6760759773043572	0.5848927593763309
0.683172907452856	0.594500853986209
0.6880287017649866	0.5724823038385716
0.6697260924346478	0.5648758956057514
0.6842934753710399	0.5620735346778702
0.6398442812830739	0.5668775819828094
0.669352569795253	0.5456597063859951
0.6540381415800715	0.5608725228516356
0.635362009610338	0.5668775819828094
0.6409648492012578	0.5472610554876415
0.6226622398709191	0.5576698246483428
0.6573998453346236	0.551664765517169
0.6379766680861007	0.5596715110254008
0.6439530303164153	0.5796883747959802
0.6293856473800231	0.5436580200089371
0.603239062622396	0.5248421680645925
0.6174329229193937	0.520438458035065
0.6390972360042846	0.5484620673138763
0.6263974662648657	0.5476613927630531
0.5972627003920813	0.5368522863269403
0.5815747495375051	0.5364519490515286
0.5939009966375293	0.5188371089334187
0.5714896382738489	0.5200381207596535
0.5752248646677955	0.5160347480055376
0.5931539513587398	0.5080280024973058
0.5726102061920328	0.4988202451628393
0.5774660005041636	0.5228404816875346
0.5726102061920328	0.5124317125268333
0.5763454325859796	0.4836074286971989
0.5767189552253743	0.4836074286971989
0.5640191854859554	0.4852087777988453
0.554307596861694	0.48721046417590325
0.5823217948162944	0.5152340734547144
0.562151572288982	0.4727983222610861
0.5374990780889336	0.48080506776931786
0.5218111272343574	0.48560911507425686
0.5206905593161735	0.46399090220203115
0.5487047572707738	0.47319865953649765
0.5434754403192484	0.467994274956147
0.5292815800222508	0.45478314486756455
0.5225581725131467	0.46118854127415
0.5173288555616213	0.45238112121509505
0.5027614726252292	0.4595871921725036
0.5076172669373599	0.4267595355887534
0.5229316951525415	0.4711969731594397
0.5341373743343817	0.44517505025768644
0.5173288555616213	0.46118854127415
0.5180759008404108	0.4752003459135556
0.5143406744464639	0.4399706656773358
0.49939976887067705	0.4395703284019242
0.4881940896888369	0.4323642574445156
0.5091113574949385	0.44677639935933283
0.47400022939183933	0.44797741118556755
0.46951795771910326	0.42715987286416496
0.4881940896888369	0.4207544764575795
0.4844588632948902	0.4335652692707504
0.4855794312130742	0.4447747129822749
0.4874470444100476	0.43436594382157356
0.45495057478271106	0.42435751193628385
0.45681818797968443	0.38912783170006404
0.474373752031234	0.39072918080171043
0.4586858011766578	0.41154671912311297
0.4762413652282074	0.40474098544111603
0.44038319184631886	0.38792681987382927
0.46017989173423646	0.42435751193628385
0.4639151181281832	0.41514975460181736
0.474373752031234	0.4147494173264057
0.46242102757060455	0.4175517782542868
0.42357467307355856	0.37831872526395116
0.426562854188716	0.3903288435262988
0.452709438946343	0.41514975460181736
0.4407567144857135	0.39473255355582626
0.4291775126644787	0.40754334636899714
0.42618933154932126	0.38392344711971343
0.4146101297280864	0.37871906253936277
0.43627444281297745	0.3939318790050031
0.4198394466796118	0.3875264825984177
0.4030309279068516	0.3667089442770151
0.408260244858377	0.3819217607426555
