WT	KO
0.5309986675071817	0.520837021861873
0.4117163581396264	0.5275144195780509
0.3886294595523576	0.4574017435581834
0.41941199100204934	0.4874500332809838
0.4309554402956837	0.46741784013245014
0.4424988895893181	0.4874500332809838
0.49636831962627853	0.4974661298552506
0.47712923747022123	0.4907887321390727
0.5348464839383932	0.5375305161523177
0.5233030346447588	0.5174983230037842
0.49636831962627853	0.5475466127265846
0.5463899332320276	0.5842723001655628
0.4809770539014327	0.5275144195780509
0.5309986675071817	0.6143205898883631
0.4617379717453754	0.5141596241456952
0.49636831962627853	0.5275144195780509
0.5156074017823359	0.5475466127265846
0.6464331604435256	0.6109818910302741
0.5694768318192963	0.6644010727596971
0.5386943003696046	0.6343527830368967
0.5386943003696046	0.6410301807530746
0.5579333825256619	0.5341918172942287
0.6079549961314109	0.6510462773273413
0.6194984454250453	0.6143205898883631
0.6387375275811026	0.6744171693339638
0.6156506289938338	0.6310140841788077
0.5733246482505079	0.520837021861873
0.5694768318192963	0.6276753853207189
0.49252050319506707	0.6443688796111634
0.5656290153880849	0.6076431921721853
0.5771724646817192	0.6276753853207189
0.5733246482505079	0.6610623739016082
0.6810635083244287	0.6810945670501417
0.550237749663239	0.5976270955979184
0.6656722425995828	0.6477075784692524
0.6041071797001994	0.620997987604541
0.600259363268988	0.6276753853207189
0.5463899332320276	0.6276753853207189
0.5694768318192963	0.5508853115846735
0.6387375275811026	0.6276753853207189
0.5579333825256619	0.6644010727596971
0.5771724646817192	0.6410301807530746
0.5156074017823359	0.5809336013074738
0.5733246482505079	0.620997987604541
0.6118028125626225	0.6376914818949856
0.6233462618562569	0.7545459419280981
0.65797660973716	0.671078470475875
0.6310418947186797	0.5909496978817406
0.6041071797001994	0.6243366864626299
0.6233462618562569	0.5976270955979184
0.6464331604435256	0.6343527830368967
0.6541287933059484	0.7244976522052978
0.5925637304065651	0.6243366864626299
0.5925637304065651	0.5942883967398296
0.6772156918932172	0.6109818910302741
0.5579333825256619	0.6276753853207189
0.5540855660944505	0.5609014081589403
0.5964115468377765	0.6810945670501417
0.6502809768747371	0.6009657944560074
0.7426285712238121	0.6911106636244085
0.6079549961314109	0.6477075784692524
0.6849113247556402	0.6844332659082307
0.5771724646817192	0.5976270955979184
0.5925637304065651	0.5442079138684955
0.7041504069116975	0.6944493624824974
0.6118028125626225	0.6543849761854302
0.700302590480486	0.7879329305089875
0.7041504069116975	0.7178202544891199
0.5887159139753536	0.714481555631031
0.642585344012314	0.714481555631031
0.5771724646817192	0.5942883967398296
0.5694768318192963	0.6109818910302741
0.6502809768747371	0.617659288746452
0.7426285712238121	0.7111428567729421
0.7041504069116975	0.667739771617786
0.6810635083244287	0.6777558681920528
0.6156506289938338	0.6744171693339638
0.642585344012314	0.6810945670501417
0.6502809768747371	0.6644010727596971
0.7734111026735038	0.7244976522052978
0.6348897111498912	0.7946103282251653
0.7657154698110809	0.7011267601986753
0.65797660973716	0.6243366864626299
0.6118028125626225	0.5775949024493848
0.6964547740492746	0.7411911464957424
0.6079549961314109	0.7311750499214756
0.65797660973716	0.6243366864626299
0.6926069576180631	0.7111428567729421
0.49636831962627853	0.4907887321390727
0.4348032567268952	0.4874500332809838
0.48482487033264415	0.4974661298552506
0.5694768318192963	0.6043044933140963
0.7118460397741204	0.7378524476376536
0.4694336046077983	0.524175720719962
0.41556417457083783	0.3472246812412487
0.3693903773963004	0.35056338009933763
0.7541720205174465	0.7879329305089875
0.900389044903482	0.858045606528855
0.6733678754620058	0.6043044933140963
0.550237749663239	0.5174983230037842
0.49636831962627853	0.45072434584200555
0.7349329383613892	0.7345137487795645
0.8080414505544069	0.7912716293670764
0.7156938562053319	0.7211589533472088
0.3616947445338774	0.36391817553169337
0.30397749806570545	0.3305311869508041
0.5463899332320276	0.5341918172942287
0.7695632862422923	0.7411911464957424
0.5463899332320276	0.5008048287133394
0.4463467060205295	0.5141596241456952
0.48482487033264415	0.4707565389905391
0.600259363268988	0.6109818910302741
0.5887159139753536	0.6376914818949856
0.5733246482505079	0.6543849761854302
0.7233894890677548	0.7345137487795645
0.7310851219301777	0.6477075784692524
0.6464331604435256	0.6376914818949856
0.6079549961314109	0.7244976522052978
0.6348897111498912	0.6977880613405864
0.7618676533798694	0.8179812202317878
0.65797660973716	0.6844332659082307
0.5579333825256619	0.6276753853207189
0.6271940782874682	0.6276753853207189
0.5848680975441423	0.6043044933140963
0.65797660973716	0.6944493624824974
0.6887591411868516	0.7645620385023649
0.5887159139753536	0.6744171693339638
0.6502809768747371	0.6510462773273413
0.6387375275811026	0.6410301807530746
0.7272373054989661	0.7411911464957424
0.7233894890677548	0.6944493624824974
0.7156938562053319	0.7078041579148531
0.6194984454250453	0.5275144195780509
0.6233462618562569	0.6243366864626299
0.6387375275811026	0.667739771617786
0.5733246482505079	0.620997987604541
0.6964547740492746	0.6610623739016082
0.65797660973716	0.6477075784692524
0.600259363268988	0.5675788058751181
0.6233462618562569	0.6109818910302741
0.6810635083244287	0.6644010727596971
0.600259363268988	0.6944493624824974
0.6310418947186797	0.7011267601986753
0.5733246482505079	0.5809336013074738
0.6194984454250453	0.667739771617786
0.5964115468377765	0.6877719647663195
0.6502809768747371	0.7111428567729421
0.5117595853511244	0.6143205898883631
0.5540855660944505	0.5942883967398296
0.5925637304065651	0.6577236750435193
0.5540855660944505	0.6644010727596971
0.5694768318192963	0.6543849761854302
0.5309986675071817	0.5642401070170292
0.5194552182135473	0.5775949024493848
0.5540855660944505	0.620997987604541
0.6118028125626225	0.6043044933140963
0.5887159139753536	0.6376914818949856
0.5848680975441423	0.6076431921721853
0.5233030346447588	0.5375305161523177
0.5617811989568735	0.6143205898883631
0.5733246482505079	0.5876109990236517
0.5848680975441423	0.5575627093008513
0.49252050319506707	0.5308531184361399
0.5040639524887015	0.49412743099716167
0.5848680975441423	0.5642401070170292
0.49636831962627853	0.6376914818949856
0.5425421168008161	0.5308531184361399
0.450194522451741	0.47409523784862806
0.4424988895893181	0.5508853115846735
0.507911768919913	0.520837021861873
0.5233030346447588	0.574256203591296
0.5348464839383932	0.5976270955979184
0.50021613605749	0.5475466127265846
0.4732814210390098	0.6009657944560074
0.49636831962627853	0.5174983230037842
0.5771724646817192	0.6076431921721853
0.4463467060205295	0.520837021861873
0.5848680975441423	0.5508853115846735
0.5271508510759703	0.5375305161523177
0.5309986675071817	0.570917504733207
0.5040639524887015	0.5675788058751181
0.5386943003696046	0.5976270955979184
0.5194552182135473	0.5542240104427624
0.4463467060205295	0.4774339367067169
0.4463467060205295	0.5041435275714284
0.450194522451741	0.5108209252876063
0.5117595853511244	0.5575627093008513
0.507911768919913	0.5108209252876063
0.5233030346447588	0.4707565389905391
0.4694336046077983	0.5375305161523177
0.4732814210390098	0.4907887321390727
0.49636831962627853	0.5041435275714284
0.4809770539014327	0.5442079138684955
0.4694336046077983	0.5275144195780509
0.4540423388829525	0.4574017435581834
0.3809338266899347	0.49412743099716167
0.40017290884599205	0.41733735726111626
0.4540423388829525	0.5041435275714284
0.4117163581396264	0.5074822264295173
0.3693903773963004	0.45072434584200555
