WT	KO
0.23934275024103274	0.2522791152165116
0.2580622949526219	0.27183074664579127
0.2707648431497717	0.24912562627630522
0.2634107362987902	0.24344934618393368
0.2634107362987902	0.25984748867300694
0.23332575372659337	0.2529098130045529
0.2634107362987902	0.2585860930969244
0.2640792914670613	0.2806605156783692
0.27745039483248213	0.27183074664579127
0.27611328449594	0.2680465599175436
0.2781189500007531	0.27498423558599766
0.27544472932766895	0.27750702673816274
0.2741076189911269	0.2680465599175436
0.3015183808902396	0.286967493558782
0.2694277328132296	0.2913823780750709
0.29817560504888435	0.2913823780750709
0.29149005336617395	0.2857060979826994
0.2647478466353323	0.28759819134682324
0.29215860853444503	0.2743535377979564
0.2888158326930898	0.2913823780750709
0.2868101671882767	0.30084284489569013
0.30018127055369753	0.298320053743525
0.28480450168346355	0.2793991201022866
0.29215860853444503	0.2693079554936261
0.29282716370271605	0.3109340095043506
0.3115467084143052	0.32670145420538255
0.3342775841355206	0.31156470729239183
0.3108781532460342	0.31030331171630926
0.2888158326930898	0.2964279603794011
0.30686682223640793	0.3014735426837314
0.3168951497604735	0.31661028959672205
0.3041926015633238	0.3065191249880616
0.30820393257295003	0.3134568006565157
0.29750704988061333	0.30210424047177264
0.30018127055369753	0.30084284489569013
0.31622659459220254	0.32607075641734123
0.3102095980777631	0.33805401439012556
0.31555803942393146	0.3298549431455889
0.33093480829416544	0.336792618814043
0.31488948425566043	0.3065191249880616
0.33628324964033374	0.332377734297754
0.3108781532460342	0.3355312232379604
0.3349461393037917	0.35508285466724004
0.31288381875084725	0.3304856409336302
0.34631157716439936	0.3241786630532174
0.35968268052982016	0.34246889890641447
0.34363735649131516	0.34940657457486857
0.35299712884710976	0.3393154099662081
0.3416316909865021	0.32922424535754763
0.3456430219961283	0.3569749480313639
0.3329404737989785	0.35445215687919884
0.3636940115394464	0.35256006351507496
0.3583455701932781	0.3582363436074465
0.34831724266921243	0.34373029448249703
0.33895747031341794	0.34625308563466217
0.3523285736788387	0.38661774406930405
0.36636823221253056	0.3733730905204372
0.3670367873808016	0.36202053033569415
0.34029458064996	0.332377734297754
0.33895747031341794	0.33805401439012556
0.3850877769241198	0.375265183884561
0.36770534254907267	0.36580471706394185
0.36569967704425954	0.36075913475961163
0.3670367873808016	0.3576056458194052
0.36770534254907267	0.35445215687919884
0.3703795632221568	0.37841867282476743
0.35299712884710976	0.36075913475961163
0.35767701502500704	0.33805401439012556
0.38843055276547495	0.36832750821610694
0.3777336700731383	0.35382145909115753
0.36436256670771744	0.3569749480313639
0.37572800456832517	0.3695889037921895
0.3670367873808016	0.3676968104280657
0.37907078040968034	0.39166332637363427
0.3977903251212695	0.3885098374334279
0.3917733286068302	0.3941861175257994
0.3777336700731383	0.39292472194971684
0.3817450010827645	0.37841867282476743
0.3977903251212695	0.3878791396453866
0.4171784250011297	0.3992316998301296
0.3991274354578116	0.4049079799225011
0.37706511490486727	0.3727423927323959
0.35633990468846494	0.34436099227053835
0.2807931706738373	0.3153488940206395
0.2874787223565477	0.2806605156783692
0.2827988361786504	0.2932744714391948
0.2934957188709871	0.28381400461857553
0.31422092908738936	0.298320053743525
0.32892914278935226	0.31219540508043314
0.3797393355779514	0.3632819259117767
0.32892914278935226	0.3449916900585796
0.27678183966421105	0.29516656480331854
0.3416316909865021	0.34246889890641447
0.49874215553019674	0.46104008305817495
0.5602492310111326	0.5032968348569407
0.40848720781360615	0.4118456555909552
0.21995465036117254	0.20497678111341566
0.18585833677934946	0.19677770986887907
0.3503229081740256	0.3405768055422907
0.5682718930303851	0.5550140534763255
0.5154560347369728	0.5165414884058076
0.31355237391911833	0.2964279603794011
0.19856088497649924	0.1961470120808378
0.23265719855832234	0.2314660882111494
0.4358979697127188	0.3992316998301296
0.5161245899052438	0.5260019552264267
0.4639772867801026	0.48563729679178486
0.3396260254816889	0.3342698276618779
0.2868101671882767	0.30084284489569013
0.31555803942393146	0.31850238296084593
0.3670367873808016	0.3468837834227035
0.3035240463950527	0.3128261028684744
0.3195693704335577	0.2901209824989883
0.25672518461607985	0.2686772577055848
0.2934957188709871	0.2850754001946581
0.2741076189911269	0.28444470240661685
0.2888158326930898	0.2831833068305343
0.35166001851056766	0.34120750333033195
0.39377899411164324	0.3859870462812628
0.4064815423087931	0.429505193656111
0.3944475492799143	0.40743077107466624
0.4151727594963166	0.3941861175257994
0.40447587680397995	0.39355541973775815
0.3830821114193066	0.3967089086779645
0.38575633209239074	0.3859870462812628
0.3877619975972039	0.4030158865583773
0.3810764459144935	0.3941861175257994
0.3977903251212695	0.39607821088992323
0.37104811839042784	0.3676968104280657
0.36904245288561477	0.37715727724868486
0.36302545637117534	0.3822028595530151
0.36302545637117534	0.3746344860965197
0.37372233906351204	0.3822028595530151
0.3583455701932781	0.348145178998786
0.3650311218759885	0.3733730905204372
0.3650311218759885	0.336792618814043
0.3509914633422966	0.3613898325476529
0.3583455701932781	0.3361619210260017
0.3456430219961283	0.34940657457486857
0.34965435300575454	0.35256006351507496
0.340963135818231	0.3468837834227035
0.3583455701932781	0.3613898325476529
0.3590141253615491	0.35571355245528136
0.35433423918365187	0.3405768055422907
0.33895747031341794	0.3418382011183732
0.3443059116595862	0.34246889890641447
0.324917811779726	0.3399461077542494
0.3336090289672496	0.33111633872167145
0.3349461393037917	0.3222865696890936
0.33093480829416544	0.2964279603794011
0.32826058762108123	0.31661028959672205
0.32892914278935226	0.3033656360478552
0.32826058762108123	0.3222865696890936
0.34029458064996	0.348145178998786
0.33561469447206266	0.3222865696890936
0.3035240463950527	0.3128261028684744
0.31488948425566043	0.31724098738476336
0.3168951497604735	0.3159795918086808
0.32224359110664186	0.3109340095043506
0.30820393257295003	0.32039447632496976
0.30753537740467896	0.31724098738476336
0.3108781532460342	0.32922424535754763
0.3262549221162681	0.3222865696890936
0.3028554912267817	0.32354796526517615
0.3269234772845392	0.3109340095043506
0.2934957188709871	0.3191330807488872
0.3269234772845392	0.30525772941197904
0.32157503593837083	0.29958144931960756
0.308872487741221	0.29579726259135986
0.3048611567315948	0.3027349382598139
0.3168951497604735	0.30525772941197904
0.29082149819790293	0.309672613928268
0.30753537740467896	0.32102517411301107
0.3028554912267817	0.2964279603794011
0.28480450168346355	0.3002121471076488
0.30552971189986583	0.3077805205641442
0.2888158326930898	0.2970586581674424
0.2634107362987902	0.2970586581674424
0.2741076189911269	0.28633679577074067
0.2747761741593979	0.29264377365115346
0.2894843878613609	0.2642623731892959
0.2807931706738373	0.2686772577055848
0.2660849569718744	0.2793991201022866
0.2814617258421084	0.27183074664579127
0.28213028101037935	0.2819219112544517
0.29015294302963185	0.2743535377979564
0.2660849569718744	0.2642623731892959
0.2647478466353323	0.2762456311620802
0.2580622949526219	0.262370279825172
0.25605662944780877	0.2743535377979564
0.2640792914670613	0.25669399973280055
0.2694277328132296	0.25984748867300694
0.2654164018036034	0.2800298178903279
0.2734390638228559	0.28255260904249296
0.2861416120200056	0.2857060979826994
0.2714333983180427	0.2592167908849657
0.26207362596224815	0.27498423558599766
0.2827988361786504	0.26047818646104826
0.260067960457435	0.251017719640429
0.2861416120200056	0.2724614444338325
