WT	KO
0.24977854038244698	0.22414029082697765
0.2071334237317853	0.22701388429911837
0.20408734397102377	0.21839310388269614
0.23454814157863924	0.2298874777712591
0.20104126421026222	0.21839310388269614
0.17362654636340827	0.18678357568914802
0.18885694516721602	0.22701388429911837
0.24673246062168544	0.25574981902052574
0.24064030110016235	0.2298874777712591
0.2375942213394008	0.23850825818768132
0.2071334237317853	0.22701388429911837
0.2254099022963546	0.2442554451319628
0.24977854038244698	0.25000263207624424
0.2254099022963546	0.23850825818768132
0.24673246062168544	0.2442554451319628
0.2071334237317853	0.24138185165982204
0.2619628594254932	0.23563466471554056
0.2802393379900625	0.22414029082697765
0.3015618963153933	0.22701388429911837
0.23150206181787772	0.21839310388269614
0.25282462014320856	0.2701177863812294
0.21931774277483151	0.2155195104105554
0.32288445464072413	0.2614970059648072
0.2802393379900625	0.28735934721407386
0.26500893918625473	0.26724419290908874
0.2771932582293009	0.2586234124926665
0.3198383748799626	0.28448575374193313
0.25282462014320856	0.2729913798533702
0.25282462014320856	0.26437059943694796
0.24064030110016235	0.21264591693841467
0.2558706999039701	0.28735934721407386
0.26500893918625473	0.2442554451319628
0.32288445464072413	0.26437059943694796
0.24064030110016235	0.3103480949911998
0.2802393379900625	0.2758649733255109
0.24977854038244698	0.28161216026979236
0.28633149751158554	0.3017273145747775
0.25891677966473164	0.25000263207624424
0.2558706999039701	0.23850825818768132
0.23454814157863924	0.24138185165982204
0.2375942213394008	0.22701388429911837
0.2558706999039701	0.2758649733255109
0.2802393379900625	0.29885372110263686
0.31070013559767795	0.26437059943694796
0.30460797607615486	0.3103480949911998
0.2771932582293009	0.29885372110263686
0.2802393379900625	0.330463249296185
0.35029917248757814	0.3046009080469183
0.22236382253559306	0.2787385667976517
0.2771932582293009	0.3103480949911998
0.2985158165546318	0.28735934721407386
0.3015618963153933	0.2729913798533702
0.2771932582293009	0.26437059943694796
0.29546973679387023	0.2787385667976517
0.31070013559767795	0.29310653415835536
0.32897661416224727	0.31609528193548125
0.3137462153584395	0.29023294068621464
0.30460797607615486	0.3017273145747775
0.28633149751158554	0.32184246887976276
0.3167922951192011	0.2701177863812294
0.24673246062168544	0.2701177863812294
0.3167922951192011	0.3103480949911998
0.30765405583691646	0.3017273145747775
0.30460797607615486	0.28448575374193313
0.31070013559767795	0.29885372110263686
0.35029917248757814	0.3477048101290294
0.3167922951192011	0.29310653415835536
0.26500893918625473	0.2614970059648072
0.32897661416224727	0.252876225548385
0.3015618963153933	0.28735934721407386
0.2924236570331087	0.29885372110263686
0.2558706999039701	0.2614970059648072
0.31070013559767795	0.3017273145747775
0.3624834915306243	0.3132216884633405
0.35639133200910117	0.29310653415835536
0.31070013559767795	0.29885372110263686
0.31070013559767795	0.2787385667976517
0.2802393379900625	0.2758649733255109
0.2711010987077778	0.2787385667976517
0.2771932582293009	0.30747450151905903
0.2680550189470163	0.3103480949911998
0.3167922951192011	0.26437059943694796
0.28328541775082405	0.29885372110263686
0.2924236570331087	0.28448575374193313
0.2619628594254932	0.2586234124926665
0.2771932582293009	0.2586234124926665
0.32897661416224727	0.29885372110263686
0.3198383748799626	0.3103480949911998
0.3320226939230088	0.28448575374193313
0.39599036889900135	0.36494637096187377
0.32288445464072413	0.3046009080469183
0.21931774277483151	0.252876225548385
0.35943741176986277	0.3706935579061553
0.35029917248757814	0.3419576231847479
0.4508198045927092	0.42529183387682934
0.34725309272681654	0.3477048101290294
0.22845598205711615	0.16666842138416282
0.2375942213394008	0.23850825818768132
0.21322558325330843	0.26437059943694796
0.4294972462673784	0.39080871221114044
0.39903644865976284	0.39080871221114044
0.1919030249279776	0.252876225548385
0.26500893918625473	0.21839310388269614
0.23454814157863924	0.22126669735483687
0.40208252842052444	0.3706935579061553
0.45386588435347075	0.4310390208211108
0.344207012966055	0.3017273145747775
0.405128608181286	0.40230308609970344
0.3320226939230088	0.3103480949911998
0.3259305344014857	0.31896887540762203
0.37162173081290895	0.3419576231847479
0.33506877368377036	0.30747450151905903
0.30765405583691646	0.28161216026979236
0.32288445464072413	0.3419576231847479
0.30765405583691646	0.32184246887976276
0.3198383748799626	0.29023294068621464
0.28328541775082405	0.2701177863812294
0.31070013559767795	0.32184246887976276
0.30460797607615486	0.3132216884633405
0.3838060498559552	0.3419576231847479
0.3198383748799626	0.30747450151905903
0.35943741176986277	0.3362104362404664
0.3137462153584395	0.3247160623519035
0.3167922951192011	0.2729913798533702
0.2680550189470163	0.30747450151905903
0.30460797607615486	0.2701177863812294
0.28937757727234714	0.2959801276304961
0.3685756510521474	0.29023294068621464
0.28937757727234714	0.28448575374193313
0.2741471784685394	0.28448575374193313
0.2680550189470163	0.23563466471554056
0.2924236570331087	0.2787385667976517
0.28633149751158554	0.2701177863812294
0.31070013559767795	0.252876225548385
0.28633149751158554	0.2701177863812294
0.21931774277483151	0.32184246887976276
0.2924236570331087	0.24712903860410354
0.30460797607615486	0.2787385667976517
0.2924236570331087	0.29023294068621464
0.28328541775082405	0.29023294068621464
0.2619628594254932	0.23850825818768132
0.30765405583691646	0.2442554451319628
0.2985158165546318	0.29023294068621464
0.28633149751158554	0.28161216026979236
0.26500893918625473	0.29023294068621464
0.28328541775082405	0.252876225548385
0.24977854038244698	0.24138185165982204
0.23454814157863924	0.23276107124339984
0.28633149751158554	0.252876225548385
0.2771932582293009	0.24712903860410354
0.25891677966473164	0.252876225548385
0.26500893918625473	0.2442554451319628
0.28937757727234714	0.26437059943694796
0.24673246062168544	0.2787385667976517
0.24673246062168544	0.21264591693841467
0.23150206181787772	0.2959801276304961
0.2771932582293009	0.2614970059648072
0.2619628594254932	0.23850825818768132
0.2558706999039701	0.25574981902052574
0.24064030110016235	0.252876225548385
0.24064030110016235	0.2298874777712591
0.2985158165546318	0.23563466471554056
0.28633149751158554	0.252876225548385
0.2771932582293009	0.23850825818768132
0.23150206181787772	0.2614970059648072
0.23150206181787772	0.26437059943694796
0.2558706999039701	0.25000263207624424
0.2741471784685394	0.26437059943694796
0.2619628594254932	0.252876225548385
0.26500893918625473	0.24712903860410354
0.22845598205711615	0.20977232346627392
0.2254099022963546	0.22126669735483687
0.2436863808609239	0.18103638874486655
0.18581086540645447	0.22126669735483687
0.2071334237317853	0.24138185165982204
0.23454814157863924	0.2298874777712591
0.21017950349254685	0.23276107124339984
0.2558706999039701	0.2155195104105554
0.1949491046887391	0.19540435610557022
0.23454814157863924	0.25000263207624424
0.2254099022963546	0.23850825818768132
0.2436863808609239	0.23276107124339984
0.23150206181787772	0.18103638874486655
0.20408734397102377	0.20402513652199245
0.21627166301406994	0.2155195104105554
0.22236382253559306	0.20402513652199245
0.19799518444950068	0.17528920180058508
0.21627166301406994	0.22414029082697765
0.1949491046887391	0.23276107124339984
0.2071334237317853	0.20115154304985172
0.18581086540645447	0.18103638874486655
0.22236382253559306	0.18678357568914802
0.23150206181787772	0.24138185165982204
0.21322558325330843	0.20402513652199245
0.18581086540645447	0.14655326707917768
0.17058046660264675	0.20115154304985172
0.19799518444950068	0.20977232346627392
0.2071334237317853	0.25000263207624424
0.22845598205711615	0.22414029082697765
0.21627166301406994	0.23563466471554056
