WT	KO
0.19587035807979872	0.22268246779720866
0.18080340745827572	0.20373076841021218
0.16071413996291176	0.16582736963621922
0.21093730870132169	0.17056529448296834
0.20591499182748071	0.2511100168777034
0.17578109058443475	0.1847790690232157
0.21093730870132169	0.19899284356346306
0.15569182308907076	0.15635151994272098
0.19084804120595772	0.18004114417646658
0.21093730870132169	0.2700617162646999
0.2762274280612546	0.2558479417244525
0.24107120994436765	0.2558479417244525
0.18080340745827572	0.21794454295045954
0.24107120994436765	0.2511100168777034
0.17578109058443475	0.1421377454024736
0.21093730870132169	0.17056529448296834
0.18582572433211672	0.20373076841021218
0.19587035807979872	0.27479964111144894
0.22098194244900365	0.2274203926439578
0.18080340745827572	0.2558479417244525
0.24107120994436765	0.2558479417244525
0.23604889307052665	0.2084686932569613
0.23102657619668565	0.27479964111144894
0.19587035807979872	0.24163416718420513
0.25111584369204965	0.21320661810371042
0.16071413996291176	0.21794454295045954
0.20089267495363972	0.18004114417646658
0.21093730870132169	0.24637209203095425
0.2661827943135726	0.2274203926439578
0.2611604774397316	0.24163416718420513
0.24609352681820862	0.2937513404984455
0.2812497449350956	0.27953756595819806
0.2661827943135726	0.2700617162646999
0.24107120994436765	0.2511100168777034
0.24107120994436765	0.2558479417244525
0.20089267495363972	0.2558479417244525
0.2712051111874136	0.23689624233745601
0.22098194244900365	0.1847790690232157
0.2561381605658906	0.22268246779720866
0.2912943786827775	0.20373076841021218
0.2762274280612546	0.2700617162646999
0.2611604774397316	0.2321583174907069
0.2812497449350956	0.2321583174907069
0.22098194244900365	0.2084686932569613
0.2712051111874136	0.22268246779720866
0.23102657619668565	0.19425491871671394
0.20591499182748071	0.21320661810371042
0.25111584369204965	0.21794454295045954
0.24609352681820862	0.21794454295045954
0.3013390124304595	0.28901341565169636
0.23604889307052665	0.27953756595819806
0.2862720618089366	0.26532379141795076
0.2561381605658906	0.2511100168777034
0.2812497449350956	0.2274203926439578
0.24609352681820862	0.1847790690232157
0.23604889307052665	0.24637209203095425
0.2712051111874136	0.2937513404984455
0.21093730870132169	0.24637209203095425
0.22098194244900365	0.24163416718420513
0.25111584369204965	0.2511100168777034
0.23102657619668565	0.27479964111144894
0.2762274280612546	0.2700617162646999
0.2812497449350956	0.3174409647321911
0.2611604774397316	0.23689624233745601
0.2611604774397316	0.2274203926439578
0.24107120994436765	0.2084686932569613
0.23102657619668565	0.2321583174907069
0.2661827943135726	0.27479964111144894
0.2812497449350956	0.2700617162646999
0.2912943786827775	0.27479964111144894
0.23102657619668565	0.2937513404984455
0.24107120994436765	0.24163416718420513
0.2661827943135726	0.27953756595819806
0.2561381605658906	0.2558479417244525
0.21093730870132169	0.2274203926439578
0.20591499182748071	0.26532379141795076
0.24609352681820862	0.24637209203095425
0.22600425932284465	0.2842754908049472
0.30636132930430054	0.2558479417244525
0.24609352681820862	0.2842754908049472
0.30636132930430054	0.2937513404984455
0.2712051111874136	0.2937513404984455
0.29631669555661855	0.2842754908049472
0.2611604774397316	0.28901341565169636
0.24609352681820862	0.26532379141795076
0.21595962557516266	0.2274203926439578
0.29631669555661855	0.3506064386594349
0.22098194244900365	0.27953756595819806
0.29631669555661855	0.26532379141795076
0.19587035807979872	0.2321583174907069
0.17075877371059375	0.1421377454024736
0.18582572433211672	0.20373076841021218
0.19587035807979872	0.23689624233745601
0.2561381605658906	0.21320661810371042
0.18582572433211672	0.2084686932569613
0.18080340745827572	0.20373076841021218
0.18080340745827572	0.21320661810371042
0.2611604774397316	0.2700617162646999
0.3013390124304595	0.3458685138126858
0.2661827943135726	0.2842754908049472
0.2812497449350956	0.3458685138126858
0.29631669555661855	0.27953756595819806
0.24107120994436765	0.23689624233745601
0.19084804120595772	0.19899284356346306
0.18582572433211672	0.1610894447894701
0.17075877371059375	0.26058586657120164
0.19587035807979872	0.18951699386996482
0.2912943786827775	0.2700617162646999
0.20089267495363972	0.2274203926439578
0.16071413996291176	0.17530321932971746
0.19084804120595772	0.16582736963621922
0.23102657619668565	0.2558479417244525
0.20591499182748071	0.24163416718420513
0.2661827943135726	0.26058586657120164
0.18582572433211672	0.20373076841021218
0.23102657619668565	0.24163416718420513
0.2661827943135726	0.2700617162646999
0.2561381605658906	0.30796511503869284
0.2712051111874136	0.2842754908049472
0.2561381605658906	0.26058586657120164
0.25111584369204965	0.24163416718420513
0.24609352681820862	0.24163416718420513
0.2762274280612546	0.24637209203095425
0.2812497449350956	0.2700617162646999
0.24107120994436765	0.2321583174907069
0.2712051111874136	0.3032271901919437
0.2762274280612546	0.28901341565169636
0.24107120994436765	0.2511100168777034
0.2611604774397316	0.21320661810371042
0.20089267495363972	0.28901341565169636
0.30636132930430054	0.23689624233745601
0.2561381605658906	0.24637209203095425
0.2762274280612546	0.2937513404984455
0.2561381605658906	0.2274203926439578
0.2561381605658906	0.23689624233745601
0.2812497449350956	0.26058586657120164
0.24609352681820862	0.20373076841021218
0.2762274280612546	0.23689624233745601
0.2561381605658906	0.21320661810371042
0.2812497449350956	0.3032271901919437
0.29631669555661855	0.35534436350618404
0.2611604774397316	0.2842754908049472
0.2611604774397316	0.2558479417244525
0.21595962557516266	0.20373076841021218
0.23604889307052665	0.26058586657120164
0.24107120994436765	0.2511100168777034
0.25111584369204965	0.22268246779720866
0.29631669555661855	0.26058586657120164
0.2561381605658906	0.2274203926439578
0.25111584369204965	0.3032271901919437
0.23102657619668565	0.2321583174907069
0.23102657619668565	0.24637209203095425
0.24609352681820862	0.27953756595819806
0.29631669555661855	0.24163416718420513
0.22600425932284465	0.2558479417244525
0.23102657619668565	0.2274203926439578
0.29631669555661855	0.28901341565169636
0.22098194244900365	0.19425491871671394
0.24609352681820862	0.20373076841021218
0.18582572433211672	0.2321583174907069
0.2611604774397316	0.26532379141795076
0.23102657619668565	0.24163416718420513
0.23604889307052665	0.3174409647321911
0.19084804120595772	0.18004114417646658
0.19587035807979872	0.21320661810371042
0.24609352681820862	0.27479964111144894
0.20089267495363972	0.2084686932569613
0.21595962557516266	0.24163416718420513
0.23604889307052665	0.2084686932569613
0.2661827943135726	0.2321583174907069
0.2661827943135726	0.26058586657120164
0.24609352681820862	0.19899284356346306
0.23604889307052665	0.24637209203095425
0.17578109058443475	0.20373076841021218
0.24609352681820862	0.21320661810371042
0.2611604774397316	0.26532379141795076
0.20089267495363972	0.1847790690232157
0.19587035807979872	0.18004114417646658
0.23604889307052665	0.1847790690232157
0.2661827943135726	0.2842754908049472
0.24107120994436765	0.24637209203095425
0.24107120994436765	0.20373076841021218
0.19587035807979872	0.2274203926439578
0.16573645683675275	0.19899284356346306
0.20591499182748071	0.2321583174907069
0.21595962557516266	0.2511100168777034
0.18582572433211672	0.19425491871671394
0.20591499182748071	0.2084686932569613
0.23102657619668565	0.23689624233745601
0.24107120994436765	0.2558479417244525
0.24107120994436765	0.24163416718420513
0.19587035807979872	0.1847790690232157
0.2712051111874136	0.19425491871671394
0.23604889307052665	0.22268246779720866
0.23604889307052665	0.22268246779720866
0.19587035807979872	0.2084686932569613
0.17075877371059375	0.18004114417646658
0.21595962557516266	0.22268246779720866
0.19084804120595772	0.20373076841021218
0.18582572433211672	0.16582736963621922
