WT	KO
0.8225952035622441	0.7682325908391044
1.292649605597812	0.6500429614792422
1.0576224045800282	0.5909481467993112
0.7050816030533521	0.8864222201989667
0.47005440203556803	0.7091377761591734
0.7050816030533521	0.5909481467993112
0.23502720101778402	0.4727585174394489
0.5875680025444601	0.4727585174394489
0.9401088040711361	0.9455170348788978
0.7050816030533521	0.7682325908391044
0.35254080152667605	0.3545688880795867
0.9401088040711361	0.7091377761591734
0.9401088040711361	0.8864222201989667
1.292649605597812	1.06370666423876
0.5875680025444601	0.7682325908391044
1.1751360050889201	0.8864222201989667
1.0576224045800282	0.9455170348788978
0.9401088040711361	0.53185333211938
1.0576224045800282	0.8273274055190356
0.47005440203556803	1.004611849558829
0.7050816030533521	1.004611849558829
0.9401088040711361	0.8273274055190356
0.5875680025444601	0.4727585174394489
0.35254080152667605	0.8273274055190356
0.47005440203556803	1.122801478918691
0.47005440203556803	0.9455170348788978
1.0576224045800282	0.7682325908391044
1.0576224045800282	0.8864222201989667
0.7050816030533521	0.7091377761591734
0.9401088040711361	1.1818962935986224
1.0576224045800282	1.3000859229584845
1.292649605597812	0.8864222201989667
0.8225952035622441	0.6500429614792422
0.8225952035622441	0.9455170348788978
1.4101632061067042	0.9455170348788978
0.9401088040711361	0.9455170348788978
0.8225952035622441	0.8273274055190356
0.8225952035622441	0.8864222201989667
0.9401088040711361	0.5909481467993112
0.8225952035622441	0.6500429614792422
0.8225952035622441	1.122801478918691
0.5875680025444601	0.8864222201989667
0.9401088040711361	0.8273274055190356
0.7050816030533521	0.23637925871972446
0.8225952035622441	0.6500429614792422
0.47005440203556803	0.5909481467993112
0.9401088040711361	0.5909481467993112
0.5875680025444601	0.7091377761591734
0.7050816030533521	0.5909481467993112
0.9401088040711361	0.7682325908391044
1.4101632061067042	0.8273274055190356
0.8225952035622441	0.8273274055190356
0.8225952035622441	0.8864222201989667
0.35254080152667605	0.7682325908391044
0.9401088040711361	0.8864222201989667
0.8225952035622441	0.6500429614792422
0.8225952035622441	0.5909481467993112
0.35254080152667605	0.7091377761591734
0.35254080152667605	0.6500429614792422
0.35254080152667605	0.6500429614792422
0.9401088040711361	0.9455170348788978
0.5875680025444601	0.9455170348788978
0.7050816030533521	0.8864222201989667
0.23502720101778402	0.5909481467993112
0.9401088040711361	1.004611849558829
0.5875680025444601	0.6500429614792422
1.292649605597812	0.7682325908391044
1.1751360050889201	0.7091377761591734
0.23502720101778402	0.5909481467993112
0.23502720101778402	0.4136637027595178
0.5875680025444601	0.4727585174394489
0.7050816030533521	0.8864222201989667
0.5875680025444601	0.7091377761591734
0.7050816030533521	1.004611849558829
0.8225952035622441	0.6500429614792422
1.0576224045800282	0.7091377761591734
0.9401088040711361	1.1818962935986224
0.7050816030533521	0.7091377761591734
0.35254080152667605	0.7091377761591734
0.0	0.5909481467993112
0.35254080152667605	0.7682325908391044
0.47005440203556803	0.4136637027595178
0.11751360050889201	0.53185333211938
0.8225952035622441	0.4727585174394489
0.7050816030533521	0.8864222201989667
0.47005440203556803	1.122801478918691
1.0576224045800282	1.3000859229584845
1.292649605597812	0.6500429614792422
1.0576224045800282	0.8273274055190356
0.23502720101778402	0.6500429614792422
0.47005440203556803	0.7682325908391044
0.9401088040711361	1.1818962935986224
1.1751360050889201	0.8864222201989667
0.9401088040711361	0.8273274055190356
0.7050816030533521	0.7091377761591734
0.11751360050889201	0.5909481467993112
0.47005440203556803	1.004611849558829
1.1751360050889201	1.06370666423876
0.5875680025444601	0.6500429614792422
1.1751360050889201	1.122801478918691
0.8225952035622441	0.8864222201989667
0.9401088040711361	0.8864222201989667
0.9401088040711361	0.9455170348788978
0.7050816030533521	0.7091377761591734
0.7050816030533521	0.3545688880795867
0.5875680025444601	0.8273274055190356
0.5875680025444601	0.9455170348788978
1.4101632061067042	0.7682325908391044
0.47005440203556803	0.6500429614792422
0.47005440203556803	0.5909481467993112
0.5875680025444601	0.8273274055190356
0.5875680025444601	0.9455170348788978
1.0576224045800282	0.8273274055190356
1.0576224045800282	0.5909481467993112
0.9401088040711361	1.1818962935986224
0.9401088040711361	1.1818962935986224
1.0576224045800282	0.9455170348788978
0.47005440203556803	0.6500429614792422
1.0576224045800282	0.8864222201989667
1.1751360050889201	1.3000859229584845
2.3502720101778403	1.4182755523183468
1.6451904071244883	1.3591807376384157
0.9401088040711361	0.9455170348788978
0.47005440203556803	0.5909481467993112
0.35254080152667605	0.7682325908391044
1.4101632061067042	1.3000859229584845
0.9401088040711361	1.2409911082785534
0.47005440203556803	0.53185333211938
0.47005440203556803	0.53185333211938
0.47005440203556803	0.6500429614792422
0.9401088040711361	0.8864222201989667
0.5875680025444601	0.9455170348788978
0.9401088040711361	1.06370666423876
0.5875680025444601	0.8273274055190356
1.6451904071244883	1.2409911082785534
1.1751360050889201	1.004611849558829
0.5875680025444601	0.8864222201989667
0.8225952035622441	0.53185333211938
0.5875680025444601	0.53185333211938
0.23502720101778402	0.7091377761591734
0.9401088040711361	0.6500429614792422
0.47005440203556803	0.53185333211938
0.8225952035622441	0.8864222201989667
1.292649605597812	0.8864222201989667
1.6451904071244883	0.8864222201989667
0.8225952035622441	0.8273274055190356
0.5875680025444601	0.8864222201989667
0.5875680025444601	0.4136637027595178
0.35254080152667605	1.06370666423876
0.35254080152667605	0.6500429614792422
0.8225952035622441	0.8864222201989667
1.6451904071244883	1.122801478918691
1.292649605597812	1.122801478918691
1.292649605597812	1.477370366998278
1.0576224045800282	1.004611849558829
0.8225952035622441	0.8273274055190356
1.0576224045800282	1.1818962935986224
1.1751360050889201	0.8273274055190356
1.1751360050889201	1.004611849558829
0.5875680025444601	0.6500429614792422
0.7050816030533521	1.004611849558829
1.0576224045800282	1.004611849558829
1.292649605597812	0.8864222201989667
0.9401088040711361	1.004611849558829
1.1751360050889201	0.9455170348788978
1.292649605597812	0.5909481467993112
1.4101632061067042	1.06370666423876
1.1751360050889201	0.8273274055190356
1.292649605597812	1.1818962935986224
0.35254080152667605	0.53185333211938
0.7050816030533521	0.7091377761591734
0.5875680025444601	0.8864222201989667
0.5875680025444601	0.7682325908391044
0.8225952035622441	1.004611849558829
0.7050816030533521	0.6500429614792422
0.5875680025444601	0.7682325908391044
0.8225952035622441	0.7091377761591734
0.23502720101778402	0.4136637027595178
1.1751360050889201	0.9455170348788978
1.1751360050889201	1.004611849558829
1.0576224045800282	0.7682325908391044
0.5875680025444601	0.8864222201989667
0.7050816030533521	0.53185333211938
0.47005440203556803	0.8273274055190356
0.9401088040711361	1.1818962935986224
0.7050816030533521	0.7682325908391044
0.8225952035622441	0.5909481467993112
0.9401088040711361	0.53185333211938
0.47005440203556803	0.7091377761591734
0.9401088040711361	0.7091377761591734
0.35254080152667605	0.6500429614792422
0.5875680025444601	0.8273274055190356
0.47005440203556803	0.3545688880795867
0.0	0.8864222201989667
0.35254080152667605	0.7091377761591734
0.8225952035622441	0.7682325908391044
0.7050816030533521	0.7682325908391044
0.7050816030533521	0.6500429614792422
0.11751360050889201	0.4136637027595178
0.7050816030533521	0.4136637027595178
