WT	KO
0.2199647622755524	0.2283362162303023
0.18559526816999736	0.22141693695059617
0.24058645873888546	0.22141693695059617
0.22683866109666342	0.2006590991114778
0.2130908634544414	0.2075783783911839
0.17872136934888633	0.15222414415353486
0.17184747052777533	0.16606270271294712
0.24058645873888546	0.159143423433241
0.23371255991777443	0.24217477478971458
0.1649735717066643	0.22141693695059617
0.26808205402332946	0.27677117118824524
0.2199647622755524	0.2490940540694207
0.20621696463333036	0.2490940540694207
0.2199647622755524	0.2006590991114778
0.24058645873888546	0.24217477478971458
0.24746035755999646	0.22141693695059617
0.1580996728855533	0.17298198199265327
0.2130908634544414	0.19373981983177166
0.2199647622755524	0.19373981983177166
0.23371255991777443	0.21449765767089005
0.19934306581221936	0.23525549551000843
0.2199647622755524	0.2490940540694207
0.2612081552022185	0.262932612628833
0.24058645873888546	0.24217477478971458
0.2199647622755524	0.2283362162303023
0.18559526816999736	0.2006590991114778
0.22683866109666342	0.23525549551000843
0.1580996728855533	0.17298198199265327
0.24746035755999646	0.21449765767089005
0.2130908634544414	0.2836904504679514
0.2199647622755524	0.27677117118824524
0.22683866109666342	0.24217477478971458
0.17184747052777533	0.21449765767089005
0.24746035755999646	0.2490940540694207
0.20621696463333036	0.15222414415353486
0.2612081552022185	0.31136756758677586
0.2887037504866625	0.24217477478971458
0.22683866109666342	0.25601333334912685
0.24058645873888546	0.2698518919085391
0.24746035755999646	0.24217477478971458
0.22683866109666342	0.2283362162303023
0.22683866109666342	0.2490940540694207
0.19934306581221936	0.262932612628833
0.25433425638110746	0.25601333334912685
0.24058645873888546	0.2490940540694207
0.22683866109666342	0.2698518919085391
0.26808205402332946	0.23525549551000843
0.2749559528444405	0.29752900902736357
0.26808205402332946	0.2490940540694207
0.17184747052777533	0.25601333334912685
0.2130908634544414	0.21449765767089005
0.2612081552022185	0.23525549551000843
0.26808205402332946	0.27677117118824524
0.2818298516655515	0.262932612628833
0.23371255991777443	0.27677117118824524
0.2887037504866625	0.22141693695059617
0.2818298516655515	0.27677117118824524
0.22683866109666342	0.2698518919085391
0.2612081552022185	0.2283362162303023
0.24746035755999646	0.2698518919085391
0.2612081552022185	0.262932612628833
0.2130908634544414	0.18682054055206554
0.20621696463333036	0.23525549551000843
0.26808205402332946	0.23525549551000843
0.2887037504866625	0.3390446847056004
0.2818298516655515	0.2836904504679514
0.2199647622755524	0.2283362162303023
0.2749559528444405	0.23525549551000843
0.30245154812888453	0.2836904504679514
0.2887037504866625	0.29752900902736357
0.24746035755999646	0.24217477478971458
0.30245154812888453	0.29060972974765753
0.2955776493077735	0.2490940540694207
0.25433425638110746	0.2836904504679514
0.2612081552022185	0.2836904504679514
0.3299471434133286	0.29060972974765753
0.2612081552022185	0.25601333334912685
0.3093254469499956	0.23525549551000843
0.2612081552022185	0.24217477478971458
0.2955776493077735	0.25601333334912685
0.3161993457711066	0.29752900902736357
0.26808205402332946	0.2490940540694207
0.3299471434133286	0.29060972974765753
0.2612081552022185	0.23525549551000843
0.2749559528444405	0.2490940540694207
0.30245154812888453	0.2698518919085391
0.24058645873888546	0.24217477478971458
0.2955776493077735	0.25601333334912685
0.23371255991777443	0.1799012612723594
0.19934306581221936	0.21449765767089005
0.1649735717066643	0.159143423433241
0.2199647622755524	0.2283362162303023
0.2612081552022185	0.3252061261461881
0.25433425638110746	0.33212540542589425
0.14435187524333126	0.16606270271294712
0.19934306581221936	0.16606270271294712
0.20621696463333036	0.19373981983177166
0.3299471434133286	0.3390446847056004
0.3986861316244387	0.4289953153417801
0.26808205402332946	0.29060972974765753
0.3230732445922176	0.3044482883070697
0.2818298516655515	0.34596396398530654
0.24746035755999646	0.27677117118824524
0.18559526816999736	0.23525549551000843
0.11685627995888721	0.10378918919559195
0.25433425638110746	0.17298198199265327
0.22683866109666342	0.2283362162303023
0.22683866109666342	0.262932612628833
0.22683866109666342	0.23525549551000843
0.14435187524333126	0.14530486487382877
0.25433425638110746	0.2006590991114778
0.2130908634544414	0.23525549551000843
0.2749559528444405	0.24217477478971458
0.19246916699110836	0.27677117118824524
0.1649735717066643	0.1799012612723594
0.25433425638110746	0.2283362162303023
0.24746035755999646	0.2698518919085391
0.22683866109666342	0.23525549551000843
0.23371255991777443	0.2490940540694207
0.20621696463333036	0.2283362162303023
0.30245154812888453	0.34596396398530654
0.23371255991777443	0.23525549551000843
0.2612081552022185	0.27677117118824524
0.22683866109666342	0.262932612628833
0.2955776493077735	0.27677117118824524
0.3299471434133286	0.262932612628833
0.2130908634544414	0.23525549551000843
0.26808205402332946	0.262932612628833
0.24746035755999646	0.2283362162303023
0.25433425638110746	0.2283362162303023
0.2887037504866625	0.29060972974765753
0.3093254469499956	0.24217477478971458
0.26808205402332946	0.19373981983177166
0.2818298516655515	0.22141693695059617
0.24746035755999646	0.318286846866482
0.2612081552022185	0.25601333334912685
0.26808205402332946	0.318286846866482
0.23371255991777443	0.27677117118824524
0.2818298516655515	0.36672180182442493
0.2818298516655515	0.2836904504679514
0.2749559528444405	0.2490940540694207
0.30245154812888453	0.3044482883070697
0.25433425638110746	0.2836904504679514
0.2818298516655515	0.262932612628833
0.2199647622755524	0.31136756758677586
0.24058645873888546	0.29060972974765753
0.26808205402332946	0.2490940540694207
0.23371255991777443	0.2698518919085391
0.30245154812888453	0.23525549551000843
0.2818298516655515	0.262932612628833
0.2199647622755524	0.2490940540694207
0.24058645873888546	0.2490940540694207
0.22683866109666342	0.262932612628833
0.25433425638110746	0.19373981983177166
0.17872136934888633	0.21449765767089005
0.24058645873888546	0.2490940540694207
0.22683866109666342	0.29752900902736357
0.2612081552022185	0.262932612628833
0.2199647622755524	0.2075783783911839
0.19246916699110836	0.2283362162303023
0.2130908634544414	0.29060972974765753
0.18559526816999736	0.22141693695059617
0.25433425638110746	0.2490940540694207
0.23371255991777443	0.2490940540694207
0.25433425638110746	0.2836904504679514
0.25433425638110746	0.25601333334912685
0.20621696463333036	0.2075783783911839
0.19934306581221936	0.2006590991114778
0.1649735717066643	0.15222414415353486
0.25433425638110746	0.16606270271294712
0.12373017877999823	0.16606270271294712
0.19246916699110836	0.22141693695059617
0.2199647622755524	0.2006590991114778
0.17184747052777533	0.21449765767089005
0.2749559528444405	0.2283362162303023
0.23371255991777443	0.2836904504679514
0.23371255991777443	0.262932612628833
0.17872136934888633	0.1799012612723594
0.18559526816999736	0.17298198199265327
0.22683866109666342	0.2006590991114778
0.22683866109666342	0.19373981983177166
0.2199647622755524	0.13838558559412262
0.24058645873888546	0.22141693695059617
0.20621696463333036	0.159143423433241
0.2612081552022185	0.2490940540694207
0.2749559528444405	0.23525549551000843
0.19934306581221936	0.19373981983177166
0.17184747052777533	0.15222414415353486
0.1649735717066643	0.19373981983177166
0.22683866109666342	0.1799012612723594
0.1580996728855533	0.18682054055206554
0.19246916699110836	0.2006590991114778
0.22683866109666342	0.17298198199265327
0.23371255991777443	0.2075783783911839
0.26808205402332946	0.25601333334912685
0.18559526816999736	0.22141693695059617
0.17872136934888633	0.18682054055206554
0.13060407760110926	0.2006590991114778
0.1580996728855533	0.2490940540694207
0.2130908634544414	0.22141693695059617
