WT	KO
0.2105736610692458	0.2260947595622285
0.2807648814256611	0.24729114327118742
0.23163102717617037	0.21902929832590884
0.2105736610692458	0.21902929832590884
0.2386501492118119	0.18370199214431066
0.19653541699796273	0.18370199214431066
0.1824971729266797	0.1978329146169499
0.2175927831048873	0.18370199214431066
0.19653541699796273	0.24022568203486774
0.2807648814256611	0.254356604507507
0.17547805089103816	0.21902929832590884
0.2035545390336043	0.26142206574382665
0.18951629496232122	0.21902929832590884
0.1824971729266797	0.19076745338063028
0.18951629496232122	0.20489837585326956
0.25268839328309495	0.20489837585326956
0.25268839328309495	0.24729114327118742
0.2386501492118119	0.20489837585326956
0.27374575939001955	0.26848752698014633
0.17547805089103816	0.24022568203486774
0.2597075153187365	0.2119638370895892
0.22461190514052887	0.33207667810702307
0.266726637354378	0.31088029439806414
0.2035545390336043	0.21902929832590884
0.17547805089103816	0.1978329146169499
0.2175927831048873	0.26848752698014633
0.27374575939001955	0.254356604507507
0.32287961363951023	0.24729114327118742
0.2386501492118119	0.275552988216466
0.22461190514052887	0.21902929832590884
0.24566927124745344	0.31088029439806414
0.18951629496232122	0.254356604507507
0.27374575939001955	0.28968391068910526
0.2807648814256611	0.2119638370895892
0.2597075153187365	0.26848752698014633
0.25268839328309495	0.24729114327118742
0.266726637354378	0.24022568203486774
0.22461190514052887	0.23316022079854812
0.2386501492118119	0.26142206574382665
0.24566927124745344	0.24729114327118742
0.27374575939001955	0.254356604507507
0.18951629496232122	0.2260947595622285
0.23163102717617037	0.24022568203486774
0.24566927124745344	0.28261844945278564
0.32287961363951023	0.31088029439806414
0.2175927831048873	0.28261844945278564
0.2386501492118119	0.24729114327118742
0.2877840034613026	0.2260947595622285
0.266726637354378	0.33207667810702307
0.2807648814256611	0.26142206574382665
0.266726637354378	0.26142206574382665
0.2597075153187365	0.2119638370895892
0.27374575939001955	0.28968391068910526
0.23163102717617037	0.254356604507507
0.31586049160386875	0.28968391068910526
0.30884136956822716	0.26142206574382665
0.2175927831048873	0.24729114327118742
0.266726637354378	0.24729114327118742
0.23163102717617037	0.24729114327118742
0.2386501492118119	0.275552988216466
0.24566927124745344	0.23316022079854812
0.2386501492118119	0.21902929832590884
0.27374575939001955	0.23316022079854812
0.25268839328309495	0.26142206574382665
0.2807648814256611	0.275552988216466
0.2175927831048873	0.28968391068910526
0.27374575939001955	0.2967493719254249
0.2948031254969441	0.24022568203486774
0.2597075153187365	0.254356604507507
0.30182224753258563	0.3038148331617445
0.27374575939001955	0.254356604507507
0.27374575939001955	0.3038148331617445
0.30884136956822716	0.33914213934334275
0.32989873567515177	0.254356604507507
0.2877840034613026	0.26848752698014633
0.30182224753258563	0.26142206574382665
0.25268839328309495	0.24022568203486774
0.22461190514052887	0.21902929832590884
0.25268839328309495	0.24729114327118742
0.31586049160386875	0.23316022079854812
0.30182224753258563	0.254356604507507
0.2807648814256611	0.24022568203486774
0.266726637354378	0.254356604507507
0.2807648814256611	0.26848752698014633
0.32989873567515177	0.275552988216466
0.3509561017820763	0.28968391068910526
0.2597075153187365	0.3038148331617445
0.2035545390336043	0.23316022079854812
0.23163102717617037	0.19076745338063028
0.17547805089103816	0.15544014719903207
0.16143980681975512	0.2260947595622285
0.22461190514052887	0.24729114327118742
0.3369178577107933	0.38153490676126056
0.1824971729266797	0.21902929832590884
0.11932507460590595	0.14130922472639282
0.14740156274847205	0.12011284101743387
0.32989873567515177	0.3179457556343838
0.3720134678890009	0.4804513640697355
0.25268839328309495	0.3462076005796624
0.266726637354378	0.26848752698014633
0.19653541699796273	0.19076745338063028
0.31586049160386875	0.28968391068910526
0.3509561017820763	0.3674039842886213
0.31586049160386875	0.3038148331617445
0.16143980681975512	0.16957106967167138
0.11230595257026443	0.16250560843535172
0.2386501492118119	0.2119638370895892
0.266726637354378	0.2967493719254249
0.18951629496232122	0.21902929832590884
0.19653541699796273	0.2119638370895892
0.22461190514052887	0.19076745338063028
0.30182224753258563	0.26142206574382665
0.19653541699796273	0.3179457556343838
0.2807648814256611	0.24022568203486774
0.2877840034613026	0.24022568203486774
0.266726637354378	0.26848752698014633
0.1824971729266797	0.21902929832590884
0.2175927831048873	0.2260947595622285
0.24566927124745344	0.23316022079854812
0.30884136956822716	0.3179457556343838
0.2386501492118119	0.26142206574382665
0.18951629496232122	0.31088029439806414
0.2948031254969441	0.2260947595622285
0.2597075153187365	0.3179457556343838
0.22461190514052887	0.26848752698014633
0.2877840034613026	0.3038148331617445
0.30182224753258563	0.275552988216466
0.25268839328309495	0.2119638370895892
0.2386501492118119	0.26848752698014633
0.2807648814256611	0.26142206574382665
0.30884136956822716	0.32501121687070345
0.31586049160386875	0.26142206574382665
0.2877840034613026	0.176636530907991
0.23163102717617037	0.2260947595622285
0.24566927124745344	0.2119638370895892
0.31586049160386875	0.3179457556343838
0.2597075153187365	0.28968391068910526
0.22461190514052887	0.33914213934334275
0.2597075153187365	0.21902929832590884
0.2877840034613026	0.32501121687070345
0.266726637354378	0.31088029439806414
0.3509561017820763	0.3038148331617445
0.3369178577107933	0.3603385230523017
0.22461190514052887	0.28968391068910526
0.27374575939001955	0.3038148331617445
0.24566927124745344	0.26848752698014633
0.27374575939001955	0.254356604507507
0.24566927124745344	0.26142206574382665
0.3439369797464348	0.353273061815982
0.2386501492118119	0.2119638370895892
0.2175927831048873	0.254356604507507
0.2386501492118119	0.26142206574382665
0.2597075153187365	0.2260947595622285
0.24566927124745344	0.275552988216466
0.22461190514052887	0.28261844945278564
0.2175927831048873	0.23316022079854812
0.2597075153187365	0.24729114327118742
0.2807648814256611	0.26848752698014633
0.2597075153187365	0.24729114327118742
0.16845892885539665	0.176636530907991
0.23163102717617037	0.23316022079854812
0.19653541699796273	0.15544014719903207
0.16845892885539665	0.21902929832590884
0.24566927124745344	0.33914213934334275
0.2948031254969441	0.28261844945278564
0.2386501492118119	0.2119638370895892
0.266726637354378	0.18370199214431066
0.1824971729266797	0.18370199214431066
0.2105736610692458	0.23316022079854812
0.17547805089103816	0.18370199214431066
0.25268839328309495	0.23316022079854812
0.2035545390336043	0.2119638370895892
0.18951629496232122	0.2260947595622285
0.27374575939001955	0.2260947595622285
0.266726637354378	0.26848752698014633
0.2175927831048873	0.2260947595622285
0.23163102717617037	0.2260947595622285
0.19653541699796273	0.26142206574382665
0.2035545390336043	0.20489837585326956
0.2386501492118119	0.254356604507507
0.2175927831048873	0.16250560843535172
0.2105736610692458	0.23316022079854812
0.2035545390336043	0.18370199214431066
0.2035545390336043	0.1978329146169499
0.2597075153187365	0.1978329146169499
0.22461190514052887	0.24022568203486774
0.1824971729266797	0.24022568203486774
0.16143980681975512	0.2119638370895892
0.2386501492118119	0.18370199214431066
0.18951629496232122	0.176636530907991
0.19653541699796273	0.176636530907991
0.19653541699796273	0.16250560843535172
0.23163102717617037	0.176636530907991
0.266726637354378	0.26848752698014633
0.2105736610692458	0.26142206574382665
0.18951629496232122	0.24729114327118742
0.1824971729266797	0.2260947595622285
0.1824971729266797	0.2119638370895892
0.25268839328309495	0.24022568203486774
0.17547805089103816	0.2119638370895892
