WT	KO
0.22541850351626272	0.252663657805406
0.2205445899267219	0.22935972820199477
0.2380094469559098	0.24121611343881805
0.24491415787442597	0.23753654560670048
0.2384156064217049	0.2637023613017587
0.23679096855852463	0.24080727256858275
0.23313553336636902	0.2473487264923473
0.23882176588749995	0.24530452214117088
0.2546619850535076	0.261249316080347
0.2485695930665816	0.2547078621565824
0.2526311877245323	0.24939293084352374
0.2526311877245323	0.24980177171375903
0.24369567947704077	0.23303929603411233
0.24532031734022106	0.25225481693517077
0.2603482175746386	0.2502106125839943
0.2534435066561224	0.25389018041611183
0.26847140689053994	0.2637023613017587
0.2526311877245323	0.24530452214117088
0.2485695930665816	0.2579785891184647
0.262785174369409	0.26574656565293514
0.26359749330099913	0.2825090413325818
0.2497880714639668	0.2551167030268177
0.25628662291668786	0.272696860446935
0.256692782382483	0.25879627085893525
0.25384966612191745	0.2637023613017587
0.2603482175746386	0.2771941100195231
0.28228082872757226	0.27596758740881727
0.27050220421951526	0.26533772478269985
0.27253300154849064	0.26165815695058225
0.27090836368531035	0.2816913595921112
0.2741576394116709	0.2731057013171702
0.2774069151380314	0.2694261334850527
0.280656190864392	0.27065265609575856
0.2826869881933673	0.27678526914928786
0.2952779316330144	0.2857797682944641
0.2830931476591624	0.2857797682944641
0.2737514799458758	0.27596758740881727
0.27578227727485116	0.2710614969659938
0.3021826425515306	0.2964096309205815
0.28106235033018706	0.29150354047775806
0.27943771246700677	0.28945933612658165
0.2908101775092687	0.28537092742422876
0.2843116260565476	0.2784206326302289
0.2952779316330144	0.28005599611117005
0.2977148884277848	0.314398629210934
0.2899978585776785	0.28414440481352293
0.29405945323562926	0.2792383143706995
0.30096416415414534	0.2931389039586992
0.30786887507266153	0.30540413006575773
0.3042134398805059	0.2996803578824638
0.30786887507266153	0.3180781970430516
0.30502575881209604	0.2992715170122285
0.3082750345384566	0.31112790224905174
0.30340112094891575	0.3041776074550519
0.31842902118333327	0.300089198752699
0.3021826425515306	0.3041776074550519
0.2948717721672193	0.28741513177540523
0.32127213744389876	0.30867485702764
0.31396126705958755	0.29150354047775806
0.31355510759379246	0.3033599257145813
0.31517974545697275	0.28864165438611106
0.3249275726360544	0.3062218118062283
0.31274278866220234	0.30990137963834585
0.3208659779781037	0.30908369789787526
0.32045981851230865	0.3070394935466989
0.31761670225174315	0.31521631095140457
0.30705655614107136	0.3037687665848166
0.30908735347004673	0.3180781970430516
0.3054319182778911	0.2964096309205815
0.3196474995807185	0.29191238134799335
0.29974568575676014	0.29109469960752277
0.31477358599117766	0.3148074700811693
0.32858300782821	0.31603399269187515
0.3310199646229804	0.322984287485875
0.3208659779781037	0.30785717528716944
0.3367061971441113	0.31358094747046344
0.3233029347728741	0.3127632657299929
0.32777068889661987	0.31889587878352216
0.32858300782821	0.3070394935466989
0.31233662919640726	0.30990137963834585
0.31802286171753824	0.3017245622336402
0.3216782969096938	0.29722731266105207
0.286748582851318	0.28618860916469935
0.292434815372449	0.26901729261481744
0.256692782382483	0.24898408997328844
0.24572647680601611	0.24612220388164144
0.2713145231511054	0.2559343847672883
0.2826869881933673	0.2821002004623465
0.2964964100303996	0.2906858587372875
0.26440981223258925	0.2506194534542296
0.28106235033018706	0.26901729261481744
0.292434815372449	0.2906858587372875
0.3610757650918154	0.36673026060105046
0.31030583186743194	0.3074483344169342
0.31152431026481714	0.31358094747046344
0.26847140689053994	0.2771941100195231
0.3237090942386692	0.31521631095140457
0.3562018515022746	0.3516031484023449
0.34279858913103733	0.35977996580705063
0.2611605365062287	0.25389018041611183
0.262785174369409	0.2575697482482294
0.3448293864600127	0.33484067272269824
0.36919895440771683	0.35977996580705063
0.31517974545697275	0.2931389039586992
0.26765908795894977	0.2559343847672883
0.304619599346301	0.300089198752699
0.31721054278594807	0.3074483344169342
0.36270040295499567	0.3499677849214038
0.286748582851318	0.2776029508897584
0.2408525632164753	0.23998959082811216
0.2319170549689838	0.2264978421103478
0.2664406095615646	0.2731057013171702
0.28634242338552296	0.2845532456837582
0.256692782382483	0.2661554065231704
0.23638480909272958	0.23344813690434763
0.24775727413499146	0.252663657805406
0.25303734719032733	0.26288467956128814
0.2623790149036139	0.27596758740881727
0.2932471343040391	0.29600079005034624
0.30624423720948124	0.28986817699681694
0.3001518452225553	0.31358094747046344
0.3237090942386692	0.30867485702764
0.3082750345384566	0.3049952891955225
0.31517974545697275	0.3127632657299929
0.3054319182778911	0.3009068804931696
0.30096416415414534	0.3025422439741108
0.31477358599117766	0.29354774482893453
0.32005365904651356	0.3176693561728163
0.3001518452225553	0.3119455839895223
0.3066503966752763	0.29436542656940506
0.2904040180434736	0.30131572136340495
0.3196474995807185	0.2992715170122285
0.3054319182778911	0.3148074700811693
0.31152431026481714	0.29436542656940506
0.304619599346301	0.29518310830987565
0.30137032361994043	0.29436542656940506
0.30177648308573546	0.31112790224905174
0.30380728041471083	0.2906858587372875
0.2834993071249574	0.29395658569916977
0.2879670612487032	0.2923212222182286
0.3082750345384566	0.28618860916469935
0.3029949614831207	0.29477426743964036
0.298527207359375	0.29354774482893453
0.2891855396460884	0.29600079005034624
0.29974568575676014	0.29395658569916977
0.2871547423171131	0.29436542656940506
0.2932471343040391	0.30049803962293437
0.2977148884277848	0.28414440481352293
0.2826869881933673	0.2849620865539935
0.2753761178090561	0.2988626761419932
0.292840974838244	0.29027701786705223
0.2895916991118834	0.2845532456837582
0.28106235033018706	0.2722880195766997
0.2834993071249574	0.2788294735004642
0.26968988528792515	0.2710614969659938
0.2826869881933673	0.2776029508897584
0.27821923406962157	0.2751499056683467
0.27456379887746596	0.27024381522552327
0.25912973917725335	0.2751499056683467
0.2713145231511054	0.25879627085893525
0.2664406095615646	0.2821002004623465
0.2904040180434736	0.2718791787064644
0.27700075567223637	0.26779077000411156
0.27293916101428567	0.27065265609575856
0.2558804634508928	0.25879627085893525
0.280656190864392	0.2837355639432877
0.27050220421951526	0.261249316080347
0.27090836368531035	0.29273006308846394
0.25791126077986815	0.2645200430422293
0.26765908795894977	0.27351454218740556
0.2546619850535076	0.26697308826364097
0.26481597169838433	0.2665642473934057
0.25912973917725335	0.2547078621565824
0.2473511146691964	0.2514371351947002
0.25019423092976184	0.25716090737799413
0.25791126077986815	0.25716090737799413
0.26400365276679416	0.2694261334850527
0.25953589864304843	0.2731057013171702
0.24694495520340132	0.2542990212863471
0.25384966612191745	0.24939293084352374
0.24491415787442597	0.2314039325531712
0.24572647680601611	0.24898408997328844
0.23435401176375423	0.23467465951505348
0.24491415787442597	0.24448684040070032
0.2319170549689838	0.2281332055912889
0.2485695930665816	0.2506194534542296
0.23313553336636902	0.23222161429364177
0.2546619850535076	0.24407799953046505
0.23110473603739368	0.2416249543090533
0.25425582558771254	0.24939293084352374
0.22988625764000847	0.22159175166752434
0.24369567947704077	0.2371277047364652
0.22948009817421341	0.22568016036987723
0.2380094469559098	0.23794538647693578
0.23313553336636902	0.2314039325531712
0.2380094469559098	0.23426581864481819
0.2229815467214923	0.22036522905681852
0.2229815467214923	0.2395807499578769
0.22095074939251697	0.2387630682174063
0.22095074939251697	0.23263045516387706
