WT	KO
0.26197282165392005	0.24358634528768405
0.22454813284621716	0.2342176396996962
0.1995983403077486	0.17332105337777517
0.19336089217313146	0.19674281734774482
0.20583578844236575	0.22484893411170837
0.2432604772500686	0.22953328690570227
0.2682102697885372	0.23890199249369012
0.19336089217313146	0.26232375646365974
0.2744477179231543	0.2342176396996962
0.21831068471160003	0.2576394036696658
0.23078558098083432	0.2576394036696658
0.20583578844236575	0.2904298732276233
0.21831068471160003	0.23890199249369012
0.20583578844236575	0.24827069808167798
0.3430596474039429	0.23890199249369012
0.20583578844236575	0.22484893411170837
0.19336089217313146	0.21079587572972658
0.28068516605777144	0.24827069808167798
0.25573537351930287	0.24827069808167798
0.1995983403077486	0.2951142260216172
0.2682102697885372	0.30448293160960505
0.29316006232700575	0.26700810925765367
0.25573537351930287	0.23890199249369012
0.22454813284621716	0.2763768148456415
0.26197282165392005	0.2763768148456415
0.2682102697885372	0.26700810925765367
0.2744477179231543	0.24358634528768405
0.20583578844236575	0.26700810925765367
0.24949792538468574	0.23890199249369012
0.20583578844236575	0.26232375646365974
0.32434730300009146	0.2951142260216172
0.28068516605777144	0.32322034278558076
0.2744477179231543	0.2716924620516476
0.2682102697885372	0.28106116763963546
0.2869226141923886	0.32322034278558076
0.26197282165392005	0.2529550508756719
0.26197282165392005	0.2529550508756719
0.2432604772500686	0.2716924620516476
0.32434730300009146	0.31853598999158683
0.25573537351930287	0.26700810925765367
0.29316006232700575	0.2857455204336294
0.28068516605777144	0.2857455204336294
0.3118724067308572	0.2904298732276233
0.2744477179231543	0.2857455204336294
0.2432604772500686	0.30448293160960505
0.2744477179231543	0.2529550508756719
0.26197282165392005	0.24358634528768405
0.2869226141923886	0.24827069808167798
0.2682102697885372	0.2904298732276233
0.2869226141923886	0.28106116763963546
0.30563495859624	0.32322034278558076
0.3118724067308572	0.36069516513753214
0.32434730300009146	0.3279046955795747
0.3305847511347086	0.2904298732276233
0.32434730300009146	0.33727340116756255
0.35553454367317716	0.3279046955795747
0.29316006232700575	0.3419577539615565
0.28068516605777144	0.309167284403599
0.24949792538468574	0.2342176396996962
0.30563495859624	0.2951142260216172
0.2682102697885372	0.2576394036696658
0.22454813284621716	0.26232375646365974
0.26197282165392005	0.2763768148456415
0.26197282165392005	0.26232375646365974
0.29316006232700575	0.32322034278558076
0.3305847511347086	0.28106116763963546
0.22454813284621716	0.2997985788156111
0.23702302911545145	0.2763768148456415
0.2432604772500686	0.2342176396996962
0.29316006232700575	0.2529550508756719
0.23702302911545145	0.2951142260216172
0.2869226141923886	0.309167284403599
0.2682102697885372	0.2529550508756719
0.22454813284621716	0.2857455204336294
0.2682102697885372	0.2904298732276233
0.26197282165392005	0.2154802285237205
0.23078558098083432	0.309167284403599
0.2869226141923886	0.3138516371975929
0.3305847511347086	0.33727340116756255
0.26197282165392005	0.2763768148456415
0.2993975104616229	0.2951142260216172
0.30563495859624	0.2951142260216172
0.29316006232700575	0.3325890483735686
0.30563495859624	0.31853598999158683
0.2993975104616229	0.2904298732276233
0.26197282165392005	0.26232375646365974
0.38048433621164574	0.2529550508756719
0.26197282165392005	0.2576394036696658
0.28068516605777144	0.26700810925765367
0.2682102697885372	0.22484893411170837
0.18088599590389717	0.18737411175975696
0.2432604772500686	0.22016458131771444
0.2744477179231543	0.2857455204336294
0.2869226141923886	0.2529550508756719
0.18088599590389717	0.16395234778978734
0.21831068471160003	0.1920584645537509
0.1995983403077486	0.22484893411170837
0.29316006232700575	0.31853598999158683
0.30563495859624	0.3747482235195139
0.28068516605777144	0.2529550508756719
0.35553454367317716	0.3419577539615565
0.34929709553856003	0.3325890483735686
0.28068516605777144	0.2576394036696658
0.17464854776928002	0.2154802285237205
0.24949792538468574	0.22953328690570227
0.23702302911545145	0.2576394036696658
0.2744477179231543	0.2529550508756719
0.3305847511347086	0.3138516371975929
0.34929709553856003	0.2576394036696658
0.2432604772500686	0.22484893411170837
0.25573537351930287	0.18268975896576303
0.28068516605777144	0.2576394036696658
0.2993975104616229	0.26700810925765367
0.35553454367317716	0.36069516513753214
0.26197282165392005	0.2951142260216172
0.2869226141923886	0.26232375646365974
0.30563495859624	0.3279046955795747
0.26197282165392005	0.2716924620516476
0.28068516605777144	0.2857455204336294
0.28068516605777144	0.30448293160960505
0.24949792538468574	0.26700810925765367
0.3430596474039429	0.3560108123435382
0.2993975104616229	0.37006387072552
0.2682102697885372	0.31853598999158683
0.2432604772500686	0.309167284403599
0.25573537351930287	0.30448293160960505
0.28068516605777144	0.2716924620516476
0.2682102697885372	0.24827069808167798
0.23078558098083432	0.22953328690570227
0.31810985486547433	0.31853598999158683
0.31810985486547433	0.26700810925765367
0.23078558098083432	0.26700810925765367
0.23078558098083432	0.2904298732276233
0.25573537351930287	0.22016458131771444
0.24949792538468574	0.3138516371975929
0.2744477179231543	0.22484893411170837
0.28068516605777144	0.2763768148456415
0.24949792538468574	0.23890199249369012
0.28068516605777144	0.28106116763963546
0.3118724067308572	0.2997985788156111
0.30563495859624	0.2529550508756719
0.2869226141923886	0.28106116763963546
0.20583578844236575	0.2716924620516476
0.21207323657698288	0.2716924620516476
0.31810985486547433	0.2529550508756719
0.2682102697885372	0.2951142260216172
0.2744477179231543	0.26232375646365974
0.26197282165392005	0.2576394036696658
0.26197282165392005	0.2342176396996962
0.2432604772500686	0.22953328690570227
0.22454813284621716	0.24827069808167798
0.18088599590389717	0.23890199249369012
0.2869226141923886	0.26700810925765367
0.23702302911545145	0.2951142260216172
0.25573537351930287	0.24827069808167798
0.2682102697885372	0.309167284403599
0.2744477179231543	0.24827069808167798
0.2432604772500686	0.24358634528768405
0.28068516605777144	0.2576394036696658
0.22454813284621716	0.2529550508756719
0.25573537351930287	0.2529550508756719
0.2432604772500686	0.2576394036696658
0.2432604772500686	0.2951142260216172
0.2993975104616229	0.2904298732276233
0.25573537351930287	0.26700810925765367
0.26197282165392005	0.20611152293573265
0.21831068471160003	0.24827069808167798
0.20583578844236575	0.24827069808167798
0.2869226141923886	0.26700810925765367
0.26197282165392005	0.20611152293573265
0.2682102697885372	0.2763768148456415
0.2869226141923886	0.24358634528768405
0.19336089217313146	0.22953328690570227
0.2869226141923886	0.2997985788156111
0.31810985486547433	0.2904298732276233
0.21207323657698288	0.24358634528768405
0.23702302911545145	0.2529550508756719
0.29316006232700575	0.22016458131771444
0.24949792538468574	0.26700810925765367
0.24949792538468574	0.2763768148456415
0.21831068471160003	0.15926799499579342
0.20583578844236575	0.2576394036696658
0.2744477179231543	0.2904298732276233
0.23702302911545145	0.22953328690570227
0.23078558098083432	0.24358634528768405
0.31810985486547433	0.23890199249369012
0.21831068471160003	0.21079587572972658
0.26197282165392005	0.2529550508756719
0.23702302911545145	0.22484893411170837
0.24949792538468574	0.2342176396996962
0.25573537351930287	0.2529550508756719
0.23078558098083432	0.2529550508756719
0.22454813284621716	0.26232375646365974
0.23078558098083432	0.2904298732276233
0.24949792538468574	0.18737411175975696
0.2993975104616229	0.26232375646365974
0.1684110996346629	0.22953328690570227
0.16217365150004573	0.1920584645537509
0.21207323657698288	0.26700810925765367
0.25573537351930287	0.22953328690570227
