WT	KO
0.24574390567403653	0.2701454689993101
0.19588282336336246	0.21665131672221896
0.2030058351220302	0.24072368524690999
0.1994443292426963	0.21130190149450986
0.21369035276003176	0.24607310047461906
0.22437487039803336	0.24072368524690999
0.2101288468806979	0.21130190149450986
0.21369035276003176	0.20060307103909164
0.25286691743270423	0.24607310047461906
0.2777974585880413	0.27282017661316466
0.2101288468806979	0.2540972233161828
0.23149788215670108	0.2380489776330554
0.24218239979470266	0.21932602433607354
0.19588282336336246	0.2032777786529462
0.19588282336336246	0.24607310047461906
0.24574390567403653	0.23269956240534634
0.2386208939153688	0.24072368524690999
0.2564284233120381	0.24072368524690999
0.3205355291400477	0.2808442994547283
0.2884819762260429	0.28619371468243743
0.2777974585880413	0.24339839286076456
0.24218239979470266	0.2540972233161828
0.26355143507070583	0.24072368524690999
0.2279363762773672	0.2540972233161828
0.29560498798471063	0.2567719309300373
0.24218239979470266	0.2514225157023282
0.2564284233120381	0.27549488422701923
0.29204348210537673	0.2968925451378556
0.19588282336336246	0.2514225157023282
0.24930541155337038	0.28619371468243743
0.25286691743270423	0.2594466385438918
0.27423595270870743	0.2540972233161828
0.2671129409500397	0.27549488422701923
0.25286691743270423	0.28351900706858285
0.3169740232607138	0.31561549843483755
0.24574390567403653	0.2808442994547283
0.259989929191372	0.2674707613854555
0.29560498798471063	0.27282017661316466
0.30628950562271223	0.312940790820983
0.3098510115020461	0.29956725275171014
0.28135896446737513	0.2567719309300373
0.27423595270870743	0.2621213461577464
0.24218239979470266	0.28619371468243743
0.33478155265738313	0.28351900706858285
0.284920470346709	0.2567719309300373
0.30272799974337833	0.2674707613854555
0.23505938803603493	0.2808442994547283
0.26355143507070583	0.27549488422701923
0.29204348210537673	0.34236257457338304
0.29560498798471063	0.27816959184087375
0.3205355291400477	0.2968925451378556
0.26355143507070583	0.2968925451378556
0.32409703501938153	0.31829020604869207
0.30628950562271223	0.2942178375240011
0.3668351055713879	0.3343384517318194
0.29560498798471063	0.31561549843483755
0.28135896446737513	0.32363962127640117
0.32409703501938153	0.27282017661316466
0.3597120938127201	0.3102660832071284
0.29204348210537673	0.3075913755932739
0.3134125173813799	0.2942178375240011
0.2884819762260429	0.33701315934567394
0.2884819762260429	0.2915431299101465
0.3205355291400477	0.33166374411796484
0.3098510115020461	0.3102660832071284
0.3454660702953847	0.33166374411796484
0.3668351055713879	0.3450372821872376
0.34190456441605077	0.36108552787036496
0.30628950562271223	0.29956725275171014
0.30272799974337833	0.3557361126426558
0.3098510115020461	0.33701315934567394
0.2991664938640444	0.31829020604869207
0.34190456441605077	0.31561549843483755
0.3561505879333862	0.3530614050288013
0.32409703501938153	0.3477119898010922
0.28135896446737513	0.31561549843483755
0.32409703501938153	0.3209649136625466
0.3098510115020461	0.31561549843483755
0.3597120938127201	0.2968925451378556
0.3917656467267249	0.31829020604869207
0.30272799974337833	0.3477119898010922
0.29204348210537673	0.3450372821872376
0.3098510115020461	0.3477119898010922
0.2884819762260429	0.31561549843483755
0.3312200467780492	0.3049166679794193
0.34190456441605077	0.312940790820983
0.3703966114507217	0.3450372821872376
0.3525890820540524	0.312940790820983
0.3454660702953847	0.3637602354842195
0.3953271526060588	0.4172543877613106
0.36327359969205403	0.35038669741494677
0.34190456441605077	0.33166374411796484
0.4095731761233942	0.41457968014745605
0.3846426349680572	0.37713377355349226
0.45943425843406827	0.48144737049381997
0.3775196232093895	0.3530614050288013
0.29560498798471063	0.24339839286076456
0.2991664938640444	0.3102660832071284
0.284920470346709	0.28886842229629195
0.42381919964072967	0.5028450314046564
0.43450371727873127	0.41457968014745605
0.21725185863936564	0.2621213461577464
0.2564284233120381	0.3209649136625466
0.259989929191372	0.24339839286076456
0.3597120938127201	0.33701315934567394
0.4451882349167328	0.4306279258305834
0.33478155265738313	0.3289890365041103
0.3953271526060588	0.4065555573058924
0.33478155265738313	0.3209649136625466
0.2991664938640444	0.312940790820983
0.47011877607206987	0.40388084969203786
0.3490275761747186	0.3209649136625466
0.3134125173813799	0.3075913755932739
0.34190456441605077	0.32631432889025574
0.30272799974337833	0.312940790820983
0.3561505879333862	0.35038669741494677
0.3098510115020461	0.3343384517318194
0.3169740232607138	0.32631432889025574
0.4060116702440604	0.3530614050288013
0.3703966114507217	0.3557361126426558
0.338343058536717	0.3209649136625466
0.338343058536717	0.36108552787036496
0.3098510115020461	0.32631432889025574
0.3134125173813799	0.3343384517318194
0.3205355291400477	0.3477119898010922
0.3490275761747186	0.3343384517318194
0.2991664938640444	0.3824831887812014
0.32409703501938153	0.3557361126426558
0.3490275761747186	0.3477119898010922
0.3525890820540524	0.2942178375240011
0.3312200467780492	0.3049166679794193
0.2777974585880413	0.3289890365041103
0.29560498798471063	0.32363962127640117
0.3810811290887233	0.3530614050288013
0.3668351055713879	0.32631432889025574
0.3169740232607138	0.3637602354842195
0.3490275761747186	0.2942178375240011
0.3276585408987153	0.33701315934567394
0.2991664938640444	0.34236257457338304
0.3134125173813799	0.2540972233161828
0.2564284233120381	0.27549488422701923
0.2991664938640444	0.3289890365041103
0.3134125173813799	0.28619371468243743
0.3810811290887233	0.312940790820983
0.29204348210537673	0.31561549843483755
0.24930541155337038	0.2808442994547283
0.2777974585880413	0.2942178375240011
0.29204348210537673	0.31561549843483755
0.3205355291400477	0.31561549843483755
0.3134125173813799	0.2942178375240011
0.29560498798471063	0.3075913755932739
0.28135896446737513	0.32363962127640117
0.3490275761747186	0.2701454689993101
0.3098510115020461	0.27549488422701923
0.2671129409500397	0.2808442994547283
0.3205355291400477	0.3049166679794193
0.27423595270870743	0.312940790820983
0.25286691743270423	0.2808442994547283
0.3169740232607138	0.31829020604869207
0.3134125173813799	0.3209649136625466
0.28135896446737513	0.2968925451378556
0.2706744468293735	0.2942178375240011
0.26355143507070583	0.3396878669595285
0.284920470346709	0.2594466385438918
0.24930541155337038	0.264796053771601
0.2884819762260429	0.2808442994547283
0.3134125173813799	0.2621213461577464
0.24930541155337038	0.27816959184087375
0.2671129409500397	0.27816959184087375
0.26355143507070583	0.2567719309300373
0.2884819762260429	0.2380489776330554
0.2386208939153688	0.2621213461577464
0.24930541155337038	0.2621213461577464
0.24218239979470266	0.2701454689993101
0.23505938803603493	0.2674707613854555
0.2386208939153688	0.23269956240534634
0.22081336451869948	0.23537427001920086
0.2386208939153688	0.2701454689993101
0.2279363762773672	0.2567719309300373
0.2279363762773672	0.2567719309300373
0.29204348210537673	0.24072368524690999
0.3134125173813799	0.28886842229629195
0.24930541155337038	0.22735014717763719
0.23505938803603493	0.23537427001920086
0.23149788215670108	0.24339839286076456
0.2706744468293735	0.24339839286076456
0.21369035276003176	0.24874780808847363
0.259989929191372	0.2942178375240011
0.24574390567403653	0.28619371468243743
0.22081336451869948	0.2514225157023282
0.2386208939153688	0.24607310047461906
0.2101288468806979	0.27816959184087375
0.23505938803603493	0.2621213461577464
0.18163679984602701	0.24339839286076456
0.2101288468806979	0.19525365581138254
0.2279363762773672	0.27549488422701923
0.2671129409500397	0.2032777786529462
0.24930541155337038	0.23269956240534634
0.24930541155337038	0.22735014717763719
0.18875981160469474	0.18990424058367342
