WT	KO
0.3972538689014361	0.32337027132933854
0.35401535255842265	0.3023985591719965
0.38914664708712104	0.324723285016909
0.3774362155775549	0.3369004082050431
0.39905547374906164	0.3253997918606942
0.3612217719489249	0.3369004082050431
0.3693289937632399	0.32675280554826464
0.40986510283481503	0.35381307929967376
0.39365065920618497	0.33622390136125785
0.3918490543585594	0.324723285016909
0.39455146162999777	0.3369004082050431
0.40986510283481503	0.3206642439541977
0.39815467132524884	0.34298896979911014
0.4071626955633767	0.3375769150488283
0.37383300588230384	0.34569499717425106
0.39455146162999777	0.3463715040180363
0.3963530664776233	0.3463715040180363
0.42247633676819396	0.3463715040180363
0.3711305986108655	0.3565191066748147
0.39094825193474664	0.34501849033046583
0.4152699173776917	0.3443419834866806
0.39905547374906164	0.3619311614250965
0.4017578810205	0.3504305450807476
0.4071626955633767	0.3720787640818749
0.4071626955633767	0.3619311614250965
0.4504012119063901	0.37884383251972714
0.45760763129689236	0.3876384214889351
0.43869078039682396	0.3896679420202908
0.4197739294967556	0.36734321617537835
0.43508757070157283	0.3761378051445862
0.4296827561586962	0.3998155446770692
0.4332859658539473	0.375461298300801
0.42788115131107063	0.3700492435505192
0.463012445839769	0.4086101336462772
0.47742528462077355	0.3944034899267874
0.4458971997873262	0.38560890095757944
0.39995627617287444	0.3680197230191636
0.45310361917782843	0.37275527092566013
0.4720204700778969	0.4018450652084249
0.44950040948257736	0.3944034899267874
0.43869078039682396	0.3910209557078613
0.4504012119063901	0.38154985989486806
0.42337713919200676	0.3944034899267874
0.4747228773493352	0.3916974625516465
0.4458971997873262	0.4153752020841294
0.43869078039682396	0.42011074999062603
0.4413931876682623	0.3829028735824385
0.4431947925158879	0.3910209557078613
0.49363972824940355	0.4113161610214181
0.47742528462077355	0.3971095173019283
0.4720204700778969	0.4119926678652033
0.430583558582509	0.3822263667386533
0.4269803488872579	0.3910209557078613
0.4711196676540841	0.4119926678652033
0.4648140506873946	0.4207872568344112
0.49273892582559076	0.43296438002254534
0.4720204700778969	0.4113161610214181
0.4648140506873946	0.42822883211604873
0.45850843372070516	0.4126691747089885
0.4747228773493352	0.4086101336462772
0.48733411128271414	0.4295818458036192
0.5116557767256592	0.4634071879928806
0.5098541718780336	0.42146376367819643
0.45760763129689236	0.41808122945927034
0.4711196676540841	0.4194342431468408
0.4954413330970291	0.42619931158469304
0.4900365185541525	0.45055355796096125
0.499945345216093	0.4363469142414715
0.47832608704458635	0.41808122945927034
0.4819292967398375	0.4018450652084249
0.4891357161303397	0.4255228047409078
0.5053501597589697	0.4444649963668942
0.5521918857972342	0.4471710237420351
0.5035485549113441	0.44784753058582033
0.5323742324733531	0.49655602333835663
0.5584975027639237	0.4803198590875112
0.5503902809496087	0.46408369483666584
0.5458862688305449	0.46408369483666584
0.5720095391211154	0.4938499959632157
0.5521918857972342	0.48911444805671916
0.5792159585116177	0.4999385575572828
0.5350766397447915	0.4451415032106794
0.4909373209779652	0.4207872568344112
0.4819292967398375	0.39643301045814305
0.38013862284899325	0.3328413671423317
0.3323960943869159	0.2990160249530704
0.36302337679655045	0.3118696549849897
0.39094825193474664	0.3463715040180363
0.4260795464634451	0.3504305450807476
0.4071626955633767	0.3619311614250965
0.3387017113536054	0.3023985591719965
0.4720204700778969	0.39913903783328397
0.5521918857972342	0.485731913837793
0.6206528700070056	0.5175277354956987
0.475623679773148	0.3957565036143578
0.3468089331679204	0.29157444967143287
0.39995627617287444	0.33419438082990216
0.5296718252019148	0.4295818458036192
0.5188621961161615	0.45934814693016923
0.3576185622536738	0.3091636276098488
0.2279030132246334	0.18671588888472265
0.32068566287734973	0.3003690386406408
0.5152589864209103	0.41605170892791465
0.491838123401778	0.4065806131149215
0.39815467132524884	0.3497540382369624
0.35311455013460985	0.32201725764176814
0.46841726038264575	0.40049205152085443
0.5918271924449966	0.5060271191513498
0.5494894785257959	0.4708487632745181
0.4846317040112758	0.41605170892791465
0.3522137477107971	0.3003690386406408
0.37473380830611663	0.3470480108618215
0.40355948586812557	0.35178355876831807
0.43688917554919837	0.3720787640818749
0.3702297961870527	0.31795821657905676
0.3423049210488565	0.3166052028914863
0.3954522640538105	0.354489586143459
0.41256751010625337	0.37884383251972714
0.4603100385683307	0.4018450652084249
0.5287710227781021	0.44852403742960556
0.5593983051877365	0.48234937961886687
0.557596700340111	0.48911444805671916
0.5521918857972342	0.47964335224372595
0.5431838615591065	0.45258307849231694
0.5521918857972342	0.47017225643073285
0.5035485549113441	0.46543670852423624
0.5233662082352253	0.46611321536802147
0.5386798494400427	0.434993900553901
0.5134573815732847	0.44378848952310895
0.5233662082352253	0.434993900553901
0.4702188652302713	0.40319807889599535
0.4972429379446547	0.4228167773657669
0.48733411128271414	0.4370234210852567
0.5035485549113441	0.42687581842847827
0.49363972824940355	0.4072571199587067
0.4972429379446547	0.4316113663349749
0.4738220749255224	0.4234932842095521
0.4738220749255224	0.42619931158469304
0.5179613936923486	0.44378848952310895
0.483730901587463	0.4363469142414715
0.47832608704458635	0.4146986952403442
0.4900365185541525	0.42416979105333735
0.46841726038264575	0.3998155446770692
0.4657148531112074	0.4065806131149215
0.46661565553502016	0.4045510925835658
0.475623679773148	0.3950799967705726
0.45850843372070516	0.39034444886407604
0.47652448219696075	0.4174047226154851
0.454905224025454	0.4106396541776329
0.4269803488872579	0.4086101336462772
0.463012445839769	0.38560890095757944
0.4603100385683307	0.41605170892791465
0.45760763129689236	0.3910209557078613
0.454905224025454	0.3849323941137942
0.4332859658539473	0.38560890095757944
0.4522028167540157	0.40996314733384764
0.4422939900920751	0.43093485949118965
0.4197739294967556	0.35854862720617037
0.4504012119063901	0.39034444886407604
0.4729212725017096	0.40049205152085443
0.4422939900920751	0.3774908188321567
0.46841726038264575	0.3950799967705726
0.41346831253006616	0.36531369564402266
0.43959158282063676	0.3680197230191636
0.42157553434438116	0.3666667093315931
0.45850843372070516	0.3916974625516465
0.44769880463495176	0.3957565036143578
0.45940923614451795	0.37681431198837145
0.4242779416158195	0.37275527092566013
0.43688917554919837	0.38357938042622375
0.4513020143302029	0.38087335305108283
0.4458971997873262	0.3876384214889351
0.41166670768244057	0.37275527092566013
0.4251787440396323	0.36260766826888174
0.4071626955633767	0.35110705192453284
0.41346831253006616	0.33825342189261354
0.40896430041100224	0.35381307929967376
0.42157553434438116	0.37478479145701576
0.4260795464634451	0.35584259983102945
0.41166670768244057	0.35178355876831807
0.40806349798718944	0.35313657245588853
0.39455146162999777	0.34298896979911014
0.43238516343013456	0.3402829424239692
0.3963530664776233	0.3463715040180363
0.4143691149538789	0.354489586143459
0.3972538689014361	0.330811846610976
0.37293220345849104	0.3416359561115397
0.37923782042518045	0.3328413671423317
0.4044602882919383	0.32945883292340555
0.36482498164417604	0.3287823260796203
0.37473380830611663	0.32945883292340555
0.3774362155775549	0.33419438082990216
0.37833701800136765	0.31322266867256016
0.37833701800136765	0.3125461618287749
0.37293220345849104	0.31322266867256016
0.3846426349680572	0.3402829424239692
0.3774362155775549	0.32201725764176814
0.34590813074410764	0.3138991755163454
0.3657257840679888	0.3030750660157817
0.3702297961870527	0.3159286960477011
