WT	KO
0.17989843405654854	0.19032159497567205
0.20702597569999634	0.19553588524897814
0.20845374104965145	0.2059644657955903
0.2127370370986169	0.22291090918383508
0.21702033314758234	0.19032159497567205
0.19988714895172058	0.22682162688881463
0.19417608755309998	0.19683945781730466
0.1856094954551691	0.20857161093224336
0.22987022129447865	0.22030376404718205
0.2098815063993066	0.22030376404718205
0.20702597569999634	0.21639304634220247
0.23558128269309925	0.20987518350056986
0.2184480984972375	0.22551805432048813
0.19845938360206541	0.20205374809061075
0.20845374104965145	0.19814303038563116
0.20559821035034118	0.22160733661550855
0.22844245594482354	0.24637521541371243
0.2370090480427544	0.22160733661550855
0.2127370370986169	0.22812519945714116
0.22558692524551321	0.20987518350056986
0.23558128269309925	0.24246449770873288
0.25271446688896104	0.247678787982039
0.21987586384689264	0.2489823605503655
0.22844245594482354	0.23203591716212071
0.22701469059516838	0.2307323445937942
0.24272010944137498	0.2555002233919981
0.2341535173434441	0.2620180862336307
0.2569977629379265	0.2294287720254677
0.23558128269309925	0.2359466348671003
0.22558692524551321	0.247678787982039
0.2184480984972375	0.2581073685286511
0.20702597569999634	0.22160733661550855
0.2370090480427544	0.2594109410969777
0.2684198857351677	0.26332165880195724
0.27127541643447795	0.2724466667802429
0.24557564014068528	0.23985735257207988
0.25271446688896104	0.24637521541371243
0.24414787479103015	0.2489823605503655
0.21130927174896177	0.24507164284538593
0.24414787479103015	0.23855378000375332
0.2755587124834434	0.2555002233919981
0.22844245594482354	0.26592880393861024
0.2926918966793052	0.25289307825534507
0.2555699975882713	0.2867859650318346
0.28983636597999485	0.27635738448522246
0.2727031817841331	0.2880895376001611
0.24414787479103015	0.2489823605503655
0.2698476510848228	0.2724466667802429
0.27127541643447795	0.2581073685286511
0.2741309471337882	0.2789645296218755
0.24985893618965074	0.2620180862336307
0.2555699975882713	0.24637521541371243
0.25985329363723675	0.27635738448522246
0.30125848877723604	0.27375023934856935
0.2955474273786154	0.28548239246350804
0.3169639076234426	0.30764312612505895
0.2727031817841331	0.26332165880195724
0.25414223223861615	0.28287524732685504
0.281269773882064	0.2867859650318346
0.2955474273786154	0.2815716747585285
0.30839731552551175	0.2920002553051407
0.2841253045813743	0.30373240842007937
0.2798420085324088	0.28287524732685504
0.2926918966793052	0.2867859650318346
0.30268625412689115	0.2880895376001611
0.30125848877723604	0.29591097301012026
0.2855530699310294	0.2933038278734672
0.3069695501758566	0.31285741639836506
0.3069695501758566	0.2867859650318346
0.28983636597999485	0.3063395535567324
0.28840860063033974	0.29460740044179373
0.30125848877723604	0.29721454557844673
0.2926918966793052	0.2698395216435898
0.2741309471337882	0.2867859650318346
0.311252846224822	0.2685359490752633
0.30839731552551175	0.3011252632834263
0.3355248571689596	0.2789645296218755
0.33409709181930436	0.3376252951965689
0.3055417848262015	0.29460740044179373
0.27841424318275365	0.2933038278734672
0.2684198857351677	0.2581073685286511
0.26556435503585735	0.2555002233919981
0.27698647783309854	0.2724466667802429
0.30125848877723604	0.250285933118692
0.2869808352806845	0.28417881989518157
0.2627088243365471	0.23725020743542682
0.25271446688896104	0.2555002233919981
0.22987022129447865	0.2359466348671003
0.23843681339240955	0.2568037959603246
0.25271446688896104	0.27375023934856935
0.25414223223861615	0.2724466667802429
0.3769300523089588	0.37412532710971147
0.3169639076234426	0.3180717066716711
0.2869808352806845	0.2789645296218755
0.281269773882064	0.2620180862336307
0.3912077058055103	0.44191110066269057
0.5539729556661971	0.5331611804455471
0.4768736267848191	0.5018754388057106
0.2998307234275809	0.2672323765069368
0.12707111611930808	0.15773228076750903
0.13135441216827354	0.15251799049420292
0.30268625412689115	0.2998216907150998
0.4882957495820603	0.4758039874391801
0.5254176486730942	0.49275043082742487
0.408340890001372	0.40150035104456844
0.27841424318275365	0.2620180862336307
0.31981943832275295	0.340232440333222
0.3069695501758566	0.2672323765069368
0.3712189909103382	0.3597860288581198
0.2684198857351677	0.2568037959603246
0.28983636597999485	0.2359466348671003
0.23843681339240955	0.25419665082367154
0.24272010944137498	0.24116092514040638
0.2684198857351677	0.27114309421191635
0.25271446688896104	0.2307323445937942
0.25985329363723675	0.280268102190202
0.2741309471337882	0.28417881989518157
0.2698476510848228	0.26592880393861024
0.2855530699310294	0.2724466667802429
0.35836910276344186	0.32198242437665064
0.2998307234275809	0.29591097301012026
0.3098250808751669	0.30764312612505895
0.2798420085324088	0.30373240842007937
0.2984029580779257	0.30242883585175284
0.31410837692413235	0.30373240842007937
0.32124720367240805	0.3206788518083242
0.31410837692413235	0.3011252632834263
0.32695826507102865	0.3063395535567324
0.2826975392317191	0.3167681341033446
0.3283860304206838	0.2867859650318346
0.3055417848262015	0.28287524732685504
0.3298137957703389	0.2920002553051407
0.2841253045813743	0.29721454557844673
0.2869808352806845	0.2985181181467733
0.3255304997213735	0.30242883585175284
0.3183916729730978	0.30503598098840584
0.3041140194765463	0.2985181181467733
0.2826975392317191	0.2698395216435898
0.2627088243365471	0.27766095705354893
0.281269773882064	0.27505381191689593
0.30268625412689115	0.2998216907150998
0.31981943832275295	0.29721454557844673
0.2627088243365471	0.2880895376001611
0.281269773882064	0.24116092514040638
0.22415915989585808	0.23464306229877377
0.24843117083999558	0.27505381191689593
0.3041140194765463	0.2581073685286511
0.281269773882064	0.28287524732685504
0.28983636597999485	0.29069668273681415
0.27698647783309854	0.24637521541371243
0.281269773882064	0.2880895376001611
0.25414223223861615	0.25289307825534507
0.2641365896862022	0.2555002233919981
0.2727031817841331	0.24246449770873288
0.28983636597999485	0.2920002553051407
0.3055417848262015	0.26462523137028376
0.27127541643447795	0.27114309421191635
0.2569977629379265	0.23985735257207988
0.2341535173434441	0.2815716747585285
0.24129234409171985	0.24246449770873288
0.22987022129447865	0.23464306229877377
0.2627088243365471	0.2568037959603246
0.2684198857351677	0.27505381191689593
0.2641365896862022	0.2620180862336307
0.2312979866441338	0.26462523137028376
0.24843117083999558	0.27635738448522246
0.27127541643447795	0.2815716747585285
0.281269773882064	0.2568037959603246
0.2584255282875816	0.2594109410969777
0.24985893618965074	0.2568037959603246
0.23986457874206468	0.247678787982039
0.20845374104965145	0.23855378000375332
0.2341535173434441	0.20205374809061075
0.24985893618965074	0.25289307825534507
0.2555699975882713	0.2555002233919981
0.2555699975882713	0.24376807027705943
0.2555699975882713	0.24116092514040638
0.24272010944137498	0.23203591716212071
0.22844245594482354	0.2359466348671003
0.20274267965103085	0.21769661891052897
0.24414787479103015	0.25158950568701854
0.23558128269309925	0.2307323445937942
0.19988714895172058	0.20987518350056986
0.21987586384689264	0.24116092514040638
0.24843117083999558	0.22682162688881463
0.24985893618965074	0.24637521541371243
0.22415915989585808	0.2124823286372229
0.2098815063993066	0.21639304634220247
0.22844245594482354	0.21639304634220247
0.22415915989585808	0.2294287720254677
0.24272010944137498	0.23855378000375332
0.21416480244827205	0.19814303038563116
0.19845938360206541	0.2294287720254677
0.204170445000686	0.1994466029539577
0.19274832220344484	0.21639304634220247
0.19988714895172058	0.21508947377387594
0.21416480244827205	0.19814303038563116
0.2370090480427544	0.19553588524897814
0.20559821035034118	0.22160733661550855
0.21130927174896177	0.21769661891052897
