WT	KO
0.17808051656608231	0.17540535932586038
0.18071224833799487	0.1786091101811272
0.18246673618593656	0.18581754960547767
0.18773019972976168	0.18581754960547767
0.1921164193496159	0.1874194250331111
0.19825712681741187	0.17380348389822695
0.17983500441402403	0.18581754960547767
0.17457154087019894	0.16579410676005982
0.17106256517431553	0.18101192332257737
0.18071224833799487	0.17941004789494394
0.18860744365373253	0.18581754960547767
0.16755358947843213	0.1714006707567768
0.1921164193496159	0.1938269267436448
0.19825712681741187	0.19622973988509493
0.18597571188181997	0.20584099245089552
0.17983500441402403	0.18261379875021078
0.19387090719755762	0.18021098560876067
0.19825712681741187	0.20103536616799522
0.2026433464372661	0.17380348389822695
0.2184337370687414	0.2226606844410465
0.21755649314477052	0.1890213004607445
0.19650263896947015	0.19142411360219466
0.2008888585893244	0.20984568101997905
0.20001161466535355	0.1978316153127284
0.21404751744888714	0.19302598902982807
0.1921164193496159	0.1978316153127284
0.17544878479416978	0.1890213004607445
0.20352059036123696	0.20984568101997905
0.20527507820917865	0.20744286787852895
0.2193109809927122	0.21865599587196294
0.20702956605712033	0.20103536616799522
0.20702956605712033	0.20423911702326206
0.1956253950454993	0.20183630388181195
0.22281995668859564	0.20824380559234565
0.20702956605712033	0.19542880217127823
0.21580200529682883	0.21545224501669608
0.2043978342852078	0.2298691238653969
0.24211932301595432	0.22185974672722977
0.21755649314477052	0.20664193016471222
0.2043978342852078	0.2114475564476125
0.24211932301595432	0.21465130730287935
0.21755649314477052	0.22586443529631334
0.2193109809927122	0.21865599587196294
0.20878405390506202	0.22025787129959634
0.2096612978290329	0.23147099929303036
0.21755649314477052	0.22346162215486323
0.2298379080803624	0.22105880901341307
0.20878405390506202	0.22025787129959634
0.23159239592830413	0.23147099929303036
0.24475105478786685	0.2386794387173808
0.22632893238447901	0.24028131414501422
0.24826003048375025	0.23627662557593063
0.2526462501036045	0.23467475014829722
0.24650554263580857	0.24748975356936465
0.27282286035493397	0.2450869404279145
0.24299656693992513	0.23467475014829722
0.24650554263580857	0.2522953798522649
0.24211932301595432	0.2330728747206638
0.2526462501036045	0.23227193700684706
0.2824725435186134	0.2466888158555479
0.26668215288713804	0.2522953798522649
0.24124207909198345	0.23787850100356406
0.2403648351680126	0.2410822518588309
0.243873810863896	0.25790194384898196
0.26141868934331297	0.25309631756608164
0.2605414454193421	0.2466888158555479
0.25615522579948785	0.2506935044246315
0.25615522579948785	0.2386794387173808
0.2587869575714004	0.2282672484377635
0.243873810863896	0.2330728747206638
0.2596642014953713	0.26831413412859917
0.2526462501036045	0.2442860027140978
0.22632893238447901	0.2410822518588309
0.24299656693992513	0.25790194384898196
0.27545459212684653	0.26911507184241595
0.25615522579948785	0.27792538669439976
0.23246963985227495	0.2410822518588309
0.26141868934331297	0.2330728747206638
0.2403648351680126	0.26831413412859917
0.25352349402757535	0.2571010061351652
0.25527798187551703	0.2498925667108148
0.2456282987118377	0.24748975356936465
0.2658049089631672	0.26831413412859917
0.26317317719125466	0.2619066324180655
0.26668215288713804	0.2595038192766153
0.27896356782272996	0.26671225870096577
0.21755649314477052	0.21385036958906264
0.2193109809927122	0.1946278644574615
0.243873810863896	0.24268412728646435
0.23948759124404176	0.23787850100356406
0.2587869575714004	0.24188318957264765
0.2254516884605082	0.19703067759891166
0.25615522579948785	0.2450869404279145
0.29036773883435096	0.2827310129773001
0.31142159300965133	0.2731197604114995
0.23246963985227495	0.20824380559234565
0.14474524745519007	0.15618285419425923
0.2026433464372661	0.21625318273051278
0.23948759124404176	0.2442860027140978
0.3298437154130392	0.31637039695760205
0.336861666804806	0.33399102666156977
0.27984081174670083	0.26831413412859917
0.214924761372858	0.21465130730287935
0.15351768669489857	0.17380348389822695
0.2184337370687414	0.20584099245089552
0.3237030079452432	0.31156477067470173
0.3000174219980303	0.2659113209871491
0.23948759124404176	0.2442860027140978
0.214924761372858	0.19542880217127823
0.2500145183316919	0.2466888158555479
0.2824725435186134	0.23707756328974736
0.2579097136474296	0.23787850100356406
0.21404751744888714	0.22426255986867993
0.2351013716241875	0.2170541204443295
0.2500145183316919	0.23067006157921363
0.26317317719125466	0.22666537301013007
0.26755939681110896	0.24348506500028105
0.26668215288713804	0.26831413412859917
0.2684366407350798	0.27231882269768276
0.23597861554815838	0.2330728747206638
0.2500145183316919	0.2554991307075318
0.2500145183316919	0.24348506500028105
0.26141868934331297	0.2538972552798983
0.27106837250699234	0.2595038192766153
0.25176900617963366	0.26030475699043204
0.2596642014953713	0.2466888158555479
0.2500145183316919	0.26831413412859917
0.24299656693992513	0.23467475014829722
0.2193109809927122	0.24348506500028105
0.26141868934331297	0.23147099929303036
0.26405042111522553	0.23147099929303036
0.25352349402757535	0.2563000684213485
0.25352349402757535	0.25309631756608164
0.2184337370687414	0.2450869404279145
0.2096612978290329	0.22906818615158023
0.24299656693992513	0.23067006157921363
0.2684366407350798	0.24028131414501422
0.2500145183316919	0.26030475699043204
0.24650554263580857	0.24348506500028105
0.23773310339610007	0.23707756328974736
0.23246963985227495	0.2386794387173808
0.22018822491668308	0.2442860027140978
0.24475105478786685	0.22426255986867993
0.24299656693992513	0.22346162215486323
0.23159239592830413	0.23067006157921363
0.2386103473200709	0.2442860027140978
0.22632893238447901	0.2442860027140978
0.2254516884605082	0.22426255986867993
0.22194271276462477	0.21385036958906264
0.2061523221331495	0.21545224501669608
0.2351013716241875	0.23948037643119752
0.23948759124404176	0.22586443529631334
0.25176900617963366	0.22666537301013007
0.23071515200433326	0.21385036958906264
0.23773310339610007	0.20664193016471222
0.22457444453653733	0.2178550581581462
0.2166792492207997	0.21385036958906264
0.23334688377624582	0.22586443529631334
0.23773310339610007	0.2170541204443295
0.214924761372858	0.21945693358577964
0.20878405390506202	0.2122484941614292
0.22369720061256645	0.21625318273051278
0.21229302960094545	0.20984568101997905
0.22018822491668308	0.20343817930944535
0.21053854175300374	0.20664193016471222
0.21317027352491627	0.2122484941614292
0.22194271276462477	0.1938269267436448
0.20352059036123696	0.20423911702326206
0.214924761372858	0.20984568101997905
0.21404751744888714	0.20664193016471222
0.2096612978290329	0.20744286787852895
0.20878405390506202	0.18261379875021078
0.2043978342852078	0.19142411360219466
0.18422122403387828	0.19703067759891166
0.2079068099810912	0.19142411360219466
0.20352059036123696	0.18581754960547767
0.18773019972976168	0.19703067759891166
0.17106256517431553	0.20103536616799522
0.18509846795784912	0.18261379875021078
0.19387090719755762	0.21625318273051278
0.21755649314477052	0.16739598218769322
0.2008888585893244	0.19703067759891166
0.16755358947843213	0.19222505131601136
0.18509846795784912	0.1946278644574615
0.17632602871814063	0.1762062970396771
0.19737988289344102	0.1778081724673105
0.168430833402403	0.17460442161204365
0.1868529558057908	0.18982223817456123
0.2008888585893244	0.17700723475349378
0.18158949226196572	0.20343817930944535
0.17632602871814063	0.17220160847059351
0.16053563808666538	0.18261379875021078
0.19650263896947015	0.17220160847059351
0.168430833402403	0.18101192332257737
0.16053563808666538	0.1978316153127284
0.16404461378254875	0.17059973304296008
0.16316736985857788	0.16819691990150995
0.15527217454284026	0.16739598218769322
0.15176319884695688	0.15458097876662583
0.16053563808666538	0.16979879532914338
