WT-Tfh	WT-Th1
0.49582433982207724	0.4409813102777788
0.4666582021854844	0.455130443227868
0.44332529207621024	0.4692795761779571
0.3772153800999333	0.3843847784774222
0.4977687489978501	0.4150412332026154
0.4822134755916673	0.46456319852792743
0.44526970125198306	0.46220500970291256
0.45110292877930164	0.4857868979530611
0.4394364737246645	0.4079666667275708
0.5074907948767143	0.4999360309031503
0.5405457508648529	0.5140851638532395
0.4686026113612573	0.4975778420781355
0.46276938383393873	0.50465240855318
0.5541566150952628	0.5140851638532395
0.4880467031189858	0.4456976879278085
0.5580454334468085	0.5494579962284624
0.5152684315798057	0.48107052030303143
0.44138088290043737	0.4857868979530611
0.5736007068529912	0.5188015415032692
0.5483233875679442	0.5070105973781949
0.5327681141617614	0.5235179191532989
0.5113796132282601	0.4975778420781355
0.5444345692163985	0.5777562621286406
0.6027668444895841	0.4928614644281057
0.5016575673493957	0.4480558767528234
0.5269348866344429	0.5188015415032692
0.5580454334468085	0.6036963392038042
0.5852671619076284	0.5919053950787297
0.5872115710834013	0.556532562703507
0.513324022404033	0.4339067438027342
0.5405457508648529	0.47871233147801656
0.5794339343803099	0.4928614644281057
0.5561010242710356	0.5494579962284624
0.5405457508648529	0.5423834297534178
0.5463789783921714	0.5353088632783732
0.6222109362473126	0.5541743738784921
0.6747099839931796	0.5683235068285812
0.5580454334468085	0.5258761079783137
0.5308237049859885	0.5353088632783732
0.577489525204537	0.5848308286036853
0.5541566150952628	0.5140851638532395
0.6241553454230854	0.6107709056788487
0.5716562976772185	0.5282342968033287
0.5891559802591742	0.5470998074034474
0.6144332995442212	0.5423834297534178
0.618322117895767	0.5494579962284624
0.6513770738839053	0.6343527939289973
0.6358218004777225	0.5683235068285812
0.6416550280050412	0.6036963392038042
0.6513770738839053	0.5848308286036853
0.591100389434947	0.6131290945038635
0.6494326647081324	0.6060545280288191
0.5424901600406257	0.5494579962284624
0.6338773913019498	0.5919053950787297
0.6494326647081324	0.6084127168538338
0.6338773913019498	0.6437855492290567
0.6630435289385425	0.622561849803923
0.6105444811926755	0.5942635839037447
0.6474882555323597	0.5659653180035664
0.6397106188292683	0.5848308286036853
0.6610991197627696	0.5753980733036258
0.5794339343803099	0.5683235068285812
0.6124888903684483	0.573039884478611
0.6533214830596782	0.5423834297534178
0.5891559802591742	0.6249200386289379
0.670821165641634	0.5942635839037447
0.6086000720169026	0.589547206253715
0.6086000720169026	0.6650092486541905
0.6066556628411298	0.6650092486541905
0.5736007068529912	0.6272782274539527
0.6669323472900882	0.6744420039542499
0.6785988023447252	0.6602928710041608
0.6280441637746311	0.6131290945038635
0.6669323472900882	0.7074566475044579
0.6747099839931796	0.6980238922043985
0.6610991197627696	0.6579346821791459
0.6610991197627696	0.6650092486541905
0.6572103014112239	0.6272782274539527
0.670821165641634	0.6154872833288785
0.6319329821261769	0.6343527939289973
0.7310978500905922	0.7050984586794431
0.6280441637746311	0.6343527939289973
0.7135981675086367	0.589547206253715
0.6941540757509082	0.6579346821791459
0.6513770738839053	0.5801144509536555
0.629988572950404	0.6249200386289379
0.643599437180814	0.5683235068285812
0.6222109362473126	0.5541743738784921
0.5424901600406257	0.5541743738784921
0.643599437180814	0.5871890174287001
0.7213758042117281	0.7428294798796808
0.6941540757509082	0.6555764933541312
0.53860134168908	0.5612489403535367
0.6319329821261769	0.6296364162789676
0.7544307601998665	0.7286803469295917
0.7777636703091407	0.7098148363294728
0.6202665270715398	0.5659653180035664
0.40054829020920746	0.3655192678773033
0.6649879381143153	0.6933075145543688
0.9897042704683816	0.8937535646806319
0.7933189437153236	0.7876350675549632
0.9333164043709689	0.8725298652554981
0.6533214830596782	0.622561849803923
0.3694377433968419	0.31363911372697634
0.5736007068529912	0.5211597303282841
0.7835968978364592	0.7192475916295323
0.8497068098127363	0.8300824664052308
0.6980428941024539	0.6178454721538933
0.5755451160287641	0.5258761079783137
0.6785988023447252	0.6319946051039824
0.6494326647081324	0.6202036609789082
0.6416550280050412	0.6013381503787893
0.6144332995442212	0.5164433526782544
0.6766543931689524	0.5871890174287001
0.6397106188292683	0.6107709056788487
0.7174869858601823	0.6673674374792053
0.6533214830596782	0.6697256263042203
0.6358218004777225	0.5942635839037447
0.6649879381143153	0.6084127168538338
0.6630435289385425	0.6673674374792053
0.7058205308055452	0.6343527939289973
0.6941540757509082	0.7027402698544283
0.6727655748174068	0.622561849803923
0.5561010242710356	0.6131290945038635
0.6124888903684483	0.6367109827540122
0.5988780261380383	0.5966217727287595
0.7116537583328638	0.6933075145543688
0.7408198959694566	0.6602928710041608
0.6202665270715398	0.589547206253715
0.6474882555323597	0.6862329480793243
0.6688767564658611	0.6673674374792053
0.696098484926681	0.740471291054666
0.696098484926681	0.6838747592543094
0.6533214830596782	0.6485019268790865
0.6066556628411298	0.6107709056788487
0.6785988023447252	0.5989799615537744
0.670821165641634	0.6296364162789676
0.643599437180814	0.6249200386289379
0.5813783435560826	0.6084127168538338
0.5930447986107199	0.6272782274539527
0.6086000720169026	0.5612489403535367
0.6124888903684483	0.537667052103388
0.6027668444895841	0.6060545280288191
0.5580454334468085	0.5541743738784921
0.6105444811926755	0.5447416185784326
0.6513770738839053	0.6485019268790865
0.6144332995442212	0.5871890174287001
0.6144332995442212	0.5753980733036258
0.6066556628411298	0.5258761079783137
0.5872115710834013	0.5989799615537744
0.5697118885014456	0.5612489403535367
0.5113796132282601	0.5235179191532989
0.6047112536653569	0.556532562703507
0.591100389434947	0.5824726397786704
0.6610991197627696	0.5801144509536555
0.5891559802591742	0.6013381503787893
0.577489525204537	0.47871233147801656
0.5755451160287641	0.5093687862032097
0.5541566150952628	0.5777562621286406
0.6844320298720439	0.589547206253715
0.5969336169622655	0.556532562703507
0.5755451160287641	0.48342870912804625
0.5891559802591742	0.5258761079783137
0.5074907948767143	0.5305924856283435
0.5988780261380383	0.5423834297534178
0.577489525204537	0.5966217727287595
0.5502677967437171	0.4598468208778977
0.53860134168908	0.50465240855318
0.5463789783921714	0.5329506744533583
0.5055463857009415	0.5470998074034474
0.5036019765251686	0.5518161850534772
0.48999111229475867	0.5070105973781949
0.5211016591071244	0.47871233147801656
0.5483233875679442	0.4928614644281057
0.5113796132282601	0.5070105973781949
0.4705470205370302	0.5305924856283435
0.5619342517983542	0.4928614644281057
0.5288792958102156	0.4339067438027342
0.499713158173623	0.5282342968033287
0.5502677967437171	0.5518161850534772
0.5502677967437171	0.4857868979530611
0.5347125233375343	0.537667052103388
0.5308237049859885	0.4339067438027342
0.5288792958102156	0.5753980733036258
0.5424901600406257	0.5070105973781949
0.46082497465816585	0.4598468208778977
0.5288792958102156	0.5447416185784326
0.49387993064630437	0.44333949910279363
0.49582433982207724	0.4975778420781355
0.5347125233375343	0.5659653180035664
0.4763802480643487	0.5093687862032097
0.4744358388885758	0.4126830443776005
0.4919355214705315	0.46456319852792743
0.46276938383393873	0.45748863205288287
0.44526970125198306	0.4975778420781355
0.48415788476744015	0.4409813102777788
0.486102293943213	0.5305924856283435
0.4744358388885758	0.5093687862032097
0.4744358388885758	0.4480558767528234
0.4258256094942546	0.4456976879278085
