WT-Tfh	WT-Th1
0.4579402639811557	0.6257671945453508
0.44225737822837646	0.5934327194472628
0.38736727809364885	0.61055097096978
0.42814278105087505	0.6657097814312243
0.5065572098147716	0.6542976137495462
0.4642134182822674	0.5934327194472628
0.5002840555136598	0.6010408312350483
0.43284764677670884	0.6276692224922972
0.47832801545976883	0.5649023002430675
0.47519143830921295	0.6219631386514581
0.49714747836310397	0.6238651665984044
0.49714747836310397	0.6714158652720633
0.47205486115865714	0.669513837325117
0.5253766727181067	0.6048448871289409
0.4955791897878261	0.6600036975903851
0.45323539825532194	0.6390813901739753
0.5489010013472757	0.7360848154682395
0.5504692899225537	0.6752199211659561
0.5567424442236654	0.7113584521579368
0.4438256668036543	0.6219631386514581
0.47519143830921295	0.6809260050067951
0.5567424442236654	0.7094564242109904
0.5473327127719978	0.7113584521579368
0.5504692899225537	0.7589091508315957
0.4908743240619923	0.6581016696434389
0.5175352298417172	0.7436929272560249
0.5222400955675509	0.7246726477865613
0.5457644241967199	0.7094564242109904
0.5818350614281123	0.707554396264044
0.5034206326642157	0.7189665639457222
0.5049889212394937	0.7322807595743467
0.5285132498686627	0.7417908993090784
0.5614473099494992	0.7627132067254885
0.608495967207837	0.8159699892399863
0.610064255783115	0.7627132067254885
0.5489010013472757	0.7455949552029711
0.5489010013472757	0.7094564242109904
0.5143986526911613	0.7436929272560249
0.4924426126372702	0.755105094937703
0.6116325443583929	0.8521085202319671
0.5598790213742212	0.7855375420888446
0.5975179471808916	0.7627132067254885
0.5520375784978316	0.722770619839615
0.6194739872347826	0.7950476818235764
0.635156872987562	0.7836355141418984
0.5849716385786682	0.7360848154682395
0.6053593900572812	0.79314565387663
0.5943813700303356	0.7703213185132739
0.608495967207837	0.8121659333460937
0.6477031815897853	0.8578146040728061
0.6461348930145074	0.8159699892399863
0.5928130814550577	0.8007537656644155
0.6367251615628399	0.8026557936113617
0.6147691215089488	0.8140679612930399
0.6445666044392294	0.8635206879136452
0.6398617387133957	0.846402436391128
0.6539763358908971	0.8178720171869327
0.6806372416706219	0.8178720171869327
0.6477031815897853	0.8502064922850207
0.6461348930145074	0.8996592189056261
0.7182761674772922	0.9205815263220359
0.608495967207837	0.8178720171869327
0.6147691215089488	0.8330882407625035
0.6132008329336709	0.7893415979827373
0.6210422758100606	0.8292841848686108
0.6978884159986791	0.8882470512239479
0.6837738188211777	0.8616186599666988
0.7104347246009026	0.9186794983750894
0.6633860673425647	0.7665172626193811
0.6712275102189543	0.9224835542689822
0.7308224760795157	0.9357977498976067
0.6884786845470116	0.878736911489216
0.7214127446278481	0.9396018057914993
0.6492714701650633	0.9034632747995186
0.6790689530953439	0.9491119455262312
0.7512102275581287	0.9529160014201239
0.7496419389828508	0.9415038337384458
0.7135713017514584	0.9396018057914993
0.7104347246009026	0.9776423647304265
0.6900469731222895	0.9205815263220359
0.7261176103536819	0.8863450232770015
0.6916152616975675	0.8920511071178405
0.6461348930145074	0.8425983804972352
0.564583887100055	0.7741253744071664
0.6304520072617281	0.8064598495052545
0.6241788529606164	0.787439570035791
0.5394912698956081	0.7018483124232051
0.6147691215089488	0.7741253744071664
0.5661521756753329	0.8292841848686108
0.7951223076659109	0.9966626441998901
0.6477031815897853	0.8806389394361624
0.5661521756753329	0.7665172626193811
0.6665226444931205	0.7817334861949519
0.9786120709734287	1.2515343890907016
1.0476167682856576	1.3580479541196975
0.857853850677028	1.162139075584223
0.476759726884491	0.6276692224922972
0.43127935820143093	0.6143550268636727
0.6900469731222895	0.9281896381098214
1.0836874055170502	1.4055986527933564
0.9989998224520418	1.377068233589161
0.657112913041453	0.8197740451338791
0.3779575466419813	0.48882118236521327
0.4359842239272647	0.5763144679247455
0.9001976422095322	1.146922852008652
1.066436231188993	1.365656065907483
0.9472462994678701	1.2572404729315405
0.5347864041697744	0.8159699892399863
0.5143986526911613	0.7969497097705228
0.6194739872347826	0.8977571909586796
0.7402322075311832	0.9319936940037139
0.6257471415358943	0.8330882407625035
0.5990862357561695	0.8749328555953233
0.5614473099494992	0.8254801289747181
0.5363546927450522	0.7779294303010592
0.5159669412664392	0.6828280329537415
0.567720464250611	0.7855375420888446
0.5739936185517226	0.8330882407625035
0.7418004961064613	0.9148754424811968
0.677500664520066	0.9738383088365338
0.6194739872347826	0.9338957219506604
0.6947518388481232	1.0023687280407292
0.7355273418053494	0.9491119455262312
0.7872808647895212	1.0137808957224073
0.7747345561872977	0.9795443926773728
0.6524080473156192	0.9510139734731775
0.699456704573957	0.9776423647304265
0.6445666044392294	0.9091693586403577
0.6539763358908971	0.8692267717544843
0.6837738188211777	0.911071386587304
0.6618177787672866	0.905365302746465
0.6712275102189543	0.911071386587304
0.7480736504075729	0.9396018057914993
0.7041615702997909	0.9243855822159286
0.6727957987942322	0.9491119455262312
0.6806372416706219	0.9738383088365338
0.6837738188211777	0.8635206879136452
0.6508397587403412	0.8768348835422697
0.6665226444931205	0.8254801289747181
0.6382934501381178	0.8654227158605916
0.7010249931492349	0.9510139734731775
0.635156872987562	0.9262876101628749
0.6414300272886736	0.8311862128155573
0.6586812016167308	0.8654227158605916
0.6037911014820033	0.8597166320197526
0.608495967207837	0.8445004084441816
0.5551741556483873	0.8026557936113617
0.610064255783115	0.8578146040728061
0.5724253299764446	0.8064598495052545
0.5708570414011668	0.7741253744071664
0.5818350614281123	0.8102639053991472
0.5504692899225537	0.7855375420888446
0.5504692899225537	0.8311862128155573
0.6037911014820033	0.8330882407625035
0.5975179471808916	0.8521085202319671
0.5975179471808916	0.8521085202319671
0.5802667728528343	0.8159699892399863
0.5834033500033902	0.7836355141418984
0.5708570414011668	0.7589091508315957
0.5755619071270005	0.7684192905663274
0.635156872987562	0.7817334861949519
0.5896765043045019	0.8064598495052545
0.5457644241967199	0.8483044643380744
0.5786984842775564	0.7037503403701514
0.5269449612933846	0.8026557936113617
0.5379229813203301	0.7570071228846493
0.5473327127719978	0.7322807595743467
0.6304520072617281	0.8330882407625035
0.5536058670731094	0.7741253744071664
0.5347864041697744	0.755105094937703
0.5222400955675509	0.7417908993090784
0.5363546927450522	0.7627132067254885
0.5002840555136598	0.7436929272560249
0.5536058670731094	0.7189665639457222
0.5614473099494992	0.6828280329537415
0.564583887100055	0.7284767036804539
0.47362314973393504	0.6409834181209217
0.4908743240619923	0.696142228582366
0.4877377469114364	0.7284767036804539
0.5316498270192185	0.755105094937703
0.5206718069922729	0.7170645359987758
0.4924426126372702	0.7360848154682395
0.5332181155944965	0.7132604801048831
0.5065572098147716	0.6771219491129024
0.47832801545976883	0.61055097096978
0.5018523440889378	0.6657097814312243
0.4861694583361585	0.6828280329537415
0.5206718069922729	0.6999462844762586
0.5253766727181067	0.707554396264044
0.476759726884491	0.648591529908707
0.4908743240619923	0.6542976137495462
0.47989630403504674	0.642885446067868
0.47519143830921295	0.6923381726884732
0.5269449612933846	0.722770619839615
0.519103518416995	0.7018483124232051
0.5096937869653274	0.6790239770598487
0.4375525125025426	0.7132604801048831
0.4563719754058778	0.6238651665984044
0.46891828400810126	0.6619057255373316
0.4846011697608806	0.6086489430228337
