WT-Tfh	WT-Th1
0.47553169044399896	0.5932050452790497
0.4279785213995991	0.667355675938931
0.35325211290125635	0.4915912180784718
0.40080528194565623	0.6069366435493981
0.473267253822837	0.6536240776685825
0.43250739464192284	0.6426387990523038
0.407598591809142	0.5575028897761439
0.48458943692864653	0.5932050452790497
0.5729024651539607	0.7881937407179967
0.5004404932767799	0.7305210279825335
0.45515176085354186	0.5547565701220744
0.4596806340958657	0.6371461597441646
0.4800605636863228	0.67559463490114
0.5683735919116368	0.7524915852150909
0.5796957750174463	0.7415063065988122
0.48911831017097035	0.7222820690203244
0.5117626763825893	0.6701019955930007
0.5547869721846654	0.7112967904040457
0.5593158454269893	0.7634768638313696
0.520820422867237	0.67559463490114
0.4574161974747038	0.5959513649331195
0.5140271130037513	0.6975651921336974
0.5525225355635035	0.6893262331714883
0.5887535215020939	0.7360136672906729
0.5298781693518845	0.7277747083284638
0.48911831017097035	0.6234145614738162
0.5344070425942083	0.7497452655610212
0.5502580989423417	0.7607305441773
0.5321426059730465	0.7524915852150909
0.5706380285327988	0.7360136672906729
0.5729024651539607	0.7634768638313696
0.5910179581232559	0.8376274944912508
0.5479936623211799	0.7634768638313696
0.4800605636863228	0.6728483152470703
0.5638447186693131	0.7881937407179967
0.5887535215020939	0.7140431100581155
0.5570514088058274	0.7662231834854393
0.566109155290475	0.768969503139509
0.5638447186693131	0.8623443713778779
0.5706380285327988	0.834881174837181
0.5842246482597702	0.8238958962209024
0.5570514088058274	0.8046716586424147
0.5955468313655796	0.8403738141453204
0.5457292257000178	0.8019253389883451
0.6249845074406843	0.8541054124156688
0.634042253925332	0.8513590927615993
0.6408355637888177	0.8541054124156688
0.6589510567581128	0.8595980517238082
0.6680088032427605	0.8705833303400868
0.6204556341983605	0.8376274944912508
0.5479936623211799	0.7442526262528818
0.5683735919116368	0.8101642979505541
0.609133451092551	0.8650906910319476
0.609133451092551	0.7634768638313696
0.5751669017751225	0.8046716586424147
0.5910179581232559	0.7662231834854393
0.6159267609560368	0.8650906910319476
0.6680088032427605	0.834881174837181
0.6815954229697319	0.9145244448052017
0.6476288736523034	0.777208462101718
0.5932823947444178	0.7799547817557876
0.6838598595908937	0.8733296499941566
0.7563218314680745	0.9090318054970623
0.6951820426967031	0.911778125151132
0.6974464793178652	0.9035391661889229
0.611397887713713	0.8760759696482262
0.656686620136951	0.8843149286104353
0.6906531694543795	0.9447339609999681
0.634042253925332	0.8211495765668327
0.7042397891813509	0.9474802806540379
0.6363066905464938	0.8650906910319476
0.656686620136951	0.9035391661889229
0.6181911975771986	0.8815686089563656
0.6929176060755413	0.9062854858429927
0.6793309863485699	0.8760759696482262
0.7110330990448365	0.9721971575406648
0.6725376764850843	1.0133919523517099
0.6498933102734653	0.9007928465348534
0.724619718771808	0.9804361165028739
0.7517929582257507	1.0024066737354314
0.7268841553929698	0.9996603540813616
0.701975352560189	0.9694508378865953
0.7200908455294841	0.9007928465348534
0.7517929582257507	0.9831824361569436
0.8310482399664172	1.0188845916598492
0.5910179581232559	0.8458664534534599
0.6702732398639223	0.7799547817557876
0.5298781693518845	0.6893262331714883
0.5117626763825893	0.683833593863349
0.6204556341983605	0.8705833303400868
0.7155619722871603	0.9062854858429927
0.6838598595908937	0.8486127731075295
0.4347718312630848	0.6069366435493981
0.37816091573403726	0.4119479481104512
0.5570514088058274	0.7167894297121851
0.5887535215020939	0.7991790193342754
0.656686620136951	0.8595980517238082
0.5955468313655796	0.8376274944912508
0.4619450707170275	0.5465176111598653
0.44609401436889423	0.5465176111598653
0.41665633829378956	0.5218007342732383
0.4687383805805133	0.6975651921336974
0.6227200708195225	0.7442526262528818
0.6702732398639223	0.777208462101718
0.6680088032427605	0.7360136672906729
0.5230848594883989	0.667355675938931
0.3509876762800945	0.4915912180784718
0.5276137327307227	0.6453851187063736
0.6385711271676558	0.8321348551831115
0.722355282150646	0.8925538875726443
0.5615802820481511	0.7360136672906729
0.5140271130037513	0.6701019955930007
0.5457292257000178	0.7607305441773
0.5570514088058274	0.7827011014098574
0.6815954229697319	0.8321348551831115
0.7042397891813509	0.8980465268807836
0.7110330990448365	0.9502266003081075
0.7382063384987794	0.9310023627296197
0.6408355637888177	0.8541054124156688
0.7449996483622651	0.9584655592703165
0.7382063384987794	1.0353625095842673
0.7268841553929698	0.996914034427292
0.699710915939027	0.9667045182325255
0.5751669017751225	0.8321348551831115
0.6046045778502273	0.7799547817557876
0.6227200708195225	0.7964326996802057
0.6838598595908937	0.9255097234214803
0.609133451092551	0.9282560430755501
0.6498933102734653	0.8595980517238082
0.6385711271676558	0.8760759696482262
0.6702732398639223	0.9255097234214803
0.6793309863485699	0.7964326996802057
0.7042397891813509	0.8623443713778779
0.677066549727408	0.8238958962209024
0.6498933102734653	0.8486127731075295
0.5615802820481511	0.7991790193342754
0.6363066905464938	0.8293885355290417
0.7178264089083222	0.834881174837181
0.6000757046079035	0.8568517320697385
0.63177781730417	0.8568517320697385
0.5819602116386083	0.7579842245232302
0.6521577468946271	0.8293885355290417
0.634042253925332	0.7744621424476483
0.586489084880932	0.7140431100581155
0.6498933102734653	0.8211495765668327
0.5978112679867416	0.8156569372586935
0.5706380285327988	0.785447421063927
0.6227200708195225	0.7003115117877671
0.6227200708195225	0.7634768638313696
0.6000757046079035	0.8733296499941566
0.6159267609560368	0.7717158227935786
0.5774313383962845	0.7579842245232302
0.5706380285327988	0.8019253389883451
0.6295133806830081	0.7991790193342754
0.6046045778502273	0.8376274944912508
0.5978112679867416	0.7415063065988122
0.6363066905464938	0.7305210279825335
0.5525225355635035	0.7717158227935786
0.541200352457694	0.6975651921336974
0.5140271130037513	0.7827011014098574
0.5932823947444178	0.6920725528255581
0.5955468313655796	0.7744621424476483
0.6363066905464938	0.777208462101718
0.5389359158365321	0.7497452655610212
0.5457292257000178	0.7634768638313696
0.5729024651539607	0.7799547817557876
0.5570514088058274	0.6701019955930007
0.5140271130037513	0.7415063065988122
0.5321426059730465	0.650877758014513
0.5094982397614275	0.6234145614738162
0.5049693665191036	0.7305210279825335
0.5230848594883989	0.6893262331714883
0.566109155290475	0.7085504707499761
0.5027049298979418	0.6481314383604432
0.4800605636863228	0.6398924793982342
0.5298781693518845	0.7030578314418368
0.4687383805805133	0.7030578314418368
0.5162915496249132	0.6701019955930007
0.5389359158365321	0.6975651921336974
0.4596806340958657	0.667355675938931
0.48232500030748465	0.659116716976722
0.518555986246075	0.6206682418197464
0.518555986246075	0.6014440042412588
0.44835845099005617	0.6371461597441646
0.47553169044399896	0.5904587256249801
0.543464789078856	0.6261608811278858
0.5253492961095608	0.6398924793982342
0.5004404932767799	0.6289072007819555
0.4664739439593513	0.5877124059709103
0.48911831017097035	0.6289072007819555
0.43250739464192284	0.6316535204360252
0.47553169044399896	0.6426387990523038
0.42344964815727526	0.5602492094302136
0.4619450707170275	0.5602492094302136
0.44382957774773235	0.5767271273546317
0.49364718341329417	0.5602492094302136
0.4347718312630848	0.6179219221656769
0.38495422559752296	0.5382786521976562
0.41665633829378956	0.5218007342732383
0.4619450707170275	0.4915912180784718
