DKO	Prdm1KO
0.2869313312134697	0.3252810801058733
0.31881259023718855	0.3717498058352838
0.2869313312134697	0.30979150486273643
0.31881259023718855	0.3252810801058733
0.41445636730834506	0.44919768205096794
0.41445636730834506	0.4646872572941047
0.41445636730834506	0.34077065534901013
0.223168813166032	0.3562602305921469
0.15940629511859428	0.3252810801058733
0.31881259023718855	0.43370810680783106
0.31881259023718855	0.26332277913332597
0.47821888535578283	0.3252810801058733
0.15940629511859428	0.23234362864705235
0.3506938492609074	0.34077065534901013
0.25505007218975084	0.4801768325372415
0.15940629511859428	0.30979150486273643
0.31881259023718855	0.34077065534901013
0.223168813166032	0.24783320389018917
0.2869313312134697	0.29430192961959967
0.3506938492609074	0.4646872572941047
0.38257510828462626	0.40272895632155736
0.2869313312134697	0.3562602305921469
0.38257510828462626	0.34077065534901013
0.3506938492609074	0.3252810801058733
0.223168813166032	0.34077065534901013
0.19128755414231313	0.3252810801058733
0.47821888535578283	0.3252810801058733
0.12752503609487542	0.41821853156469424
0.31881259023718855	0.41821853156469424
0.15940629511859428	0.24783320389018917
0.25505007218975084	0.30979150486273643
0.2869313312134697	0.29430192961959967
0.38257510828462626	0.3252810801058733
0.3506938492609074	0.41821853156469424
0.3506938492609074	0.3562602305921469
0.2869313312134697	0.49566640778037835
0.446337626332064	0.49566640778037835
0.41445636730834506	0.3717498058352838
0.223168813166032	0.3872393810784206
0.3506938492609074	0.29430192961959967
0.19128755414231313	0.3252810801058733
0.031881259023718855	0.29430192961959967
0.38257510828462626	0.4801768325372415
0.31881259023718855	0.29430192961959967
0.38257510828462626	0.43370810680783106
0.41445636730834506	0.49566640778037835
0.2869313312134697	0.3562602305921469
0.38257510828462626	0.44919768205096794
0.41445636730834506	0.3562602305921469
0.38257510828462626	0.27881235437646285
0.25505007218975084	0.34077065534901013
0.5419814034032205	0.4646872572941047
0.38257510828462626	0.49566640778037835
0.446337626332064	0.3252810801058733
0.3506938492609074	0.43370810680783106
0.446337626332064	0.44919768205096794
0.5419814034032205	0.6040934344823361
0.41445636730834506	0.5731142839960625
0.2869313312134697	0.29430192961959967
0.2869313312134697	0.34077065534901013
0.3506938492609074	0.40272895632155736
0.5419814034032205	0.40272895632155736
0.669506439498096	0.6350725849686097
0.31881259023718855	0.5111559830235152
0.31881259023718855	0.3252810801058733
0.31881259023718855	0.3872393810784206
0.31881259023718855	0.13940617718823142
0.446337626332064	0.5266455582666519
0.223168813166032	0.44919768205096794
0.446337626332064	0.41821853156469424
0.41445636730834506	0.43370810680783106
0.47821888535578283	0.30979150486273643
0.446337626332064	0.41821853156469424
0.31881259023718855	0.41821853156469424
0.25505007218975084	0.34077065534901013
0.19128755414231313	0.34077065534901013
0.31881259023718855	0.3562602305921469
0.446337626332064	0.3562602305921469
0.5738626624269394	0.3717498058352838
0.41445636730834506	0.4801768325372415
0.25505007218975084	0.29430192961959967
0.31881259023718855	0.34077065534901013
0.2869313312134697	0.6195830097254729
0.3506938492609074	0.5731142839960625
0.47821888535578283	0.44919768205096794
0.31881259023718855	0.30979150486273643
0.3506938492609074	0.41821853156469424
0.3506938492609074	0.5266455582666519
0.446337626332064	0.3872393810784206
0.31881259023718855	0.30979150486273643
0.12752503609487542	0.20136447816077868
0.223168813166032	0.44919768205096794
0.41445636730834506	0.3562602305921469
0.3506938492609074	0.3717498058352838
0.19128755414231313	0.3252810801058733
0.25505007218975084	0.27881235437646285
0.19128755414231313	0.3562602305921469
0.2869313312134697	0.3562602305921469
0.25505007218975084	0.40272895632155736
0.3506938492609074	0.34077065534901013
0.25505007218975084	0.40272895632155736
0.41445636730834506	0.3717498058352838
0.2869313312134697	0.30979150486273643
0.223168813166032	0.20136447816077868
0.15940629511859428	0.12391660194509459
0.25505007218975084	0.20136447816077868
0.25505007218975084	0.27881235437646285
0.3506938492609074	0.3717498058352838
0.12752503609487542	0.13940617718823142
0.3506938492609074	0.34077065534901013
0.31881259023718855	0.3717498058352838
0.25505007218975084	0.3562602305921469
0.3506938492609074	0.40272895632155736
0.3506938492609074	0.3252810801058733
0.47821888535578283	0.3562602305921469
0.41445636730834506	0.41821853156469424
0.41445636730834506	0.5576247087529257
0.41445636730834506	0.43370810680783106
0.38257510828462626	0.4646872572941047
0.5419814034032205	0.4646872572941047
0.5419814034032205	0.41821853156469424
0.41445636730834506	0.44919768205096794
0.31881259023718855	0.3872393810784206
0.41445636730834506	0.5111559830235152
0.31881259023718855	0.4646872572941047
0.446337626332064	0.40272895632155736
0.223168813166032	0.3717498058352838
0.3506938492609074	0.5576247087529257
0.446337626332064	0.29430192961959967
0.446337626332064	0.5266455582666519
0.41445636730834506	0.5576247087529257
0.12752503609487542	0.29430192961959967
0.25505007218975084	0.41821853156469424
0.5101001443795017	0.40272895632155736
0.446337626332064	0.40272895632155736
0.5101001443795017	0.3252810801058733
0.41445636730834506	0.3717498058352838
0.19128755414231313	0.30979150486273643
0.2869313312134697	0.26332277913332597
0.5419814034032205	0.5421351335097888
0.31881259023718855	0.40272895632155736
0.446337626332064	0.40272895632155736
0.2869313312134697	0.41821853156469424
0.3506938492609074	0.3717498058352838
0.3506938492609074	0.27881235437646285
0.31881259023718855	0.3252810801058733
0.25505007218975084	0.3252810801058733
0.31881259023718855	0.24783320389018917
0.2869313312134697	0.30979150486273643
0.3506938492609074	0.3872393810784206
0.669506439498096	0.5421351335097888
0.41445636730834506	0.3562602305921469
0.41445636730834506	0.27881235437646285
0.41445636730834506	0.4646872572941047
0.223168813166032	0.3872393810784206
0.25505007218975084	0.21685405340391553
0.19128755414231313	0.29430192961959967
0.38257510828462626	0.41821853156469424
0.2869313312134697	0.24783320389018917
0.41445636730834506	0.24783320389018917
0.6057439214506583	0.41821853156469424
0.41445636730834506	0.29430192961959967
0.25505007218975084	0.3562602305921469
0.3506938492609074	0.3562602305921469
0.41445636730834506	0.4646872572941047
0.446337626332064	0.3872393810784206
0.41445636730834506	0.3872393810784206
0.446337626332064	0.4646872572941047
0.41445636730834506	0.3872393810784206
0.446337626332064	0.3717498058352838
0.3506938492609074	0.30979150486273643
0.38257510828462626	0.3717498058352838
0.31881259023718855	0.24783320389018917
0.446337626332064	0.41821853156469424
0.446337626332064	0.3252810801058733
0.3506938492609074	0.29430192961959967
0.31881259023718855	0.3252810801058733
0.15940629511859428	0.3562602305921469
0.12752503609487542	0.3717498058352838
0.223168813166032	0.30979150486273643
0.41445636730834506	0.4801768325372415
0.47821888535578283	0.41821853156469424
0.2869313312134697	0.30979150486273643
0.25505007218975084	0.29430192961959967
0.223168813166032	0.43370810680783106
0.41445636730834506	0.49566640778037835
0.38257510828462626	0.41821853156469424
0.25505007218975084	0.3562602305921469
0.2869313312134697	0.3872393810784206
0.6057439214506583	0.3252810801058733
0.446337626332064	0.4801768325372415
0.41445636730834506	0.5576247087529257
0.41445636730834506	0.41821853156469424
0.38257510828462626	0.41821853156469424
0.25505007218975084	0.23234362864705235
0.41445636730834506	0.3717498058352838
0.47821888535578283	0.5111559830235152
0.15940629511859428	0.21685405340391553
0.25505007218975084	0.3717498058352838
0.25505007218975084	0.27881235437646285
