DKO	Bcl6KO
1.111058479090138	0.9505552307601881
1.2076722598805851	0.8449379828979449
0.6762964655331276	0.712916423070141
0.2898413423713404	0.5280862393112156
0.6762964655331276	0.44887330341453324
0.5313757943474574	0.5808948632423372
0.6762964655331276	0.6337034871734587
0.7729102463235744	0.6072991752078979
0.7729102463235744	0.6601077991390195
1.2559791502758084	0.6865121111045803
1.0144446982996915	0.9505552307601881
0.6762964655331276	0.8185336709323843
0.5796826847426808	0.6337034871734587
0.5796826847426808	0.6337034871734587
0.8212171367187977	0.5016819273456549
0.8212171367187977	0.5280862393112156
0.6279895751379042	0.7921293589668233
1.0627515886949148	0.8713422948635058
0.43476201355701066	0.5280862393112156
0.483068903952234	0.34325605555229016
0.8212171367187977	0.7393207350357018
0.966137807904468	0.7657250470012626
1.2559791502758084	1.1617897264846744
1.0144446982996915	0.9769595427257488
0.9178309175092446	0.8713422948635058
0.9178309175092446	0.8977466068290665
0.966137807904468	0.8713422948635058
1.6907411638328191	1.2145983504157958
1.2076722598805851	0.9769595427257488
0.8695240271140213	0.9769595427257488
0.6279895751379042	0.9241509187946273
0.483068903952234	0.5280862393112156
0.43476201355701066	0.6601077991390195
1.0144446982996915	0.8977466068290665
1.5941273830423723	1.2410026623813566
1.6424342734375954	1.2938112863124782
1.0627515886949148	0.712916423070141
0.966137807904468	0.9505552307601881
0.8695240271140213	0.6865121111045803
0.6279895751379042	0.5544905512767764
1.2076722598805851	0.9505552307601881
1.2076722598805851	0.8449379828979449
1.304286040671032	1.3466199102435998
1.2559791502758084	1.0297681666568703
1.111058479090138	0.8449379828979449
0.8212171367187977	0.7657250470012626
1.0627515886949148	1.0033638546913097
1.2076722598805851	0.9505552307601881
1.7390480542280427	1.2145983504157958
1.111058479090138	1.0297681666568703
1.2559791502758084	0.8977466068290665
1.2076722598805851	1.0033638546913097
0.7729102463235744	1.1089811025535528
1.0144446982996915	0.9769595427257488
0.9178309175092446	1.0561724786224311
0.8212171367187977	0.9505552307601881
1.111058479090138	1.0297681666568703
0.9178309175092446	1.0297681666568703
0.9178309175092446	1.1617897264846744
1.3525929310662552	1.1353854145191136
0.9178309175092446	1.0561724786224311
1.304286040671032	1.0297681666568703
1.4975136022519255	1.1089811025535528
1.6424342734375954	1.0561724786224311
1.449206711856702	1.0033638546913097
1.0144446982996915	1.1881940384502352
1.0144446982996915	1.082576790587992
0.724603355928351	0.9505552307601881
0.5313757943474574	0.6072991752078979
1.0627515886949148	0.9241509187946273
1.0627515886949148	0.8185336709323843
1.4008998214614787	1.2674069743469174
1.2559791502758084	1.0033638546913097
1.1593653694853616	0.9505552307601881
1.0144446982996915	1.1353854145191136
1.1593653694853616	0.8713422948635058
0.8212171367187977	1.0561724786224311
1.4008998214614787	1.0297681666568703
1.304286040671032	1.0033638546913097
0.966137807904468	1.1089811025535528
1.4008998214614787	1.0561724786224311
1.111058479090138	0.8713422948635058
0.966137807904468	0.8713422948635058
1.111058479090138	0.8449379828979449
1.0144446982996915	0.8449379828979449
1.0144446982996915	1.0033638546913097
1.1593653694853616	0.9769595427257488
0.966137807904468	1.1089811025535528
1.0627515886949148	0.9505552307601881
1.1593653694853616	1.0297681666568703
1.0627515886949148	0.8713422948635058
1.4008998214614787	1.1089811025535528
1.3525929310662552	1.2145983504157958
0.9178309175092446	0.8977466068290665
1.5941273830423723	1.1353854145191136
0.966137807904468	1.1881940384502352
0.8695240271140213	0.7657250470012626
0.8695240271140213	0.712916423070141
0.483068903952234	0.5016819273456549
1.1593653694853616	1.1353854145191136
1.304286040671032	1.320215598278039
1.2559791502758084	1.1353854145191136
0.5313757943474574	0.712916423070141
0.9178309175092446	0.6072991752078979
1.2559791502758084	0.8185336709323843
1.2076722598805851	0.9505552307601881
1.7390480542280427	1.2410026623813566
1.4975136022519255	1.3994285341747212
0.43476201355701066	0.7657250470012626
0.9178309175092446	1.1881940384502352
1.1593653694853616	0.9505552307601881
1.0627515886949148	1.1617897264846744
0.8695240271140213	0.8713422948635058
1.304286040671032	1.0297681666568703
1.3525929310662552	1.0033638546913097
1.1593653694853616	1.082576790587992
1.0627515886949148	1.2145983504157958
0.6279895751379042	0.9505552307601881
0.966137807904468	0.7657250470012626
0.7729102463235744	0.8449379828979449
1.111058479090138	0.7657250470012626
1.0627515886949148	0.9241509187946273
1.1593653694853616	1.0033638546913097
1.2559791502758084	1.2410026623813566
1.0627515886949148	0.9769595427257488
0.9178309175092446	0.7921293589668233
1.1593653694853616	0.8713422948635058
1.304286040671032	1.082576790587992
1.111058479090138	0.8713422948635058
0.966137807904468	0.8185336709323843
0.8212171367187977	0.8713422948635058
1.111058479090138	0.8977466068290665
1.2076722598805851	0.7657250470012626
1.449206711856702	1.1353854145191136
0.6762964655331276	0.6601077991390195
0.724603355928351	0.6337034871734587
1.2076722598805851	0.7657250470012626
0.43476201355701066	0.6865121111045803
0.966137807904468	0.9241509187946273
0.9178309175092446	0.8977466068290665
1.0144446982996915	0.7657250470012626
1.2076722598805851	0.9505552307601881
0.43476201355701066	0.6337034871734587
1.0627515886949148	0.8185336709323843
0.8212171367187977	0.5016819273456549
1.0627515886949148	0.7921293589668233
0.6762964655331276	0.7921293589668233
0.5313757943474574	0.5808948632423372
1.111058479090138	0.9505552307601881
0.43476201355701066	0.6072991752078979
0.8695240271140213	0.7657250470012626
0.7729102463235744	0.6865121111045803
0.5796826847426808	0.3960646794834117
0.9178309175092446	0.5544905512767764
0.3864551231617872	0.5544905512767764
0.6762964655331276	0.712916423070141
0.5313757943474574	0.6337034871734587
0.724603355928351	0.712916423070141
0.5313757943474574	0.6072991752078979
0.43476201355701066	0.31685174358672935
0.8695240271140213	0.6072991752078979
0.6279895751379042	0.5280862393112156
0.6762964655331276	0.5280862393112156
0.43476201355701066	0.5808948632423372
0.6279895751379042	0.3696603675178509
0.724603355928351	0.42246899144897243
1.0144446982996915	0.7393207350357018
0.483068903952234	0.47527761538009405
0.483068903952234	0.47527761538009405
0.5796826847426808	0.31685174358672935
0.5313757943474574	0.5544905512767764
0.6279895751379042	0.3960646794834117
0.3864551231617872	0.44887330341453324
0.5313757943474574	0.5808948632423372
0.5313757943474574	0.3696603675178509
0.483068903952234	0.8449379828979449
0.5313757943474574	0.3960646794834117
1.0627515886949148	0.6337034871734587
0.6279895751379042	0.47527761538009405
0.5796826847426808	0.6601077991390195
0.8695240271140213	0.7921293589668233
0.43476201355701066	0.42246899144897243
0.1932275615808936	0.31685174358672935
0.1932275615808936	0.3960646794834117
0.2898413423713404	0.44887330341453324
0.3864551231617872	0.44887330341453324
0.43476201355701066	0.5016819273456549
0.724603355928351	0.6337034871734587
0.6279895751379042	0.6337034871734587
0.3864551231617872	0.34325605555229016
0.1932275615808936	0.5280862393112156
0.43476201355701066	0.3696603675178509
0.6279895751379042	0.3960646794834117
0.1932275615808936	0.31685174358672935
0.1932275615808936	0.34325605555229016
0.0966137807904468	0.23763880769004703
0.2898413423713404	0.23763880769004703
0.43476201355701066	0.5544905512767764
0.0966137807904468	0.44887330341453324
0.2898413423713404	0.2904474316211686
