DKO	Bcl6KO
0.7213828965686695	0.4928804900238012
0.6011524138072245	0.7557500847031619
0.7814981379493918	0.7064620357007818
0.5109795517361408	0.6736033363658617
0.7213828965686695	0.5421685390261813
0.36069144828433475	0.5257391893587213
0.7514405172590307	0.6243152873634815
0.6011524138072245	0.6736033363658617
0.6011524138072245	0.8050381337055419
0.6011524138072245	0.8214674833730021
0.6011524138072245	0.5914565880285615
0.4508643103554184	0.5914565880285615
0.5410371724265021	0.6078859376960215
0.931786241401198	0.6900326860333217
0.661267655187947	0.6078859376960215
0.6913252758783082	0.837896833040462
0.6011524138072245	0.6407446370309416
0.5410371724265021	0.5585978886936414
0.7514405172590307	0.837896833040462
0.931786241401198	0.8707555323753822
0.7514405172590307	0.8871848820428422
0.931786241401198	0.7064620357007818
0.6312100344975857	0.7228913853682418
0.6913252758783082	0.6407446370309416
0.4508643103554184	0.5914565880285615
0.4208066896650572	0.9529022807126825
0.7514405172590307	0.772179434370622
0.9017286207108368	0.8214674833730021
0.6312100344975857	0.8050381337055419
0.8115557586397532	0.7228913853682418
0.5410371724265021	0.772179434370622
0.8115557586397532	0.6243152873634815
0.8416133793301144	0.7557500847031619
0.9017286207108368	0.9693316303801424
0.5710947931168633	0.7557500847031619
0.8416133793301144	0.6078859376960215
0.8716710000204756	0.7557500847031619
0.9919014827819205	0.8707555323753822
1.1421895862337266	1.1171957773872827
1.0820743448530041	1.2322012250595031
0.7814981379493918	0.837896833040462
0.9017286207108368	0.6736033363658617
0.661267655187947	0.6736033363658617
0.7514405172590307	0.772179434370622
1.1121319655433655	1.0186196793825226
1.202304827614449	0.9036142317103023
0.7514405172590307	0.8050381337055419
0.6913252758783082	0.5750272383611015
0.8115557586397532	0.8050381337055419
0.9017286207108368	0.837896833040462
0.6913252758783082	0.8050381337055419
0.6312100344975857	0.6571739866984015
0.661267655187947	0.7064620357007818
0.7814981379493918	0.9036142317103023
1.1121319655433655	1.0514783787174427
0.931786241401198	0.9200435813777623
0.8416133793301144	0.7393207350357018
0.5710947931168633	0.6736033363658617
0.6913252758783082	0.6900326860333217
0.931786241401198	0.837896833040462
1.052016724162643	0.788608784038082
1.1421895862337266	0.9857609800476024
1.1421895862337266	0.9529022807126825
0.931786241401198	0.9364729310452223
0.7814981379493918	0.8871848820428422
0.9919014827819205	1.0021903297150625
1.052016724162643	1.0021903297150625
0.931786241401198	1.182913176057123
0.6011524138072245	0.8707555323753822
1.202304827614449	0.9200435813777623
0.8716710000204756	0.772179434370622
0.7814981379493918	0.9693316303801424
1.0219591034722817	1.182913176057123
0.8115557586397532	1.1664838263896629
1.0219591034722817	1.0186196793825226
0.8416133793301144	0.9036142317103023
0.6913252758783082	0.7557500847031619
0.5109795517361408	0.772179434370622
0.8716710000204756	0.9036142317103023
1.5629962758987836	1.1993425257245829
1.202304827614449	1.1336251270547428
0.9618438620915593	0.9857609800476024
0.9017286207108368	0.9857609800476024
0.8416133793301144	0.854326182707922
0.6913252758783082	0.6571739866984015
0.6312100344975857	0.6900326860333217
0.6011524138072245	0.5914565880285615
0.5710947931168633	0.7393207350357018
0.8115557586397532	0.837896833040462
0.8115557586397532	0.9036142317103023
0.8716710000204756	0.8050381337055419
1.7433420000409512	1.4950708197388636
1.2624200689951715	1.1336251270547428
1.172247206924088	1.215771875392043
0.4508643103554184	0.772179434370622
0.8416133793301144	0.8871848820428422
0.9017286207108368	1.2979186237293432
1.6832267586602288	1.4457827707364836
0.9919014827819205	0.8871848820428422
0.30057620690361225	0.26286959467936066
0.15028810345180613	0.31215764368174076
0.7213828965686695	0.6900326860333217
1.2624200689951715	1.577217568076164
1.5028810345180614	1.527929519073784
0.8115557586397532	1.0350490290499825
0.8716710000204756	0.9036142317103023
0.8716710000204756	0.6078859376960215
1.3826505517566163	1.1007664277198228
1.3826505517566163	1.3307773230642634
0.931786241401198	0.7557500847031619
0.5410371724265021	0.5914565880285615
0.7514405172590307	0.7393207350357018
0.6913252758783082	0.8871848820428422
0.9017286207108368	0.9200435813777623
0.9618438620915593	0.8871848820428422
0.8416133793301144	0.9857609800476024
0.9919014827819205	0.8214674833730021
0.9017286207108368	0.9364729310452223
0.7213828965686695	0.837896833040462
1.052016724162643	0.9036142317103023
1.7132843793505899	1.1993425257245829
1.442765793137339	1.2650599243944232
1.3826505517566163	1.1993425257245829
0.9017286207108368	1.0021903297150625
1.0820743448530041	1.1171957773872827
1.0219591034722817	1.1664838263896629
1.172247206924088	0.8707555323753822
1.1121319655433655	1.1336251270547428
0.8416133793301144	0.788608784038082
1.052016724162643	0.9200435813777623
0.8416133793301144	0.9364729310452223
1.1421895862337266	1.1336251270547428
1.2624200689951715	1.0679077283849026
1.172247206924088	1.0843370780523627
0.9618438620915593	0.837896833040462
0.931786241401198	1.0186196793825226
1.1421895862337266	1.0186196793825226
0.8416133793301144	0.854326182707922
1.052016724162643	0.8214674833730021
1.1421895862337266	0.9529022807126825
0.8416133793301144	0.788608784038082
0.8716710000204756	1.0679077283849026
0.931786241401198	1.1171957773872827
0.7814981379493918	0.8050381337055419
0.8416133793301144	0.7064620357007818
0.7213828965686695	0.6571739866984015
0.6913252758783082	0.9036142317103023
0.8716710000204756	0.6900326860333217
0.8115557586397532	0.7064620357007818
1.0219591034722817	0.9529022807126825
0.7514405172590307	0.7393207350357018
0.8416133793301144	0.8050381337055419
0.7213828965686695	0.7393207350357018
1.2924776896855328	0.8707555323753822
0.8115557586397532	0.788608784038082
0.7814981379493918	0.9036142317103023
0.7213828965686695	0.854326182707922
0.931786241401198	0.7228913853682418
0.8416133793301144	0.5750272383611015
0.6913252758783082	0.5585978886936414
0.661267655187947	0.5914565880285615
0.9618438620915593	1.0186196793825226
0.931786241401198	0.8214674833730021
0.8115557586397532	0.7393207350357018
0.8416133793301144	0.788608784038082
0.6312100344975857	0.6078859376960215
0.8115557586397532	0.837896833040462
0.6312100344975857	0.837896833040462
0.6913252758783082	0.6900326860333217
0.8115557586397532	0.6736033363658617
0.5410371724265021	0.7228913853682418
0.7814981379493918	0.772179434370622
0.6011524138072245	0.6243152873634815
0.5109795517361408	0.6407446370309416
0.4809219310457796	0.5585978886936414
1.0219591034722817	0.7557500847031619
0.8115557586397532	0.7557500847031619
0.4809219310457796	0.6900326860333217
0.7514405172590307	0.772179434370622
0.7814981379493918	0.5093098396912613
0.6312100344975857	0.8050381337055419
0.7514405172590307	1.0186196793825226
0.9618438620915593	0.6900326860333217
0.7514405172590307	0.6900326860333217
0.7814981379493918	0.5750272383611015
0.8115557586397532	0.5750272383611015
0.8115557586397532	0.6407446370309416
0.4208066896650572	0.772179434370622
0.4208066896650572	0.5257391893587213
0.8416133793301144	0.8214674833730021
1.1421895862337266	1.0186196793825226
0.931786241401198	0.8214674833730021
0.931786241401198	0.6900326860333217
0.4208066896650572	0.394304392019041
0.4508643103554184	0.5093098396912613
0.3907490689746959	0.5257391893587213
0.5410371724265021	0.7557500847031619
0.7514405172590307	0.7064620357007818
0.4809219310457796	0.4928804900238012
0.3907490689746959	0.5914565880285615
