DKO	Bcl6KO
0.5765150197987317	0.5696405663389834
0.5210808832796229	0.4908604880155069
0.4656467467605141	0.642360638637577
0.5986886744063753	0.6060006024882802
0.47673357406433586	0.45450045186621013
0.709556947444593	0.49692049404038974
0.4434730921528705	0.5029805000652725
0.45455991945669233	0.5938805904385146
0.5765150197987317	0.7090207049112878
0.5654281924949099	0.5757005723638662
0.7428174293560583	0.6544806506873426
0.4989072286719794	0.5878205844136318
0.6319491563178405	0.5635805603141005
0.5876018471025535	0.6181206145380458
0.5210808832796229	0.672660668761991
0.7206437747484147	0.6302406265878113
0.6541228109254841	0.6363006326126942
0.4989072286719794	0.581760578388749
0.5099940559758012	0.5332805301896866
0.609775501710197	0.6363006326126942
0.6873832928369494	0.6363006326126942
0.5210808832796229	0.6544806506873426
0.5986886744063753	0.4787404759657414
0.609775501710197	0.6060006024882802
0.6430359836216623	0.7211407169610534
0.7428174293560583	0.6847806808117567
0.6541228109254841	0.8059808013094126
0.7317306020522365	0.763560759135233
0.6208623290140188	0.7332607290108191
0.6430359836216623	0.8302208254089439
0.6541228109254841	0.6969006928615222
0.5099940559758012	0.6302406265878113
0.8536857023942759	0.7878007832347643
0.6208623290140188	0.6908406868366395
0.9867276300401371	0.7817407772098814
0.7428174293560583	0.7393207350357018
0.6319491563178405	0.672660668761991
0.8315120477866323	0.702960698886405
0.7649910839637016	0.8059808013094126
0.8315120477866323	0.8120408073342955
0.9978144573439588	0.8484008434835922
0.7871647385713453	0.7332607290108191
0.8093383931789888	0.8059808013094126
0.6873832928369494	0.6969006928615222
0.798251565875167	0.642360638637577
0.6984701201407711	0.8120408073342955
0.7317306020522365	0.7756807711849987
0.7760779112675235	0.793860789259647
0.6984701201407711	0.672660668761991
0.6208623290140188	0.5999405964633974
0.6430359836216623	0.5999405964633974
0.709556947444593	0.6181206145380458
0.6984701201407711	0.7878007832347643
0.8980330116095628	0.8665808615582408
0.9978144573439588	0.8665808615582408
0.8204252204828105	0.9090009037324203
0.8647725296980977	0.8665808615582408
0.7317306020522365	0.6787206747868738
0.7317306020522365	0.8181008133591783
0.7649910839637016	0.6969006928615222
0.8093383931789888	0.79992079528453
0.8315120477866323	0.8241608193840609
0.798251565875167	0.8726408675831234
0.8315120477866323	0.8605208555333579
0.886946184305741	0.9271809218070687
0.8204252204828105	0.7878007832347643
0.8980330116095628	0.8968808916826547
0.7317306020522365	0.7332607290108191
0.9534671481286717	0.8908208856577718
0.7871647385713453	0.8665808615582408
0.8093383931789888	0.8787008736080063
0.8758593570019194	0.8241608193840609
0.7317306020522365	0.793860789259647
0.9091198389133847	0.7575007531103501
0.8980330116095628	0.9817209760310138
0.9312934935210282	0.8544608495084751
0.7539042566598799	0.8787008736080063
0.6430359836216623	0.8665808615582408
0.8980330116095628	0.8665808615582408
0.7317306020522365	0.8847608796328891
0.9312934935210282	0.9211209157821859
0.9645539754324935	0.9696009639812483
0.6873832928369494	0.7272007229859362
0.6873832928369494	0.7090207049112878
0.6430359836216623	0.7150807109361706
0.7317306020522365	0.702960698886405
0.6762964655331276	0.7453807410605846
0.8425988750904541	0.8362808314338266
0.6873832928369494	0.793860789259647
0.7649910839637016	0.6908406868366395
0.7317306020522365	0.7878007832347643
0.9867276300401371	0.7575007531103501
1.274985139939503	1.1817011748521464
0.9202066662172064	0.8787008736080063
0.9867276300401371	1.0544410483296076
0.8315120477866323	0.8908208856577718
1.0089012846477805	0.9756609700061312
1.2971587945471463	1.1514011447277324
0.9312934935210282	0.8787008736080063
0.6762964655331276	0.6544806506873426
0.7649910839637016	0.6302406265878113
1.1086827303821765	1.0605010543544904
1.274985139939503	1.0605010543544904
0.9091198389133847	1.0847410784540215
0.8093383931789888	0.7150807109361706
0.8758593570019194	0.7817407772098814
0.8980330116095628	0.8605208555333579
1.0975959030783546	0.9332409278319516
0.8758593570019194	0.8241608193840609
0.7539042566598799	0.6605406567122254
0.709556947444593	0.6969006928615222
0.8536857023942759	0.8423408374587095
0.9202066662172064	0.7514407470854675
0.7871647385713453	0.79992079528453
0.5543413651910882	0.6484206446624597
0.6652096382293058	0.5757005723638662
0.6208623290140188	0.6666006627371082
0.7317306020522365	0.6605406567122254
0.798251565875167	0.8544608495084751
0.9756408027363153	0.8423408374587095
0.8758593570019194	0.8968808916826547
1.0089012846477805	0.8787008736080063
0.8425988750904541	0.9696009639812483
0.8647725296980977	0.9817209760310138
0.8093383931789888	0.8241608193840609
0.886946184305741	0.7817407772098814
0.7760779112675235	0.8181008133591783
0.7871647385713453	0.763560759135233
0.7649910839637016	0.8908208856577718
0.798251565875167	0.8181008133591783
0.8536857023942759	0.8302208254089439
0.8647725296980977	0.9271809218070687
0.9091198389133847	0.8362808314338266
0.8425988750904541	0.8120408073342955
0.798251565875167	0.763560759135233
0.798251565875167	0.8059808013094126
0.6984701201407711	0.7332607290108191
0.798251565875167	0.7878007832347643
0.8536857023942759	0.8544608495084751
0.9534671481286717	0.8241608193840609
0.9978144573439588	0.915060909757303
0.8980330116095628	0.8726408675831234
0.7317306020522365	0.7272007229859362
0.886946184305741	0.8665808615582408
0.8315120477866323	0.7575007531103501
0.8093383931789888	0.7150807109361706
0.6873832928369494	0.7878007832347643
0.6762964655331276	0.5999405964633974
0.7206437747484147	0.7332607290108191
0.9978144573439588	0.79992079528453
0.8093383931789888	0.7756807711849987
0.7539042566598799	0.7393207350357018
0.7428174293560583	0.7332607290108191
0.6208623290140188	0.6605406567122254
0.8204252204828105	0.8665808615582408
0.886946184305741	0.8302208254089439
0.7871647385713453	0.8181008133591783
0.6208623290140188	0.6241806205629287
0.5765150197987317	0.46056045789109296
0.6541228109254841	0.6787206747868738
0.6541228109254841	0.7272007229859362
0.7539042566598799	0.79992079528453
0.8315120477866323	0.6302406265878113
0.6652096382293058	0.5938805904385146
0.6762964655331276	0.702960698886405
0.5986886744063753	0.6060006024882802
0.5876018471025535	0.7332607290108191
0.7760779112675235	0.7817407772098814
0.7206437747484147	0.6181206145380458
0.7317306020522365	0.6847806808117567
0.5099940559758012	0.5635805603141005
0.45455991945669233	0.5999405964633974
0.5654281924949099	0.6060006024882802
0.6873832928369494	0.7817407772098814
0.8425988750904541	0.7332607290108191
0.8425988750904541	0.7332607290108191
0.6541228109254841	0.7514407470854675
0.7206437747484147	0.6241806205629287
0.6652096382293058	0.7393207350357018
0.5210808832796229	0.6484206446624597
0.6652096382293058	0.6181206145380458
0.7317306020522365	0.6908406868366395
0.6541228109254841	0.7090207049112878
0.7206437747484147	0.5878205844136318
0.6430359836216623	0.6060006024882802
0.4656467467605141	0.612060608513163
0.6873832928369494	0.6484206446624597
0.5321677105834447	0.581760578388749
0.7317306020522365	0.6484206446624597
0.5765150197987317	0.6302406265878113
0.6652096382293058	0.6544806506873426
0.798251565875167	0.672660668761991
0.7428174293560583	0.6302406265878113
0.5321677105834447	0.5454005422394522
0.5654281924949099	0.5635805603141005
0.5765150197987317	0.642360638637577
0.5876018471025535	0.6241806205629287
0.5321677105834447	0.6484206446624597
0.6984701201407711	0.6908406868366395
0.5543413651910882	0.4787404759657414
