WT	KO
0.22781344000009218	0.21823287971814223
0.20318496000008224	0.20358637772363603
0.1862528800000754	0.21823287971814223
0.20164568000008162	0.19479847652693233
0.21549920000008724	0.19772777692583357
0.22627416000009157	0.24606123350770398
0.24474552000009905	0.22116218011704347
0.20626352000008347	0.22848543111429656
0.24628480000009967	0.24899053390660525
0.20472424000008285	0.2387379825104509
0.2339705600000947	0.20358637772363603
0.22627416000009157	0.22262683031649408
0.22627416000009157	0.25045518410605583
0.24782408000010028	0.25777843510330894
0.25705976000010405	0.2592430853027596
0.24782408000010028	0.2548491347044077
0.2139599200000866	0.24606123350770398
0.21242064000008595	0.24313193310880274
0.23243128000009408	0.24459658330825337
0.2416669600000978	0.25631378490385837
0.2709132800001096	0.2826774884939695
0.25398120000010277	0.24020263270990153
0.22935272000009282	0.24020263270990153
0.22473488000009095	0.22555613071539532
0.20318496000008224	0.25777843510330894
0.2416669600000978	0.24606123350770398
0.24936336000010093	0.25777843510330894
0.2524419200001022	0.24020263270990153
0.24936336000010093	0.2856067888928707
0.22473488000009095	0.30171794108682753
0.24782408000010028	0.2680309864994633
0.22011704000008908	0.25338448450495704
0.2632168800001065	0.23727333231100028
0.24782408000010028	0.2636370359011114
0.2739918400001109	0.30464724148572875
0.2770704000001121	0.2856067888928707
0.2878453600001165	0.27681888769616697
0.2616776000001059	0.2826774884939695
0.269374000000109	0.2856067888928707
0.2924632000001184	0.2929300398901238
0.2632168800001065	0.2680309864994633
0.2847668000001153	0.2841421386934201
0.28322752000011464	0.30171794108682753
0.2601383200001053	0.2856067888928707
0.26629544000010774	0.2782835378956176
0.2632168800001065	0.2826774884939695
0.28168824000011405	0.2841421386934201
0.3078560000001246	0.3280816446769387
0.2601383200001053	0.2753542374967164
0.2678347200001084	0.27681888769616697
0.2709132800001096	0.2826774884939695
0.3032381600001227	0.27388958729726576
0.2924632000001184	0.31050584228353123
0.31401312000012704	0.30464724148572875
0.28322752000011464	0.2797481880950682
0.2924632000001184	0.3002532908873769
0.30477744000012336	0.25631378490385837
0.31863096000012897	0.30757654188462996
0.28630608000011587	0.29585934028902505
0.3001596000001215	0.34419279687089543
0.29708104000012026	0.29585934028902505
0.29400248000011897	0.3002532908873769
0.3001596000001215	0.3148997928818831
0.28938464000011715	0.30171794108682753
0.32324880000013084	0.3163644430813337
0.3109345600001258	0.30464724148572875
0.3355630400001358	0.32075839367968556
0.32324880000013084	0.33247559527529047
0.3401808800001377	0.33247559527529047
0.3401808800001377	0.32954629487638926
0.3247880800001315	0.31343514268243244
0.2955417600001196	0.3368695458736424
0.3247880800001315	0.31343514268243244
0.33710232000013646	0.34419279687089543
0.3601915200001458	0.3529806980675992
0.3201702400001296	0.3588392988654016
0.32632736000013207	0.3251523442780374
0.31401312000012704	0.338334196073093
0.34479872000013956	0.3471220972697967
0.3032381600001227	0.35005139766869797
0.3201702400001296	0.3192937434802349
0.3417201600001383	0.3397988462725436
0.3417201600001383	0.3368695458736424
0.3678879200001489	0.3720211506604572
0.33094520000013394	0.3061118916851793
0.269374000000109	0.2636370359011114
0.2786096800001127	0.24899053390660525
0.28168824000011405	0.2812128382945188
0.25705976000010405	0.24606123350770398
0.2847668000001153	0.29000073949122257
0.31555240000012774	0.31197049248298186
0.28938464000011715	0.30464724148572875
0.22473488000009095	0.215303579319241
0.20472424000008285	0.19919242712528418
0.2847668000001153	0.27388958729726576
0.28322752000011464	0.2592430853027596
0.3078560000001246	0.29585934028902505
0.3109345600001258	0.2797481880950682
0.2139599200000866	0.21383892911979038
0.21703848000008785	0.2240914805159447
0.19856712000008037	0.22116218011704347
0.22627416000009157	0.2314147315131978
0.32324880000013084	0.27388958729726576
0.29862032000012084	0.30757654188462996
0.3417201600001383	0.2856067888928707
0.28168824000011405	0.23434403191209904
0.19856712000008037	0.21383892911979038
0.24012768000009718	0.23727333231100028
0.2924632000001184	0.3354048956741918
0.3278666400001327	0.338334196073093
0.28322752000011464	0.2753542374967164
0.23089200000009344	0.2167682295186916
0.28322752000011464	0.2724249370978151
0.2709132800001096	0.2870714390923213
0.29862032000012084	0.3148997928818831
0.33094520000013394	0.3222230438791362
0.3586522400001452	0.36762720006210536
0.3663486400001483	0.38227370205661154
0.3340237600001352	0.33247559527529047
0.34479872000013956	0.31050584228353123
0.32632736000013207	0.3412634964719942
0.3417201600001383	0.36762720006210536
0.3324844800001346	0.3529806980675992
0.34633800000014014	0.3529806980675992
0.32632736000013207	0.34419279687089543
0.3294059200001333	0.3310109450758399
0.3586522400001452	0.3368695458736424
0.3725057600001508	0.3280816446769387
0.3401808800001377	0.3280816446769387
0.3217095200001302	0.3310109450758399
0.3278666400001327	0.338334196073093
0.3340237600001352	0.32368769407858683
0.32324880000013084	0.3280816446769387
0.34633800000014014	0.30757654188462996
0.35711296000014453	0.31343514268243244
0.32632736000013207	0.35737464866595103
0.3217095200001302	0.3397988462725436
0.30477744000012336	0.2973239904884757
0.31555240000012774	0.29878864068792627
0.2955417600001196	0.3031825912862781
0.3170916800001284	0.34419279687089543
0.3032381600001227	0.3163644430813337
0.29400248000011897	0.3251523442780374
0.2924632000001184	0.33247559527529047
0.29862032000012084	0.31343514268243244
0.29400248000011897	0.30171794108682753
0.2924632000001184	0.2812128382945188
0.3217095200001302	0.30464724148572875
0.26475616000010715	0.2724249370978151
0.29862032000012084	0.31050584228353123
0.2739918400001109	0.2797481880950682
0.2755311200001115	0.30757654188462996
0.2786096800001127	0.28853608929177194
0.2786096800001127	0.3280816446769387
0.26475616000010715	0.2680309864994633
0.2632168800001065	0.2607077355022102
0.2709132800001096	0.2826774884939695
0.2847668000001153	0.2797481880950682
0.2924632000001184	0.31050584228353123
0.2632168800001065	0.24899053390660525
0.27245256000011026	0.2753542374967164
0.25705976000010405	0.29146538969067315
0.27245256000011026	0.28853608929177194
0.2709132800001096	0.2826774884939695
0.2786096800001127	0.2753542374967164
0.2786096800001127	0.2724249370978151
0.21088136000008534	0.2856067888928707
0.24012768000009718	0.2753542374967164
0.25705976000010405	0.2548491347044077
0.2555204800001034	0.24899053390660525
0.2709132800001096	0.2753542374967164
0.25859904000010464	0.25191983430550646
0.26629544000010774	0.24899053390660525
0.2616776000001059	0.25777843510330894
0.24474552000009905	0.24459658330825337
0.26475616000010715	0.2812128382945188
0.2678347200001084	0.25338448450495704
0.24782408000010028	0.2548491347044077
0.25090264000010154	0.2694956366989139
0.24320624000009844	0.22848543111429656
0.22627416000009157	0.25338448450495704
0.20010640000008098	0.24752588370715461
0.22319560000009034	0.24899053390660525
0.21088136000008534	0.24459658330825337
0.21088136000008534	0.22702078091484595
0.2555204800001034	0.25777843510330894
0.2555204800001034	0.2782835378956176
0.2739918400001109	0.23287938171264844
0.22319560000009034	0.2314147315131978
0.19856712000008037	0.23727333231100028
0.23243128000009408	0.23434403191209904
0.22935272000009282	0.2240914805159447
0.21857776000008847	0.2387379825104509
0.21549920000008724	0.22262683031649408
0.21857776000008847	0.19919242712528418
0.20934208000008472	0.22555613071539532
0.21857776000008847	0.22116218011704347
0.20626352000008347	0.21823287971814223
0.21703848000008785	0.21090962872088914
0.2139599200000866	0.21969752991759287
