WT	KO
0.2927796147600174	0.27447569415888246
0.28155207791081316	0.24406970408738948
0.27464282446514904	0.25968359088085885
0.29018864471789335	0.26543607548897913
0.30832543501276166	0.28022817876700273
0.31782565850054983	0.28269352931334
0.32214394190408996	0.26707964251987065
0.31264371841630173	0.28598066337512307
0.31350737509700977	0.2752974776743282
0.31005274837417773	0.2835153128287858
0.3057344649706376	0.2752974776743282
0.3195529718619659	0.26461429197353337
0.3454626722832064	0.2835153128287858
0.35323558240957853	0.31145595235394147
0.3109164050548857	0.2851588798596773
0.34978095568674644	0.26954499306620794
0.32214394190408996	0.2851588798596773
0.30659812165134565	0.28762423040601454
0.3420080455603743	0.2941984985295806
0.327325881988338	0.2711885600970994
0.3463263289639144	0.2900895809523518
0.33941707551825023	0.29666384907591786
0.32818953866904604	0.29912919962225515
0.33941707551825023	0.3246044886010736
0.34978095568674644	0.30405990071492967
0.33509879211471016	0.2983074161068094
0.3195529718619659	0.3180302204775075
0.3463263289639144	0.30405990071492967
0.35323558240957853	0.3081688182921585
0.3454626722832064	0.3254262721165193
0.3454626722832064	0.3180302204775075
0.3428717022410823	0.3172084369620618
0.33855341883754225	0.3057034677458212
0.36705408930090677	0.32871340617830236
0.3687814026623228	0.3336441072709769
0.3877818496378992	0.33117875672463964
0.38173625287294305	0.3451490764872175
0.3463263289639144	0.3204955710238448
0.3877818496378992	0.31967378750839903
0.4059186399327675	0.3246044886010736
0.4050549832520595	0.35336691164167505
0.4007366998485194	0.3624065303115784
0.3938274464028553	0.34597086000266325
0.38864550631860717	0.32871340617830236
0.3998730431678114	0.3722679324969274
0.4206008035048038	0.3673372314042529
0.3990093864871034	0.3221391380547363
0.39728207312568736	0.35336691164167505
0.40850960997489155	0.35172334461078353
0.3964184164449793	0.350079777579892
0.39037281968002324	0.36076296328068685
0.4093732666555996	0.3476144270335548
0.39296378972214724	0.36076296328068685
0.3955547597642713	0.37062436546603594
0.380872596192235	0.33857480836365145
0.38173625287294305	0.3451490764872175
0.4050549832520595	0.3352876743018684
0.38864550631860717	0.35583226218801234
0.40332766989064345	0.35583226218801234
0.3938274464028553	0.3911689533521798
0.4162825201012637	0.3426837259408802
0.3912364763607312	0.3229609215701821
0.3877818496378992	0.3541886951571208
0.433555653715424	0.37555506655871046
0.4223281168662198	0.3451490764872175
0.41196423669772364	0.3525451281262293
0.3644631192587827	0.3278916226628566
0.4154188634205557	0.37391149952781894
0.4465105039260442	0.380485767651385
0.45428341405241635	0.3862382522595053
0.44910147396816824	0.3919907368676256
0.41887349014338776	0.37802041710504775
0.41369155005913966	0.35665404570345804
0.4456468472453362	0.40267392256842044
0.4741475177087007	0.4010303555375289
0.46637460758232857	0.4076046236610949
0.43528296707684	0.37555506655871046
0.43960125048038007	0.40020857202208315
0.46464729422091255	0.40513927311475767
0.4689655776244526	0.4281492115472388
0.47501117438940876	0.42568386100090155
0.4508287873295843	0.39527787092940864
0.3843272229150671	0.35665404570345804
0.3722360293851549	0.3426837259408802
0.3160983451391338	0.2868024468905688
0.29018864471789335	0.2703667765816537
0.2979615548442655	0.2785846117361112
0.2841430479529372	0.28926779743690606
0.3307805087111701	0.2958420655604721
0.2988252115249735	0.29337671501413487
0.2927796147600174	0.2687232095507622
0.37050871602373886	0.33117875672463964
0.4499651306488763	0.427327428031793
0.5017845314913573	0.4675948202886351
0.39037281968002324	0.35090156109533777
0.25650603417028073	0.2580400238499673
0.30659812165134565	0.30159455016859243
0.36187214921665867	0.34843621054900054
0.4206008035048038	0.37802041710504775
0.2979615548442655	0.24982218869550976
0.18309521631009937	0.16435670308915118
0.29537058480214146	0.24653505463372674
0.41369155005913966	0.3550104786725666
0.38000893951152703	0.3747332830432647
0.323871255265506	0.2999509831377009
0.271188197742317	0.26297072494264184
0.380872596192235	0.3172084369620618
0.4516924440102923	0.41582245881555246
0.43787393711896405	0.39774322147574587
0.37655431278869494	0.3393965918790972
0.27982476454939714	0.24160435354105222
0.31696200181984185	0.2868024468905688
0.3022798382478056	0.29173314798324335
0.3143710317777178	0.3007727666531467
0.2996888682056815	0.28598066337512307
0.26946088438090093	0.24160435354105222
0.31178006173559375	0.27940639525155697
0.3679177459816148	0.3369312413327599
0.4301010269925919	0.3747332830432647
0.4767384877508248	0.4092481906919864
0.4767384877508248	0.3944560874139629
0.4827840845157809	0.4297927785781303
0.4560107274138324	0.39856500499119163
0.4637836375402045	0.40020857202208315
0.437010280438256	0.40596105663020343
0.4732838610279927	0.4092481906919864
0.42491908690834385	0.39527787092940864
0.4318283403540079	0.38130755116683074
0.4257827435890519	0.38541646874405955
0.4266464002697599	0.3944560874139629
0.43441931039613196	0.380485767651385
0.4180098334626797	0.37062436546603594
0.4257827435890519	0.346792643518109
0.40332766989064345	0.35172334461078353
0.4162825201012637	0.37966398413593927
0.4206008035048038	0.3698025819505902
0.4093732666555996	0.3574758292189038
0.4206008035048038	0.35829761273434957
0.3938274464028553	0.35911939624979533
0.39037281968002324	0.3574758292189038
0.3722360293851549	0.3262480556319651
0.4206008035048038	0.3673372314042529
0.40850960997489155	0.3722679324969274
0.4041913265713515	0.3574758292189038
0.4180098334626797	0.3393965918790972
0.41196423669772364	0.34597086000266325
0.36359946257807474	0.3303569732091939
0.36619043262019874	0.3476144270335548
0.34891729900603846	0.3377530248482057
0.37050871602373886	0.3278916226628566
0.3912364763607312	0.346792643518109
0.37569065610798696	0.3393965918790972
0.377417969469403	0.3426837259408802
0.3739633427465709	0.3393965918790972
0.38864550631860717	0.3352876743018684
0.38173625287294305	0.3426837259408802
0.35669020913241056	0.35583226218801234
0.3515082690481625	0.3254262721165193
0.3471899856446224	0.3320005402400854
0.37569065610798696	0.35583226218801234
0.3610084925359507	0.3254262721165193
0.3575538658131186	0.32131735453929056
0.38173625287294305	0.31885200399295327
0.3506446123674545	0.33282232375553117
0.3739633427465709	0.3303569732091939
0.35841752249382663	0.32871340617830236
0.3506446123674545	0.3336441072709769
0.3515082690481625	0.3221391380547363
0.3540992390902865	0.31967378750839903
0.3679177459816148	0.3172084369620618
0.34891729900603846	0.3048816842303754
0.32214394190408996	0.2884460139214603
0.35669020913241056	0.3081688182921585
0.3359624487954182	0.31227773586938723
0.34459901560249834	0.31967378750839903
0.3143710317777178	0.29666384907591786
0.32991685203046206	0.29912919962225515
0.33941707551825023	0.31145595235394147
0.32214394190408996	0.29666384907591786
0.3325078220725861	0.28926779743690606
0.323871255265506	0.29666384907591786
0.32214394190408996	0.28187174579789426
0.31350737509700977	0.2958420655604721
0.3204166285426739	0.2605053743963046
0.3057344649706376	0.2736539106434367
0.29537058480214146	0.2851588798596773
0.2927796147600174	0.2605053743963046
0.3109164050548857	0.2752974776743282
0.33337147875329415	0.28762423040601454
0.3204166285426739	0.27940639525155697
0.2789611078686891	0.2613271579117504
0.272051854423025	0.23996078651016073
0.271188197742317	0.24571327111828098
0.30832543501276166	0.24160435354105222
0.29105230139860133	0.2605053743963046
0.29105230139860133	0.26543607548897913
0.27464282446514904	0.25968359088085885
0.26946088438090093	0.2580400238499673
0.28155207791081316	0.24571327111828098
0.31005274837417773	0.2531093227572928
