WT	KO
0.39756924402187005	0.35338716432719436
0.4092624570813368	0.4306906065237681
0.502808161557071	0.4306906065237681
0.3391031787245362	0.35338716432719436
0.44434209625973714	0.4306906065237681
0.32740996566506947	0.4196472576385433
0.4209556701408036	0.4306906065237681
0.549581013794938	0.45277730429421775
0.5261945876760045	0.5079940487203418
0.3858760309624033	0.375473862097644
0.3157167526056027	0.45277730429421775
0.4326488832002704	0.3644305132124192
0.36248960484346976	0.47486400206466745
0.4209556701408036	0.2760837221306206
0.5261945876760045	0.5190373976055667
0.46772852237867063	0.48590735094989224
0.549581013794938	0.5411240953760164
0.49111494849760423	0.5300807464907915
0.4092624570813368	0.47486400206466745
0.4560353093192039	0.496950699835117
0.49111494849760423	0.3975605598680937
0.4794217354381374	0.45277730429421775
0.4092624570813368	0.45277730429421775
0.549581013794938	0.45277730429421775
0.49111494849760423	0.5742541420316909
0.502808161557071	0.48590735094989224
0.3858760309624033	0.45277730429421775
0.4092624570813368	0.5521674442612412
0.46772852237867063	0.6405142353430398
0.4092624570813368	0.4306906065237681
0.5729674399138714	0.5300807464907915
0.6548199313301389	0.5411240953760164
0.44434209625973714	0.4638206531794426
0.49111494849760423	0.3975605598680937
0.4092624570813368	0.35338716432719436
0.4326488832002704	0.3865172109828688
0.4560353093192039	0.563210793146466
0.4092624570813368	0.4417339554089929
0.4794217354381374	0.3975605598680937
0.6431267182706721	0.5190373976055667
0.5145013746165378	0.48590735094989224
0.6314335052112054	0.6073841886873653
0.49111494849760423	0.3865172109828688
0.3858760309624033	0.5190373976055667
0.4794217354381374	0.4086039087533185
0.502808161557071	0.4638206531794426
0.549581013794938	0.5079940487203418
0.4326488832002704	0.5742541420316909
0.39756924402187005	0.5190373976055667
0.4560353093192039	0.5300807464907915
0.5963538660328052	0.6184275375725901
0.5378878007354713	0.3865172109828688
0.4209556701408036	0.4638206531794426
0.49111494849760423	0.47486400206466745
0.37418281790293656	0.4638206531794426
0.44434209625973714	0.496950699835117
0.4326488832002704	0.45277730429421775
0.5261945876760045	0.5742541420316909
0.6197402921517386	0.6405142353430398
0.549581013794938	0.6294708864578149
0.5261945876760045	0.563210793146466
0.5261945876760045	0.5521674442612412
0.44434209625973714	0.4086039087533185
0.5612742268544048	0.7399043753100631
0.5378878007354713	0.6405142353430398
0.4209556701408036	0.6736442819987143
0.5145013746165378	0.563210793146466
0.5612742268544048	0.563210793146466
0.5378878007354713	0.5852974909169156
0.5145013746165378	0.47486400206466745
0.4326488832002704	0.6405142353430398
0.4209556701408036	0.5521674442612412
0.4560353093192039	0.563210793146466
0.549581013794938	0.5300807464907915
0.5846606529733384	0.6073841886873653
0.5261945876760045	0.6294708864578149
0.6548199313301389	0.6736442819987143
0.7249792096869395	0.6515575842282646
0.4560353093192039	0.6184275375725901
0.6080470790922718	0.6626009331134893
0.46772852237867063	0.5079940487203418
0.4092624570813368	0.5963408398021405
0.6080470790922718	0.5411240953760164
0.502808161557071	0.5521674442612412
0.6197402921517386	0.6736442819987143
0.5612742268544048	0.5300807464907915
0.5729674399138714	0.6736442819987143
0.5378878007354713	0.5852974909169156
0.36248960484346976	0.4306906065237681
0.5612742268544048	0.5190373976055667
0.4560353093192039	0.496950699835117
0.49111494849760423	0.47486400206466745
0.3157167526056027	0.47486400206466745
0.44434209625973714	0.34234381544196957
0.35079639178400296	0.4086039087533185
0.3040235395461359	0.34234381544196957
0.18709140895146828	0.496950699835117
0.15201176977306796	0.33130046655674467
0.3858760309624033	0.496950699835117
0.7015927835680059	0.5190373976055667
0.6197402921517386	0.496950699835117
0.549581013794938	0.563210793146466
0.4560353093192039	0.5742541420316909
0.17539819589200148	0.2319103265897213
0.26894390036773563	0.30921376878629503
0.26894390036773563	0.24295367547494612
0.3040235395461359	0.3644305132124192
0.502808161557071	0.35338716432719436
0.4209556701408036	0.496950699835117
0.5261945876760045	0.5411240953760164
0.44434209625973714	0.5300807464907915
0.5378878007354713	0.563210793146466
0.49111494849760423	0.5411240953760164
0.5963538660328052	0.47486400206466745
0.4560353093192039	0.496950699835117
0.5378878007354713	0.47486400206466745
0.6314335052112054	0.6294708864578149
0.4209556701408036	0.5742541420316909
0.5729674399138714	0.47486400206466745
0.4209556701408036	0.47486400206466745
0.5145013746165378	0.6626009331134893
0.5612742268544048	0.4638206531794426
0.4794217354381374	0.5079940487203418
0.549581013794938	0.6294708864578149
0.3391031787245362	0.47486400206466745
0.6080470790922718	0.563210793146466
0.6080470790922718	0.6294708864578149
0.3858760309624033	0.5190373976055667
0.6080470790922718	0.4196472576385433
0.5145013746165378	0.3644305132124192
0.6898995705085392	0.5521674442612412
0.7249792096869395	0.6405142353430398
0.5729674399138714	0.5300807464907915
0.549581013794938	0.5521674442612412
0.4326488832002704	0.47486400206466745
0.49111494849760423	0.47486400206466745
0.6898995705085392	0.6846876308839391
0.5729674399138714	0.5852974909169156
0.6898995705085392	0.8945112597032107
0.6431267182706721	0.6846876308839391
0.549581013794938	0.5300807464907915
0.6197402921517386	0.5190373976055667
0.5963538660328052	0.5852974909169156
0.5729674399138714	0.6736442819987143
0.5963538660328052	0.5963408398021405
0.5612742268544048	0.5079940487203418
0.39756924402187005	0.4306906065237681
0.5846606529733384	0.4306906065237681
0.6431267182706721	0.5521674442612412
0.4209556701408036	0.4196472576385433
0.5612742268544048	0.5742541420316909
0.5261945876760045	0.5852974909169156
0.6080470790922718	0.6515575842282646
0.5963538660328052	0.48590735094989224
0.4794217354381374	0.5079940487203418
0.49111494849760423	0.4196472576385433
0.49111494849760423	0.48590735094989224
0.5378878007354713	0.7178176775396136
0.5378878007354713	0.6846876308839391
0.44434209625973714	0.48590735094989224
0.4794217354381374	0.34234381544196957
0.32740996566506947	0.29817041990107024
0.5378878007354713	0.4638206531794426
0.5378878007354713	0.4306906065237681
0.44434209625973714	0.5963408398021405
0.36248960484346976	0.3865172109828688
0.36248960484346976	0.5079940487203418
0.46772852237867063	0.47486400206466745
0.49111494849760423	0.563210793146466
0.6548199313301389	0.6957309797691639
0.5729674399138714	0.5963408398021405
0.4560353093192039	0.34234381544196957
0.5378878007354713	0.5079940487203418
0.4209556701408036	0.5963408398021405
0.37418281790293656	0.5963408398021405
0.49111494849760423	0.6184275375725901
0.4560353093192039	0.29817041990107024
0.549581013794938	0.563210793146466
0.5261945876760045	0.5079940487203418
0.5846606529733384	0.5079940487203418
0.5145013746165378	0.563210793146466
0.3040235395461359	0.33130046655674467
0.549581013794938	0.4306906065237681
0.5378878007354713	0.5963408398021405
0.3858760309624033	0.5079940487203418
0.5261945876760045	0.6073841886873653
0.4794217354381374	0.48590735094989224
0.39756924402187005	0.4086039087533185
0.44434209625973714	0.3865172109828688
0.49111494849760423	0.4196472576385433
0.4560353093192039	0.5079940487203418
0.37418281790293656	0.4196472576385433
0.36248960484346976	0.3975605598680937
0.37418281790293656	0.5079940487203418
0.32740996566506947	0.4638206531794426
0.4326488832002704	0.496950699835117
0.6080470790922718	0.45277730429421775
0.5963538660328052	0.5300807464907915
0.4326488832002704	0.5079940487203418
0.39756924402187005	0.4306906065237681
