WT	KO
0.5720044694266214	0.40873383050490936
0.547792640032902	0.36585965247991886
0.505421938593893	0.31155236031493094
0.5901633414719109	0.36871793101491823
0.5326602466618273	0.3973007163649119
0.6476664362819945	0.3887258807599138
0.5629250334039766	0.34870998126992264
0.5689779907524064	0.3887258807599138
0.5326602466618273	0.351568259804922
0.5145013746165378	0.383009323689915
0.5720044694266214	0.3887258807599138
0.6174016495398452	0.42016694464490684
0.587136862797696	0.36871793101491823
0.623454606888275	0.3572848168749208
0.5387132040102571	0.34870998126992264
0.5750309481008363	0.4144503875749081
0.5780574267750512	0.45160800852989985
0.6446399576077796	0.4658994012048967
0.6295075642367051	0.4458914514599011
0.6416134789335647	0.36871793101491823
0.6446399576077796	0.37157620954991755
0.541739682684472	0.3887258807599138
0.48423658787438845	0.4115921090399087
0.6385870002593498	0.42016694464490684
0.5962162988203408	0.3944424378299125
0.6295075642367051	0.4173086661099074
0.6476664362819945	0.48590735094989224
0.5689779907524064	0.40873383050490936
0.5538455973813318	0.3915841592949132
0.623454606888275	0.40301727343491067
0.6204281282140601	0.43160005878490426
0.6295075642367051	0.40015899489991125
0.671878265675714	0.3887258807599138
0.6597723509788543	0.48590735094989224
0.7112224884405081	0.49734046508988966
0.6930636163952185	0.45160800852989985
0.6991165737436483	0.5087735792298872
0.7384607965084424	0.4458914514599011
0.7293813604857976	0.4458914514599011
0.7233284031373677	0.4287417802499049
0.7384607965084424	0.40301727343491067
0.6567458723046393	0.3915841592949132
0.6779312230241438	0.4601828441348979
0.7414872751826573	0.4344583373199037
0.7112224884405081	0.4944821865548903
0.8201757207122455	0.5287815289748827
0.668851787001499	0.3801510451549157
0.6506929149562094	0.40587555196991
0.7021430524178632	0.4601828441348979
0.6658253083272841	0.4487497299949005
0.8413610714317499	0.5144901362998859
0.750566711205302	0.491623908019891
0.7384607965084424	0.45160800852989985
0.7747785405990215	0.48590735094989224
0.6658253083272841	0.491623908019891
0.7929374126443112	0.47447423680989476
0.8232021993864604	0.5173484148348853
0.6537193936304243	0.4658994012048967
0.6416134789335647	0.47447423680989476
0.8080698060153857	0.5059153006948879
0.8685993794996842	0.5116318577648865
0.8897847302191888	0.5116318577648865
0.7233284031373677	0.4601828441348979
0.7656991045763768	0.4716159582748954
0.798990369992741	0.5602225928598757
0.7717520619248066	0.4944821865548903
0.7838579766216662	0.4601828441348979
0.6960900950694334	0.48590735094989224
0.6809577016983587	0.44303317292490174
0.6749047443499289	0.48304907241489287
0.8232021993864604	0.5173484148348853
0.8988641662418335	0.49734046508988966
0.8171492420380304	0.5516477572548777
0.7656991045763768	0.4458914514599011
0.8443875501059648	0.5916636567448688
0.9049171235902634	0.5888053782098693
0.8595199434770395	0.5144901362998859
0.8685993794996842	0.554506035789877
0.8897847302191888	0.5659391499298745
0.9745261330972067	0.5202066933698846
0.9200495169613381	0.5802305426048713
0.9472878250292723	0.5916636567448688
0.8474140287801797	0.523064971904884
0.8080698060153857	0.5430729216498795
0.798990369992741	0.523064971904884
0.9200495169613381	0.5402146431148802
0.8897847302191888	0.5116318577648865
0.8413610714317499	0.5173484148348853
0.6779312230241438	0.47447423680989476
0.6506929149562094	0.40301727343491067
0.5750309481008363	0.3858676022249144
0.8534669861286097	0.5687974284648739
0.708196009766293	0.4887656294848916
0.6506929149562094	0.3973007163649119
0.5266072893133974	0.351568259804922
0.3026478674214928	0.23437883986994804
0.49028954522281826	0.27153646082493976
0.48121010920017354	0.3144106388499303
0.7778050192732364	0.48304907241489287
0.7687255832505917	0.5430729216498795
0.4358129290869496	0.3144106388499303
0.714248967114723	0.437316615854903
0.7414872751826573	0.4344583373199037
0.42975997173851976	0.25152851107994423
0.4993689812454631	0.3315603100599265
0.3692303982542212	0.2286622827999493
0.5084484172681079	0.4144503875749081
0.750566711205302	0.4144503875749081
0.6809577016983587	0.4658994012048967
0.8504405074543947	0.5830888211398707
0.541739682684472	0.3801510451549157
0.62648108556249	0.3973007163649119
0.6295075642367051	0.44017489438990237
0.8050433273411708	0.523064971904884
0.7959638913185261	0.5916636567448688
0.8474140287801797	0.5030570221598885
0.8050433273411708	0.5430729216498795
0.8958376875676186	0.5916636567448688
0.9049171235902634	0.5259232504398833
0.8171492420380304	0.5116318577648865
0.8171492420380304	0.5516477572548777
0.8685993794996842	0.5430729216498795
0.7354343178342274	0.5116318577648865
0.8564934648028246	0.4944821865548903
0.8837317728707589	0.5373563645798809
0.9109700809386932	0.5602225928598757
0.8625464221512544	0.5630808713948752
0.7414872751826573	0.4573245655998986
0.8020168486669559	0.5259232504398833
0.7717520619248066	0.5087735792298872
0.8625464221512544	0.523064971904884
0.7747785405990215	0.491623908019891
0.6870106590467886	0.46875767973989607
0.8171492420380304	0.4230252231799062
0.7293813604857976	0.48590735094989224
0.7475402325310871	0.5116318577648865
0.8474140287801797	0.5945219352798682
0.8141227633638155	0.48304907241489287
0.6930636163952185	0.48019079387989355
0.7354343178342274	0.5402146431148802
0.7203019244631528	0.45160800852989985
0.7687255832505917	0.437316615854903
0.7808314979474513	0.4716159582748954
0.714248967114723	0.4487497299949005
0.714248967114723	0.43160005878490426
0.7203019244631528	0.44303317292490174
0.6870106590467886	0.491623908019891
0.714248967114723	0.5316398075098822
0.7656991045763768	0.4658994012048967
0.671878265675714	0.4658994012048967
0.7475402325310871	0.48304907241489287
0.6870106590467886	0.4144503875749081
0.6627988296530692	0.47447423680989476
0.6839841803725737	0.3858676022249144
0.6779312230241438	0.4658994012048967
0.7808314979474513	0.491623908019891
0.6658253083272841	0.44017489438990237
0.623454606888275	0.4458914514599011
0.6446399576077796	0.37443448808491697
0.63253404291092	0.4287417802499049
0.7626726259021618	0.4658994012048967
0.708196009766293	0.48019079387989355
0.6416134789335647	0.437316615854903
0.5810839054492661	0.40015899489991125
0.6567458723046393	0.4258835017149055
0.6416134789335647	0.44017489438990237
0.5266072893133974	0.3915841592949132
0.5810839054492661	0.3915841592949132
0.6052957348429856	0.491623908019891
0.6355605215851349	0.4258835017149055
0.6385870002593498	0.44303317292490174
0.5810839054492661	0.4144503875749081
0.5901633414719109	0.40873383050490936
0.6870106590467886	0.437316615854903
0.62648108556249	0.491623908019891
0.668851787001499	0.49734046508988966
0.671878265675714	0.4658994012048967
0.6174016495398452	0.4601828441348979
0.6022692561687707	0.4287417802499049
0.5508191187071169	0.4144503875749081
0.6174016495398452	0.3630013739449195
0.48423658787438845	0.4115921090399087
0.6083222135172005	0.4601828441348979
0.753593189879517	0.49734046508988966
0.6597723509788543	0.44017489438990237
0.5750309481008363	0.45160800852989985
0.5205543319649676	0.4573245655998986
0.5356867253360422	0.3915841592949132
0.6083222135172005	0.44017489438990237
0.6355605215851349	0.44303317292490174
0.6295075642367051	0.4544662870648992
0.5962162988203408	0.4487497299949005
0.5931898201461258	0.3144106388499303
0.5720044694266214	0.30583580324493215
0.587136862797696	0.40015899489991125
0.5689779907524064	0.383009323689915
0.5296337679876123	0.40873383050490936
0.5538455973813318	0.44303317292490174
0.6052957348429856	0.3315603100599265
0.505421938593893	0.4716159582748954
