WT	KO
0.5195954476325431	0.6254253032028316
0.376961403184394	0.44260867611277316
0.32602067302434073	0.375255181921699
0.3667732571523833	0.4714744593375192
0.5094073016005324	0.5965595199780855
0.49921915556852176	0.48109638707910124
0.43809027937645784	0.5195840980454294
0.34639696508836204	0.45223060385435515
0.4177139873124366	0.4329867483711911
0.4279021333444472	0.6446691586859957
0.3871495492164046	0.5099621703038473
0.5909124698566175	0.6158033754612495
0.4788428635045005	0.41374289288802707
0.4788428635045005	0.5003402425622653
0.3973376952484153	0.5965595199780855
0.49921915556852176	0.5676937367533395
0.4788428635045005	0.48109638707910124
0.4788428635045005	0.5484498812701754
0.4279021333444472	0.4329867483711911
0.4890310095365111	0.44260867611277316
0.5399717396965643	0.5292060257870114
0.5094073016005324	0.5099621703038473
0.5807243238246069	0.5388279535285935
0.3667732571523833	0.5676937367533395
0.376961403184394	0.46185253159593714
0.5603480317605857	0.5292060257870114
0.5297835936645537	0.6254253032028316
0.5195954476325431	0.6735349419107417
0.5399717396965643	0.7120226528770698
0.5297835936645537	0.5003402425622653
0.49921915556852176	0.5484498812701754
0.4279021333444472	0.6350472309444136
0.49921915556852176	0.5292060257870114
0.5094073016005324	0.5292060257870114
0.5094073016005324	0.5773156644949214
0.5705361777925964	0.7216445806186519
0.6112887619206389	0.6639130141691597
0.550159885728575	0.6639130141691597
0.6622294920806922	0.6446691586859957
0.6724176381127028	0.7889980748097261
0.5603480317605857	0.7024007251354878
0.4890310095365111	0.5965595199780855
0.5807243238246069	0.6446691586859957
0.6520413460486815	0.6927787973939057
0.6418532000166708	0.769754219326562
0.5399717396965643	0.6446691586859957
0.6316650539846601	0.76013229158498
0.6112887619206389	0.6350472309444136
0.4788428635045005	0.750510363843398
0.6011006158886282	0.6735349419107417
0.5195954476325431	0.6735349419107417
0.6418532000166708	0.6061814477196675
0.6927939301767241	0.6735349419107417
0.6826057841447134	0.6831568696523237
0.6826057841447134	0.769754219326562
0.5603480317605857	0.7216445806186519
0.7437346603367773	0.6542910864275777
0.7131702222407453	0.6639130141691597
0.865992412720905	0.8274857857760541
0.723358368272756	0.9814366296413665
0.6622294920806922	0.8274857857760541
0.6927939301767241	0.7312665083602339
0.7131702222407453	0.5484498812701754
0.7131702222407453	0.7986200025513079
0.753922806368788	0.8371077135176361
0.8354279746248732	0.8274857857760541
0.6418532000166708	0.8563515690008002
0.5705361777925964	0.7312665083602339
0.6112887619206389	0.76013229158498
0.8456161206568837	0.7312665083602339
0.6520413460486815	0.6639130141691597
0.7437346603367773	0.7793761470681441
0.5297835936645537	0.5965595199780855
0.7029820762087348	0.7986200025513079
0.8558042666888944	0.9621927741582025
0.723358368272756	0.7889980748097261
0.5399717396965643	0.6350472309444136
0.5297835936645537	0.5869375922365034
0.8252398285928625	0.6254253032028316
0.6418532000166708	0.7120226528770698
0.7437346603367773	0.7986200025513079
0.4890310095365111	0.6061814477196675
0.5909124698566175	0.6542910864275777
0.6418532000166708	0.750510363843398
0.6622294920806922	0.7120226528770698
0.6622294920806922	0.769754219326562
0.7437346603367773	0.6831568696523237
0.5195954476325431	0.7120226528770698
0.4788428635045005	0.44260867611277316
0.4686547174724898	0.6927787973939057
0.40752584128042596	0.5003402425622653
0.5603480317605857	0.5869375922365034
0.6520413460486815	0.6927787973939057
0.6112887619206389	0.6639130141691597
0.32602067302434073	0.41374289288802707
0.4177139873124366	0.36563325418011694
0.34639696508836204	0.46185253159593714
0.7844872444648199	0.7216445806186519
0.6826057841447134	0.8755954244839642
0.753922806368788	0.7889980748097261
0.6724176381127028	0.8755954244839642
0.6724176381127028	0.6927787973939057
0.6418532000166708	0.7120226528770698
0.3973376952484153	0.5003402425622653
0.49921915556852176	0.5099621703038473
0.376961403184394	0.45223060385435515
0.4686547174724898	0.5292060257870114
0.5603480317605857	0.7216445806186519
0.7437346603367773	0.7312665083602339
0.5297835936645537	0.5773156644949214
0.45846657144047914	0.41374289288802707
0.3667732571523833	0.44260867611277316
0.5399717396965643	0.5869375922365034
0.6826057841447134	0.7408884361018159
0.7437346603367773	0.817863858034472
0.6418532000166708	0.6446691586859957
0.6316650539846601	0.7216445806186519
0.6826057841447134	0.750510363843398
0.5705361777925964	0.750510363843398
0.7844872444648199	0.750510363843398
0.6826057841447134	0.7024007251354878
0.6927939301767241	0.7024007251354878
0.5399717396965643	0.6061814477196675
0.6214769079526495	0.6735349419107417
0.6520413460486815	0.6254253032028316
0.6927939301767241	0.7120226528770698
0.753922806368788	0.7216445806186519
0.5603480317605857	0.6158033754612495
0.5195954476325431	0.5580718090117573
0.6418532000166708	0.6831568696523237
0.7029820762087348	0.6542910864275777
0.7335465143047666	0.6542910864275777
0.723358368272756	0.7408884361018159
0.6011006158886282	0.6446691586859957
0.5297835936645537	0.5580718090117573
0.6112887619206389	0.6446691586859957
0.6316650539846601	0.7889980748097261
1.0493790412970967	0.9814366296413665
0.6316650539846601	0.7312665083602339
0.7335465143047666	0.7024007251354878
0.6011006158886282	0.7120226528770698
0.723358368272756	0.769754219326562
0.7641109524007986	0.8371077135176361
0.6520413460486815	0.6927787973939057
0.8150516825608519	0.8467296412592181
0.6724176381127028	0.7793761470681441
0.5094073016005324	0.6350472309444136
0.4686547174724898	0.6254253032028316
0.5705361777925964	0.6639130141691597
0.6927939301767241	0.76013229158498
0.7742990984328092	0.7889980748097261
0.5909124698566175	0.6446691586859957
0.5909124698566175	0.6061814477196675
0.6826057841447134	0.6254253032028316
0.5909124698566175	0.7216445806186519
0.4482784254084685	0.6350472309444136
0.45846657144047914	0.5484498812701754
0.4482784254084685	0.5676937367533395
0.6520413460486815	0.5484498812701754
0.6622294920806922	0.6158033754612495
0.4788428635045005	0.49071831482068323
0.6622294920806922	0.6639130141691597
0.6520413460486815	0.7889980748097261
0.6316650539846601	0.6446691586859957
0.6214769079526495	0.7312665083602339
0.6622294920806922	0.6254253032028316
0.550159885728575	0.5580718090117573
0.550159885728575	0.5580718090117573
0.5603480317605857	0.7312665083602339
0.6214769079526495	0.6061814477196675
0.5603480317605857	0.5676937367533395
0.6826057841447134	0.6061814477196675
0.6011006158886282	0.6446691586859957
0.5909124698566175	0.6061814477196675
0.4890310095365111	0.49071831482068323
0.6927939301767241	0.7024007251354878
0.8761805587529157	0.8274857857760541
0.6316650539846601	0.6350472309444136
0.5807243238246069	0.5195840980454294
0.4788428635045005	0.6350472309444136
0.45846657144047914	0.5388279535285935
0.7335465143047666	0.7986200025513079
0.6316650539846601	0.6831568696523237
0.6011006158886282	0.49071831482068323
0.4279021333444472	0.46185253159593714
0.43809027937645784	0.5676937367533395
0.6418532000166708	0.6350472309444136
0.5195954476325431	0.5388279535285935
0.5909124698566175	0.5869375922365034
0.5807243238246069	0.4329867483711911
0.5297835936645537	0.4714744593375192
0.6011006158886282	0.6542910864275777
0.5603480317605857	0.5580718090117573
0.3973376952484153	0.5965595199780855
0.376961403184394	0.48109638707910124
0.4686547174724898	0.5676937367533395
0.5603480317605857	0.6542910864275777
0.43809027937645784	0.48109638707910124
0.5094073016005324	0.5676937367533395
0.4890310095365111	0.3560113264385349
