WT	KO
0.13926043751048725	0.0998641934240622
0.11605036459207271	0.15645390303103077
0.10610319048418076	0.15645390303103077
0.188996308049947	0.1431386772411558
0.17573340923942438	0.19639958040065567
0.188996308049947	0.15312509658356205
0.08620884226839687	0.11983703210887464
0.13262898810522597	0.1431386772411558
0.22546927977888415	0.17309793526837447
0.15915478572627115	0.18974196750571817
0.20557493156310022	0.15645390303103077
0.21220638096836153	0.1497962901360933
0.12599753869996466	0.15645390303103077
0.16578623513153246	0.15312509658356205
0.15915478572627115	0.1830843546107807
0.16247051042890182	0.20971480619053062
0.16578623513153246	0.1431386772411558
0.20225920686046958	0.20638599974306188
0.17904913394205504	0.14646748368862458
0.1425761622131179	0.16976912882090575
0.17241768453679374	0.20638599974306188
0.14589188691574856	0.18641316105824943
0.24867935269729866	0.18974196750571817
0.1492076116183792	0.20305719329559313
0.16578623513153246	0.20305719329559313
0.17573340923942438	0.1997283868481244
0.15915478572627115	0.16311151592596826
0.14589188691574856	0.15312509658356205
0.1293132634025953	0.15312509658356205
0.20225920686046958	0.18641316105824943
0.18568058334731632	0.22303003198040558
0.18568058334731632	0.1997283868481244
0.11605036459207271	0.17642674171584322
0.19231203275257766	0.19639958040065567
0.1425761622131179	0.10652180631899968
0.188996308049947	0.21970122553293683
0.17904913394205504	0.2496604835601555
0.17573340923942438	0.16976912882090575
0.2586265268051906	0.22303003198040558
0.17241768453679374	0.17309793526837447
0.20557493156310022	0.17975554816331196
0.16578623513153246	0.17309793526837447
0.188996308049947	0.166440322373437
0.15915478572627115	0.17309793526837447
0.18568058334731632	0.20638599974306188
0.17241768453679374	0.1264946450038121
0.17241768453679374	0.19307077395318692
0.23541645388677607	0.20305719329559313
0.1956277574552083	0.20638599974306188
0.1691019598341631	0.17642674171584322
0.20557493156310022	0.16976912882090575
0.22546927977888415	0.22635883842787433
0.18568058334731632	0.22635883842787433
0.21220638096836153	0.2762909351399054
0.22546927977888415	0.2330164513228118
0.23873217858940673	0.166440322373437
0.26194225150782124	0.22303003198040558
0.2884680491288665	0.23634525777028054
0.23210072918414543	0.19639958040065567
0.2917837738314971	0.2529892900076242
0.23210072918414543	0.2596469029025617
0.24536362799466802	0.2663045157974992
0.2188378303736228	0.19639958040065567
0.21220638096836153	0.26963332224496794
0.23541645388677607	0.1997283868481244
0.21220638096836153	0.21970122553293683
0.2718894256157132	0.21970122553293683
0.22215355507625348	0.17642674171584322
0.19231203275257766	0.2330164513228118
0.2718894256157132	0.3062501931671241
0.2785208750209745	0.2596469029025617
0.23541645388677607	0.19639958040065567
0.23210072918414543	0.18974196750571817
0.23873217858940673	0.23967406421774928
0.2287850044815148	0.3029213867196553
0.23541645388677607	0.26297570935003045
0.25531080210255996	0.2663045157974992
0.2818365997236052	0.23634525777028054
0.2718894256157132	0.2762909351399054
0.2586265268051906	0.28294854803484293
0.311678122047281	0.2862773544823116
0.2519950773999293	0.21304361263799937
0.2519950773999293	0.23967406421774928
0.2287850044815148	0.17642674171584322
0.2884680491288665	0.20305719329559313
0.3050466726420197	0.3262230318519365
0.2586265268051906	0.26297570935003045
0.24204790329203738	0.2729621286924367
0.2519950773999293	0.2529892900076242
0.23541645388677607	0.2995925802721866
0.20557493156310022	0.20305719329559313
0.3282567455604342	0.28294854803484293
0.3348881949656955	0.32289422540446777
0.3415196443709569	0.2729621286924367
0.15915478572627115	0.1997283868481244
0.18236485864468568	0.20305719329559313
0.2685737009130825	0.2596469029025617
0.35478254318147945	0.30957899961459284
0.19894348215783894	0.1830843546107807
0.11936608929470337	0.11317941921393716
0.11605036459207271	0.11983703210887464
0.17573340923942438	0.18641316105824943
0.35146681847884875	0.34286706408928025
0.35146681847884875	0.3029213867196553
0.24204790329203738	0.2330164513228118
0.1425761622131179	0.14646748368862458
0.24867935269729866	0.24633167711268675
0.31499384674991165	0.2496604835601555
0.27520515031834386	0.3561822898791552
0.12599753869996466	0.1830843546107807
0.2785208750209745	0.2596469029025617
0.3348881949656955	0.2796197415873742
0.19894348215783894	0.24300287066521803
0.25531080210255996	0.28960616092978037
0.23541645388677607	0.22968764487534307
0.23541645388677607	0.1830843546107807
0.21552210567099217	0.1997283868481244
0.19894348215783894	0.22303003198040558
0.2287850044815148	0.22635883842787433
0.24536362799466802	0.20305719329559313
0.20225920686046958	0.2330164513228118
0.26194225150782124	0.21970122553293683
0.24204790329203738	0.21304361263799937
0.27520515031834386	0.23634525777028054
0.26194225150782124	0.3062501931671241
0.23541645388677607	0.2163724190854681
0.20225920686046958	0.21304361263799937
0.17904913394205504	0.23967406421774928
0.21552210567099217	0.2529892900076242
0.20225920686046958	0.2529892900076242
0.17573340923942438	0.22303003198040558
0.26194225150782124	0.2330164513228118
0.2884680491288665	0.256318096455093
0.22546927977888415	0.19639958040065567
0.24204790329203738	0.20638599974306188
0.24204790329203738	0.17975554816331196
0.23210072918414543	0.23634525777028054
0.2287850044815148	0.23634525777028054
0.23541645388677607	0.19639958040065567
0.2088906562657309	0.20971480619053062
0.27520515031834386	0.22635883842787433
0.2519950773999293	0.23967406421774928
0.18236485864468568	0.18974196750571817
0.2287850044815148	0.26297570935003045
0.24536362799466802	0.2663045157974992
0.17241768453679374	0.2330164513228118
0.2188378303736228	0.19639958040065567
0.17241768453679374	0.1830843546107807
0.2088906562657309	0.19639958040065567
0.1691019598341631	0.1997283868481244
0.1558390610236405	0.21970122553293683
0.18236485864468568	0.24300287066521803
0.16578623513153246	0.13648106434621834
0.19894348215783894	0.17642674171584322
0.188996308049947	0.17642674171584322
0.24536362799466802	0.24633167711268675
0.21220638096836153	0.256318096455093
0.23210072918414543	0.19307077395318692
0.188996308049947	0.17309793526837447
0.1956277574552083	0.17309793526837447
0.17904913394205504	0.18641316105824943
0.2088906562657309	0.18974196750571817
0.21220638096836153	0.2762909351399054
0.18568058334731632	0.20305719329559313
0.1293132634025953	0.19639958040065567
0.17904913394205504	0.18641316105824943
0.18236485864468568	0.19639958040065567
0.17241768453679374	0.15312509658356205
0.18568058334731632	0.15312509658356205
0.18236485864468568	0.20638599974306188
0.1956277574552083	0.22303003198040558
0.23210072918414543	0.19639958040065567
0.18568058334731632	0.1997283868481244
0.16578623513153246	0.18641316105824943
0.19231203275257766	0.22303003198040558
0.24867935269729866	0.20638599974306188
0.18568058334731632	0.16976912882090575
0.22215355507625348	0.1264946450038121
0.15252333632100984	0.256318096455093
0.16578623513153246	0.1497962901360933
0.15915478572627115	0.15645390303103077
0.1492076116183792	0.21970122553293683
0.16247051042890182	0.17309793526837447
0.21220638096836153	0.23634525777028054
0.1691019598341631	0.18974196750571817
0.16247051042890182	0.1597827094784995
0.1359447128078566	0.17642674171584322
0.1956277574552083	0.19639958040065567
0.17573340923942438	0.1997283868481244
0.16247051042890182	0.22635883842787433
0.15915478572627115	0.16311151592596826
0.15915478572627115	0.23967406421774928
0.2188378303736228	0.23634525777028054
0.16247051042890182	0.17309793526837447
0.15915478572627115	0.1597827094784995
0.14589188691574856	0.1497962901360933
0.16578623513153246	0.1830843546107807
0.17241768453679374	0.22635883842787433
0.17904913394205504	0.13648106434621834
0.1492076116183792	0.11983703210887464
