WT	KO
0.18264658688739285	0.17900130879395088
0.16960040210972196	0.1549889381020794
0.17177476623933377	0.1353424529905482
0.16090294559127466	0.148440109731569
0.14133366842476827	0.1549889381020794
0.15872858146166285	0.15280599531190925
0.18047222275778105	0.17681836600378073
0.16742603798011013	0.15280599531190925
0.18047222275778105	0.17026953763327032
0.15655421733205102	0.17245248042344047
0.18916967927622833	0.1680865948431002
0.16960040210972196	0.17026953763327032
0.16960040210972196	0.15280599531190925
0.17829785862816924	0.15935482368241966
0.19351840753545196	0.17026953763327032
0.18264658688739285	0.1833671943742911
0.1630773097208865	0.14407422415122872
0.1630773097208865	0.17681836600378073
0.17177476623933377	0.19209896553497163
0.1761234944985574	0.19864779390548204
0.15437985320243922	0.13752539578071835
0.18264658688739285	0.17681836600378073
0.17177476623933377	0.18555013716446123
0.19351840753545196	0.19428190832514178
0.18916967927622833	0.17900130879395088
0.2326569618684647	0.18773307995463137
0.1869953151466165	0.2095625078563327
0.18264658688739285	0.21829427901701323
0.17177476623933377	0.18773307995463137
0.16960040210972196	0.21829427901701323
0.2065645923131229	0.2095625078563327
0.1956927716650638	0.19428190832514178
0.21308768470195835	0.19864779390548204
0.1978671357946756	0.24012370691871457
0.20439022818351107	0.22047722180718335
0.21091332057234655	0.1964648511153119
0.21091332057234655	0.20519662227599245
0.20439022818351107	0.1833671943742911
0.1978671357946756	0.19428190832514178
0.1956927716650638	0.20083073669565218
0.19134404340584013	0.2226601645973535
0.23700569012768838	0.21174545064650285
0.23700569012768838	0.2030136794858223
0.2196107770907938	0.2488554780793951
0.1978671357946756	0.22702605017769376
0.20221586405389924	0.21392839343667297
0.20439022818351107	0.22702605017769376
0.22395950535001743	0.20737956506616256
0.17829785862816924	0.20083073669565218
0.22178514122040563	0.2095625078563327
0.2326569618684647	0.24012370691871457
0.24570314664613566	0.22047722180718335
0.19351840753545196	0.22702605017769376
0.23483132599807655	0.2095625078563327
0.22613386947962927	0.2488554780793951
0.2609236955534184	0.23575782133837428
0.24135441838691202	0.25758724924007564
0.23483132599807655	0.23575782133837428
0.23700569012768838	0.22702605017769376
0.2326569618684647	0.2597701920302457
0.2326569618684647	0.2685019631909263
0.2544006031645829	0.21829427901701323
0.2609236955534184	0.2248431073875236
0.24352878251652382	0.24012370691871457
0.24352878251652382	0.24230664970888469
0.2522262390349711	0.2226601645973535
0.23918005425730018	0.2488554780793951
0.26527242381264204	0.22047722180718335
0.25657496729419477	0.23139193575803402
0.2630980596830302	0.21829427901701323
0.2304825977388529	0.24448959249905483
0.2304825977388529	0.23575782133837428
0.24570314664613566	0.23575782133837428
0.27179551620147746	0.29906316225330815
0.2630980596830302	0.264136077610586
0.24570314664613566	0.22702605017769376
0.23918005425730018	0.23575782133837428
0.23483132599807655	0.2815996199319471
0.2848417009791484	0.29906316225330815
0.24352878251652382	0.25758724924007564
0.278318608590313	0.24448959249905483
0.2544006031645829	0.264136077610586
0.2587493314238066	0.24667253528922495
0.21308768470195835	0.24448959249905483
0.2848417009791484	0.2685019631909263
0.27179551620147746	0.25540430644990547
0.24352878251652382	0.25322136365973535
0.22830823360924107	0.24667253528922495
0.24787751077574746	0.28378256272211716
0.26527242381264204	0.30342904783364844
0.26527242381264204	0.2226601645973535
0.23483132599807655	0.21611133622684311
0.33920080421944393	0.3776491026994329
0.27179551620147746	0.3208925901550094
0.3587700813859503	0.38201498827977315
0.23700569012768838	0.3252584757353497
0.1869953151466165	0.19864779390548204
0.19351840753545196	0.19209896553497163
0.20439022818351107	0.2030136794858223
0.31310843466410204	0.3361731896862004
0.2935391574975957	0.3558196747977316
0.22613386947962927	0.21392839343667297
0.22613386947962927	0.2030136794858223
0.15220548907282738	0.17026953763327032
0.2761442444607011	0.2772337343516068
0.3609444455155621	0.35363673200756146
0.3109340705344903	0.28596550551228733
0.33050334770099665	0.3208925901550094
0.2609236955534184	0.25322136365973535
0.24787751077574746	0.22047722180718335
0.3152827987937139	0.2815996199319471
0.2913647933679838	0.2706849059810964
0.2522262390349711	0.2248431073875236
0.21308768470195835	0.26631902040075617
0.2870160651087602	0.25758724924007564
0.27179551620147746	0.2488554780793951
0.22395950535001743	0.2292089929678639
0.23918005425730018	0.2488554780793951
0.2761442444607011	0.264136077610586
0.2609236955534184	0.2488554780793951
0.25657496729419477	0.2488554780793951
0.23918005425730018	0.25540430644990547
0.2848417009791484	0.2685019631909263
0.25005187490535924	0.2510384208695652
0.2587493314238066	0.24448959249905483
0.22178514122040563	0.22047722180718335
0.27179551620147746	0.2597701920302457
0.23483132599807655	0.25322136365973535
0.2761442444607011	0.23794076412854442
0.28919042923837207	0.23357487854820416
0.22395950535001743	0.2510384208695652
0.23700569012768838	0.23794076412854442
0.2087389564427347	0.2728678487712665
0.2065645923131229	0.25322136365973535
0.25005187490535924	0.21611133622684311
0.23918005425730018	0.24012370691871457
0.21308768470195835	0.24448959249905483
0.24570314664613566	0.26631902040075617
0.21526204883157019	0.24448959249905483
0.23700569012768838	0.20737956506616256
0.23918005425730018	0.23357487854820416
0.2739698803310893	0.2685019631909263
0.21526204883157019	0.21611133622684311
0.2196107770907938	0.2248431073875236
0.22395950535001743	0.23357487854820416
0.22178514122040563	0.1964648511153119
0.2065645923131229	0.2226601645973535
0.22178514122040563	0.2292089929678639
0.2065645923131229	0.20519662227599245
0.2304825977388529	0.20083073669565218
0.21308768470195835	0.18991602274480152
0.1956927716650638	0.24230664970888469
0.23700569012768838	0.20083073669565218
0.20439022818351107	0.20083073669565218
0.21526204883157019	0.23575782133837428
0.21091332057234655	0.20737956506616256
0.21308768470195835	0.19428190832514178
0.19351840753545196	0.1964648511153119
0.19351840753545196	0.21829427901701323
0.2522262390349711	0.2226601645973535
0.22613386947962927	0.22047722180718335
0.2087389564427347	0.19428190832514178
0.23483132599807655	0.18991602274480152
0.18264658688739285	0.17681836600378073
0.17177476623933377	0.2030136794858223
0.18264658688739285	0.18118425158412096
0.20439022818351107	0.2095625078563327
0.1630773097208865	0.20737956506616256
0.1761234944985574	0.2248431073875236
0.1978671357946756	0.19209896553497163
0.19134404340584013	0.1549889381020794
0.2087389564427347	0.21392839343667297
0.22178514122040563	0.18773307995463137
0.2087389564427347	0.20737956506616256
0.20004149992428744	0.15935482368241966
0.16525167385049833	0.20519662227599245
0.22178514122040563	0.18118425158412096
0.2196107770907938	0.1964648511153119
0.1956927716650638	0.2030136794858223
0.18264658688739285	0.1833671943742911
0.1956927716650638	0.18555013716446123
0.1869953151466165	0.19428190832514178
0.20221586405389924	0.1964648511153119
0.16742603798011013	0.1833671943742911
0.19134404340584013	0.17026953763327032
0.18047222275778105	0.2030136794858223
0.18264658688739285	0.1833671943742911
0.1978671357946756	0.19209896553497163
0.1978671357946756	0.2030136794858223
0.16960040210972196	0.17900130879395088
0.17177476623933377	0.20083073669565218
0.18047222275778105	0.19428190832514178
0.16960040210972196	0.17463542321361059
0.1869953151466165	0.1615377664725898
0.19351840753545196	0.22047722180718335
0.12828748364709738	0.148440109731569
0.1761234944985574	0.17900130879395088
0.16960040210972196	0.17681836600378073
0.1761234944985574	0.15935482368241966
0.14133366842476827	0.1680865948431002
