WT	KO
0.17485226192671743	0.175542117955197
0.16306446898783758	0.16173543452051858
0.17878152623967736	0.165680201216141
0.21414490505631686	0.1873764180420642
0.1984278478044771	0.18934880138987542
0.1846754227091173	0.165680201216141
0.1768168940831974	0.17948688465081938
0.16109983683135762	0.18145926799863063
0.20039247996095705	0.18934880138987542
0.21414490505631686	0.21301740156360985
0.22593269799519666	0.20118310147674262
0.204321744273917	0.1873764180420642
0.17288762977023744	0.18145926799863063
0.18664005486559726	0.1538459011292738
0.17878152623967736	0.15976305117270737
0.18664005486559726	0.20710025152017622
0.20039247996095705	0.1873764180420642
0.18860468702207722	0.20907263486798744
0.21414490505631686	0.19921071812893143
0.21610953721279683	0.21696216825923226
0.22593269799519666	0.22287931830266586
0.1827107905526373	0.21696216825923226
0.20825100858687692	0.20118310147674262
0.17288762977023744	0.20907263486798744
0.19646321564799712	0.22287931830266586
0.20825100858687692	0.21893455160704345
0.204321744273917	0.23865838508515547
0.22003880152575675	0.21104501821579863
0.204321744273917	0.19723833478112024
0.23575585877759653	0.23471361838953306
0.16699373330079756	0.19526595143330902
0.1768168940831974	0.20907263486798744
0.21610953721279683	0.22287931830266586
0.21610953721279683	0.22287931830266586
0.22986196230815661	0.23076885169391068
0.2239680658387167	0.21301740156360985
0.204321744273917	0.21498978491142104
0.20235711211743704	0.25049268517202267
0.22986196230815661	0.185404034694253
0.21414490505631686	0.1913211847376866
0.23379122662111657	0.24063076843296666
0.20235711211743704	0.22682408499828824
0.23379122662111657	0.24260315178077785
0.273083869750716	0.24260315178077785
0.2377204909340765	0.21893455160704345
0.2455790195599964	0.21498978491142104
0.22200343368223674	0.22090693495485464
0.20825100858687692	0.2583822185632675
0.24361438740351643	0.23274123504172187
0.1984278478044771	0.21893455160704345
0.22789733015167665	0.2445755351285891
0.23968512309055648	0.26232698525888987
0.28683629484607576	0.2938851188238691
0.2632607089683161	0.2741612853457571
0.22200343368223674	0.23274123504172187
0.2318265944646366	0.22485170165047705
0.2121802728998369	0.21893455160704345
0.2593314446553562	0.26232698525888987
0.24754365171647635	0.25049268517202267
0.2455790195599964	0.2544374518676451
0.28094239837663587	0.27021651865013474
0.271119237594236	0.24260315178077785
0.23379122662111657	0.20710025152017622
0.2514729160294363	0.24852030182421148
0.2593314446553562	0.23668600173734428
0.2927301913155157	0.23865838508515547
0.24754365171647635	0.23274123504172187
0.25540218034239626	0.27218890199794593
0.2455790195599964	0.20315548482455384
0.2888009270025557	0.27021651865013474
0.275048501907196	0.27021651865013474
0.275048501907196	0.27021651865013474
0.28683629484607576	0.24260315178077785
0.2632607089683161	0.25049268517202267
0.28094239837663587	0.25246506851983386
0.2888009270025557	0.2761336686935683
0.3300582022886352	0.2938851188238691
0.3182704093497553	0.26429936860670106
0.28290703053311583	0.24260315178077785
0.28290703053311583	0.2544374518676451
0.24754365171647635	0.2544374518676451
0.23379122662111657	0.2564098352154563
0.24361438740351643	0.26232698525888987
0.273083869750716	0.2445755351285891
0.2888009270025557	0.2978298855194916
0.2789777662201559	0.28205081873700194
0.29862408778495564	0.2761336686935683
0.28683629484607576	0.2859955854326243
0.3045179842543955	0.31360895230198116
0.28290703053311583	0.32544325238884836
0.21610953721279683	0.23668600173734428
0.4145373850172739	0.3865871361709956
0.41060812070431396	0.39644905291005167
0.2966594556284757	0.2761336686935683
0.1846754227091173	0.1775145013030082
0.271119237594236	0.29980226886730277
0.37131547757471456	0.4260348031272197
0.43221907442559365	0.4339243365184645
0.3005887199414356	0.2761336686935683
0.19056931917855718	0.15187351778146257
0.15324130820543774	0.15581828447708498
0.2907655591590357	0.24654791847640029
0.44990076383391336	0.4398414865618981
0.4007849599219141	0.3530566192582052
0.3143411450367954	0.28205081873700194
0.15127667604895778	0.165680201216141
0.2671899732812761	0.2445755351285891
0.38506790267007435	0.3451670858669604
0.36345694894879466	0.3846147528231844
0.20825100858687692	0.21104501821579863
0.28683629484607576	0.29585750217168033
0.3143411450367954	0.2800784353891907
0.24754365171647635	0.26429936860670106
0.26915460543775604	0.24260315178077785
0.2789777662201559	0.2800784353891907
0.3241643058191952	0.26232698525888987
0.22003880152575675	0.2544374518676451
0.3005887199414356	0.26824413530232355
0.2671899732812761	0.26232698525888987
0.28094239837663587	0.24063076843296666
0.275048501907196	0.2978298855194916
0.26129607681183614	0.24852030182421148
0.24754365171647635	0.2603546019110787
0.22200343368223674	0.26429936860670106
0.2789777662201559	0.30177465221511396
0.2593314446553562	0.2800784353891907
0.271119237594236	0.2938851188238691
0.24754365171647635	0.27021651865013474
0.25540218034239626	0.26429936860670106
0.28683629484607576	0.2741612853457571
0.2888009270025557	0.2662717519545123
0.25540218034239626	0.26429936860670106
0.2848716626895958	0.25049268517202267
0.22789733015167665	0.24260315178077785
0.2927301913155157	0.28402320208481313
0.24950828387295634	0.28402320208481313
0.2593314446553562	0.2741612853457571
0.26915460543775604	0.24260315178077785
0.24950828387295634	0.22485170165047705
0.22789733015167665	0.26824413530232355
0.23379122662111657	0.25049268517202267
0.2377204909340765	0.25246506851983386
0.2573668124988762	0.19921071812893143
0.22593269799519666	0.23471361838953306
0.24754365171647635	0.26824413530232355
0.22200343368223674	0.21498978491142104
0.2239680658387167	0.21696216825923226
0.22003880152575675	0.18343165134644182
0.20235711211743704	0.23274123504172187
0.21610953721279683	0.23865838508515547
0.20235711211743704	0.21498978491142104
0.2514729160294363	0.22485170165047705
0.2239680658387167	0.20710025152017622
0.22789733015167665	0.23076885169391068
0.2180741693692768	0.2445755351285891
0.20235711211743704	0.2564098352154563
0.204321744273917	0.25049268517202267
0.22789733015167665	0.22682408499828824
0.22789733015167665	0.19723833478112024
0.22789733015167665	0.22287931830266586
0.21610953721279683	0.19921071812893143
0.22200343368223674	0.19723833478112024
0.20039247996095705	0.22682408499828824
0.23379122662111657	0.22682408499828824
0.17092299761375748	0.22090693495485464
0.1768168940831974	0.18145926799863063
0.1846754227091173	0.1913211847376866
0.17485226192671743	0.14990113443365138
0.19646321564799712	0.1873764180420642
0.18860468702207722	0.20512786817236503
0.18074615839615735	0.175542117955197
0.1846754227091173	0.20512786817236503
0.1827107905526373	0.19723833478112024
0.20039247996095705	0.20512786817236503
0.204321744273917	0.20907263486798744
0.17092299761375748	0.1775145013030082
0.14734741173599783	0.175542117955197
0.17288762977023744	0.15779066782489617
0.17288762977023744	0.22485170165047705
0.20825100858687692	0.19526595143330902
0.22200343368223674	0.1873764180420642
0.1984278478044771	0.21696216825923226
0.18074615839615735	0.18145926799863063
0.1984278478044771	0.15581828447708498
0.19253395133503717	0.1715973512595746
0.19253395133503717	0.21104501821579863
0.16306446898783758	0.21498978491142104
0.19056931917855718	0.19921071812893143
0.19253395133503717	0.18934880138987542
0.15913520467487766	0.17948688465081938
0.1846754227091173	0.15187351778146257
0.16699373330079756	0.22485170165047705
0.19253395133503717	0.1932935680854978
0.17878152623967736	0.1932935680854978
0.15520594036191773	0.15187351778146257
0.17092299761375748	0.14792875108584017
0.14734741173599783	0.1775145013030082
0.16109983683135762	0.16173543452051858
0.14145351526655792	0.15779066782489617
0.14538277957951784	0.15187351778146257
