WT	KO
0.17249955428253771	0.17318012802016383
0.13553536407913677	0.18555013716446123
0.1848209510170047	0.21647516002520478
0.1663388559153042	0.16699512344801512
0.1293746657119033	0.1608101188758664
0.14785676081360374	0.11751508687082544
0.1786602526497712	0.18555013716446123
0.14785676081360374	0.16699512344801512
0.1848209510170047	0.17936513259231254
0.17249955428253771	0.25358518745809705
0.14785676081360374	0.21029015545305607
0.1848209510170047	0.17318012802016383
0.17249955428253771	0.10514507772652804
0.19098164938423817	0.1608101188758664
0.15401745918083723	0.1546251143037177
0.19714234775147166	0.19792014630875865
0.1848209510170047	0.19792014630875865
0.1663388559153042	0.17318012802016383
0.19098164938423817	0.148440109731569
0.16017815754807072	0.19173514173660994
0.2587493314238066	0.2226601645973535
0.16017815754807072	0.20410515088090736
0.2341065379548726	0.2474001828859483
0.19098164938423817	0.17936513259231254
0.15401745918083723	0.17318012802016383
0.19098164938423817	0.2350301737416509
0.15401745918083723	0.18555013716446123
0.22178514122040563	0.1546251143037177
0.17249955428253771	0.1608101188758664
0.14169606244637026	0.20410515088090736
0.17249955428253771	0.16699512344801512
0.1848209510170047	0.19173514173660994
0.2402672363221061	0.2474001828859483
0.20946374448593863	0.19173514173660994
0.19714234775147166	0.20410515088090736
0.20330304611870514	0.2412151783137996
0.19098164938423817	0.18555013716446123
0.19098164938423817	0.14225510515942028
0.20946374448593863	0.21029015545305607
0.21562444285317212	0.20410515088090736
0.2957135216272075	0.2906952148909893
0.22794583958763912	0.21029015545305607
0.20946374448593863	0.17318012802016383
0.15401745918083723	0.2350301737416509
0.17249955428253771	0.21647516002520478
0.27723142652550703	0.2474001828859483
0.2587493314238066	0.2350301737416509
0.2525886330565731	0.21029015545305607
0.2402672363221061	0.16699512344801512
0.22178514122040563	0.1546251143037177
0.20946374448593863	0.21029015545305607
0.2833921248927405	0.2288451691695022
0.20330304611870514	0.21647516002520478
0.15401745918083723	0.2412151783137996
0.20946374448593863	0.2350301737416509
0.24642793468933957	0.2226601645973535
0.21562444285317212	0.2659551966023945
0.22794583958763912	0.19792014630875865
0.22794583958763912	0.16699512344801512
0.22178514122040563	0.2350301737416509
0.1848209510170047	0.2226601645973535
0.19714234775147166	0.2350301737416509
0.20330304611870514	0.20410515088090736
0.2341065379548726	0.19173514173660994
0.20946374448593863	0.21029015545305607
0.26491002979104006	0.2783252057466919
0.20946374448593863	0.21647516002520478
0.2402672363221061	0.2226601645973535
0.1848209510170047	0.19792014630875865
0.22178514122040563	0.2474001828859483
0.2587493314238066	0.2597701920302457
0.24642793468933957	0.18555013716446123
0.20946374448593863	0.19792014630875865
0.19098164938423817	0.21647516002520478
0.12321396734466979	0.20410515088090736
0.2402672363221061	0.2288451691695022
0.20946374448593863	0.16699512344801512
0.2341065379548726	0.21647516002520478
0.2525886330565731	0.2288451691695022
0.2587493314238066	0.2350301737416509
0.24642793468933957	0.2350301737416509
0.19714234775147166	0.2350301737416509
0.24642793468933957	0.2226601645973535
0.17249955428253771	0.2288451691695022
0.20330304611870514	0.1608101188758664
0.27723142652550703	0.2288451691695022
0.2587493314238066	0.2288451691695022
0.2587493314238066	0.2288451691695022
0.20330304611870514	0.21647516002520478
0.1663388559153042	0.19173514173660994
0.17249955428253771	0.18555013716446123
0.21562444285317212	0.20410515088090736
0.20330304611870514	0.17318012802016383
0.30187421999444103	0.28451021031884055
0.22178514122040563	0.2412151783137996
0.1663388559153042	0.148440109731569
0.22794583958763912	0.20410515088090736
0.19098164938423817	0.148440109731569
0.33883841019784194	0.3216202377517328
0.32651701346337497	0.32780524232388153
0.4374095840735778	0.3092502286074354
0.3573205052995424	0.3834702834732199
0.20946374448593863	0.2474001828859483
0.16017815754807072	0.11751508687082544
0.20946374448593863	0.17936513259231254
0.19098164938423817	0.19173514173660994
0.20946374448593863	0.2288451691695022
0.21562444285317212	0.20410515088090736
0.21562444285317212	0.16699512344801512
0.19098164938423817	0.19173514173660994
0.15401745918083723	0.1546251143037177
0.2341065379548726	0.21647516002520478
0.19714234775147166	0.148440109731569
0.19098164938423817	0.2597701920302457
0.22178514122040563	0.2783252057466919
0.1786602526497712	0.2659551966023945
0.27107072815827354	0.20410515088090736
0.1786602526497712	0.17936513259231254
0.14169606244637026	0.17936513259231254
0.21562444285317212	0.18555013716446123
0.1848209510170047	0.2226601645973535
0.20946374448593863	0.27214020117454313
0.19098164938423817	0.27214020117454313
0.19098164938423817	0.2226601645973535
0.22794583958763912	0.19792014630875865
0.2341065379548726	0.19173514173660994
0.2402672363221061	0.21647516002520478
0.24642793468933957	0.2288451691695022
0.20330304611870514	0.2226601645973535
0.20330304611870514	0.1608101188758664
0.20330304611870514	0.20410515088090736
0.22178514122040563	0.2226601645973535
0.2341065379548726	0.1608101188758664
0.20946374448593863	0.2412151783137996
0.19098164938423817	0.19792014630875865
0.17249955428253771	0.18555013716446123
0.27107072815827354	0.2350301737416509
0.20946374448593863	0.13607010058727156
0.27107072815827354	0.21647516002520478
0.20946374448593863	0.16699512344801512
0.2525886330565731	0.2474001828859483
0.2525886330565731	0.2474001828859483
0.21562444285317212	0.2597701920302457
0.22794583958763912	0.19792014630875865
0.17249955428253771	0.21647516002520478
0.20946374448593863	0.148440109731569
0.21562444285317212	0.20410515088090736
0.22794583958763912	0.19173514173660994
0.2402672363221061	0.20410515088090736
0.19714234775147166	0.17936513259231254
0.1663388559153042	0.17936513259231254
0.22794583958763912	0.28451021031884055
0.20330304611870514	0.21029015545305607
0.24642793468933957	0.25358518745809705
0.19098164938423817	0.19792014630875865
0.12321396734466979	0.14225510515942028
0.14169606244637026	0.17936513259231254
0.16017815754807072	0.21647516002520478
0.19714234775147166	0.20410515088090736
0.15401745918083723	0.18555013716446123
0.1663388559153042	0.17936513259231254
0.19098164938423817	0.2350301737416509
0.15401745918083723	0.18555013716446123
0.21562444285317212	0.12988509601512285
0.14169606244637026	0.17936513259231254
0.1293746657119033	0.16699512344801512
0.1848209510170047	0.18555013716446123
0.20330304611870514	0.16699512344801512
0.17249955428253771	0.11751508687082544
0.17249955428253771	0.1608101188758664
0.1170532689774363	0.13607010058727156
0.16017815754807072	0.19792014630875865
0.14169606244637026	0.1546251143037177
0.17249955428253771	0.21647516002520478
0.14169606244637026	0.1608101188758664
0.17249955428253771	0.1608101188758664
0.16017815754807072	0.14225510515942028
0.13553536407913677	0.17318012802016383
0.16017815754807072	0.19173514173660994
0.1663388559153042	0.19792014630875865
0.20946374448593863	0.19792014630875865
0.20330304611870514	0.13607010058727156
0.15401745918083723	0.1608101188758664
0.16017815754807072	0.14225510515942028
0.17249955428253771	0.16699512344801512
0.1170532689774363	0.16699512344801512
0.1848209510170047	0.2226601645973535
0.16017815754807072	0.16699512344801512
0.09241047550850234	0.16699512344801512
0.19714234775147166	0.11751508687082544
0.14785676081360374	0.13607010058727156
0.12321396734466979	0.1608101188758664
0.21562444285317212	0.18555013716446123
0.14785676081360374	0.19173514173660994
0.14169606244637026	0.13607010058727156
0.12321396734466979	0.0804050594379332
0.14169606244637026	0.148440109731569
0.1663388559153042	0.16699512344801512
0.14169606244637026	0.1608101188758664
0.13553536407913677	0.1608101188758664
