WT	KO
0.20925730653203423	0.21631824033045904
0.2216789731298262	0.20528648971493674
0.22358999876025576	0.20001043507273042
0.2192901910917893	0.20624577237715605
0.2188124346841819	0.20672541370826572
0.2044797424559604	0.2086439790327044
0.20113544760270868	0.21104218568825273
0.21833467827657452	0.21871644698600737
0.24700006273301756	0.21775716432378803
0.23027858846675914	0.21008290302603339
0.2221567295374336	0.22063501231044602
0.21212384497767856	0.21344039234380102
0.20543525527117515	0.2115218270193624
0.23266737050479605	0.22447214295932336
0.22645653720590006	0.24125958954816162
0.22311224235264837	0.22111465364155566
0.22550102439068528	0.23406496958151665
0.22024570390700404	0.2182368056548977
0.22263448594504098	0.23598353490595533
0.22645653720590006	0.23550389357484566
0.24031147302651418	0.22543142562154267
0.24508903710258803	0.22111465364155566
0.23075634487436653	0.230707480263749
0.22932307565154436	0.230707480263749
0.24747781914062494	0.24221887221038096
0.24365576787976587	0.23646317623706498
0.2489110883634471	0.2374224588992843
0.23840044739608465	0.22782963227709102
0.23362288332001083	0.230707480263749
0.2345783961352256	0.23262604558818764
0.24222249865694373	0.24030030688594228
0.23314512691240344	0.21487931633713003
0.22406775516786312	0.22255357763488468
0.23218961409718866	0.235024252243736
0.24413352428737325	0.2417392308792713
0.23362288332001083	0.23838174156150363
0.22980083205915175	0.23406496958151665
0.22597878079829267	0.2484542095148066
0.2546441652547357	0.23790210023039396
0.23410063972761821	0.23838174156150363
0.24222249865694373	0.23550389357484566
0.24078922943412157	0.23790210023039396
0.24508903710258803	0.2331056869192973
0.2345783961352256	0.24749492685258728
0.2541664088471283	0.24221887221038096
0.24700006273301756	0.25229134016368393
0.2608549985536317	0.26332309077920624
0.2665880754449203	0.2388613828926133
0.27566544718946057	0.24893385084591627
0.26611031903731297	0.24941349217702594
0.2618105113688465	0.2590063187992192
0.2555996780699505	0.2374224588992843
0.2594217293308096	0.25708775347478063
0.27662096000467534	0.24509672019703896
0.27518769078185323	0.25564882948145157
0.2933424342709338	0.2652416561036449
0.2723211523362089	0.2446170788659293
0.27518769078185323	0.2455763615281486
0.2775764728198901	0.2666805800969739
0.27996525485792706	0.25516918815034195
0.2818762804883566	0.26859914542141256
0.29716448553179287	0.2638027321103159
0.276143203597068	0.27435484139472854
0.2813985240807492	0.2527709814947936
0.27566544718946057	0.2618841667858772
0.29143140864050426	0.25325062282590327
0.28999813941768215	0.2700380694147415
0.2876093573796452	0.2508524161703549
0.2732766651514237	0.26332309077920624
0.2833095497111787	0.2609248841236579
0.2852205753416083	0.27099735207696085
0.29716448553179287	0.2618841667858772
0.28092076767314184	0.27963089603693486
0.27805422922749756	0.2652416561036449
0.28378730611878616	0.2719566347391802
0.2770987164122828	0.2681195040903029
0.27996525485792706	0.2777123307124962
0.28999813941768215	0.27051771074585124
0.2871316009720378	0.2695584280836319
0.2770987164122828	0.27675304805027684
0.27375442155903107	0.2513320575014646
0.2651548062220982	0.25325062282590327
0.23887820380369204	0.22591106695265234
0.23123410128197391	0.22351286029710402
0.20543525527117515	0.19425473909941443
0.20543525527117515	0.2153589576682397
0.2159458962385376	0.20480684838382707
0.23075634487436653	0.222073936303775
0.22406775516786312	0.22399250162821369
0.20065769119510132	0.18610083647055015
0.22693429361350745	0.20912362036381407
0.2551219216623431	0.22303321896599435
0.32009679309694733	0.31752256119459843
0.2890426266024674	0.27675304805027684
0.27900974204271234	0.26476201477253525
0.24508903710258803	0.22734999094598135
0.27088788311338674	0.27531412405694783
0.32009679309694733	0.3064908105790761
0.2880871137872526	0.2901830053213475
0.22358999876025576	0.21775716432378803
0.23553390895044032	0.21583859899934937
0.30815288290676274	0.2921015706457861
0.3205745495045547	0.3232782571679144
0.2833095497111787	0.2777123307124962
0.24843333195583972	0.23454461091262632
0.27088788311338674	0.2652416561036449
0.2856983317492157	0.26284344944809657
0.3100639085371923	0.3074500932412954
0.22311224235264837	0.22734999094598135
0.20113544760270868	0.2115218270193624
0.210212819347249	0.19233617377497578
0.2250232679830779	0.21679788166156871
0.2345783961352256	0.22255357763488468
0.2216789731298262	0.20768469637048506
0.18919153741252412	0.18130442315945347
0.21164608857007117	0.19809186974829174
0.23410063972761821	0.22447214295932336
0.2503443575862692	0.23694281756817465
0.2555996780699505	0.24509672019703896
0.2775764728198901	0.26572129743475453
0.2618105113688465	0.27675304805027684
0.276143203597068	0.2714769934080706
0.2852205753416083	0.2695584280836319
0.2785319856351049	0.26572129743475453
0.304808588053511	0.2695584280836319
0.2909536522328969	0.28922372265912816
0.2876093573796452	0.2791512547058252
0.29859775475461503	0.2849069506791412
0.2856983317492157	0.2772326893813865
0.28617608815682305	0.27291591740139953
0.27996525485792706	0.27099735207696085
0.2785319856351049	0.25996560146143854
0.27805422922749756	0.2786716133747155
0.27948749845031967	0.2508524161703549
0.28856487019486	0.27531412405694783
0.2775764728198901	0.2585266774681096
0.27805422922749756	0.27291591740139953
0.26945461389056463	0.2546895468192322
0.27423217796663846	0.25996560146143854
0.2704101267057794	0.2642823734414256
0.25894397292320215	0.25564882948145157
0.2713656395209942	0.2652416561036449
0.2560774344775579	0.2513320575014646
0.276143203597068	0.25325062282590327
0.26611031903731297	0.2470152855214776
0.2546441652547357	0.23982066555483264
0.24317801147215848	0.25325062282590327
0.2555996780699505	0.24269851354149063
0.2541664088471283	0.2431781548726003
0.276143203597068	0.23166676292596833
0.2345783961352256	0.23982066555483264
0.24795557554823233	0.23118712159485866
0.24078922943412157	0.22591106695265234
0.26706583185252775	0.24030030688594228
0.2541664088471283	0.23694281756817465
0.25273313962430616	0.24605600285925827
0.2546441652547357	0.24077994821705195
0.25082211399387666	0.23790210023039396
0.23314512691240344	0.23118712159485866
0.2369671781732625	0.226390708283762
0.23792269098847726	0.24605600285925827
0.24365576787976587	0.23166676292596833
0.25368865243952093	0.24077994821705195
0.2489110883634471	0.24509672019703896
0.24317801147215848	0.22591106695265234
0.24222249865694373	0.22399250162821369
0.23123410128197391	0.2283092736082007
0.2541664088471283	0.22926855627041998
0.22693429361350745	0.24365779620370998
0.2360116653580477	0.2374224588992843
0.23792269098847726	0.21919608831711704
0.23027858846675914	0.21487931633713003
0.23505615254283296	0.23934102422372297
0.2398337166189068	0.2484542095148066
0.23792269098847726	0.235024252243736
0.2369671781732625	0.24030030688594228
0.24795557554823233	0.24125958954816162
0.22884531924393697	0.23262604558818764
0.22597878079829267	0.23022783893263932
0.23314512691240344	0.22591106695265234
0.2245455115754705	0.23838174156150363
0.23744493458086988	0.2124811096815817
0.23840044739608465	0.23262604558818764
0.23123410128197391	0.21727752299267836
0.21976794749939668	0.21008290302603339
0.23218961409718866	0.22015537097933638
0.2192901910917893	0.21631824033045904
0.21451262701571544	0.21296075101269138
0.22693429361350745	0.20816433770159473
0.22406775516786312	0.21344039234380102
0.2216789731298262	0.21631824033045904
0.21690140905375235	0.20912362036381407
0.22024570390700404	0.2124811096815817
0.210212819347249	0.22111465364155566
0.22263448594504098	0.2072050550393754
0.22884531924393697	0.2196757296482267
0.23266737050479605	0.22015537097933638
0.21690140905375235	0.20576613104604638
0.2126016013852859	0.20144935906605943
0.2192901910917893	0.2043272070527174
