WT	KO
0.5277220537723769	0.07579747655809205
0.41045048626740427	0.3789873827904602
0.5863578375248631	0.3031899062323682
0.23454313500994528	0.3031899062323682
0.46908627001989056	0.3789873827904602
0.5863578375248631	0.3789873827904602
0.17590735125745896	0.1515949531161841
0.3518147025149179	0.3031899062323682
0.46908627001989056	0.6063798124647364
0.46908627001989056	0.5305823359066443
0.6449936212773495	0.22739242967427614
0.5277220537723769	0.22739242967427614
0.5277220537723769	1.1369621483713805
0.7036294050298358	0.9095697186971046
0.9968083237922675	0.4547848593485523
0.8795367562872948	0.3031899062323682
0.7036294050298358	0.6063798124647364
0.23454313500994528	0.5305823359066443
0.3518147025149179	0.3789873827904602
0.2931789187624316	0.6063798124647364
0.46908627001989056	0.22739242967427614
0.5277220537723769	0.3031899062323682
0.41045048626740427	0.5305823359066443
0.5863578375248631	0.6821772890228284
0.8795367562872948	0.4547848593485523
0.5277220537723769	0.6821772890228284
0.7036294050298358	0.3789873827904602
0.5277220537723769	0.9095697186971046
0.5863578375248631	0.6063798124647364
0.9968083237922675	0.7579747655809204
0.9968083237922675	0.6063798124647364
0.3518147025149179	0.6063798124647364
0.46908627001989056	0.3031899062323682
0.7622651887823222	0.3789873827904602
1.11407989129724	0.7579747655809204
0.8795367562872948	0.6063798124647364
1.11407989129724	0.6821772890228284
0.9968083237922675	0.8337722421390125
1.4072588100596717	0.6821772890228284
0.8795367562872948	0.9095697186971046
0.7036294050298358	0.6063798124647364
1.0554441075447538	0.9095697186971046
0.8795367562872948	0.6821772890228284
1.11407989129724	1.1369621483713805
0.9381725400397811	0.9095697186971046
0.7036294050298358	0.6821772890228284
0.5277220537723769	0.4547848593485523
0.5863578375248631	0.5305823359066443
0.6449936212773495	0.6063798124647364
1.2313514588022128	0.9095697186971046
0.5277220537723769	0.1515949531161841
0.6449936212773495	0.22739242967427614
1.0554441075447538	0.5305823359066443
0.6449936212773495	0.7579747655809204
0.8209009725348085	0.8337722421390125
0.5277220537723769	0.3789873827904602
0.7622651887823222	0.7579747655809204
1.11407989129724	1.1369621483713805
1.2313514588022128	1.0611646718132886
1.1727156750497263	1.3643545780456567
0.6449936212773495	0.8337722421390125
0.46908627001989056	0.7579747655809204
0.7622651887823222	0.6821772890228284
1.1727156750497263	0.8337722421390125
0.9968083237922675	0.8337722421390125
0.8795367562872948	0.22739242967427614
0.17590735125745896	0.3789873827904602
0.5863578375248631	0.22739242967427614
0.8209009725348085	0.6821772890228284
0.9968083237922675	0.7579747655809204
1.0554441075447538	0.8337722421390125
0.9968083237922675	0.7579747655809204
0.8209009725348085	0.3789873827904602
0.7036294050298358	0.4547848593485523
0.3518147025149179	0.6821772890228284
0.6449936212773495	0.4547848593485523
0.5863578375248631	0.6821772890228284
0.5277220537723769	0.6063798124647364
0.7036294050298358	0.7579747655809204
1.11407989129724	0.9095697186971046
1.0554441075447538	0.7579747655809204
0.9968083237922675	0.3789873827904602
0.46908627001989056	0.4547848593485523
0.5277220537723769	0.4547848593485523
0.3518147025149179	0.6063798124647364
0.9381725400397811	0.8337722421390125
0.6449936212773495	0.3031899062323682
0.6449936212773495	0.5305823359066443
0.6449936212773495	0.5305823359066443
0.41045048626740427	0.4547848593485523
0.6449936212773495	0.8337722421390125
0.6449936212773495	0.5305823359066443
0.6449936212773495	0.9853671952551966
0.8795367562872948	0.6821772890228284
0.5863578375248631	0.4547848593485523
0.3518147025149179	0.22739242967427614
0.41045048626740427	0.22739242967427614
0.5863578375248631	0.8337722421390125
0.5277220537723769	0.7579747655809204
0.7622651887823222	0.4547848593485523
0.17590735125745896	0.22739242967427614
0.3518147025149179	0.3031899062323682
0.5863578375248631	0.6821772890228284
0.8795367562872948	0.3789873827904602
0.7036294050298358	0.6063798124647364
0.5277220537723769	0.3031899062323682
0.7622651887823222	0.6821772890228284
1.2313514588022128	0.8337722421390125
1.11407989129724	0.8337722421390125
1.11407989129724	1.1369621483713805
0.41045048626740427	0.6821772890228284
0.5863578375248631	0.3031899062323682
0.46908627001989056	0.3031899062323682
0.5863578375248631	0.4547848593485523
0.6449936212773495	0.4547848593485523
0.5277220537723769	0.7579747655809204
0.3518147025149179	0.4547848593485523
0.8209009725348085	0.5305823359066443
1.1727156750497263	0.9853671952551966
0.9381725400397811	0.9853671952551966
0.9968083237922675	1.0611646718132886
0.5863578375248631	0.5305823359066443
0.9968083237922675	0.9853671952551966
0.7036294050298358	0.5305823359066443
0.9381725400397811	0.4547848593485523
0.5277220537723769	0.7579747655809204
0.8795367562872948	0.6821772890228284
1.11407989129724	0.8337722421390125
0.5863578375248631	0.3789873827904602
0.8209009725348085	0.5305823359066443
0.9968083237922675	0.6821772890228284
0.8209009725348085	0.9853671952551966
0.9381725400397811	0.7579747655809204
0.6449936212773495	0.4547848593485523
0.9381725400397811	0.6821772890228284
0.8209009725348085	0.6063798124647364
0.8209009725348085	0.6821772890228284
1.289987242554699	1.3643545780456567
1.0554441075447538	1.1369621483713805
1.2313514588022128	0.8337722421390125
0.7622651887823222	0.6821772890228284
0.6449936212773495	0.7579747655809204
0.8795367562872948	1.0611646718132886
0.5277220537723769	0.3789873827904602
0.8795367562872948	0.6821772890228284
0.8209009725348085	0.6821772890228284
0.7622651887823222	0.7579747655809204
0.6449936212773495	1.2127596249294728
0.8209009725348085	0.6063798124647364
0.9381725400397811	0.8337722421390125
1.0554441075447538	1.2885571014875647
0.8209009725348085	1.3643545780456567
1.11407989129724	0.8337722421390125
0.5277220537723769	0.4547848593485523
0.7036294050298358	0.6063798124647364
0.5277220537723769	0.7579747655809204
0.8795367562872948	0.5305823359066443
0.8209009725348085	0.6821772890228284
0.5277220537723769	0.5305823359066443
0.6449936212773495	0.3789873827904602
0.7622651887823222	0.6821772890228284
0.5863578375248631	0.6821772890228284
0.7036294050298358	0.6821772890228284
0.7622651887823222	0.5305823359066443
0.8209009725348085	0.5305823359066443
0.5863578375248631	0.6063798124647364
0.7036294050298358	0.6063798124647364
0.8795367562872948	0.7579747655809204
0.9968083237922675	0.5305823359066443
0.6449936212773495	0.5305823359066443
0.7036294050298358	0.8337722421390125
0.7036294050298358	0.5305823359066443
0.7622651887823222	0.7579747655809204
1.0554441075447538	0.4547848593485523
0.6449936212773495	0.9853671952551966
0.6449936212773495	0.9095697186971046
0.5277220537723769	0.4547848593485523
0.9968083237922675	0.8337722421390125
0.9968083237922675	0.8337722421390125
0.6449936212773495	0.6063798124647364
0.46908627001989056	0.6063798124647364
0.8209009725348085	0.8337722421390125
1.0554441075447538	0.9095697186971046
0.8795367562872948	1.2885571014875647
0.8209009725348085	0.8337722421390125
0.6449936212773495	0.9095697186971046
0.5277220537723769	0.22739242967427614
0.2931789187624316	0.4547848593485523
0.7622651887823222	0.6821772890228284
1.11407989129724	1.1369621483713805
1.0554441075447538	0.9095697186971046
0.6449936212773495	0.4547848593485523
0.5277220537723769	0.4547848593485523
0.8209009725348085	0.22739242967427614
0.7622651887823222	1.0611646718132886
0.9381725400397811	0.6063798124647364
0.8209009725348085	0.6821772890228284
0.46908627001989056	0.6063798124647364
0.5277220537723769	0.3789873827904602
0.7622651887823222	0.6063798124647364
