DKO	Bcl6KO
0.2495475717984937	0.348924923399664
0.2772750797761041	0.155077743733184
0.1940925558432729	0.407079077299608
0.22182006382088332	0.271386051533072
0.31886634174251977	0.407079077299608
0.33273009573132495	0.504002667132848
0.2356838178096885	0.252001333566424
0.36045760370893537	0.29077076949972
0.3050025877537146	0.232616615599776
0.1525012938768573	0.271386051533072
0.3050025877537146	0.38769435933296
0.29113883376490934	0.329540205433016
0.33273009573132495	0.562156821032792
0.36045760370893537	0.620310974932736
0.42977637365296145	0.42646379526625605
0.402048865675351	0.6396956928993841
0.2772750797761041	0.445848513232904
0.402048865675351	0.48461794916620005
0.2356838178096885	0.368309641366312
0.2356838178096885	0.19384717966648
0.33273009573132495	0.48461794916620005
0.1940925558432729	0.38769435933296
0.33273009573132495	0.38769435933296
0.29113883376490934	0.445848513232904
0.3881851116865458	0.445848513232904
0.33273009573132495	0.42646379526625605
0.12477378589924686	0.271386051533072
0.3050025877537146	0.310155487466368
0.4575038816305719	0.445848513232904
0.5406864055634031	0.368309641366312
0.402048865675351	0.67846512883268
0.471367635619377	0.542772103066144
0.3743213576977406	0.48461794916620005
0.33273009573132495	0.600926256966088
0.18022880185446769	0.329540205433016
0.13863753988805205	0.252001333566424
0.2772750797761041	0.407079077299608
0.29113883376490934	0.348924923399664
0.42977637365296145	0.407079077299608
0.5129588975857927	0.542772103066144
0.2356838178096885	0.232616615599776
0.3881851116865458	0.6396956928993841
0.42977637365296145	0.38769435933296
0.2634113257872989	0.174462461699832
0.3465938497201302	0.252001333566424
0.31886634174251977	0.348924923399664
0.4159126196641562	0.562156821032792
0.5961414215186239	0.562156821032792
0.31886634174251977	0.7560040006992721
0.48523138960818224	0.697849846799328
0.3465938497201302	0.659080410866032
0.5822776675298187	0.7560040006992721
0.402048865675351	0.697849846799328
0.36045760370893537	0.329540205433016
0.2772750797761041	0.38769435933296
0.31886634174251977	0.368309641366312
0.33273009573132495	0.368309641366312
0.5406864055634031	0.600926256966088
0.3743213576977406	0.42646379526625605
0.5268226515745978	0.77538871866592
0.48523138960818224	0.329540205433016
0.5129588975857927	0.736619282732624
0.5545501595522082	0.7947734366325679
0.471367635619377	0.8529275905325121
0.3743213576977406	0.42646379526625605
0.6377326834850395	0.445848513232904
0.4990951435969874	0.48461794916620005
0.6654601914626499	0.659080410866032
0.5129588975857927	0.48461794916620005
0.3465938497201302	0.29077076949972
0.36045760370893537	0.58154153899944
0.5129588975857927	0.659080410866032
0.5406864055634031	0.833542872565864
0.6793239454514551	1.027390052232344
0.4575038816305719	0.736619282732624
0.5129588975857927	0.465233231199552
0.4159126196641562	0.620310974932736
0.6931876994402604	0.600926256966088
0.7486427153954812	0.891697026465808
0.6238689294962344	0.77538871866592
0.5129588975857927	0.717234564765976
0.2772750797761041	0.465233231199552
0.2772750797761041	0.445848513232904
0.42977637365296145	0.6396956928993841
0.5961414215186239	0.736619282732624
0.4990951435969874	0.833542872565864
0.5545501595522082	0.891697026465808
0.4159126196641562	0.542772103066144
0.5545501595522082	0.9692358983324001
0.7486427153954812	0.814158154599216
0.3465938497201302	0.42646379526625605
0.44364012764176664	0.67846512883268
0.5545501595522082	0.562156821032792
0.3743213576977406	0.465233231199552
0.42977637365296145	0.504002667132848
0.5406864055634031	0.891697026465808
0.7070514534290656	1.2793913857987682
0.5961414215186239	1.06615948816564
0.2356838178096885	0.504002667132848
0.12477378589924686	0.271386051533072
0.3465938497201302	0.465233231199552
0.402048865675351	0.504002667132848
0.9150077632611437	0.697849846799328
0.6100051755074292	0.8723123084991601
0.402048865675351	0.465233231199552
0.3743213576977406	0.42646379526625605
0.5961414215186239	0.949851180365752
0.5822776675298187	0.911081744432456
0.44364012764176664	0.833542872565864
0.2634113257872989	0.310155487466368
0.3881851116865458	0.6396956928993841
0.8179614853395072	0.600926256966088
0.6238689294962344	0.620310974932736
0.36045760370893537	0.717234564765976
0.31886634174251977	0.504002667132848
0.471367635619377	0.329540205433016
0.29113883376490934	0.29077076949972
0.471367635619377	0.58154153899944
0.5822776675298187	0.736619282732624
0.6377326834850395	0.697849846799328
0.7625064693842863	0.911081744432456
0.6515964374738447	0.9692358983324001
0.8595527473059229	0.930466462399104
0.5545501595522082	0.620310974932736
0.471367635619377	0.736619282732624
0.5545501595522082	0.6396956928993841
0.5822776675298187	0.48461794916620005
0.5129588975857927	0.697849846799328
0.5406864055634031	0.77538871866592
0.5545501595522082	0.542772103066144
0.6654601914626499	0.42646379526625605
0.42977637365296145	0.697849846799328
0.471367635619377	0.620310974932736
0.5961414215186239	0.659080410866032
0.5545501595522082	0.407079077299608
0.5406864055634031	0.6396956928993841
0.3050025877537146	0.465233231199552
0.6100051755074292	0.445848513232904
0.7763702233730916	0.48461794916620005
0.5822776675298187	0.6396956928993841
0.5406864055634031	0.77538871866592
0.3465938497201302	0.348924923399664
0.3465938497201302	0.465233231199552
0.5822776675298187	0.67846512883268
0.48523138960818224	0.7560040006992721
0.4990951435969874	0.19384717966648
0.3743213576977406	0.310155487466368
0.3881851116865458	0.407079077299608
0.31886634174251977	0.445848513232904
0.5268226515745978	0.9692358983324001
0.33273009573132495	0.697849846799328
0.471367635619377	0.42646379526625605
0.6377326834850395	0.736619282732624
0.6377326834850395	0.736619282732624
0.5684139135410134	0.620310974932736
0.31886634174251977	0.542772103066144
0.4575038816305719	0.329540205433016
0.4575038816305719	0.600926256966088
0.4575038816305719	0.6396956928993841
0.5961414215186239	0.445848513232904
0.44364012764176664	0.38769435933296
0.33273009573132495	0.29077076949972
0.5268226515745978	0.600926256966088
0.48523138960818224	0.736619282732624
0.33273009573132495	0.465233231199552
0.3050025877537146	0.42646379526625605
0.36045760370893537	0.42646379526625605
0.5129588975857927	0.6396956928993841
0.3050025877537146	0.48461794916620005
0.42977637365296145	0.600926256966088
0.3743213576977406	0.504002667132848
0.3881851116865458	0.232616615599776
0.2495475717984937	0.407079077299608
0.31886634174251977	0.407079077299608
0.42977637365296145	0.600926256966088
0.4575038816305719	0.38769435933296
0.3465938497201302	0.542772103066144
0.3881851116865458	0.48461794916620005
0.3743213576977406	0.562156821032792
0.4990951435969874	0.562156821032792
0.44364012764176664	0.29077076949972
0.2772750797761041	0.21323189763312803
0.2495475717984937	0.174462461699832
0.29113883376490934	0.38769435933296
0.42977637365296145	0.562156821032792
0.4575038816305719	0.659080410866032
0.2356838178096885	0.504002667132848
0.3050025877537146	0.523387385099496
0.3050025877537146	0.600926256966088
0.5129588975857927	0.445848513232904
0.1940925558432729	0.42646379526625605
0.44364012764176664	0.252001333566424
0.3881851116865458	0.407079077299608
0.3465938497201302	0.38769435933296
0.33273009573132495	0.445848513232904
0.29113883376490934	0.504002667132848
0.3465938497201302	0.21323189763312803
0.3743213576977406	0.48461794916620005
0.3743213576977406	0.6396956928993841
0.4159126196641562	0.329540205433016
