WT	KO
0.5047695931256642	0.6223239971079861
0.5421599333571948	0.5420241265134073
0.6356357839360216	0.6022490294593413
0.5234647632414295	0.5018741912161179
0.6356357839360216	0.6524364485809532
0.6543309540517869	0.5119116750404402
0.822587485093675	0.6825489000539202
0.5421599333571948	0.6624739324052755
0.4112937425468375	0.4416492882701837
0.48607442300989884	0.6122865132836638
0.6169406138202562	0.4617242559188284
0.6730261241675523	0.5319866426890849
0.878672995440971	0.5821740618106966
0.44868408277836813	0.4717617397431508
0.5608551034729602	0.6122865132836638
0.5047695931256642	0.6323614809323085
0.5795502735887256	0.7528112868241769
0.7478068046306136	0.6624739324052755
0.6169406138202562	0.5821740618106966
0.7478068046306136	0.7628487706484991
0.6730261241675523	0.7728862544728214
0.7478068046306136	0.6925863838782427
0.7478068046306136	0.6925863838782427
0.5795502735887256	0.5821740618106966
0.6356357839360216	0.5821740618106966
0.6169406138202562	0.5821740618106966
0.878672995440971	0.7728862544728214
0.878672995440971	0.7427738029998544
0.6917212942833176	0.7528112868241769
0.5421599333571948	0.6423989647566308
0.7104164643990829	0.6624739324052755
0.5047695931256642	0.5721365779863744
0.6730261241675523	0.6223239971079861
0.5982454437044908	0.5520616103377296
0.7291116345148483	0.7528112868241769
0.8412826552094403	0.7829237382971439
0.822587485093675	0.8732610927160451
0.990844016135563	0.9134110280133345
0.7291116345148483	0.7728862544728214
0.6356357839360216	0.7528112868241769
0.6730261241675523	0.6925863838782427
0.9721488460197977	0.6725114162295979
0.8599778253252056	0.9033735441890122
0.878672995440971	0.8632236088917227
0.8038923149779097	0.9334859956619792
0.9721488460197977	0.9635984471349462
0.8973681655567363	0.7628487706484991
0.9160633356725018	0.8230736735944333
0.8599778253252056	0.7628487706484991
0.7851971448621443	0.7628487706484991
1.0095391862513283	0.8130361897701109
0.8038923149779097	0.843148641243078
1.0282343563670937	0.9736359309592686
0.9160633356725018	0.7126613515268874
0.766501974746379	0.8029987059457885
0.8973681655567363	0.8531861250674003
0.8599778253252056	0.7226988353512097
0.878672995440971	0.6925863838782427
0.8599778253252056	0.8130361897701109
0.7851971448621443	0.7327363191755321
0.9534536759040324	0.8732610927160451
0.8412826552094403	0.9033735441890122
0.878672995440971	0.7929612221214662
1.0656246965986245	0.7327363191755321
0.7104164643990829	0.6423989647566308
0.8599778253252056	0.7628487706484991
0.7104164643990829	0.6725114162295979
1.1217102069459204	0.953560963310624
1.046929526482859	0.8732610927160451
0.7291116345148483	0.9033735441890122
0.878672995440971	0.9937108986079134
0.8412826552094403	0.843148641243078
0.7851971448621443	0.6122865132836638
0.878672995440971	0.8230736735944333
0.878672995440971	0.6725114162295979
0.8412826552094403	0.7327363191755321
0.878672995440971	0.8230736735944333
0.9160633356725018	0.7929612221214662
0.9721488460197977	0.8531861250674003
0.766501974746379	0.5922115456350191
0.878672995440971	0.7126613515268874
0.8599778253252056	0.8029987059457885
0.8973681655567363	0.7327363191755321
0.7104164643990829	0.8130361897701109
0.7478068046306136	0.6524364485809532
0.8412826552094403	0.6825489000539202
0.8412826552094403	0.9334859956619792
0.7104164643990829	0.8230736735944333
0.8599778253252056	0.8230736735944333
0.822587485093675	0.7226988353512097
0.878672995440971	0.7728862544728214
0.6917212942833176	0.7327363191755321
0.990844016135563	1.0639732853781698
1.0656246965986245	1.013785866256558
1.215186057524747	1.0639732853781698
0.8412826552094403	0.8832985765403674
0.4299889126626028	0.5219491588647626
0.5234647632414295	0.7427738029998544
0.7104164643990829	0.7427738029998544
1.1777957172932165	1.1743856074457157
1.1777957172932165	1.0840482530268145
0.6356357839360216	0.6122865132836638
0.6356357839360216	0.7929612221214662
0.8038923149779097	0.6323614809323085
0.9721488460197977	0.8732610927160451
1.3647474184508699	1.1041232206754592
1.0843198667143896	0.7829237382971439
1.215186057524747	1.1342356721484264
0.8038923149779097	0.8732610927160451
0.822587485093675	0.7026238677025649
0.990844016135563	0.983673414783591
0.8599778253252056	0.7427738029998544
0.5608551034729602	0.7528112868241769
0.7291116345148483	0.7528112868241769
0.6356357839360216	0.8130361897701109
0.7478068046306136	0.7829237382971439
0.934758505788267	0.8531861250674003
1.1217102069459204	0.8832985765403674
1.0095391862513283	0.9435234794863016
0.990844016135563	0.7929612221214662
0.8412826552094403	0.6624739324052755
0.766501974746379	0.7226988353512097
1.0656246965986245	0.9334859956619792
1.0656246965986245	1.0438983177295251
0.8038923149779097	0.8832985765403674
0.8599778253252056	0.7026238677025649
0.8412826552094403	0.8130361897701109
1.1030150368301552	0.953560963310624
1.1217102069459204	0.9234485118376567
0.9534536759040324	0.8029987059457885
1.0095391862513283	0.7728862544728214
0.8038923149779097	0.8230736735944333
1.0282343563670937	0.7628487706484991
0.8973681655567363	0.8732610927160451
0.934758505788267	0.843148641243078
0.822587485093675	0.7929612221214662
0.9721488460197977	0.7728862544728214
1.0843198667143896	0.9937108986079134
1.046929526482859	0.9435234794863016
0.934758505788267	0.8029987059457885
0.7104164643990829	0.6323614809323085
0.6356357839360216	0.6825489000539202
0.7104164643990829	0.6725114162295979
0.8412826552094403	0.7528112868241769
0.934758505788267	0.8632236088917227
0.7291116345148483	0.8130361897701109
0.878672995440971	0.7327363191755321
1.0843198667143896	0.8732610927160451
0.934758505788267	0.843148641243078
0.6730261241675523	0.7327363191755321
0.6917212942833176	0.7026238677025649
0.48607442300989884	0.7427738029998544
0.4673792528941335	0.7327363191755321
0.6169406138202562	0.562099094162052
0.5608551034729602	0.7327363191755321
0.8038923149779097	0.6725114162295979
0.7851971448621443	0.5922115456350191
0.7851971448621443	0.6725114162295979
0.6543309540517869	0.6825489000539202
0.6917212942833176	0.5922115456350191
0.766501974746379	0.5821740618106966
0.8038923149779097	0.6223239971079861
0.5982454437044908	0.6925863838782427
0.6543309540517869	0.6725114162295979
0.6169406138202562	0.6022490294593413
0.7291116345148483	0.6524364485809532
0.934758505788267	0.9033735441890122
0.6917212942833176	0.7026238677025649
0.7104164643990829	0.5219491588647626
0.6543309540517869	0.6022490294593413
0.766501974746379	0.6825489000539202
0.8412826552094403	0.7427738029998544
0.7291116345148483	0.6725114162295979
0.8412826552094403	0.7126613515268874
0.6730261241675523	0.6524364485809532
0.5421599333571948	0.6022490294593413
0.5982454437044908	0.6624739324052755
0.5982454437044908	0.6524364485809532
0.5795502735887256	0.7728862544728214
0.7478068046306136	0.7728862544728214
0.6169406138202562	0.6223239971079861
0.7851971448621443	0.7126613515268874
0.6543309540517869	0.6022490294593413
0.5608551034729602	0.6022490294593413
0.6730261241675523	0.5922115456350191
0.7291116345148483	0.6524364485809532
0.822587485093675	0.562099094162052
0.5608551034729602	0.5821740618106966
0.48607442300989884	0.5420241265134073
0.5421599333571948	0.6825489000539202
0.48607442300989884	0.6022490294593413
0.5608551034729602	0.6022490294593413
0.7104164643990829	0.7628487706484991
0.6169406138202562	0.6223239971079861
0.7104164643990829	0.6825489000539202
0.6917212942833176	0.6423989647566308
0.7104164643990829	0.6022490294593413
0.8973681655567363	0.6524364485809532
0.5421599333571948	0.5520616103377296
0.5795502735887256	0.4617242559188284
