WT	KO
0.5948899003503791	0.5824314331908075
0.5249028532503346	0.7703125406717132
0.6648769474504238	0.5824314331908075
0.804851041650513	0.6763719869312604
0.5249028532503346	0.6200076546869887
0.8748380887505577	0.9018293159083471
0.8398445652005354	0.6763719869312604
0.6648769474504238	0.7327363191755321
0.31494171195020076	0.6575838761831698
0.804851041650513	0.6763719869312604
0.6998704710004461	0.7891006514198037
0.7348639945504684	0.8830412051602565
0.9098316123005799	0.9957698696488
0.7698575181004907	0.4697027687022642
0.48990932970031226	0.7891006514198037
0.5598963768003569	0.7515244299236226
0.804851041650513	0.7327363191755321
0.4199222826002677	0.6763719869312604
0.7698575181004907	0.7327363191755321
0.4199222826002677	0.4697027687022642
0.7348639945504684	0.864253094412166
0.7348639945504684	0.864253094412166
0.9098316123005799	0.7327363191755321
0.48990932970031226	0.6951600976793509
0.4549158061502899	0.6951600976793509
0.27994818840017843	0.6200076546869887
1.154786277150736	0.9018293159083471
0.8398445652005354	1.0897104233892527
1.154786277150736	1.0333460911449812
0.9798186594006245	1.0145579803968905
0.5598963768003569	0.6200076546869887
0.7698575181004907	0.9581936481526189
0.6998704710004461	0.9769817589007094
0.6648769474504238	0.6387957654350792
0.5249028532503346	0.9018293159083471
0.6998704710004461	0.7703125406717132
0.9098316123005799	0.7703125406717132
0.804851041650513	0.9206174266564376
0.7698575181004907	0.8266768729159849
0.9448251358506022	1.0709223126411622
0.9448251358506022	0.9769817589007094
0.5249028532503346	0.7891006514198037
0.4549158061502899	0.4884908794503547
0.5948899003503791	0.8454649836640754
1.014812182950647	1.0145579803968905
0.8748380887505577	0.9206174266564376
0.8398445652005354	1.0145579803968905
0.6998704710004461	0.7703125406717132
0.3849287590502454	0.8266768729159849
0.6998704710004461	0.7703125406717132
0.9098316123005799	0.9206174266564376
0.9098316123005799	0.8830412051602565
0.804851041650513	0.864253094412166
0.5598963768003569	0.6012195439388981
0.7698575181004907	0.8830412051602565
0.9098316123005799	0.9957698696488
0.9098316123005799	0.7891006514198037
0.8398445652005354	0.9957698696488
0.9098316123005799	0.9769817589007094
0.9098316123005799	0.9581936481526189
0.7698575181004907	1.1836509771297057
1.0498057065006692	0.9581936481526189
0.804851041650513	0.8266768729159849
0.804851041650513	0.6575838761831698
1.014812182950647	0.9206174266564376
0.7348639945504684	1.0521342018930717
0.5249028532503346	0.9957698696488
0.8748380887505577	1.0709223126411622
0.4549158061502899	0.7515244299236226
0.8398445652005354	0.9581936481526189
0.9098316123005799	0.8454649836640754
0.8398445652005354	0.7139482084274414
0.6298834239004015	0.8266768729159849
1.0498057065006692	0.864253094412166
0.6998704710004461	0.9206174266564376
0.9798186594006245	1.0521342018930717
0.5948899003503791	0.6951600976793509
0.34993523550022304	0.7515244299236226
0.8398445652005354	0.7703125406717132
0.6648769474504238	0.7703125406717132
0.804851041650513	0.8830412051602565
0.7348639945504684	0.7139482084274414
0.6298834239004015	0.7327363191755321
0.804851041650513	0.864253094412166
0.804851041650513	0.7891006514198037
0.5598963768003569	0.8454649836640754
0.8748380887505577	0.7891006514198037
0.6998704710004461	0.6575838761831698
0.5249028532503346	0.6951600976793509
0.5249028532503346	0.6387957654350792
0.48990932970031226	0.7139482084274414
0.7348639945504684	0.7515244299236226
0.5598963768003569	0.563643322442717
0.9798186594006245	1.0709223126411622
0.9098316123005799	0.6200076546869887
0.27994818840017843	0.30060977196944905
0.3849287590502454	0.563643322442717
0.4199222826002677	0.432126547206083
0.8398445652005354	0.8830412051602565
0.6648769474504238	1.0521342018930717
1.3997409420008922	1.2775915308701584
1.014812182950647	1.221227198625887
0.7348639945504684	0.8830412051602565
0.34993523550022304	0.39455032570990184
0.5598963768003569	0.6763719869312604
0.6298834239004015	0.6200076546869887
0.4549158061502899	0.7515244299236226
0.34993523550022304	0.5072789901984452
0.4199222826002677	0.6200076546869887
0.7698575181004907	0.8830412051602565
0.5598963768003569	0.6763719869312604
0.6298834239004015	0.5260671009465359
0.5948899003503791	0.8454649836640754
0.4549158061502899	0.563643322442717
0.8398445652005354	0.9206174266564376
0.4199222826002677	0.8266768729159849
0.6648769474504238	0.7327363191755321
0.8748380887505577	0.7139482084274414
0.8398445652005354	0.9957698696488
0.5598963768003569	0.7327363191755321
0.7698575181004907	0.9206174266564376
0.5249028532503346	0.8266768729159849
0.5249028532503346	0.6012195439388981
0.6648769474504238	0.9394055374045284
0.4549158061502899	0.7327363191755321
0.7698575181004907	0.864253094412166
0.9798186594006245	0.8266768729159849
0.8398445652005354	0.8266768729159849
0.6298834239004015	0.9769817589007094
0.4549158061502899	0.7515244299236226
0.804851041650513	0.6951600976793509
0.7698575181004907	0.7327363191755321
1.154786277150736	0.9206174266564376
0.6648769474504238	0.7327363191755321
0.804851041650513	0.6763719869312604
0.3849287590502454	0.5824314331908075
0.5598963768003569	0.9957698696488
0.6998704710004461	0.8454649836640754
0.8748380887505577	0.9581936481526189
0.6998704710004461	0.8078887621678944
0.9098316123005799	0.6387957654350792
0.7348639945504684	0.8454649836640754
0.9098316123005799	1.1084985341373432
0.804851041650513	1.0145579803968905
0.8398445652005354	0.8454649836640754
1.0847992300506915	0.9394055374045284
0.7698575181004907	0.8266768729159849
0.9098316123005799	0.9018293159083471
0.9448251358506022	1.0333460911449812
0.31494171195020076	0.563643322442717
0.7348639945504684	0.7327363191755321
0.4199222826002677	0.7515244299236226
0.5948899003503791	0.9206174266564376
0.804851041650513	0.9018293159083471
0.48990932970031226	0.6575838761831698
0.6298834239004015	0.6387957654350792
0.34993523550022304	0.5824314331908075
0.48990932970031226	0.5448552116946264
0.7698575181004907	0.8078887621678944
0.5598963768003569	0.563643322442717
0.27994818840017843	0.5260671009465359
0.4199222826002677	0.5260671009465359
0.48990932970031226	0.5260671009465359
0.804851041650513	0.8454649836640754
0.5948899003503791	0.9769817589007094
0.6648769474504238	0.6387957654350792
0.5948899003503791	0.6951600976793509
0.5598963768003569	0.6575838761831698
0.3849287590502454	0.5260671009465359
0.48990932970031226	0.6951600976793509
0.6648769474504238	0.6763719869312604
0.8398445652005354	0.7139482084274414
0.6298834239004015	0.7703125406717132
0.6648769474504238	0.8078887621678944
0.7698575181004907	0.6012195439388981
0.5948899003503791	0.6387957654350792
0.8398445652005354	0.8830412051602565
0.8748380887505577	0.864253094412166
0.5598963768003569	0.7703125406717132
0.5598963768003569	0.6951600976793509
0.5249028532503346	0.6763719869312604
0.7348639945504684	0.9206174266564376
0.6998704710004461	0.6012195439388981
0.6298834239004015	0.6575838761831698
0.5249028532503346	0.563643322442717
0.48990932970031226	0.5260671009465359
0.5598963768003569	0.6387957654350792
0.7348639945504684	0.7327363191755321
0.4199222826002677	0.7515244299236226
0.5948899003503791	0.6951600976793509
0.804851041650513	0.6200076546869887
0.5598963768003569	0.5824314331908075
0.6998704710004461	0.6763719869312604
0.5598963768003569	0.563643322442717
0.6298834239004015	0.7703125406717132
0.7698575181004907	0.864253094412166
0.6648769474504238	0.6575838761831698
0.5249028532503346	0.7703125406717132
0.5249028532503346	0.7327363191755321
0.48990932970031226	0.563643322442717
