condition1	condition1
0.13771744979659287	0.16019437435485193
0.15453790168014617	0.1705666719749503
0.14139692364612014	0.16307556813821258
0.15033278870925784	0.1400260178713274
0.1561148190442293	0.15616070305814705
0.1371918106752318	0.1555844643014749
0.1482302322238137	0.17402410451498304
0.13929436716067597	0.16480428440822897
0.15453790168014617	0.16307556813821258
0.14507639749564744	0.17171914948829453
0.1293072238548162	0.17114291073162238
0.14875587134517473	0.16019437435485193
0.1508584278306189	0.17978649208170433
0.1561148190442293	0.17171914948829453
0.14875587134517473	0.18382016337840923
0.16399940586464495	0.17229538824496665
0.15664045816559036	0.17402410451498304
0.17293527092778263	0.16422804565155685
0.15138406695197992	0.1653805231649011
0.16189684937920076	0.17748153705501582
0.1697814361996164	0.17632905954167155
0.16715324059281117	0.16999043321827814
0.16925579707825536	0.169414194461606
0.17819166214139306	0.17114291073162238
0.16767887971417222	0.182667685865065
0.16189684937920076	0.1930399834851633
0.1613712102578397	0.18151520835172075
0.1634737667432839	0.17863401456836006
0.165050684107367	0.19995484856522885
0.17398654917050474	0.1849726408917535
0.1802942186268372	0.1890063121884584
0.17135835356369952	0.17690529829834367
0.15296098431606306	0.17632905954167155
0.1661019623500891	0.18554887964842562
0.17398654917050474	0.18612511840509777
0.18292241423364242	0.17690529829834367
0.1965890313890295	0.17863401456836006
0.1750378274132268	0.19592117726852393
0.16452504498600598	0.19707365478186822
0.165050684107367	0.1867013571617699
0.17188399268506055	0.18036273083837645
0.1913326401754191	0.21320833996868782
0.17819166214139306	0.1947686997551797
0.1787173012627541	0.19764989353854034
0.17398654917050474	0.2126321012120157
0.19816594875311264	0.20571723613195014
0.20605053557352823	0.2166657725087206
0.20710181381625034	0.19649741602519608
0.18712752720453077	0.20225980359191736
0.19764030963175158	0.21378457872535997
0.1939608357822243	0.21897072753540914
0.20237106172400096	0.21320833996868782
0.2039479790880841	0.218394488778737
0.18607624896180866	0.22069944380542553
0.17976857950547617	0.20168356483524524
0.19553775314630742	0.2109033849419993
0.20079414435991783	0.22530935385880255
0.21025564854441656	0.22012320504875338
0.215512039758027	0.218394488778737
0.2055248964521672	0.22473311510213043
0.20131978348127888	0.22415687634545828
0.21130692678713867	0.2062934748886223
0.21656331800074907	0.22703807012881894
0.18660188808316971	0.22761430888549106
0.22181970921435948	0.2126321012120157
0.2039479790880841	0.20744595240196653
0.21603767887938802	0.20398851986193375
0.1965890313890295	0.23107174142552384
0.2092043703016945	0.23107174142552384
0.20289670084536202	0.22242816007544192
0.2260248221852478	0.22703807012881894
0.2270761004279699	0.22646183137214682
0.21235820502986075	0.2460539490989992
0.228127378670692	0.22127568256209762
0.2181402353648322	0.23280045769554022
0.21498640063666596	0.22185192131876977
0.22497354394252575	0.23741036774891727
0.23653760461246864	0.2103271461853272
0.23285813076294137	0.25296881417906475
0.2144607615153049	0.22934302515550745
0.22024279185027634	0.2299192639121796
0.2128838441512218	0.23280045769554022
0.21498640063666596	0.23510541272222873
0.22339662657844261	0.20225980359191736
0.19816594875311264	0.2109033849419993
0.22129407009299845	0.23510541272222873
0.2207684309716374	0.22242816007544192
0.22917865691341407	0.24144403904562214
0.2228709874570816	0.22646183137214682
0.2523067782532999	0.2679510218525401
0.253883695617383	0.2598836792591303
0.16189684937920076	0.17632905954167155
0.30013993829715463	0.32154122622304815
0.2938322688408222	0.30598277979290067
0.21866587448619326	0.24778266536901558
0.1345636150684266	0.14751712170806508
0.23075557427749718	0.23164798018219598
0.3195885857875132	0.32903233005978577
0.33640903767106656	0.3497769252999825
0.20079414435991783	0.19995484856522885
0.12983286297617722	0.14751712170806508
0.13614053243250973	0.14117849538467167
0.22181970921435948	0.22415687634545828
0.3279988117292899	0.3532343578400153
0.316434751059347	0.3134738836296383
0.22392226569980367	0.2287667863988353
0.14139692364612014	0.1532795092747864
0.21708895712211013	0.2466301878556713
0.3059219686321261	0.3111689286029498
0.28699896026312866	0.3054065410362285
0.17661474477730993	0.16249932938154046
0.25546061298146616	0.2598836792591303
0.26439647804460387	0.2500876203957041
0.21656331800074907	0.2385628452622615
0.23285813076294137	0.24317275531563853
0.21498640063666596	0.22761430888549106
0.2344350481270245	0.22530935385880255
0.2118325659084997	0.2287667863988353
0.21971715272891534	0.22761430888549106
0.22392226569980367	0.22703807012881894
0.23233249164158032	0.22761430888549106
0.20131978348127888	0.21724201126539275
0.2092043703016945	0.22934302515550745
0.21340948327258283	0.23683412899224512
0.22549918306388678	0.22069944380542553
0.21340948327258283	0.20514099737527802
0.2107812876657776	0.20744595240196653
0.20762745293761137	0.2143608174820321
0.21761459624347115	0.21608953375204848
0.20079414435991783	0.218394488778737
0.20289670084536202	0.21781825002206484
0.20131978348127888	0.2149370562387042
0.2018454226026399	0.1988023710518846
0.20973000942305556	0.22473311510213043
0.21656331800074907	0.22069944380542553
0.19501211402494636	0.20744595240196653
0.18712752720453077	0.20514099737527802
0.18397369247636453	0.187277595918442
0.19028136193269699	0.20341228110526163
0.20026850523855677	0.19764989353854034
0.20815309205897242	0.19534493851185183
0.20026850523855677	0.20744595240196653
0.19869158787447366	0.17978649208170433
0.17608910565594887	0.19707365478186822
0.19185827929678012	0.19764989353854034
0.19080700105405804	0.2109033849419993
0.18292241423364242	0.20053108732190097
0.18449933159772555	0.1849726408917535
0.18397369247636453	0.187277595918442
0.19764030963175158	0.20053108732190097
0.18923008368997493	0.20571723613195014
0.1913326401754191	0.20341228110526163
0.1965890313890295	0.19246374472849118
0.18502497071908658	0.20168356483524524
0.19764030963175158	0.19764989353854034
0.18449933159772555	0.1930399834851633
0.1813454968695593	0.18036273083837645
0.1876531663258918	0.19015878970180267
0.17346091004914369	0.1751765820283273
0.18607624896180866	0.19188750597181906
0.18081985774819825	0.19534493851185183
0.1802942186268372	0.19592117726852393
0.17293527092778263	0.19246374472849118
0.16557632322872806	0.17748153705501582
0.17188399268506055	0.1596181355981798
0.16084557113647868	0.17460034327165516
0.1634737667432839	0.17632905954167155
0.15243534519470203	0.16595676192157321
0.16767887971417222	0.169414194461606
0.17556346653458785	0.18439640213508138
0.15190970607334098	0.16595676192157321
0.1582173755296735	0.1705666719749503
0.15926865377239557	0.16826171694826175
0.1482302322238137	0.16710923943491748
0.15243534519470203	0.16077061311152407
0.16820451883553328	0.17805777581168794
0.15033278870925784	0.17460034327165516
0.1534866234374241	0.16422804565155685
0.15190970607334098	0.1573131805714913
0.15138406695197992	0.1705666719749503
0.1597942928937566	0.16826171694826175
0.15243534519470203	0.16422804565155685
0.16399940586464495	0.15673694181481915
0.1471789539810916	0.15155079300477
0.15926865377239557	0.15846565808483554
0.15716609728695138	0.16710923943491748
0.15506354080150722	0.16249932938154046
0.14770459310245265	0.16307556813821258
0.13876872803931495	0.1532795092747864
0.15190970607334098	0.1573131805714913
0.14455075837428638	0.15904189684150769
0.15138406695197992	0.15039831549142574
0.15874301465103452	0.1705666719749503
0.14507639749564744	0.1457884054380487
0.13351233682570454	0.15270327051811425
0.14612767573836952	0.16249932938154046
0.13929436716067597	0.146940882951393
0.15401226255878517	0.14751712170806508
0.1408712845247591	0.15212703176144213
0.1419225627674812	0.1555844643014749
