condition1	condition1
0.242651520668999	0.25064012064346186
0.2413123842414659	0.2465402277212678
0.2552394030878102	0.24736020630570663
0.2533646120892638	0.25692662312415937
0.252561130232744	0.2558333183449076
0.27157686750371407	0.2651264089685474
0.2627385670819956	0.25419336117603003
0.2664881490790883	0.25883990648784994
0.25470374851679695	0.25501333976046886
0.2643455307950353	0.2571999493189723
0.2710412129327009	0.28726583074839523
0.26916642193415447	0.27141291144924495
0.26327422165300884	0.2604798636567275
0.2664881490790883	0.26676636613742505
0.2640777035095287	0.27141291144924495
0.26595249450807507	0.25883990648784994
0.2605959487979426	0.27578613056625195
0.2630063943675022	0.28234595924176237
0.2817543043529657	0.2741461733973743
0.2777368950703664	0.28726583074839523
0.28470040449353856	0.2856258735795176
0.27800472235587304	0.27578613056625195
0.2964848050558299	0.2946456380083445
0.2943421867717769	0.2897257665017116
0.29219956848772394	0.28917911411208574
0.29835959605437623	0.2834392640210141
0.29407435948627025	0.2834392640210141
0.28844998649063125	0.2998388357097902
0.29835959605437623	0.3003854880994161
0.30853703290362783	0.3151451026193146
0.299966559767416	0.30093214048904193
0.2919317412022173	0.305032033411236
0.2938065322007637	0.30475870721642306
0.2988952506253895	0.3159650812037534
0.2964848050558299	0.30448538102161016
0.30344831447900206	0.32225158368445095
0.3090726874746411	0.29710557376166086
0.30077004162393584	0.31077188350230767
0.3026448326224822	0.2998388357097902
0.30853703290362783	0.32389154085332855
0.30800137833261465	0.30831194774899123
0.31523271504129335	0.31077188350230767
0.30934051476014773	0.30858527394380414
0.32835625203111785	0.3233448884637027
0.3136257513282537	0.32389154085332855
0.3090726874746411	0.3277181075807097
0.31121530575869405	0.3156917550089405
0.31898229703838604	0.313505145450437
0.3240710154630119	0.3203383003207604
0.32996321574415755	0.3200649741259475
0.3315701794571973	0.326078150411832
0.33612324331080984	0.33400461006140714
0.32862407931662446	0.3197916479311345
0.32246405174997217	0.3230715622688898
0.33478410688327676	0.3372845243991624
0.3315701794571973	0.32662480280145795
0.3412119617354357	0.34630428882798925
0.3404084798789158	0.3424777221006082
0.35085374401367403	0.3536840960879385
0.3476398165875946	0.3528641175034997
0.3489789530151277	0.34821757219167987
0.33264148859922377	0.33892448156804
0.3487111257296211	0.35231746511387385
0.3487111257296211	0.3498575293605574
0.3540676714397535	0.34329770068504695
0.33960499802239597	0.33919780776285297
0.3441580618760085	0.3501308555553704
0.34951460758614095	0.3424777221006082
0.3602276990064058	0.3531374436983127
0.35433549872526016	0.36161055573751366
0.3489789530151277	0.35559737945162906
0.3594242171498859	0.35696401042569376
0.3492467803006343	0.34931087697093155
0.36638772657305807	0.35723733662050666
0.35728159886583294	0.3736369083092828
0.3768329907078163	0.37281692972484404
0.37843995442085604	0.37637017025741215
0.38754608212808117	0.3788301060107286
0.3867426002715613	0.3739102345040958
0.3674590357150846	0.38047006317960624
0.3762973361368031	0.36789705821821117
0.37094079042667066	0.3739102345040958
0.3527285350122204	0.3441176792694858
0.33531976145429	0.3443910054642987
0.31228661490072057	0.30831194774899123
0.27398731307327373	0.2694996280855544
0.25872115779939625	0.2615731684359793
0.29568132319931	0.2790660449040071
0.29568132319931	0.28535254738470467
0.24559762080957181	0.24080037763019616
0.23140277467772088	0.21811430346072253
0.30559093276305505	0.2910923974757763
0.4167392562483029	0.42365560196005003
0.3985270008338527	0.3842966299069873
0.3342484523122635	0.3170583859830051
0.21586879211833687	0.21428773673334142
0.28871781377613787	0.27523947817662603
0.43816543908883265	0.4329486925836898
0.48958827790610393	0.47586090516932067
0.2962169777703233	0.30093214048904193
0.12320055133304585	0.11261039226292942
0.13311016089679084	0.12846331156207969
0.3031804871934954	0.3170583859830051
0.4893204506205973	0.49800032694916846
0.4480750486525776	0.44087515223326496
0.2793438587834062	0.27797274012475537
0.21747575583137657	0.21920760823997426
0.3128222694717338	0.30831194774899123
0.3789756089918693	0.38566326088105196
0.425845383955528	0.42693551629780524
0.2852360590645518	0.30776529535936537
0.24238369338349236	0.2249474583310459
0.2415802115269725	0.2418936824094479
0.26729163093560815	0.2744194995921872
0.2876465046341114	0.28890578791727284
0.2688985946486479	0.27086625905961903
0.28844998649063125	0.2856258735795176
0.3240710154630119	0.3181516907622569
0.3270171156035847	0.3471242674124281
0.33531976145429	0.34794424599686685
0.38326084555997525	0.38047006317960624
0.40736530125557113	0.39686963486838234
0.39986613726138576	0.3911297847773107
0.3950452461222666	0.3821100203484838
0.38245736370345534	0.3736369083092828
0.3690659994281243	0.37172362494559225
0.38299301827446863	0.3747302130885346
0.3939739369802401	0.3791034322055415
0.3679946902860978	0.36871703680264994
0.36370945371799185	0.3706303201663405
0.35487115329627333	0.35477740086719023
0.3623703172904587	0.35477740086719023
0.35513898058178	0.3512241603346221
0.34067630716442243	0.3676237320233982
0.3487111257296211	0.34329770068504695
0.3393371707368893	0.34630428882798925
0.3489789530151277	0.3290847385547743
0.33451627959777014	0.3471242674124281
0.34522937101803497	0.34931087697093155
0.33960499802239597	0.3457576364383634
0.34656850744556805	0.3378311767887882
0.33531976145429	0.3501308555553704
0.3315701794571973	0.3326379790873425
0.3200536061804126	0.3309980219184649
0.323267533606492	0.32197825748963804
0.31201878761521396	0.3151451026193146
0.3130900967572404	0.31459845022968874
0.33451627959777014	0.32197825748963804
0.3240710154630119	0.33318463147696836
0.31335792404274704	0.32252490987926385
0.3130900967572404	0.31787836456744395
0.3173753333253464	0.32689812899627085
0.31898229703838604	0.30995190491786884
0.30853703290362783	0.3200649741259475
0.3039839690500153	0.31077188350230767
0.31148313304420067	0.3110452096971206
0.3136257513282537	0.3214316051000121
0.3213927426079457	0.3113185358919335
0.3163040241833199	0.3167850597881922
0.32192839717895894	0.32853808616514846
0.30478745090653514	0.3104985573074947
0.3149648877557868	0.3033920762423584
0.2988952506253895	0.30311875004754546
0.29487784134279016	0.2981988785409126
0.30130569619494907	0.3022987714631067
0.3101439966166676	0.30448538102161016
0.29005695020367095	0.2960122689824091
0.29568132319931	0.30311875004754546
0.3058587600485616	0.2979255523460997
0.30103786890944245	0.30120546668385495
0.299966559767416	0.30448538102161016
0.30157352348045574	0.30530535960604893
0.29032477748917757	0.2990188571253514
0.2817543043529657	0.2834392640210141
0.29728828691234976	0.30175211907348076
0.29059260477468424	0.2943723118135315
0.2919317412022173	0.3039387286319843
0.28711085006309817	0.28890578791727284
0.2828256134949922	0.2768794353455037
0.26595249450807507	0.2566532969293464
0.26247073979648894	0.27578613056625195
0.2812186497819525	0.2910923974757763
0.287914331919618	0.29382565942390565
0.27720124049935313	0.2766061091506907
0.2667559763645949	0.2722328900336838
0.25925681237040954	0.28097932826769767
0.260328121512436	0.2602065374619146
0.25845333051388963	0.27469282578700016
0.2664881490790883	0.26239314702041805
0.26354204893851546	0.2602065374619146
0.25095416651970426	0.2571999493189723
0.264613358080542	0.26867964950111556
0.252561130232744	0.25747327551378524
0.24693675723710493	0.2678596709166768
0.24907937552115791	0.25228007781233946
0.2533646120892638	0.25446668737084294
0.2512219938052109	0.25883990648784994
0.2514898210907175	0.2487268372797713
0.2439906570965321	0.25064012064346186
0.2413123842414659	0.24954681586421013
