WT	KO
0.21794872670887844	0.24729977235175687
0.18307693043545792	0.17561867891646502
0.17000000683292518	0.1899548976035234
0.16128205776457002	0.19353895227528797
0.20487180310634576	0.22937949899293392
0.22230770124305602	0.18637084293175882
0.21358975217470086	0.24729977235175687
0.2092307776405233	0.20070706161881718
0.20051282857216818	0.20787517096234637
0.18743590496963544	0.17561867891646502
0.23102565031141117	0.17920273358822963
0.18743590496963544	0.20429111629058178
0.2615384720506541	0.23296355366469854
0.1656410322987476	0.19353895227528797
0.20487180310634576	0.21145922563411096
0.18743590496963544	0.21504328030587555
0.23102565031141117	0.21862733497764014
0.252820522982299	0.20070706161881718
0.23102565031141117	0.20070706161881718
0.1961538540379906	0.21145922563411096
0.21358975217470086	0.21862733497764014
0.1569230832303925	0.18637084293175882
0.2266666757772336	0.24013166300822772
0.2615384720506541	0.22579544432116933
0.2092307776405233	0.22579544432116933
0.21358975217470086	0.21862733497764014
0.22230770124305602	0.21145922563411096
0.1961538540379906	0.21504328030587555
0.20051282857216818	0.2365476083364631
0.2092307776405233	0.22937949899293392
0.2615384720506541	0.24729977235175687
0.2266666757772336	0.290308428412932
0.20487180310634576	0.24013166300822772
0.20487180310634576	0.24729977235175687
0.2266666757772336	0.21145922563411096
0.2353846248455887	0.21504328030587555
0.18743590496963544	0.26522004571057983
0.19179487950381302	0.20429111629058178
0.21794872670887844	0.20787517096234637
0.1961538540379906	0.23296355366469854
0.252820522982299	0.25446788169528606
0.20051282857216818	0.22221138964940473
0.2266666757772336	0.2365476083364631
0.22230770124305602	0.23296355366469854
0.2266666757772336	0.2365476083364631
0.2092307776405233	0.2688041003823444
0.20051282857216818	0.26163599103881524
0.1961538540379906	0.24729977235175687
0.2353846248455887	0.24013166300822772
0.2353846248455887	0.18278678825999423
0.2964102683240747	0.26522004571057983
0.30076924285825224	0.2867243737411674
0.1961538540379906	0.22579544432116933
0.2266666757772336	0.272388155054109
0.2615384720506541	0.24013166300822772
0.2746153956531868	0.22937949899293392
0.25717949751647656	0.22579544432116933
0.25717949751647656	0.24013166300822772
0.2266666757772336	0.26522004571057983
0.30076924285825224	0.2580519363670507
0.3094871919266074	0.27597220972587366
0.28769231925571953	0.272388155054109
0.24410257391394385	0.24729977235175687
0.24846154844812143	0.2688041003823444
0.27025642111900927	0.290308428412932
0.21794872670887844	0.2688041003823444
0.252820522982299	0.24013166300822772
0.22230770124305602	0.26163599103881524
0.29205129378989714	0.31898086578704876
0.2353846248455887	0.27597220972587366
0.27025642111900927	0.27597220972587366
0.252820522982299	0.272388155054109
0.24846154844812143	0.24729977235175687
0.1961538540379906	0.2795562643976382
0.24846154844812143	0.2580519363670507
0.2746153956531868	0.2867243737411674
0.2658974465848317	0.3153968111152841
0.22230770124305602	0.24013166300822772
0.24846154844812143	0.21504328030587555
0.23102565031141117	0.24013166300822772
0.2746153956531868	0.2795562643976382
0.20487180310634576	0.22579544432116933
0.29205129378989714	0.27597220972587366
0.2789743701873644	0.3261489751305779
0.24410257391394385	0.2867243737411674
0.25717949751647656	0.2688041003823444
0.30512821739242985	0.2938924830846966
0.2789743701873644	0.25088382702352147
0.23974359937976628	0.22221138964940473
0.28769231925571953	0.26522004571057983
0.1656410322987476	0.16128246022940668
0.2353846248455887	0.22937949899293392
0.2658974465848317	0.26522004571057983
0.23102565031141117	0.24371571767999228
0.17435898136710276	0.1899548976035234
0.17435898136710276	0.15411435088587747
0.18743590496963544	0.16486651490117127
0.30076924285825224	0.30822870177175493
0.32256411552914005	0.3261489751305779
0.32256411552914005	0.3118127564435196
0.283333344721542	0.2938924830846966
0.313846166460785	0.3118127564435196
0.23974359937976628	0.290308428412932
0.18307693043545792	0.1469462415423483
0.1394871850936822	0.18637084293175882
0.17000000683292518	0.19353895227528797
0.21358975217470086	0.20429111629058178
0.252820522982299	0.2831403190694028
0.20051282857216818	0.24729977235175687
0.23102565031141117	0.22221138964940473
0.2092307776405233	0.22221138964940473
0.24410257391394385	0.24729977235175687
0.25717949751647656	0.2795562643976382
0.24846154844812143	0.25446788169528606
0.2789743701873644	0.25446788169528606
0.24846154844812143	0.2867243737411674
0.2658974465848317	0.29747653775646116
0.28769231925571953	0.22937949899293392
0.2615384720506541	0.2938924830846966
0.2746153956531868	0.2867243737411674
0.2615384720506541	0.2580519363670507
0.2353846248455887	0.2938924830846966
0.3094871919266074	0.2831403190694028
0.2789743701873644	0.27597220972587366
0.283333344721542	0.272388155054109
0.25717949751647656	0.27597220972587366
0.2964102683240747	0.24729977235175687
0.27025642111900927	0.2867243737411674
0.283333344721542	0.3118127564435196
0.3094871919266074	0.29747653775646116
0.29205129378989714	0.29747653775646116
0.22230770124305602	0.272388155054109
0.2615384720506541	0.24013166300822772
0.1961538540379906	0.25088382702352147
0.2658974465848317	0.2688041003823444
0.23974359937976628	0.272388155054109
0.2746153956531868	0.25446788169528606
0.25717949751647656	0.24013166300822772
0.2266666757772336	0.24729977235175687
0.30076924285825224	0.25088382702352147
0.2789743701873644	0.272388155054109
0.24846154844812143	0.21504328030587555
0.24846154844812143	0.22221138964940473
0.252820522982299	0.26522004571057983
0.25717949751647656	0.2580519363670507
0.2092307776405233	0.290308428412932
0.2092307776405233	0.22937949899293392
0.20487180310634576	0.22221138964940473
0.21794872670887844	0.23296355366469854
0.252820522982299	0.25088382702352147
0.2964102683240747	0.26522004571057983
0.21794872670887844	0.20070706161881718
0.18307693043545792	0.24013166300822772
0.22230770124305602	0.22579544432116933
0.20051282857216818	0.2938924830846966
0.24410257391394385	0.26522004571057983
0.2746153956531868	0.22937949899293392
0.2092307776405233	0.21504328030587555
0.19179487950381302	0.23296355366469854
0.22230770124305602	0.24729977235175687
0.2615384720506541	0.2831403190694028
0.2658974465848317	0.290308428412932
0.2964102683240747	0.2688041003823444
0.1961538540379906	0.22221138964940473
0.2353846248455887	0.22937949899293392
0.2092307776405233	0.2867243737411674
0.2353846248455887	0.23296355366469854
0.2353846248455887	0.26163599103881524
0.22230770124305602	0.23296355366469854
0.20487180310634576	0.26163599103881524
0.2353846248455887	0.2365476083364631
0.2353846248455887	0.21145922563411096
0.20051282857216818	0.24371571767999228
0.2353846248455887	0.25446788169528606
0.24410257391394385	0.22221138964940473
0.20487180310634576	0.2365476083364631
0.18307693043545792	0.19353895227528797
0.20487180310634576	0.21504328030587555
0.22230770124305602	0.20070706161881718
0.24410257391394385	0.26522004571057983
0.20487180310634576	0.22579544432116933
0.17871795590128034	0.20787517096234637
0.18743590496963544	0.21862733497764014
0.1961538540379906	0.21145922563411096
0.2266666757772336	0.21145922563411096
0.24846154844812143	0.2867243737411674
0.1961538540379906	0.21145922563411096
0.21794872670887844	0.1971230069470526
0.22230770124305602	0.21145922563411096
0.20487180310634576	0.1899548976035234
0.17000000683292518	0.20429111629058178
0.20051282857216818	0.22221138964940473
0.1569230832303925	0.16845056957293586
0.16128205776457002	0.21504328030587555
0.2092307776405233	0.20787517096234637
0.21358975217470086	0.20070706161881718
0.22230770124305602	0.2688041003823444
0.2092307776405233	0.20787517096234637
0.19179487950381302	0.1971230069470526
0.2353846248455887	0.17561867891646502
