WT	KO
0.220564111429385	0.2863471048283501
0.24378138631668866	0.20998787687412337
0.24378138631668866	0.20998787687412337
0.1973468365420813	0.2672572978397934
0.1973468365420813	0.20998787687412337
0.26699866120399235	0.1908980698855667
0.25539002376034053	0.11453884193134004
0.23217274887303682	0.1813531663912884
0.25539002376034053	0.2863471048283501
0.3134332109785997	0.31498181531118513
0.16252092421112577	0.1813531663912884
0.220564111429385	0.23862258735695838
0.1393036493238221	0.20998787687412337
0.09286909954921473	0.2958920083226284
0.24378138631668866	0.23862258735695838
0.32504184842225153	0.30543691181690674
0.3018245735349479	0.24816749085123674
0.11608637443651841	0.1336286489198967
0.20895547398573316	0.15271845590845337
0.24378138631668866	0.20044297337984504
0.29021593609129603	0.30543691181690674
0.25539002376034053	0.33407162229974174
0.23217274887303682	0.33407162229974174
0.25539002376034053	0.2672572978397934
0.3018245735349479	0.3913410432654118
0.23217274887303682	0.30543691181690674
0.3482591233095552	0.31498181531118513
0.29021593609129603	0.23862258735695838
0.3134332109785997	0.3817961397711334
0.29021593609129603	0.2577123943455151
0.29021593609129603	0.22907768386268007
0.25539002376034053	0.20044297337984504
0.24378138631668866	0.3245267188054634
0.23217274887303682	0.2958920083226284
0.16252092421112577	0.21953278036840174
0.3598677607532071	0.23862258735695838
0.26699866120399235	0.41043085025396847
0.3598677607532071	0.3245267188054634
0.29021593609129603	0.22907768386268007
0.20895547398573316	0.20044297337984504
0.32504184842225153	0.31498181531118513
0.29021593609129603	0.31498181531118513
0.3134332109785997	0.31498181531118513
0.3482591233095552	0.20044297337984504
0.18573819909842945	0.17180826289701004
0.23217274887303682	0.2577123943455151
0.3134332109785997	0.23862258735695838
0.3598677607532071	0.3817961397711334
0.26699866120399235	0.2577123943455151
0.25539002376034053	0.24816749085123674
0.29021593609129603	0.3245267188054634
0.3134332109785997	0.3817961397711334
0.1973468365420813	0.2863471048283501
0.3366504858659034	0.21953278036840174
0.32504184842225153	0.30543691181690674
0.29021593609129603	0.23862258735695838
0.3366504858659034	0.2863471048283501
0.3134332109785997	0.1908980698855667
0.3482591233095552	0.33407162229974174
0.26699866120399235	0.2577123943455151
0.3366504858659034	0.33407162229974174
0.3366504858659034	0.33407162229974174
0.3134332109785997	0.2672572978397934
0.3482591233095552	0.2958920083226284
0.3946936730841626	0.27680220133407174
0.20895547398573316	0.3627063327825768
0.3134332109785997	0.3531614292882984
0.4063023105278144	0.2958920083226284
0.3018245735349479	0.30543691181690674
0.25539002376034053	0.3817961397711334
0.41791094797146633	0.27680220133407174
0.4063023105278144	0.3627063327825768
0.3018245735349479	0.41997575374824675
0.3714763981968589	0.27680220133407174
0.2786072986476442	0.3245267188054634
0.32504184842225153	0.3913410432654118
0.4063023105278144	0.41043085025396847
0.48756277263337733	0.5249696921853085
0.5107800475206811	0.44861046423108175
0.3366504858659034	0.3531614292882984
0.26699866120399235	0.3817961397711334
0.5223886849643329	0.33407162229974174
0.3946936730841626	0.3245267188054634
0.24378138631668866	0.3245267188054634
0.2786072986476442	0.3245267188054634
0.24378138631668866	0.2577123943455151
0.3482591233095552	0.30543691181690674
0.5339973224079847	0.4295206572425251
0.46434549774607364	0.41997575374824675
0.44112822285877	0.48679007820819514
0.20895547398573316	0.3436165257940201
0.32504184842225153	0.4008859467596901
0.5456059598516365	0.5726942096567001
0.42951958541511814	0.3531614292882984
0.29021593609129603	0.3531614292882984
0.32504184842225153	0.30543691181690674
0.45273686030242183	0.5345145956795868
0.45273686030242183	0.5345145956795868
0.3598677607532071	0.12408374542561837
0.18573819909842945	0.1908980698855667
0.26699866120399235	0.2577123943455151
0.20895547398573316	0.24816749085123674
0.4991714100770292	0.4295206572425251
0.3366504858659034	0.27680220133407174
0.25539002376034053	0.1908980698855667
0.20895547398573316	0.1813531663912884
0.3018245735349479	0.3722512362768551
0.3018245735349479	0.3627063327825768
0.46434549774607364	0.4295206572425251
0.1973468365420813	0.1813531663912884
0.45273686030242183	0.3245267188054634
0.3366504858659034	0.4295206572425251
0.32504184842225153	0.22907768386268007
0.3366504858659034	0.2863471048283501
0.3366504858659034	0.2958920083226284
0.24378138631668866	0.2863471048283501
0.24378138631668866	0.20044297337984504
0.09286909954921473	0.10499393843706169
0.1973468365420813	0.1622633594027317
0.3018245735349479	0.3436165257940201
0.2786072986476442	0.27680220133407174
0.3598677607532071	0.4677002712196385
0.46434549774607364	0.3913410432654118
0.3482591233095552	0.3245267188054634
0.3598677607532071	0.2863471048283501
0.3482591233095552	0.22907768386268007
0.2786072986476442	0.24816749085123674
0.3714763981968589	0.2577123943455151
0.26699866120399235	0.21953278036840174
0.3598677607532071	0.3817961397711334
0.25539002376034053	0.2863471048283501
0.3482591233095552	0.3817961397711334
0.3714763981968589	0.3245267188054634
0.3598677607532071	0.30543691181690674
0.3366504858659034	0.2958920083226284
0.24378138631668866	0.24816749085123674
0.1741295616547776	0.31498181531118513
0.3366504858659034	0.2958920083226284
0.25539002376034053	0.4295206572425251
0.25539002376034053	0.3627063327825768
0.26699866120399235	0.2577123943455151
0.3134332109785997	0.30543691181690674
0.32504184842225153	0.3436165257940201
0.24378138631668866	0.20044297337984504
0.26699866120399235	0.2577123943455151
0.2786072986476442	0.2577123943455151
0.20895547398573316	0.2958920083226284
0.3134332109785997	0.2863471048283501
0.3714763981968589	0.23862258735695838
0.2786072986476442	0.3436165257940201
0.25539002376034053	0.3531614292882984
0.1973468365420813	0.3245267188054634
0.3366504858659034	0.31498181531118513
0.23217274887303682	0.2958920083226284
0.220564111429385	0.3245267188054634
0.3482591233095552	0.31498181531118513
0.29021593609129603	0.27680220133407174
0.26699866120399235	0.31498181531118513
0.26699866120399235	0.22907768386268007
0.3018245735349479	0.20998787687412337
0.32504184842225153	0.3436165257940201
0.3366504858659034	0.33407162229974174
0.3946936730841626	0.24816749085123674
0.220564111429385	0.23862258735695838
0.3134332109785997	0.2672572978397934
0.29021593609129603	0.3531614292882984
0.2786072986476442	0.1622633594027317
0.3598677607532071	0.22907768386268007
0.3134332109785997	0.30543691181690674
0.3946936730841626	0.2863471048283501
0.3830850356405108	0.24816749085123674
0.15091228676747395	0.21953278036840174
0.24378138631668866	0.3436165257940201
0.26699866120399235	0.2577123943455151
0.26699866120399235	0.1813531663912884
0.1973468365420813	0.20044297337984504
0.26699866120399235	0.22907768386268007
0.20895547398573316	0.1622633594027317
0.220564111429385	0.24816749085123674
0.24378138631668866	0.20044297337984504
0.23217274887303682	0.3436165257940201
0.25539002376034053	0.2672572978397934
0.3714763981968589	0.27680220133407174
0.24378138631668866	0.27680220133407174
0.26699866120399235	0.1336286489198967
0.1973468365420813	0.10499393843706169
0.20895547398573316	0.2958920083226284
0.220564111429385	0.22907768386268007
0.220564111429385	0.2577123943455151
0.18573819909842945	0.23862258735695838
0.220564111429385	0.21953278036840174
0.1741295616547776	0.23862258735695838
0.32504184842225153	0.24816749085123674
0.18573819909842945	0.20044297337984504
0.1973468365420813	0.22907768386268007
0.09286909954921473	0.3436165257940201
0.26699866120399235	0.2863471048283501
0.23217274887303682	0.2577123943455151
0.24378138631668866	0.1908980698855667
0.1973468365420813	0.22907768386268007
