WT-Tfh	WT-Th1
0.24568839310125584	0.20019707036486936
0.24568839310125584	0.22963781600676192
0.19477998732351817	0.15898002646621978
0.24568839310125584	0.2590785616486545
0.25232861994183037	0.2708548599054115
0.2656090736229793	0.24730226339189745
0.22355430363267426	0.15898002646621978
0.2545420288886885	0.253190412520276
0.29659679887899354	0.3297363511891966
0.24568839310125584	0.2708548599054115
0.22355430363267426	0.21197336862162638
0.23904816626068137	0.17664447385135532
0.24790180204811402	0.24730226339189745
0.32094429729443336	0.36506524595946765
0.2855297541447028	0.24730226339189745
0.24790180204811402	0.22374966687838344
0.24126157520753952	0.23552596513514043
0.2722493004635538	0.23552596513514043
0.2811029362509864	0.30029560554730406
0.2943833899321354	0.18842077210811237
0.24790180204811402	0.21786151775000492
0.261182255729263	0.23552596513514043
0.2678224825698375	0.2826311581621685
0.3497186136035894	0.34740079857433215
0.2988102078258517	0.30029560554730406
0.26339566467612113	0.23552596513514043
0.2722493004635538	0.3120719038040611
0.30766384361328436	0.27674300903379
0.316517479400717	0.2826311581621685
0.3320113420287242	0.31796005293243956
0.303237025719568	0.2826311581621685
0.2943833899321354	0.2708548599054115
0.26339566467612113	0.24730226339189745
0.24790180204811402	0.27674300903379
0.2877431630915609	0.35328894770271063
0.32094429729443336	0.2708548599054115
0.2943833899321354	0.24141411426351894
0.29216998098527724	0.3297363511891966
0.25896884678240484	0.3356245003175751
0.303237025719568	0.35917709683108917
0.3386515688692986	0.36506524595946765
0.2678224825698375	0.2708548599054115
0.31430407045385883	0.35328894770271063
0.2943833899321354	0.20608521949324787
0.2855297541447028	0.30029560554730406
0.39620020148761076	0.30029560554730406
0.3674258851784547	0.42983488637163136
0.4139074730624761	0.40628228985811726
0.3674258851784547	0.35917709683108917
0.34750520465673124	0.2590785616486545
0.2988102078258517	0.20608521949324787
0.34086497781615677	0.3120719038040611
0.37627952096588735	0.27674300903379
0.3120906615070007	0.3120719038040611
0.36299906728473835	0.34740079857433215
0.34750520465673124	0.3061837546756826
0.3652124762315966	0.3297363511891966
0.35857224939102206	0.37684154421622473
0.3696392941253129	0.35917709683108917
0.3696392941253129	0.2944074564189256
0.3829197478064618	0.3297363511891966
0.38513315675332005	0.35328894770271063
0.44046838042477404	0.3297363511891966
0.3674258851784547	0.3709533950878462
0.39620020148761076	0.3886178424729817
0.3320113420287242	0.3297363511891966
0.35414543149730576	0.3297363511891966
0.4006270193813271	0.42983488637163136
0.32537111518814965	0.22963781600676192
0.37627952096588735	0.3297363511891966
0.36299906728473835	0.2944074564189256
0.38734656570017817	0.34151264944595366
0.3674258851784547	0.48871637765541637
0.39620020148761076	0.40628228985811726
0.3740661120190292	0.3827296933446032
0.36299906728473835	0.31796005293243956
0.3320113420287242	0.41217043898649575
0.37627952096588735	0.41217043898649575
0.3696392941253129	0.39450599160136024
0.4072672462219016	0.4003941407297387
0.371852703072171	0.5004926759121734
0.3740661120190292	0.4003941407297387
0.42718792674362505	0.39450599160136024
0.42718792674362505	0.45338748288514535
0.4360415625310577	0.5240452724256875
0.30766384361328436	0.2944074564189256
0.371852703072171	0.2944074564189256
0.3187308883475751	0.27674300903379
0.2855297541447028	0.3120719038040611
0.3519320225504476	0.3120719038040611
0.37627952096588735	0.45927563201352384
0.3807063388596037	0.34151264944595366
0.2501152109949722	0.27674300903379
0.2080604410046671	0.18253262297973383
0.2877431630915609	0.2590785616486545
0.3386515688692986	0.34740079857433215
0.3784929299127455	0.37684154421622473
0.3120906615070007	0.34151264944595366
0.2766761183572701	0.22374966687838344
0.22355430363267426	0.2590785616486545
0.23462134836696505	0.20608521949324787
0.23462134836696505	0.27674300903379
0.29216998098527724	0.2590785616486545
0.371852703072171	0.31796005293243956
0.36299906728473835	0.34151264944595366
0.3187308883475751	0.27674300903379
0.21470066784524158	0.2590785616486545
0.3098772525601425	0.31796005293243956
0.4161208820093342	0.44749933375676687
0.3807063388596037	0.3827296933446032
0.32537111518814965	0.2826311581621685
0.24790180204811402	0.21197336862162638
0.2766761183572701	0.2826311581621685
0.3120906615070007	0.3238482020608181
0.3674258851784547	0.37684154421622473
0.3807063388596037	0.3238482020608181
0.4161208820093342	0.518157123297309
0.4581756519996393	0.3886178424729817
0.4006270193813271	0.36506524595946765
0.4094806551687598	0.3886178424729817
0.4028404283281853	0.44749933375676687
0.36299906728473835	0.41805858811487423
0.38955997464703634	0.45338748288514535
0.3275845241350078	0.42394673724325277
0.32537111518814965	0.2944074564189256
0.3320113420287242	0.3238482020608181
0.34750520465673124	0.3356245003175751
0.3807063388596037	0.41217043898649575
0.4426817893716322	0.4003941407297387
0.3320113420287242	0.3356245003175751
0.39620020148761076	0.506380825040552
0.38513315675332005	0.34740079857433215
0.4028404283281853	0.3238482020608181
0.41169406411561793	0.37684154421622473
0.35414543149730576	0.3238482020608181
0.30766384361328436	0.2944074564189256
0.4006270193813271	0.3356245003175751
0.4360415625310577	0.3886178424729817
0.34086497781615677	0.4003941407297387
0.3784929299127455	0.44749933375676687
0.30766384361328436	0.3238482020608181
0.38955997464703634	0.30029560554730406
0.4072672462219016	0.3827296933446032
0.35857224939102206	0.2708548599054115
0.3342247509755823	0.35328894770271063
0.38513315675332005	0.42394673724325277
0.37627952096588735	0.39450599160136024
0.4072672462219016	0.43572303550000985
0.3430783867630149	0.35917709683108917
0.3519320225504476	0.41217043898649575
0.3430783867630149	0.28851930729054703
0.3342247509755823	0.31796005293243956
0.3275845241350078	0.3886178424729817
0.33643815992244047	0.2944074564189256
0.316517479400717	0.3297363511891966
0.2943833899321354	0.3356245003175751
0.3674258851784547	0.35328894770271063
0.2988102078258517	0.34151264944595366
0.32537111518814965	0.253190412520276
0.29216998098527724	0.3120719038040611
0.3386515688692986	0.3061837546756826
0.3275845241350078	0.4003941407297387
0.36078565833788023	0.3886178424729817
0.29216998098527724	0.2826311581621685
0.261182255729263	0.23552596513514043
0.32979793308186595	0.30029560554730406
0.32315770624129153	0.3120719038040611
0.3098772525601425	0.3827296933446032
0.34750520465673124	0.35328894770271063
0.2943833899321354	0.253190412520276
0.2788895273041283	0.34740079857433215
0.2877431630915609	0.27674300903379
0.28995657203841907	0.253190412520276
0.27446270941041195	0.22374966687838344
0.2656090736229793	0.264966710777033
0.2656090736229793	0.23552596513514043
0.22798112152639058	0.253190412520276
0.28995657203841907	0.30029560554730406
0.2766761183572701	0.2590785616486545
0.25232861994183037	0.18842077210811237
0.2722493004635538	0.264966710777033
0.303237025719568	0.20608521949324787
0.2833163451978446	0.2590785616486545
0.29216998098527724	0.3356245003175751
0.2988102078258517	0.24141411426351894
0.29659679887899354	0.28851930729054703
0.25675543783554666	0.20608521949324787
0.2766761183572701	0.20608521949324787
0.2722493004635538	0.2944074564189256
0.25675543783554666	0.3061837546756826
0.20142021416409264	0.21197336862162638
0.20584703205780897	0.264966710777033
0.21691407679209976	0.1648681755945983
0.2811029362509864	0.24141411426351894
0.2877431630915609	0.2944074564189256
0.2656090736229793	0.22963781600676192
0.2434749841543977	0.253190412520276
0.20142021416409264	0.24141411426351894
0.24126157520753952	0.3120719038040611
0.25232861994183037	0.15898002646621978
