DKO	Prdm1KO
0.5063588016881152	0.4090737917052717
0.3666736150155317	0.3985847201230852
0.2968310216792399	0.36187296958543264
0.3666736150155317	0.3985847201230852
0.44961169460237815	0.3199166832566869
0.39722974960015933	0.44054100645183103
0.3884994254331229	0.4143183274963649
0.4015949116836776	0.4143183274963649
0.42778588418478697	0.3880956485408988
0.41032523585071407	0.49298636436276333
0.4365162083518234	0.42480739907855136
0.42778588418478697	0.3461393622121529
0.31429167001331293	0.3671175053765259
0.4583420187694146	0.40382925591417845
0.4059600737671958	0.4562746138251107
0.36230845293201347	0.4720082211983904
0.39722974960015933	0.40382925591417845
0.32738715626386755	0.30418307588340715
0.3841342633496046	0.37760657695871236
0.3710387770990499	0.37236204116761906
0.4539768566858964	0.49298636436276333
0.4015949116836776	0.4877418285716701
0.4670723429364511	0.44054100645183103
0.5369149362727428	0.508719971736043
0.44961169460237815	0.4877418285716701
0.5281846121057064	0.46151914961620394
0.47143750501996934	0.5349426506915091
0.46270718085293283	0.43529647066073784
0.5456452604397793	0.5716544012291617
0.4452465325188599	0.5034754359449498
0.44961169460237815	0.4143183274963649
0.4059600737671958	0.43005193486964455
0.4758026671034875	0.4772527569894836
0.4190555600177505	0.4772527569894836
0.5238194500221881	0.5873880086024414
0.5150891258551517	0.5349426506915091
0.598027205441998	0.5454317222736955
0.39722974960015933	0.4195628632874581
0.3841342633496046	0.40382925591417845
0.5892968812749617	0.5192090433182294
0.5150891258551517	0.44054100645183103
0.4758026671034875	0.5244535791093227
0.4801678291870058	0.48249729278057685
0.4801678291870058	0.4772527569894836
0.5281846121057064	0.5192090433182294
0.5369149362727428	0.4772527569894836
0.5107239637716334	0.48249729278057685
0.484532991270524	0.49298636436276333
0.5107239637716334	0.42480739907855136
0.484532991270524	0.4772527569894836
0.4670723429364511	0.4562746138251107
0.5543755846068157	0.508719971736043
0.42778588418478697	0.5506762580647887
0.5674710708573705	0.5139645075271362
0.4539768566858964	0.508719971736043
0.4758026671034875	0.48249729278057685
0.5063588016881152	0.5192090433182294
0.4408813704353417	0.5664098654380685
0.5369149362727428	0.529698114900416
0.4452465325188599	0.5244535791093227
0.4888981533540423	0.49298636436276333
0.4888981533540423	0.5401871864826023
0.484532991270524	0.603121615975721
0.5107239637716334	0.555920793855882
0.5762013950244069	0.5192090433182294
0.5063588016881152	0.5716544012291617
0.5194542879386699	0.4982309001538565
0.5456452604397793	0.5192090433182294
0.4976284775210787	0.5401871864826023
0.5936620433584798	0.529698114900416
0.5369149362727428	0.46151914961620394
0.6023923675255164	0.5873880086024414
0.5194542879386699	0.4877418285716701
0.5369149362727428	0.6136106875579076
0.5238194500221881	0.6083661517668143
0.598027205441998	0.5139645075271362
0.6416788262771804	0.5454317222736955
0.5762013950244069	0.44054100645183103
0.4888981533540423	0.42480739907855136
0.5325497741892247	0.529698114900416
0.5718362329408888	0.5454317222736955
0.5936620433584798	0.5664098654380685
0.5849317191914435	0.555920793855882
0.5369149362727428	0.5454317222736955
0.46270718085293283	0.5768989370202549
0.4583420187694146	0.4772527569894836
0.5369149362727428	0.4720082211983904
0.4670723429364511	0.555920793855882
0.41469039793423224	0.45103007803401746
0.3884994254331229	0.42480739907855136
0.3186568320968311	0.3146721474655936
0.46270718085293283	0.5034754359449498
0.5412800983562611	0.48249729278057685
0.5325497741892247	0.4720082211983904
0.29246585959572174	0.37236204116761906
0.36230845293201347	0.3199166832566869
0.28810069751220346	0.3985847201230852
0.5412800983562611	0.5506762580647887
0.5500104225232976	0.5401871864826023
0.598027205441998	0.4982309001538565
0.6635046366947717	0.5768989370202549
0.4758026671034875	0.5401871864826023
0.5500104225232976	0.4877418285716701
0.3055613458462764	0.2936940043012207
0.36230845293201347	0.2674713253457546
0.3884994254331229	0.3304057548388733
0.4976284775210787	0.45103007803401746
0.5194542879386699	0.5244535791093227
0.46270718085293283	0.37760657695871236
0.33611748043090406	0.43529647066073784
0.484532991270524	0.4720082211983904
0.3666736150155317	0.43005193486964455
0.484532991270524	0.5034754359449498
0.501993639604597	0.46151914961620394
0.47143750501996934	0.43005193486964455
0.5325497741892247	0.5244535791093227
0.5631059087738522	0.5611653296469753
0.5150891258551517	0.529698114900416
0.6154878537760711	0.5244535791093227
0.5674710708573705	0.5192090433182294
0.4888981533540423	0.5768989370202549
0.4452465325188599	0.5401871864826023
0.4888981533540423	0.5821434728113482
0.5238194500221881	0.5768989370202549
0.5281846121057064	0.5873880086024414
0.6853304471123628	0.5926325443935346
0.5718362329408888	0.555920793855882
0.5762013950244069	0.5664098654380685
0.5238194500221881	0.46151914961620394
0.4758026671034875	0.4982309001538565
0.5762013950244069	0.5192090433182294
0.5194542879386699	0.49298636436276333
0.4408813704353417	0.5139645075271362
0.5150891258551517	0.5244535791093227
0.4888981533540423	0.4090737917052717
0.632948502110144	0.555920793855882
0.4976284775210787	0.5401871864826023
0.46270718085293283	0.4195628632874581
0.6373136641936622	0.49298636436276333
0.5281846121057064	0.624099759140094
0.5369149362727428	0.5454317222736955
0.5281846121057064	0.4982309001538565
0.5063588016881152	0.44578554224292427
0.5238194500221881	0.4877418285716701
0.5281846121057064	0.43529647066073784
0.4539768566858964	0.5192090433182294
0.4888981533540423	0.4772527569894836
0.4932633154375605	0.48249729278057685
0.632948502110144	0.529698114900416
0.6591394746112534	0.603121615975721
0.6154878537760711	0.5926325443935346
0.5674710708573705	0.4562746138251107
0.34921296668145874	0.4562746138251107
0.5063588016881152	0.4562746138251107
0.39722974960015933	0.4090737917052717
0.4059600737671958	0.4090737917052717
0.4932633154375605	0.45103007803401746
0.44961169460237815	0.5034754359449498
0.484532991270524	0.46151914961620394
0.4670723429364511	0.44578554224292427
0.5325497741892247	0.529698114900416
0.4670723429364511	0.44054100645183103
0.501993639604597	0.4667636854072972
0.4801678291870058	0.5139645075271362
0.4015949116836776	0.46151914961620394
0.4801678291870058	0.44054100645183103
0.3884994254331229	0.4720082211983904
0.4059600737671958	0.5139645075271362
0.4321510462683052	0.508719971736043
0.37976910126608643	0.4090737917052717
0.35794329084849524	0.42480739907855136
0.35794329084849524	0.44054100645183103
0.484532991270524	0.37236204116761906
0.44961169460237815	0.45103007803401746
0.4976284775210787	0.4982309001538565
0.4321510462683052	0.37760657695871236
0.4408813704353417	0.44578554224292427
0.46270718085293283	0.4090737917052717
0.3841342633496046	0.4090737917052717
0.4801678291870058	0.4143183274963649
0.4015949116836776	0.45103007803401746
0.5107239637716334	0.48249729278057685
0.5543755846068157	0.4562746138251107
0.4365162083518234	0.3461393622121529
0.3710387770990499	0.4772527569894836
0.4365162083518234	0.5034754359449498
0.4583420187694146	0.4877418285716701
0.4670723429364511	0.36187296958543264
0.37540393918256815	0.39334018433199197
0.39722974960015933	0.43005193486964455
0.4321510462683052	0.48249729278057685
0.4408813704353417	0.5978770801846278
0.4670723429364511	0.508719971736043
0.4932633154375605	0.48249729278057685
0.3884994254331229	0.42480739907855136
0.36230845293201347	0.3880956485408988
0.42778588418478697	0.48249729278057685
0.3666736150155317	0.39334018433199197
0.42342072210126874	0.38285111274980554
0.34921296668145874	0.37236204116761906
