DKO	Prdm1KO
0.3866781988684762	0.3266546961273629
0.5981428388746741	0.4427985880837586
0.4350129737270357	0.4355395948364838
0.4229292800123958	0.3919856353528355
0.41688743315507587	0.4282806015892091
0.48938959544291516	0.4065036218473849
0.46522220801363545	0.3121367096328134
0.5014732891575551	0.45731657457830804
0.5316825234441548	0.4065036218473849
0.47126405487095535	0.4427985880837586
0.4289711268697158	0.38472664210556073
0.5195988297295149	0.47909355432013223
0.6102265325893139	0.3411726826219123
0.41688743315507587	0.3266546961273629
0.4229292800123958	0.3411726826219123
0.3745945051538363	0.3484316758691871
0.3564689645818765	0.3266546961273629
0.4350129737270357	0.3992446286001102
0.5014732891575551	0.3556906691164618
0.39876189258311606	0.3702086556110113
0.5014732891575551	0.3556906691164618
0.5256406765868348	0.45731657457830804
0.5558499108734345	0.486352547567407
0.5860591451600342	0.47909355432013223
0.513556982872195	0.3919856353528355
0.4591803611563155	0.4355395948364838
0.5014732891575551	0.3919856353528355
0.5618917577307545	0.4427985880837586
0.5316825234441548	0.5371655002983301
0.5498080640161146	0.5589424800401543
0.48334774858559526	0.41376261509465967
0.4773059017282753	0.38472664210556073
0.47126405487095535	0.36294966236373655
0.4229292800123958	0.3411726826219123
0.6283520731612737	0.5589424800401543
0.6041846857319941	0.6678273787492752
0.5256406765868348	0.47909355432013223
0.5195988297295149	0.377467648858286
0.4591803611563155	0.4355395948364838
0.6827286948771533	0.5371655002983301
0.6223102263039539	0.5734604665347037
0.5014732891575551	0.4282806015892091
0.45313851429899554	0.4210216083419344
0.4954314423002351	0.4065036218473849
0.6102265325893139	0.5807194597819785
0.6404357668759137	0.5226475138037806
0.5316825234441548	0.486352547567407
0.5860591451600342	0.4718345610728575
0.6223102263039539	0.5516834867928796
0.5739754514453943	0.5444244935456048
0.6464776137332335	0.3992446286001102
0.5921009920173541	0.566201473287429
0.5800172983027143	0.4718345610728575
0.5377243703014747	0.4355395948364838
0.5981428388746741	0.5589424800401543
0.5860591451600342	0.47909355432013223
0.5679336045880744	0.4936115408146817
0.5498080640161146	0.3411726826219123
0.4410548205843557	0.3919856353528355
0.5860591451600342	0.5299065070510554
0.6223102263039539	0.5589424800401543
0.6162683794466339	0.5008705340619565
0.5256406765868348	0.5226475138037806
0.47126405487095535	0.4282806015892091
0.5739754514453943	0.5153885205565059
0.5618917577307545	0.45731657457830804
0.6343939200185937	0.4645755678255828
0.5679336045880744	0.41376261509465967
0.5800172983027143	0.4210216083419344
0.5679336045880744	0.4355395948364838
0.6343939200185937	0.5516834867928796
0.5558499108734345	0.5153885205565059
0.4954314423002351	0.38472664210556073
0.48938959544291516	0.5299065070510554
0.5437662171587947	0.4936115408146817
0.6162683794466339	0.41376261509465967
0.5618917577307545	0.45731657457830804
0.5014732891575551	0.486352547567407
0.6162683794466339	0.4500575813310333
0.6162683794466339	0.486352547567407
0.6585613074478736	0.5081295273092311
0.7310634697357128	0.5444244935456048
0.5800172983027143	0.5081295273092311
0.5437662171587947	0.4355395948364838
0.5316825234441548	0.4210216083419344
0.47126405487095535	0.3919856353528355
0.5739754514453943	0.4645755678255828
0.5618917577307545	0.5081295273092311
0.5558499108734345	0.5589424800401543
0.48938959544291516	0.3702086556110113
0.3625108114391964	0.4355395948364838
0.513556982872195	0.5153885205565059
0.4470966674416756	0.3919856353528355
0.6404357668759137	0.5008705340619565
0.5800172983027143	0.486352547567407
0.41688743315507587	0.41376261509465967
0.4410548205843557	0.3556906691164618
0.2537575680074375	0.3048777163855387
0.6887705417344732	0.6460503990074511
0.803565632023552	0.6533093922547258
0.7552308571649926	0.5734604665347037
0.6525194605905535	0.6170144260183521
0.5014732891575551	0.4500575813310333
0.24167387429279763	0.25406476365461556
0.48334774858559526	0.38472664210556073
0.41084558629775597	0.3121367096328134
0.41688743315507587	0.377467648858286
0.47126405487095535	0.4210216083419344
0.39876189258311606	0.4645755678255828
0.507515136014875	0.4065036218473849
0.4289711268697158	0.3992446286001102
0.4954314423002351	0.3702086556110113
0.4289711268697158	0.45731657457830804
0.5679336045880744	0.4500575813310333
0.5316825234441548	0.4645755678255828
0.5316825234441548	0.3992446286001102
0.5558499108734345	0.4065036218473849
0.4954314423002351	0.45731657457830804
0.5437662171587947	0.4355395948364838
0.5860591451600342	0.4645755678255828
0.6827286948771533	0.47909355432013223
0.4591803611563155	0.4355395948364838
0.46522220801363545	0.4210216083419344
0.5558499108734345	0.5226475138037806
0.6283520731612737	0.5226475138037806
0.6464776137332335	0.6024964395238027
0.6585613074478736	0.5516834867928796
0.6041846857319941	0.4936115408146817
0.6283520731612737	0.5299065070510554
0.5316825234441548	0.47909355432013223
0.5316825234441548	0.45731657457830804
0.5437662171587947	0.4936115408146817
0.5618917577307545	0.4936115408146817
0.507515136014875	0.6024964395238027
0.5981428388746741	0.47909355432013223
0.4470966674416756	0.4282806015892091
0.7008542354491131	0.5589424800401543
0.5437662171587947	0.4936115408146817
0.4954314423002351	0.4210216083419344
0.712937929163753	0.5226475138037806
0.5316825234441548	0.5226475138037806
0.5860591451600342	0.5589424800401543
0.5498080640161146	0.47909355432013223
0.5377243703014747	0.4065036218473849
0.5498080640161146	0.4210216083419344
0.5195988297295149	0.3919856353528355
0.5558499108734345	0.4936115408146817
0.5679336045880744	0.5734604665347037
0.6887705417344732	0.5008705340619565
0.6102265325893139	0.4718345610728575
0.5558499108734345	0.486352547567407
0.5014732891575551	0.3919856353528355
0.513556982872195	0.3919856353528355
0.5014732891575551	0.5299065070510554
0.5014732891575551	0.4500575813310333
0.4591803611563155	0.3556906691164618
0.48938959544291516	0.3411726826219123
0.45313851429899554	0.377467648858286
0.513556982872195	0.4427985880837586
0.507515136014875	0.3556906691164618
0.4954314423002351	0.3919856353528355
0.4410548205843557	0.4427985880837586
0.4954314423002351	0.41376261509465967
0.5377243703014747	0.4718345610728575
0.4470966674416756	0.3339136893746376
0.4410548205843557	0.38472664210556073
0.48938959544291516	0.4065036218473849
0.46522220801363545	0.4210216083419344
0.46522220801363545	0.3484316758691871
0.4229292800123958	0.3411726826219123
0.4350129737270357	0.3339136893746376
0.41688743315507587	0.36294966236373655
0.5256406765868348	0.486352547567407
0.5981428388746741	0.5299065070510554
0.48938959544291516	0.3702086556110113
0.46522220801363545	0.41376261509465967
0.507515136014875	0.36294966236373655
0.5800172983027143	0.486352547567407
0.6041846857319941	0.45731657457830804
0.5256406765868348	0.3048777163855387
0.4591803611563155	0.3556906691164618
0.4773059017282753	0.4210216083419344
0.6525194605905535	0.4936115408146817
0.5014732891575551	0.4282806015892091
0.41084558629775597	0.4936115408146817
0.46522220801363545	0.4355395948364838
0.4289711268697158	0.38472664210556073
0.48334774858559526	0.4065036218473849
0.4954314423002351	0.377467648858286
0.4773059017282753	0.4355395948364838
0.3745945051538363	0.4427985880837586
0.4773059017282753	0.4065036218473849
0.3927200457257961	0.4645755678255828
0.4773059017282753	0.4210216083419344
0.45313851429899554	0.3919856353528355
0.47126405487095535	0.3556906691164618
0.39876189258311606	0.4065036218473849
0.39876189258311606	0.3193957028800882
0.4350129737270357	0.3339136893746376
0.48334774858559526	0.3702086556110113
