condition1	condition1
0.12577154947463068	0.11826292021813073
0.12842768379572733	0.12481192932228992
0.13151454260132614	0.12450732424767787
0.12806874672530885	0.12968561051608282
0.12900198310839686	0.12717261865053336
0.12684836068588606	0.1247357780536369
0.13438603916467387	0.13356932521738654
0.12727908517038822	0.12983791305338885
0.13151454260132614	0.13273166126220337
0.13445782657875757	0.12770567753110446
0.13890864625194654	0.13532080439640584
0.13244777898441415	0.130675577008572
0.13144275518724244	0.13684382976946613
0.13553463779001296	0.13250320745624433
0.1380471972829422	0.13212245111297927
0.13754468538435635	0.1345592917098757
0.13704217348577052	0.13608231708293597
0.1350321258914271	0.13547310693371187
0.1372575357280216	0.13653922469485408
0.1358935748604314	0.13585386327697696
0.1402726071195367	0.13653922469485408
0.1385497091815281	0.14027063685885174
0.14379019040963767	0.130675577008572
0.13395531468017172	0.13471159424718174
0.14321589109696814	0.13836685514252642
0.13761647279844005	0.14171751096325902
0.1424980169561312	0.14027063685885174
0.14142120574487582	0.14034678812750478
0.1425698043702149	0.13943297290366863
0.14185193022937798	0.14194596476921806
0.14644632473073435	0.14407820029150248
0.14077511901812256	0.1459058307391748
0.144651639378642	0.14004218305289273
0.13876507142377914	0.1388999140230975
0.14795386042649192	0.147200402306276
0.14752313594198976	0.1436212926795844
0.14831279749691037	0.14895188148529534
0.1414929931589595	0.13752919118734325
0.1519739556151787	0.14415435156015546
0.14400555265188877	0.1465911921570519
0.16008593340663607	0.15085566320162072
0.15046641991942117	0.14438280536611453
0.15556332631936337	0.15199793223141592
0.15348149131093627	0.14643888961974588
0.14824101008282667	0.15146487335084483
0.15226110527151349	0.15176947842545688
0.1557069011475308	0.14887573021664235
0.15362506613910365	0.1491803352912544
0.1587219725390459	0.15740467230577992
0.15563511373344707	0.15138872208219178
0.15951163409396651	0.15809003372365704
0.15829124805454373	0.15237868857468098
0.16252670548548165	0.15580549566406662
0.15807588581229265	0.15321635252986415
0.16022950823480347	0.15237868857468098
0.1641778160094066	0.1599938154399824
0.16575713911924783	0.16014611797728842
0.16755182447134015	0.16029842051459445
0.16956187206568357	0.15984151290267637
0.16984902172201835	0.15534858805214855
0.1702797462065205	0.15923230275345224
0.165254627220662	0.1622783534995728
0.17078225810510636	0.15763312611173894
0.17422805398112365	0.16029842051459445
0.1768124008881366	0.15991766417132935
0.1702797462065205	0.1665428245441416
0.1747305658797095	0.1558816469327196
0.17236158121494763	0.15869924387288115
0.17494592812196058	0.16410598394724513
0.16898757275301404	0.16326831999206198
0.17487414070787688	0.1643344377532042
0.17207443155861285	0.16243065603687884
0.17322303018395194	0.16471519409646923
0.17437162880929102	0.1671520346933657
0.17616631416138337	0.16501979917108128
0.17645346381771815	0.16738048849932474
0.18162215763174408	0.1637252276039801
0.17824814916981047	0.16798969864854885
0.18083249607682345	0.16943657275295612
0.17753027502897356	0.1692842702156501
0.17674061347405293	0.16532440424569336
0.1768124008881366	0.16052687432055346
0.1757355896768812	0.16204989969361377
0.16783897412767493	0.1515410246194978
0.15793231098412527	0.14285977999305424
0.14651811214481802	0.13158939223240815
0.14960497095041686	0.12823873641167555
0.15829124805454373	0.14377359521689043
0.172505156043115	0.14621043581378684
0.16934650982343252	0.15336865506717018
0.1512560814743418	0.12823873641167555
0.16618786360374999	0.14582967947052178
0.18155037021766038	0.15671931088790278
0.20868601274129644	0.19669872693073512
0.19655393976115226	0.16623821946952955
0.1908109466344568	0.17004578290218023
0.1641778160094066	0.14605813327648082
0.19748717614424027	0.17811781737939972
0.21227538344548108	0.19273886096077839
0.19978437339491847	0.18413376760298783
0.15096893181800702	0.13737688865003722
0.15958342150805022	0.14499201551533863
0.20947567429621708	0.19281501222943143
0.22569962987913175	0.20347618984085336
0.1920313326738796	0.1768993970809515
0.1715001322459433	0.1513125708135388
0.1834168429838364	0.1721018671558116
0.18908804869644816	0.16920811894699705
0.20746562670187366	0.19075892797580002
0.17544844002054644	0.1541301677537003
0.16066023271930563	0.14346899014227837
0.14795386042649192	0.12298429887461759
0.16137810686014253	0.14468741044072658
0.16324457962631858	0.14453510790342056
0.15096893181800702	0.13973757797828068
0.1489588842236636	0.12595419835208513
0.14443627713639093	0.13593001454562995
0.15592226338978185	0.1404990906648108
0.15929627185171544	0.14613428454513383
0.17422805398112365	0.1639536814099391
0.18047355900640497	0.16669512708144762
0.1833450555697527	0.16250680730553185
0.1799710471078191	0.16966502655891516
0.18190930728807883	0.16699973215605968
0.17544844002054644	0.17354874126021885
0.18054534642048867	0.1676850935739368
0.17501771553604428	0.16623821946952955
0.17882244848248002	0.16837045499181394
0.17272051828536608	0.16425828648455115
0.1768124008881366	0.16798969864854885
0.1715001322459433	0.1661620682008765
0.17602273933321597	0.16197374842496073
0.17193085673044545	0.16402983267859214
0.17638167640363445	0.15991766417132935
0.16690573774458695	0.15831848752961608
0.1758791645050486	0.16600976566357048
0.16568535170516416	0.1602222692459414
0.1777456372712246	0.1665428245441416
0.16776718671359125	0.1606030255892065
0.16898757275301404	0.1596130590967173
0.16317279221223488	0.15801388245500403
0.16812612378400973	0.1590800002161462
0.1651828398065783	0.15968921036537034
0.16898757275301404	0.1618214458876547
0.1618088313446447	0.1552724367834955
0.16446496566574137	0.1529117474552521
0.15190216820109503	0.15077951193296768
0.15807588581229265	0.152530991111987
0.15513260183486122	0.1503226043210496
0.16137810686014253	0.15321635252986415
0.15585047597569818	0.15329250379851714
0.15786052357004157	0.1497895454404785
0.15355327872501998	0.14940878909721345
0.15943984667988284	0.15215023476872197
0.15254825492784826	0.14773346118684713
0.16015772082071975	0.15268329364929303
0.154486515108108	0.1519217809627629
0.15498902700669384	0.15222638603737496
0.1501792702630864	0.14841882260472428
0.15369685355318738	0.14773346118684713
0.15391221579543843	0.14742885611223508
0.15032284509125377	0.14514431805264466
0.15190216820109503	0.15512013424618948
0.14946139612224946	0.15100796573892675
0.15290719199826674	0.14834267133607124
0.1432876785110518	0.14072754447076985
0.14630274990256698	0.14453510790342056
0.14536951351947894	0.14126060335134094
0.14400555265188877	0.1399660317842397
0.1458720254180648	0.14133675461999395
0.1458002380039811	0.14331668760497232
0.1477384981842408	0.13958527544097465
0.1477384981842408	0.14110830081403491
0.1480256478405756	0.14278362872440123
0.14974854577858424	0.1426313261870952
0.14407734006597245	0.1398898805155867
0.13783183504069113	0.1344831404412227
0.14292874144063336	0.13798609879926135
0.14493878903497678	0.14285977999305424
0.14292874144063336	0.1382907038738734
0.14134941833079212	0.1377576449933023
0.14048796936178778	0.13471159424718174
0.13869328400969547	0.13524465312775286
0.14407734006597245	0.14072754447076985
0.1360371496885988	0.13356932521738654
0.13682681124351945	0.13676767850081312
0.13582178744634774	0.13486389678448776
0.1425698043702149	0.136006165814283
0.13094024328865658	0.136158468351589
0.13208884191399567	0.13516850185909982
0.13158633001540984	0.1344831404412227
0.13797540986885853	0.13478774551583478
0.13316565312525108	0.136158468351589
0.13653966158718467	0.1350161993217938
0.127566234826723	0.13265550999355036
0.13302207829708368	0.13524465312775286
0.13359637760975324	0.13760534245599626
0.13452961399284125	0.1316655435010612
0.13144275518724244	0.13250320745624433
0.13043773139007073	0.1322747536502853
