WT	KO
0.13733593177856426	0.1198586934724065
0.21744855864939341	0.239717386944813
0.21744855864939341	0.26635265216090337
0.20600389766784638	0.239717386944813
0.13733593177856426	0.21308212172872268
0.12589127079701723	0.14649395868849685
0.22889321963094042	0.2796702847689485
0.20600389766784638	0.18644685651263235
0.12589127079701723	0.1198586934724065
0.1716699147232053	0.15981159129654202
0.18311457570475234	0.1997644891206775
0.18311457570475234	0.17312922390458718
0.24033788061248745	0.17312922390458718
0.14878059276011127	0.13317632608045168
0.18311457570475234	0.22639975433676784
0.13733593177856426	0.22639975433676784
0.18311457570475234	0.18644685651263235
0.18311457570475234	0.18644685651263235
0.19455923668629937	0.15981159129654202
0.22889321963094042	0.13317632608045168
0.12589127079701723	0.14649395868849685
0.11444660981547021	0.239717386944813
0.1716699147232053	0.15981159129654202
0.19455923668629937	0.15981159129654202
0.22889321963094042	0.30630554998503884
0.21744855864939341	0.1198586934724065
0.20600389766784638	0.22639975433676784
0.28611652453867553	0.31962318259308403
0.2746718635571285	0.2929879173769937
0.3090058465017696	0.239717386944813
0.29756118552022254	0.18644685651263235
0.20600389766784638	0.239717386944813
0.29756118552022254	0.1997644891206775
0.1716699147232053	0.2796702847689485
0.24033788061248745	0.22639975433676784
0.25178254159403446	0.18644685651263235
0.2746718635571285	0.239717386944813
0.3318951684648636	0.31962318259308403
0.20600389766784638	0.30630554998503884
0.28611652453867553	0.17312922390458718
0.25178254159403446	0.1198586934724065
0.24033788061248745	0.239717386944813
0.2746718635571285	0.239717386944813
0.20600389766784638	0.30630554998503884
0.3204505074833166	0.3595760804172195
0.26322720257558146	0.2929879173769937
0.3090058465017696	0.18644685651263235
0.3318951684648636	0.239717386944813
0.13733593177856426	0.26635265216090337
0.24033788061248745	0.26635265216090337
0.24033788061248745	0.30630554998503884
0.24033788061248745	0.38621134563330983
0.29756118552022254	0.22639975433676784
0.29756118552022254	0.18644685651263235
0.3090058465017696	0.239717386944813
0.3204505074833166	0.34625844780917436
0.28611652453867553	0.26635265216090337
0.3204505074833166	0.3728937130252647
0.3204505074833166	0.239717386944813
0.24033788061248745	0.31962318259308403
0.3433398294464106	0.22639975433676784
0.3204505074833166	0.26635265216090337
0.3662291514095047	0.2796702847689485
0.38911847337259875	0.30630554998503884
0.22889321963094042	0.239717386944813
0.42345245631723977	0.4527995086735357
0.38911847337259875	0.31962318259308403
0.3776738123910517	0.22639975433676784
0.3204505074833166	0.33294081520112917
0.40056313435414576	0.30630554998503884
0.41200779533569276	0.399528978241355
0.2746718635571285	0.26635265216090337
0.19455923668629937	0.26635265216090337
0.40056313435414576	0.5327053043218067
0.3776738123910517	0.239717386944813
0.42345245631723977	0.42616424345744536
0.29756118552022254	0.239717386944813
0.3204505074833166	0.15981159129654202
0.41200779533569276	0.33294081520112917
0.3776738123910517	0.399528978241355
0.42345245631723977	0.30630554998503884
0.3204505074833166	0.21308212172872268
0.26322720257558146	0.2929879173769937
0.25178254159403446	0.3595760804172195
0.3433398294464106	0.33294081520112917
0.3204505074833166	0.22639975433676784
0.26322720257558146	0.26635265216090337
0.3776738123910517	0.3728937130252647
0.3547844904279577	0.399528978241355
0.45778643926188084	0.399528978241355
0.22889321963094042	0.2929879173769937
0.5378990661327101	0.38621134563330983
0.5035650831880689	0.5327053043218067
0.29756118552022254	0.239717386944813
0.18311457570475234	0.2796702847689485
0.3318951684648636	0.31962318259308403
0.5035650831880689	0.38621134563330983
0.5836777100588981	0.5060700391057164
0.29756118552022254	0.22639975433676784
0.19455923668629937	0.2929879173769937
0.1602252537416583	0.10654106086436134
0.3547844904279577	0.3595760804172195
0.6065670320219921	0.559340569537897
0.28611652453867553	0.479434773889626
0.38911847337259875	0.3595760804172195
0.12589127079701723	0.17312922390458718
0.25178254159403446	0.22639975433676784
0.5951223710404451	0.43948187606549055
0.5836777100588981	0.4527995086735357
0.3204505074833166	0.26635265216090337
0.38911847337259875	0.3728937130252647
0.3776738123910517	0.4128466108494002
0.40056313435414576	0.30630554998503884
0.2746718635571285	0.2796702847689485
0.3547844904279577	0.2929879173769937
0.41200779533569276	0.5193876717137615
0.28611652453867553	0.30630554998503884
0.38911847337259875	0.399528978241355
0.3318951684648636	0.38621134563330983
0.3662291514095047	0.30630554998503884
0.2746718635571285	0.38621134563330983
0.3090058465017696	0.33294081520112917
0.3318951684648636	0.3728937130252647
0.40056313435414576	0.3728937130252647
0.3090058465017696	0.38621134563330983
0.2746718635571285	0.399528978241355
0.24033788061248745	0.31962318259308403
0.2746718635571285	0.2530350195528582
0.40056313435414576	0.2929879173769937
0.28611652453867553	0.42616424345744536
0.3318951684648636	0.26635265216090337
0.28611652453867553	0.33294081520112917
0.19455923668629937	0.1997644891206775
0.22889321963094042	0.30630554998503884
0.3547844904279577	0.33294081520112917
0.20600389766784638	0.33294081520112917
0.18311457570475234	0.239717386944813
0.22889321963094042	0.15981159129654202
0.21744855864939341	0.17312922390458718
0.25178254159403446	0.31962318259308403
0.21744855864939341	0.2796702847689485
0.24033788061248745	0.2796702847689485
0.20600389766784638	0.33294081520112917
0.1716699147232053	0.1997644891206775
0.29756118552022254	0.34625844780917436
0.28611652453867553	0.3728937130252647
0.25178254159403446	0.1997644891206775
0.21744855864939341	0.22639975433676784
0.1716699147232053	0.18644685651263235
0.13733593177856426	0.239717386944813
0.21744855864939341	0.17312922390458718
0.2746718635571285	0.1997644891206775
0.26322720257558146	0.239717386944813
0.3662291514095047	0.31962318259308403
0.1716699147232053	0.1997644891206775
0.1716699147232053	0.239717386944813
0.24033788061248745	0.26635265216090337
0.13733593177856426	0.17312922390458718
0.18311457570475234	0.2796702847689485
0.14878059276011127	0.1997644891206775
0.14878059276011127	0.17312922390458718
0.3090058465017696	0.30630554998503884
0.24033788061248745	0.2929879173769937
0.3318951684648636	0.2530350195528582
0.18311457570475234	0.15981159129654202
0.09155728785237617	0.21308212172872268
0.20600389766784638	0.239717386944813
0.29756118552022254	0.21308212172872268
0.18311457570475234	0.18644685651263235
0.14878059276011127	0.1997644891206775
0.19455923668629937	0.15981159129654202
0.2746718635571285	0.18644685651263235
0.1716699147232053	0.2530350195528582
0.14878059276011127	0.1997644891206775
0.1716699147232053	0.21308212172872268
0.14878059276011127	0.06658816304022584
0.13733593177856426	0.18644685651263235
0.1602252537416583	0.18644685651263235
0.21744855864939341	0.21308212172872268
0.14878059276011127	0.1997644891206775
0.1716699147232053	0.2796702847689485
0.18311457570475234	0.14649395868849685
0.24033788061248745	0.15981159129654202
0.14878059276011127	0.1997644891206775
0.25178254159403446	0.18644685651263235
0.1716699147232053	0.15981159129654202
0.24033788061248745	0.22639975433676784
0.3662291514095047	0.31962318259308403
0.2746718635571285	0.34625844780917436
0.19455923668629937	0.2530350195528582
0.19455923668629937	0.22639975433676784
0.12589127079701723	0.1997644891206775
0.12589127079701723	0.22639975433676784
0.24033788061248745	0.1997644891206775
0.18311457570475234	0.1997644891206775
0.1602252537416583	0.15981159129654202
0.1602252537416583	0.17312922390458718
0.14878059276011127	0.14649395868849685
0.25178254159403446	0.239717386944813
0.22889321963094042	0.14649395868849685
