WT	KO
0.2293973468700672	0.2999449875988
0.3197659986673664	0.20522551783075788
0.2293973468700672	0.2683718310094526
0.2502516511309824	0.3078382767461368
0.24330021637734398	0.2999449875988
0.2641545206382592	0.2683718310094526
0.2572030858846208	0.2289053852727684
0.2502516511309824	0.2999449875988
0.2989116944064512	0.2841584093041263
0.2502516511309824	0.3078382767461368
0.24330021637734398	0.2683718310094526
0.24330021637734398	0.3394114333354842
0.24330021637734398	0.17365236124141054
0.2224459121164288	0.29205169845146317
0.2154944773627904	0.35519801163015785
0.2224459121164288	0.24469196356744208
0.3267174334210048	0.3157315658934736
0.2711059553918976	0.25258525271477894
0.278057390145536	0.29205169845146317
0.24330021637734398	0.24469196356744208
0.3058631291600896	0.2999449875988
0.3058631291600896	0.2289053852727684
0.3197659986673664	0.3157315658934736
0.2711059553918976	0.3709845899248316
0.23634878162370557	0.3236248550408105
0.3267174334210048	0.27626512015678945
0.3058631291600896	0.27626512015678945
0.2850088248991744	0.3236248550408105
0.2293973468700672	0.3709845899248316
0.2502516511309824	0.3078382767461368
0.3753774766964736	0.3788778790721684
0.2989116944064512	0.4025577465141789
0.2919602596528128	0.35519801163015785
0.38232891145011194	0.3394114333354842
0.3336688681746432	0.2604785418621158
0.3058631291600896	0.34730472248282107
0.4309889547255808	0.4025577465141789
0.2502516511309824	0.29205169845146317
0.4587946937401344	0.33151814418814735
0.2850088248991744	0.3630913007774947
0.3406203029282816	0.3236248550408105
0.2641545206382592	0.3157315658934736
0.2641545206382592	0.3236248550408105
0.38232891145011194	0.4578107705455368
0.4031832157110272	0.41045103566151575
0.278057390145536	0.4025577465141789
0.3406203029282816	0.3630913007774947
0.2502516511309824	0.3236248550408105
0.2989116944064512	0.3788778790721684
0.3267174334210048	0.3630913007774947
0.3267174334210048	0.3630913007774947
0.417086085218304	0.43413090310352626
0.3753774766964736	0.35519801163015785
0.3753774766964736	0.3709845899248316
0.34757173768191996	0.3157315658934736
0.3197659986673664	0.3946644573668421
0.4240375199719424	0.4025577465141789
0.4657461284937728	0.43413090310352626
0.4309889547255808	0.46570405969287365
0.2919602596528128	0.41834432480885264
0.3614746071891968	0.4420241922508631
0.3684260419428352	0.38677116821950525
0.4379403894792192	0.3157315658934736
0.3753774766964736	0.4499174813982
0.3267174334210048	0.4499174813982
0.4031832157110272	0.5367436620189052
0.2989116944064512	0.4735973488402105
0.35452317243555836	0.41834432480885264
0.34757173768191996	0.3630913007774947
0.34757173768191996	0.2999449875988
0.278057390145536	0.2999449875988
0.3962317809573888	0.4420241922508631
0.3962317809573888	0.46570405969287365
0.3614746071891968	0.43413090310352626
0.3753774766964736	0.46570405969287365
0.31281456391372797	0.3630913007774947
0.2572030858846208	0.27626512015678945
0.3684260419428352	0.41834432480885264
0.4448918242328576	0.4262376139561895
0.4240375199719424	0.38677116821950525
0.38232891145011194	0.33151814418814735
0.3267174334210048	0.3236248550408105
0.41013465046466563	0.3946644573668421
0.4309889547255808	0.4262376139561895
0.31281456391372797	0.3157315658934736
0.3753774766964736	0.3946644573668421
0.2850088248991744	0.2841584093041263
0.2572030858846208	0.35519801163015785
0.2850088248991744	0.24469196356744208
0.2641545206382592	0.35519801163015785
0.2224459121164288	0.25258525271477894
0.2711059553918976	0.22101209612543155
0.3684260419428352	0.35519801163015785
0.2919602596528128	0.33151814418814735
0.1807373035945984	0.1894389395360842
0.1876887383482368	0.14207920465206314
0.1807373035945984	0.2683718310094526
0.45184325898649597	0.4262376139561895
0.4448918242328576	0.46570405969287365
0.3753774766964736	0.4025577465141789
0.4309889547255808	0.5288503728715683
0.38232891145011194	0.3709845899248316
0.2919602596528128	0.4262376139561895
0.2989116944064512	0.27626512015678945
0.2711059553918976	0.3078382767461368
0.1946401731018752	0.2841584093041263
0.3336688681746432	0.3394114333354842
0.3336688681746432	0.5051705054295579
0.3892803462037504	0.4025577465141789
0.24330021637734398	0.2841584093041263
0.2502516511309824	0.24469196356744208
0.3267174334210048	0.2999449875988
0.3267174334210048	0.3078382767461368
0.34757173768191996	0.5051705054295579
0.4031832157110272	0.3946644573668421
0.3753774766964736	0.4025577465141789
0.4448918242328576	0.49727721628222105
0.4309889547255808	0.46570405969287365
0.3684260419428352	0.43413090310352626
0.4379403894792192	0.4735973488402105
0.38232891145011194	0.3709845899248316
0.4309889547255808	0.4262376139561895
0.4031832157110272	0.41045103566151575
0.2850088248991744	0.3078382767461368
0.2919602596528128	0.23679867442010524
0.3336688681746432	0.4025577465141789
0.3684260419428352	0.4578107705455368
0.41013465046466563	0.3236248550408105
0.3614746071891968	0.3709845899248316
0.3406203029282816	0.2604785418621158
0.3962317809573888	0.4025577465141789
0.3684260419428352	0.35519801163015785
0.417086085218304	0.29205169845146317
0.3892803462037504	0.33151814418814735
0.3892803462037504	0.3788778790721684
0.3753774766964736	0.41045103566151575
0.3197659986673664	0.4025577465141789
0.5283090412765185	0.4578107705455368
0.3406203029282816	0.3630913007774947
0.38232891145011194	0.3630913007774947
0.3406203029282816	0.3788778790721684
0.417086085218304	0.49727721628222105
0.47269756324741113	0.4420241922508631
0.34757173768191996	0.3788778790721684
0.4587946937401344	0.46570405969287365
0.3406203029282816	0.3630913007774947
0.2502516511309824	0.41834432480885264
0.2572030858846208	0.3630913007774947
0.2989116944064512	0.34730472248282107
0.3753774766964736	0.4735973488402105
0.3267174334210048	0.41045103566151575
0.278057390145536	0.41045103566151575
0.3753774766964736	0.2841584093041263
0.3614746071891968	0.3236248550408105
0.2919602596528128	0.3078382767461368
0.2711059553918976	0.2604785418621158
0.2572030858846208	0.3157315658934736
0.1668344340873216	0.18154565038874734
0.2919602596528128	0.3394114333354842
0.3058631291600896	0.2604785418621158
0.278057390145536	0.24469196356744208
0.3267174334210048	0.2604785418621158
0.2154944773627904	0.2289053852727684
0.2572030858846208	0.2999449875988
0.3058631291600896	0.34730472248282107
0.2224459121164288	0.33151814418814735
0.23634878162370557	0.27626512015678945
0.2572030858846208	0.2604785418621158
0.2989116944064512	0.34730472248282107
0.3058631291600896	0.2841584093041263
0.3406203029282816	0.3078382767461368
0.3614746071891968	0.3236248550408105
0.3684260419428352	0.3236248550408105
0.2919602596528128	0.2999449875988
0.24330021637734398	0.25258525271477894
0.417086085218304	0.3709845899248316
0.3962317809573888	0.4735973488402105
0.3753774766964736	0.34730472248282107
0.24330021637734398	0.29205169845146317
0.2154944773627904	0.3078382767461368
0.2850088248991744	0.2841584093041263
0.3753774766964736	0.3394114333354842
0.3684260419428352	0.3078382767461368
0.41013465046466563	0.29205169845146317
0.2919602596528128	0.29205169845146317
0.2641545206382592	0.3078382767461368
0.38232891145011194	0.3788778790721684
0.23634878162370557	0.2683718310094526
0.2015916078555136	0.24469196356744208
0.3406203029282816	0.2604785418621158
0.24330021637734398	0.3157315658934736
0.3058631291600896	0.3157315658934736
0.2989116944064512	0.3946644573668421
0.2641545206382592	0.46570405969287365
0.2572030858846208	0.34730472248282107
0.2572030858846208	0.2999449875988
0.3058631291600896	0.4025577465141789
0.24330021637734398	0.27626512015678945
0.3058631291600896	0.2841584093041263
0.3336688681746432	0.19733222868342104
