WT	KO
0.3486786540439643	0.28053855695630303
0.3446937551406047	0.24660244119545993
0.30285231665532897	0.19909187913027956
0.35664845185068356	0.26243929521718673
0.36262580020572294	0.28732578010847165
0.3725880474641219	0.20814150999983774
0.3686031485607623	0.251127256630239
0.38852764307756027	0.26470170293457623
0.35266355294732393	0.23076558717373316
0.32875415952716636	0.24886484891284946
0.3486786540439643	0.18551743282594232
0.3825502947225209	0.2669641106519658
0.35664845185068356	0.20135428684766912
0.3825502947225209	0.22171595630417498
0.35465600239900374	0.25338966434762855
0.3666106991090825	0.2579144797824076
0.3725880474641219	0.2850633723910821
0.41044458704603803	0.29637541097802983
0.41044458704603803	0.29863781869541933
0.43236153101451574	0.23076558717373316
0.41044458704603803	0.20361669456505865
0.34270130568892493	0.27601374152152397
0.3088296650103684	0.2398152180432913
0.40247478923931884	0.26922651836935535
0.3606333507540431	0.24207762576068084
0.39251254198091984	0.24207762576068084
0.4084521375943582	0.30542504184758795
0.35266355294732393	0.26243929521718673
0.3606333507540431	0.2443400334780704
0.40048233978763903	0.23529040260851222
0.39251254198091984	0.27601374152152397
0.4064596881426784	0.2398152180432913
0.43236153101451574	0.2556520720650181
0.40446723869099865	0.3257867113040938
0.4383388793695552	0.3076874495649775
0.45029357607963394	0.27148892608674485
0.4642407222413925	0.3506731961953788
0.4602558233380329	0.27148892608674485
0.44033132882123494	0.28053855695630303
0.43435398046619556	0.2895881878258612
0.38852764307756027	0.2443400334780704
0.39251254198091984	0.26922651836935535
0.43634642991787537	0.3189994881519252
0.4383388793695552	0.2782761492389135
0.420406834304437	0.3167370804345357
0.49811236291994904	0.34388597304321017
0.43236153101451574	0.30316263413019845
0.40247478923931884	0.29637541097802983
0.43634642991787537	0.26470170293457623
0.40446723869099865	0.26922651836935535
0.5060821607266682	0.3009002264128089
0.4562709244346733	0.32126189586931475
0.45826337388635313	0.2895881878258612
0.48815011566155003	0.27148892608674485
0.38653519362588046	0.30316263413019845
0.4642407222413925	0.29637541097802983
0.4861576662098703	0.3122122649997566
0.43634642991787537	0.3416235653258206
0.3984898903359592	0.26922651836935535
0.47420296949979146	0.2895881878258612
0.5200293068884267	0.29411300326064027
0.5578858464703429	0.28732578010847165
0.49014256511322984	0.3257867113040938
0.5200293068884267	0.28053855695630303
0.45029357607963394	0.3189994881519252
0.47619541895147127	0.28053855695630303
0.4861576662098703	0.30994985728236707
0.48018031785483084	0.34841078847798923
0.4562709244346733	0.2895881878258612
0.4642407222413925	0.3122122649997566
0.5359689025018651	0.30994985728236707
0.5359689025018651	0.28053855695630303
0.5299915541468257	0.3755596810866637
0.48815011566155003	0.3122122649997566
0.5439387003085844	0.38234690423883233
0.5419462508569045	0.34388597304321017
0.5160444079850672	0.3076874495649775
0.5598782959220227	0.33709874989104155
0.5638631948253823	0.36198523478232647
0.6296140267308156	0.3506731961953788
0.6057046333106579	0.3846093119562219
0.5598782959220227	0.34388597304321017
0.5558933970186631	0.3235243035867043
0.5160444079850672	0.29637541097802983
0.4622482727897127	0.29637541097802983
0.5817952398905004	0.34388597304321017
0.5539009475669833	0.34388597304321017
0.5379613519535449	0.32126189586931475
0.420406834304437	0.30316263413019845
0.4223992837561168	0.21266632543461683
0.3984898903359592	0.24207762576068084
0.575817891535461	0.3189994881519252
0.43634642991787537	0.2828009646736926
0.4164219354010774	0.26017688749979717
0.32875415952716636	0.2579144797824076
0.19127514736126044	0.13800687076076198
0.3068372155586886	0.16063094793465738
0.28691272104189064	0.15836854021726784
0.48815011566155003	0.32126189586931475
0.48815011566155003	0.34388597304321017
0.31281456391372797	0.20135428684766912
0.4542784749829935	0.23529040260851222
0.4562709244346733	0.26922651836935535
0.26300332762173306	0.13574446304337243
0.3387164067855653	0.21266632543461683
0.2669882265250927	0.1561061324998783
0.32875415952716636	0.24886484891284946
0.4542784749829935	0.24207762576068084
0.40247478923931884	0.29411300326064027
0.5140519585333874	0.3529356039127683
0.35465600239900374	0.2058791022824482
0.3745804969158017	0.23529040260851222
0.4084521375943582	0.24886484891284946
0.5040897112749884	0.3076874495649775
0.5399538014052248	0.36651005021710553
0.5419462508569045	0.33031152673887293
0.48416521675819046	0.3235243035867043
0.5718329926321014	0.32126189586931475
0.5817952398905004	0.33936115760843105
0.5220217563401066	0.33031152673887293
0.5499160486636238	0.3687724579344951
0.5618707453737025	0.3597228270649369
0.5001048123716288	0.30316263413019845
0.5160444079850672	0.2918505955432507
0.5060821607266682	0.30994985728236707
0.5798027904388207	0.3009002264128089
0.5319840035985055	0.3687724579344951
0.49811236291994904	0.33031152673887293
0.5359689025018651	0.3597228270649369
0.5040897112749884	0.3506731961953788
0.5020972618233086	0.2918505955432507
0.4602558233380329	0.27601374152152397
0.430369081562836	0.29411300326064027
0.4861576662098703	0.25338966434762855
0.48018031785483084	0.31447467271714613
0.49811236291994904	0.3529356039127683
0.5060821607266682	0.3597228270649369
0.47420296949979146	0.27601374152152397
0.42638418265947636	0.3009002264128089
0.4383388793695552	0.2895881878258612
0.4383388793695552	0.26017688749979717
0.4602558233380329	0.2737513338041344
0.4941274640165894	0.2579144797824076
0.46623317169307227	0.2782761492389135
0.44431622772459456	0.2398152180432913
0.45826337388635313	0.29863781869541933
0.44431622772459456	0.3076874495649775
0.45029357607963394	0.3122122649997566
0.4722105200481117	0.26922651836935535
0.4144294859493976	0.2556520720650181
0.44431622772459456	0.2398152180432913
0.430369081562836	0.2398152180432913
0.3745804969158017	0.24660244119545993
0.4562709244346733	0.2443400334780704
0.430369081562836	0.2579144797824076
0.45826337388635313	0.2828009646736926
0.4243917332077966	0.2918505955432507
0.3466862045922845	0.24886484891284946
0.40247478923931884	0.25338966434762855
0.3805578452708411	0.23529040260851222
0.40247478923931884	0.2398152180432913
0.430369081562836	0.25338966434762855
0.3765729463674815	0.251127256630239
0.38454274417420065	0.22397836402156454
0.4144294859493976	0.25338966434762855
0.37856539581916127	0.2579144797824076
0.35067110349564407	0.2556520720650181
0.33672395733388555	0.23755281032590178
0.38653519362588046	0.2918505955432507
0.3407088562372451	0.2330279948911227
0.34270130568892493	0.22397836402156454
0.3307466089788461	0.22624077173895407
0.33672395733388555	0.21945354858678545
0.4124370364977178	0.27601374152152397
0.3327390584305259	0.23529040260851222
0.3606333507540431	0.2443400334780704
0.3646182496574027	0.27148892608674485
0.3486786540439643	0.2330279948911227
0.35465600239900374	0.26470170293457623
0.3705955980124421	0.2782761492389135
0.3765729463674815	0.2285031794563436
0.30285231665532897	0.24660244119545993
0.3148070133654078	0.22171595630417498
0.40446723869099865	0.24660244119545993
0.3486786540439643	0.23529040260851222
0.32078436172044716	0.24886484891284946
0.3068372155586886	0.2398152180432913
0.32875415952716636	0.19230465597811094
0.33473150788220574	0.21040391771722727
0.35067110349564407	0.26017688749979717
0.3446937551406047	0.2579144797824076
0.31679946281708754	0.24207762576068084
0.3446937551406047	0.16968057880421553
0.31082211446204816	0.18325502510855277
0.33473150788220574	0.21945354858678545
0.3407088562372451	0.2443400334780704
0.30285231665532897	0.2285031794563436
0.2908976199452502	0.22397836402156454
0.3387164067855653	0.17194298652160508
0.3048447661070088	0.26470170293457623
