WT	KO
0.20587813270423902	0.21870315023710624
0.2020567288489399	0.22729269994430376
0.2168646687882239	0.24381106476583747
0.22068607264352302	0.23918592261580804
0.20731115914997617	0.22002461942282892
0.20110137788511512	0.21341727349421546
0.21399861589674962	0.24909694150872827
0.22211909908926022	0.24579326854442152
0.2182976952339611	0.23654298424436265
0.2182976952339611	0.2471147377301442
0.21161023848718766	0.2279534345371651
0.21925304619778585	0.23852518802294667
0.21495396686057439	0.2471147377301442
0.229284231317946	0.26693677551598466
0.229284231317946	0.25173987988017366
0.20922186107762572	0.2332393112800559
0.2245074764988221	0.24116812639439208
0.22402980101690975	0.24050739180153075
0.2245074764988221	0.26032942958737115
0.22498515198073452	0.254382818251619
0.21877537071587344	0.23456078046577858
0.2297619067998584	0.2576864912159258
0.2297619067998584	0.2623116333659552
0.26845362083476176	0.2966698321947453
0.25077962800400344	0.25966869499450984
0.24791357511252912	0.26693677551598466
0.2598554621603388	0.2649545717374006
0.2483912505944415	0.27486559063032084
0.24265914481149284	0.26363310255167793
0.23453866161898224	0.265615306330262
0.25077962800400344	0.2504184106944509
0.25603405830503967	0.2570257566230644
0.2608108131241636	0.2616508987730939
0.25077962800400344	0.2715619176660141
0.25603405830503967	0.2742048560374595
0.24982427704017868	0.26693677551598466
0.2402707674019309	0.26363310255167793
0.25364568089547773	0.2728833868517368
0.24456984673914242	0.2616508987730939
0.2565117337869521	0.26825824470170734
0.26510989246137506	0.28213367115179566
0.26367686601563795	0.28675881330182507
0.2555563828231273	0.2920446900447159
0.24982427704017868	0.282794405744657
0.26654291890711224	0.2702404484802914
0.2660652434251998	0.2953483630090226
0.27179734920814846	0.2854373441161024
0.26176616408798836	0.311205993237695
0.25269032993165297	0.2702404484802914
0.2646322169794627	0.280812201966073
0.26176616408798836	0.29402689382329994
0.27179734920814846	0.28675881330182507
0.25412335637739014	0.2841158749303797
0.2799178324006591	0.29072322085899316
0.28087318336448386	0.29072322085899316
0.2784848059549219	0.29733056678760666
0.25794476023268925	0.2993127705661907
0.28803831559316967	0.2894017516732705
0.2832615607740458	0.28609807870896375
0.28899366655699443	0.315170400794863
0.29138204396655637	0.29006248626613185
0.28756064011125726	0.311205993237695
0.2784848059549219	0.2880802824875478
0.26845362083476176	0.2794907327803503
0.27657410402727234	0.3105452586448336
0.28947134203890684	0.3158311353877244
0.29138204396655637	0.30658085108766553
0.28469458721978297	0.3098845240519723
0.2746634020996228	0.2894017516732705
0.27609642854536	0.30525938190194285
0.29281507041229354	0.3145096662020017
0.30332393101436605	0.32177774672347653
0.30045787812289176	0.3079023202733882
0.297114149749505	0.3224384813163379
0.3061899839058404	0.33499243858070354
0.30332393101436605	0.3250814196877833
0.30189090456862894	0.33961758073073295
0.30475695746010323	0.3297065618378127
0.32768538059189783	0.33367096939498087
0.3123997651707014	0.33301023480211944
0.29663647426759265	0.34358198828790104
0.28421691173787056	0.3310280310235354
0.2660652434251998	0.28213367115179566
0.23406098613706988	0.2550435528444804
0.21925304619778585	0.21738168105138356
0.2168646687882239	0.223989026979997
0.2063558081861514	0.21473874267993814
0.2483912505944415	0.223989026979997
0.24934660155826627	0.25306134906589633
0.2866052891474325	0.31186672783055636
0.2488689260763539	0.22332829238713567
0.21161023848718766	0.222006823201413
0.24695822414870433	0.24909694150872827
0.358734286916203	0.38520826763816596
0.4337293375764478	0.44533511558854866
0.30810068583348993	0.33829611154501027
0.15046777680240206	0.1552726293224168
0.13661518782694282	0.1440401412437739
0.23167260872750794	0.24645400313728286
0.4108009144446533	0.4202272010598174
0.41032323896274087	0.42749528158129224
0.2359716880647194	0.2497576761015896
0.12706167818869507	0.13412912235085367
0.16193198836829936	0.14205793746518985
0.31622116902600056	0.3178133391663085
0.42990793372114877	0.444013646402826
0.3582566114342906	0.38983340978819536
0.25364568089547773	0.26693677551598466
0.2135209404148372	0.23588224965150129
0.2641545414975503	0.2768477944089049
0.2990248516771546	0.3105452586448336
0.23979309192001855	0.23918592261580804
0.2326279596913327	0.2292749037228878
0.20444510625850185	0.22266755779427433
0.21734234427013632	0.22464976157285838
0.20826651011380096	0.20482772378701794
0.24409217125723	0.23588224965150129
0.25746708475077684	0.2993127705661907
0.30380160649627846	0.31384893160914035
0.3186095464355625	0.3343317039878422
0.29615879878568024	0.3244206850949219
0.299502527159067	0.34159978450931694
0.30810068583348993	0.32904582724495135
0.314310467098351	0.33697464235928754
0.297114149749505	0.3455641920664851
0.3009355536048041	0.3197955429448925
0.3238639767365987	0.32904582724495135
0.28230620981022103	0.29270542463757726
0.3061899839058404	0.3105452586448336
0.2990248516771546	0.29733056678760666
0.2832615607740458	0.30129497434477476
0.2866052891474325	0.29270542463757726
0.2780071304730095	0.29270542463757726
0.2689312963166742	0.3098845240519723
0.2851722627016953	0.2841158749303797
0.2694089717985865	0.296009097601884
0.28899366655699443	0.3072415856805269
0.2689312963166742	0.2933661592304386
0.26224383956990077	0.2933661592304386
0.26702059438902465	0.29733056678760666
0.2818285343283086	0.3019557089376361
0.288515991075082	0.2768477944089049
0.26845362083476176	0.267597510108846
0.28564993818360773	0.27816926359462757
0.2746634020996228	0.2689189792945687
0.2708419982443237	0.2847766095232411
0.24743589963061674	0.2550435528444804
0.26319919053372554	0.2854373441161024
0.2608108131241636	0.2662760409231233
0.24982427704017868	0.265615306330262
0.24791357511252912	0.26693677551598466
0.24600287318487954	0.25966869499450984
0.25077962800400344	0.2609901641802325
0.25364568089547773	0.2801514673732116
0.24791357511252912	0.2761870598160435
0.26128848860607595	0.2742048560374595
0.23692703902854417	0.2431503301729761
0.23740471451045658	0.2623116333659552
0.25077962800400344	0.28609807870896375
0.2565117337869521	0.26693677551598466
0.2608108131241636	0.28609807870896375
0.25460103185930255	0.25966869499450984
0.24456984673914242	0.2484362069158669
0.24552519770296719	0.27486559063032084
0.23979309192001855	0.24645400313728286
0.23310563517324512	0.2616508987730939
0.22259677457117258	0.2616508987730939
0.22594050294455928	0.26363310255167793
0.23071725776368318	0.26032942958737115
0.24456984673914242	0.2794907327803503
0.23931541643810614	0.24381106476583747
0.2436144957753176	0.26693677551598466
0.2569894092688645	0.2537220836587577
0.24218146932958048	0.25306134906589633
0.24504752222105478	0.26429383714453925
0.23310563517324512	0.24248959558011476
0.23310563517324512	0.24248959558011476
0.229284231317946	0.24777547232300554
0.22832888035412122	0.25636502203020306
0.23406098613706988	0.2570257566230644
0.24170379384766807	0.23654298424436265
0.20874418559571334	0.21473874267993814
0.21973072167969826	0.2180424156442449
0.2264181784264717	0.22134608860855162
0.21877537071587344	0.22266755779427433
0.20778883463188855	0.2444717993586988
0.21017721204145048	0.22332829238713567
0.21973072167969826	0.21473874267993814
0.2063558081861514	0.23984665720866938
0.21208791396910007	0.23390004587291724
0.22546282746264693	0.22663196535144242
0.20731115914997617	0.21870315023710624
0.1982353249936408	0.22663196535144242
0.20157905336702753	0.2471147377301442
0.21161023848718766	0.2279534345371651
0.21447629137866198	0.23059637290861051
0.21495396686057439	0.20086331622984985
0.20731115914997617	0.20614919297274062
0.2063558081861514	0.19425597030123634
0.20062370240320274	0.21606021186566082
