WT	KO
0.4092759720565559	0.6768252454630502
0.32742077764524474	0.0
0.28649318043958916	0.40609514727783014
0.5729863608791783	0.06768252454630502
0.32742077764524474	0.20304757363891507
0.36834837485090033	0.5414601963704402
0.4911311664678671	0.40609514727783014
0.4911311664678671	0.47377767182413516
0.24556558323393354	0.40609514727783014
0.45020356926221156	0.3384126227315251
0.08185519441131119	0.13536504909261005
0.4092759720565559	0.40609514727783014
0.4911311664678671	0.3384126227315251
0.8185519441131118	0.8121902945556603
0.5729863608791783	0.6091427209167452
0.4092759720565559	0.2707300981852201
0.20463798602827796	0.3384126227315251
0.4092759720565559	0.3384126227315251
0.36834837485090033	0.47377767182413516
0.45020356926221156	0.6091427209167452
0.6957691524961451	0.5414601963704402
0.613913958084834	0.47377767182413516
0.36834837485090033	0.6091427209167452
0.36834837485090033	0.40609514727783014
0.5320587636735228	0.3384126227315251
0.7776243469074563	0.6091427209167452
0.4092759720565559	0.6768252454630502
0.36834837485090033	0.40609514727783014
0.45020356926221156	0.2707300981852201
0.32742077764524474	0.20304757363891507
0.24556558323393354	0.6091427209167452
0.4911311664678671	0.6768252454630502
0.8185519441131118	0.6091427209167452
0.32742077764524474	0.3384126227315251
0.32742077764524474	0.13536504909261005
0.08185519441131119	0.13536504909261005
0.4092759720565559	0.2707300981852201
0.4911311664678671	0.7445077700093553
0.4911311664678671	0.3384126227315251
0.45020356926221156	0.20304757363891507
0.32742077764524474	0.13536504909261005
0.36834837485090033	0.47377767182413516
0.5320587636735228	0.6768252454630502
0.6548415552904895	0.6091427209167452
0.36834837485090033	0.47377767182413516
0.613913958084834	0.47377767182413516
0.45020356926221156	0.20304757363891507
0.6548415552904895	0.47377767182413516
0.5729863608791783	0.2707300981852201
0.5320587636735228	0.6768252454630502
0.5729863608791783	0.6768252454630502
0.20463798602827796	0.47377767182413516
0.4911311664678671	0.2707300981852201
0.6548415552904895	0.47377767182413516
0.5729863608791783	0.6091427209167452
0.613913958084834	0.3384126227315251
0.4092759720565559	0.3384126227315251
0.613913958084834	0.3384126227315251
0.36834837485090033	0.3384126227315251
0.7366967497018007	0.6768252454630502
0.45020356926221156	0.40609514727783014
0.24556558323393354	0.6091427209167452
0.7366967497018007	0.40609514727783014
0.45020356926221156	0.3384126227315251
0.613913958084834	0.6768252454630502
0.45020356926221156	0.6091427209167452
0.613913958084834	0.40609514727783014
0.45020356926221156	0.06768252454630502
0.45020356926221156	0.47377767182413516
0.4092759720565559	0.40609514727783014
0.4092759720565559	0.40609514727783014
0.6957691524961451	0.47377767182413516
0.4092759720565559	0.2707300981852201
0.36834837485090033	0.47377767182413516
0.24556558323393354	0.2707300981852201
0.4092759720565559	0.3384126227315251
0.16371038882262237	0.5414601963704402
0.36834837485090033	0.47377767182413516
0.20463798602827796	0.5414601963704402
0.4911311664678671	0.40609514727783014
0.45020356926221156	0.47377767182413516
0.5320587636735228	0.2707300981852201
0.28649318043958916	0.6091427209167452
0.20463798602827796	0.2707300981852201
0.20463798602827796	0.20304757363891507
0.20463798602827796	0.3384126227315251
0.5320587636735228	0.06768252454630502
0.613913958084834	0.47377767182413516
0.8594795413187676	0.6091427209167452
0.28649318043958916	0.40609514727783014
0.24556558323393354	0.06768252454630502
0.32742077764524474	0.06768252454630502
0.5320587636735228	0.3384126227315251
0.5729863608791783	0.9475553436482703
0.613913958084834	0.5414601963704402
0.45020356926221156	0.40609514727783014
0.4092759720565559	0.47377767182413516
0.4911311664678671	0.6768252454630502
0.5320587636735228	0.20304757363891507
0.24556558323393354	0.0
0.28649318043958916	0.06768252454630502
0.36834837485090033	0.40609514727783014
0.4911311664678671	0.8121902945556603
0.5320587636735228	0.8798728191019654
0.36834837485090033	0.47377767182413516
0.4911311664678671	0.3384126227315251
0.613913958084834	0.8798728191019654
0.5320587636735228	0.6091427209167452
0.5320587636735228	0.5414601963704402
0.20463798602827796	0.2707300981852201
0.45020356926221156	0.13536504909261005
0.32742077764524474	0.5414601963704402
0.8594795413187676	0.8121902945556603
0.613913958084834	0.8121902945556603
0.32742077764524474	0.06768252454630502
0.36834837485090033	0.47377767182413516
0.6548415552904895	0.6091427209167452
0.45020356926221156	0.40609514727783014
0.4911311664678671	0.5414601963704402
0.24556558323393354	0.13536504909261005
0.4092759720565559	0.40609514727783014
0.7366967497018007	0.40609514727783014
0.36834837485090033	0.2707300981852201
0.4911311664678671	0.5414601963704402
0.4911311664678671	0.2707300981852201
0.5320587636735228	0.47377767182413516
0.4911311664678671	0.3384126227315251
0.28649318043958916	0.2707300981852201
0.28649318043958916	0.20304757363891507
0.5320587636735228	0.40609514727783014
0.32742077764524474	0.47377767182413516
0.5729863608791783	0.3384126227315251
0.24556558323393354	0.47377767182413516
0.4092759720565559	0.13536504909261005
0.5320587636735228	0.2707300981852201
0.28649318043958916	0.40609514727783014
0.36834837485090033	0.3384126227315251
0.4092759720565559	0.20304757363891507
0.613913958084834	0.20304757363891507
0.4092759720565559	0.47377767182413516
0.5320587636735228	0.2707300981852201
0.36834837485090033	0.13536504909261005
0.36834837485090033	0.5414601963704402
0.5320587636735228	0.5414601963704402
0.36834837485090033	0.20304757363891507
0.6548415552904895	0.6091427209167452
0.4911311664678671	0.6768252454630502
0.45020356926221156	0.2707300981852201
0.32742077764524474	0.20304757363891507
0.08185519441131119	0.3384126227315251
0.16371038882262237	0.13536504909261005
0.16371038882262237	0.20304757363891507
0.32742077764524474	0.20304757363891507
0.28649318043958916	0.20304757363891507
0.36834837485090033	0.3384126227315251
0.36834837485090033	0.2707300981852201
0.24556558323393354	0.3384126227315251
0.32742077764524474	0.40609514727783014
0.45020356926221156	0.47377767182413516
0.45020356926221156	0.06768252454630502
0.24556558323393354	0.47377767182413516
0.28649318043958916	0.13536504909261005
0.32742077764524474	0.3384126227315251
0.4911311664678671	0.20304757363891507
0.28649318043958916	0.40609514727783014
0.12278279161696677	0.2707300981852201
0.24556558323393354	0.40609514727783014
0.5320587636735228	0.2707300981852201
0.45020356926221156	0.7445077700093553
0.24556558323393354	0.3384126227315251
0.08185519441131119	0.13536504909261005
0.20463798602827796	0.13536504909261005
0.45020356926221156	0.2707300981852201
0.5320587636735228	0.13536504909261005
0.4092759720565559	0.13536504909261005
0.45020356926221156	0.7445077700093553
0.45020356926221156	0.40609514727783014
0.12278279161696677	0.06768252454630502
0.20463798602827796	0.13536504909261005
0.20463798602827796	0.20304757363891507
0.28649318043958916	0.2707300981852201
0.08185519441131119	0.06768252454630502
0.16371038882262237	0.20304757363891507
0.45020356926221156	0.40609514727783014
0.45020356926221156	0.47377767182413516
0.4092759720565559	0.47377767182413516
0.4092759720565559	0.20304757363891507
0.32742077764524474	0.5414601963704402
0.4092759720565559	0.20304757363891507
0.36834837485090033	0.2707300981852201
0.32742077764524474	0.3384126227315251
0.16371038882262237	0.2707300981852201
0.20463798602827796	0.3384126227315251
0.28649318043958916	0.5414601963704402
0.36834837485090033	0.40609514727783014
0.5320587636735228	0.6091427209167452
0.04092759720565559	0.47377767182413516
0.28649318043958916	0.13536504909261005
0.16371038882262237	0.06768252454630502
0.45020356926221156	0.40609514727783014
