DKO	Bcl6KO
0.45576672767142656	0.4545090181753166
0.417786167032141	0.3703406814761839
0.5317278489499976	0.43206412838888114
0.5032424284705335	0.44889779572870764
0.417786167032141	0.4601202406219254
0.493747288310712	0.5218436875346226
0.5507181292696404	0.5723446895541022
0.5127375686303549	0.43767535083549
0.5317278489499976	0.44889779572870764
0.417786167032141	0.40961923860244576
0.541222989109819	0.4601202406219254
0.4082910268723196	0.44889779572870764
0.4652618678312479	0.4040080161558369
0.5127375686303549	0.4769539079617519
0.37980560639285543	0.510621242641405
0.4462715875116052	0.5330661324278404
0.5032424284705335	0.5779559120007111
0.6361743907080328	0.5611222446608846
0.4747570079910693	0.4769539079617519
0.5507181292696404	0.4713426855151431
0.4842521481508907	0.4545090181753166
0.5032424284705335	0.5947895793405377
0.4842521481508907	0.5386773548744492
0.3893007465526768	0.6228456915735819
0.5507181292696404	0.5386773548744492
0.37031046623303404	0.5723446895541022
0.5222327087901762	0.6228456915735819
0.541222989109819	0.510621242641405
0.5032424284705335	0.5667334671074934
0.7786014931053536	0.6621242486998438
0.61718411038839	0.72945891805915
0.7691063529455323	0.6340681364667996
0.7691063529455323	0.6340681364667996
0.6646598111874971	0.5723446895541022
0.6646598111874971	0.6845691384862792
0.61718411038839	0.5947895793405377
0.6646598111874971	0.6509018038066261
0.6646598111874971	0.5274549099812316
0.6741549513473184	0.5891783568939288
0.7026403718267825	0.7855711425252385
0.5697084095892831	0.7014028058261057
0.6076889702285687	0.6509018038066261
0.6551646710276757	0.72945891805915
0.7975917734249964	0.6733466935930615
0.8450674742241033	0.8248496996515002
0.8450674742241033	0.7350701405057588
0.7216306521464253	0.6957915833794969
0.8450674742241033	0.7070140282727145
0.712135511986604	0.6228456915735819
0.7026403718267825	0.7519038078455854
0.6646598111874971	0.6677354711464527
0.7216306521464253	0.72945891805915
0.8640577545437461	0.8529058118845446
0.8640577545437461	0.6228456915735819
0.7975917734249964	0.7406813629523678
0.7501160726258894	0.7406813629523678
0.6931452316669612	0.7126252507193234
0.835572334064282	0.7406813629523678
0.7216306521464253	0.6677354711464527
0.7501160726258894	0.6452905813600173
0.8165820537446392	0.7462925853989766
0.8545626143839247	0.72945891805915
0.8450674742241033	0.7743486976320209
0.8545626143839247	0.7238476956125411
0.8735528947035675	0.7855711425252385
0.7501160726258894	0.7014028058261057
0.7786014931053536	0.6172344691269731
0.7975917734249964	0.7070140282727145
0.8925431750232103	0.7070140282727145
0.9020383151830317	0.7911823649718472
0.7880966332651751	0.9370741485836772
0.9210285955026745	0.7967935874184562
0.7406209324660681	0.6565130262532349
0.8165820537446392	0.7967935874184562
0.7786014931053536	0.8024048098650649
0.8545626143839247	0.8248496996515002
0.8165820537446392	0.87535070167098
0.7691063529455323	0.7238476956125411
1.006484856941067	0.7575150302921942
1.0349702774205312	0.9146292587972419
0.9495140159821386	0.7743486976320209
0.6361743907080328	0.8585170343311535
0.5981938300687473	0.7799599200786296
0.6456695308678543	0.6396793589134084
0.7501160726258894	0.7238476956125411
0.6551646710276757	0.6565130262532349
0.5222327087901762	0.5330661324278404
0.5507181292696404	0.6565130262532349
0.7406209324660681	0.5667334671074934
0.7406209324660681	0.7406813629523678
0.9495140159821386	0.9370741485836772
0.7501160726258894	0.6789579160396704
0.4082910268723196	0.5779559120007111
0.36081532607321265	0.35350701413635727
0.5127375686303549	0.4993987977481873
0.5032424284705335	0.6340681364667996
0.7975917734249964	0.7182364731659323
0.5792035497491046	0.6621242486998438
0.541222989109819	0.5330661324278404
0.3987958867124982	0.43206412838888114
0.4747570079910693	0.4713426855151431
0.42728130719196233	0.5386773548744492
0.6741549513473184	0.6957915833794969
0.6646598111874971	0.6340681364667996
0.5981938300687473	0.6565130262532349
0.6931452316669612	0.6957915833794969
0.417786167032141	0.46573146306853425
0.6931452316669612	0.58356713444732
0.8070869135848179	0.8080160323116738
0.9115334553428531	0.7911823649718472
0.8165820537446392	0.6845691384862792
0.6076889702285687	0.5555110222142757
0.7026403718267825	0.6228456915735819
0.5602132694294617	0.6452905813600173
0.6931452316669612	0.6340681364667996
0.9305237356624958	0.7911823649718472
0.9590091561419599	0.8529058118845446
0.7975917734249964	0.8472945894379358
0.9590091561419599	0.9314629261370685
0.8260771939044605	0.8921843690108066
0.9495140159821386	0.9819639281565481
1.129921679018745	0.9426853710302862
0.7880966332651751	0.7855711425252385
0.8925431750232103	0.7799599200786296
0.9210285955026745	0.7182364731659323
0.7596112127857109	0.7743486976320209
0.6931452316669612	0.7238476956125411
0.6931452316669612	0.7575150302921942
0.6551646710276757	0.8136272547582826
0.9210285955026745	0.7743486976320209
0.9779994364616027	0.9426853710302862
0.8545626143839247	0.7631262527388031
0.8165820537446392	0.7575150302921942
0.7406209324660681	0.7126252507193234
0.9020383151830317	0.7631262527388031
0.9020383151830317	0.7967935874184562
0.8450674742241033	0.7519038078455854
0.7311257923062466	0.6452905813600173
0.7880966332651751	0.7743486976320209
0.7880966332651751	0.7182364731659323
0.5886986899089259	0.7575150302921942
0.7406209324660681	0.5723446895541022
0.5981938300687473	0.7462925853989766
0.541222989109819	0.7070140282727145
0.6741549513473184	0.7462925853989766
0.6456695308678543	0.6509018038066261
0.7216306521464253	0.6228456915735819
0.6931452316669612	0.8024048098650649
0.9115334553428531	0.7462925853989766
0.6836500915071398	0.7070140282727145
0.6266792505482115	0.690180360932888
0.7311257923062466	0.7070140282727145
0.7596112127857109	0.7519038078455854
0.7596112127857109	0.6565130262532349
0.5886986899089259	0.6452905813600173
0.6836500915071398	0.6845691384862792
0.61718411038839	0.5555110222142757
0.493747288310712	0.6340681364667996
0.5981938300687473	0.6845691384862792
0.5602132694294617	0.5667334671074934
0.5032424284705335	0.58356713444732
0.8260771939044605	0.6284569140201908
0.61718411038839	0.6565130262532349
0.6646598111874971	0.5891783568939288
0.6456695308678543	0.6116232466803643
0.6076889702285687	0.5442885773210581
0.5032424284705335	0.6733466935930615
0.5222327087901762	0.5779559120007111
0.5886986899089259	0.6284569140201908
0.7691063529455323	0.6340681364667996
0.6076889702285687	0.6733466935930615
0.5507181292696404	0.4713426855151431
0.4842521481508907	0.4545090181753166
0.4747570079910693	0.4993987977481873
0.5792035497491046	0.6172344691269731
0.5602132694294617	0.5274549099812316
0.5792035497491046	0.6172344691269731
0.6741549513473184	0.5667334671074934
0.5697084095892831	0.5891783568939288
0.5222327087901762	0.5330661324278404
0.6741549513473184	0.6340681364667996
0.5317278489499976	0.5555110222142757
0.4747570079910693	0.5498997997676669
0.4747570079910693	0.4993987977481873
0.45576672767142656	0.4208416834956634
0.4652618678312479	0.4993987977481873
0.33232990559374853	0.43206412838888114
0.35132018591339126	0.4713426855151431
0.417786167032141	0.5498997997676669
0.5032424284705335	0.5162324650880138
0.417786167032141	0.5667334671074934
0.493747288310712	0.49378757530157846
0.45576672767142656	0.4713426855151431
0.37031046623303404	0.364729459029575
0.4842521481508907	0.43206412838888114
0.4842521481508907	0.4208416834956634
0.4367764473517837	0.3871743488160104
0.4652618678312479	0.364729459029575
0.4082910268723196	0.4040080161558369
0.3987958867124982	0.44889779572870764
