DKO	Bcl6KO
0.4336114006318433	0.38436873759270596
0.650417100947765	0.5979069251442093
0.578148534175791	0.34166110008240524
0.07226856677197388	0.38436873759270596
0.2890742670878955	0.5979069251442093
0.07226856677197388	0.25624582506180393
0.2890742670878955	0.38436873759270596
0.4336114006318433	0.4270763751030066
0.36134283385986943	0.38436873759270596
0.2890742670878955	0.38436873759270596
0.21680570031592164	0.4697840126133073
0.36134283385986943	0.34166110008240524
0.5058799674038171	0.6833222001648105
0.36134283385986943	0.7260298376751112
0.21680570031592164	0.38436873759270596
0.7949542344917128	0.4697840126133073
0.2890742670878955	0.34166110008240524
0.21680570031592164	0.34166110008240524
0.36134283385986943	0.4697840126133073
0.2890742670878955	0.4270763751030066
0.36134283385986943	0.38436873759270596
0.578148534175791	0.5979069251442093
0.4336114006318433	0.4270763751030066
0.5058799674038171	0.5124916501236079
0.4336114006318433	0.17083055004120262
0.4336114006318433	0.5551992876339086
0.4336114006318433	0.6406145626545099
0.21680570031592164	0.38436873759270596
0.36134283385986943	0.25624582506180393
0.36134283385986943	0.4270763751030066
0.578148534175791	0.5979069251442093
0.578148534175791	0.4270763751030066
0.36134283385986943	0.34166110008240524
0.14453713354394776	0.4697840126133073
0.14453713354394776	0.2135381875515033
0.578148534175791	0.34166110008240524
0.2890742670878955	0.17083055004120262
0.5058799674038171	0.6833222001648105
0.578148534175791	0.5551992876339086
0.578148534175791	0.38436873759270596
0.2890742670878955	0.4270763751030066
0.2890742670878955	0.4270763751030066
0.36134283385986943	0.4697840126133073
0.36134283385986943	0.5979069251442093
0.5058799674038171	0.5979069251442093
0.4336114006318433	0.7260298376751112
0.7226856677197389	0.5124916501236079
0.578148534175791	0.6406145626545099
0.7949542344917128	0.8968603877163139
0.9394913680356605	1.0676909377575166
0.4336114006318433	0.6833222001648105
0.21680570031592164	0.38436873759270596
0.2890742670878955	0.7260298376751112
0.650417100947765	0.6406145626545099
0.650417100947765	0.6833222001648105
0.4336114006318433	0.7260298376751112
0.578148534175791	0.34166110008240524
0.4336114006318433	0.6833222001648105
0.650417100947765	0.6406145626545099
0.36134283385986943	0.5551992876339086
0.21680570031592164	0.34166110008240524
0.4336114006318433	0.29895346257210464
0.2890742670878955	0.7260298376751112
0.5058799674038171	0.4697840126133073
0.650417100947765	0.5551992876339086
0.5058799674038171	0.38436873759270596
0.5058799674038171	0.6833222001648105
0.650417100947765	0.5124916501236079
0.4336114006318433	0.5551992876339086
0.7226856677197389	0.5551992876339086
0.2890742670878955	0.6406145626545099
0.8672228012636866	0.29895346257210464
0.650417100947765	0.4697840126133073
0.4336114006318433	0.34166110008240524
0.2890742670878955	0.5124916501236079
0.4336114006318433	0.5979069251442093
0.7226856677197389	0.7260298376751112
0.4336114006318433	0.4697840126133073
0.07226856677197388	0.29895346257210464
0.4336114006318433	0.5979069251442093
0.4336114006318433	0.5551992876339086
0.4336114006318433	0.5979069251442093
0.7226856677197389	0.7687374751854119
0.2890742670878955	0.5124916501236079
0.36134283385986943	0.8114451126957126
0.7226856677197389	0.5979069251442093
0.7949542344917128	0.6833222001648105
0.578148534175791	0.5124916501236079
0.2890742670878955	0.4697840126133073
0.4336114006318433	0.17083055004120262
0.2890742670878955	0.5551992876339086
0.578148534175791	0.4270763751030066
0.21680570031592164	0.5124916501236079
0.578148534175791	0.7260298376751112
0.5058799674038171	0.25624582506180393
0.14453713354394776	0.29895346257210464
0.14453713354394776	0.17083055004120262
0.7226856677197389	0.4270763751030066
0.5058799674038171	0.4270763751030066
0.4336114006318433	0.6833222001648105
0.4336114006318433	0.5551992876339086
0.4336114006318433	0.5979069251442093
0.578148534175791	0.6406145626545099
0.2890742670878955	0.2135381875515033
0.36134283385986943	0.12812291253090197
0.07226856677197388	0.34166110008240524
0.14453713354394776	0.34166110008240524
0.5058799674038171	0.7260298376751112
0.9394913680356605	0.6833222001648105
0.578148534175791	0.34166110008240524
0.2890742670878955	0.8114451126957126
0.7226856677197389	0.4697840126133073
0.4336114006318433	0.5124916501236079
0.4336114006318433	0.6406145626545099
0.2890742670878955	0.4270763751030066
0.36134283385986943	0.38436873759270596
0.578148534175791	0.5124916501236079
0.4336114006318433	0.34166110008240524
0.5058799674038171	0.5124916501236079
0.7226856677197389	0.4697840126133073
0.21680570031592164	0.4270763751030066
0.650417100947765	0.6406145626545099
0.650417100947765	0.4270763751030066
0.14453713354394776	0.29895346257210464
0.21680570031592164	0.4697840126133073
0.5058799674038171	0.9822756627369151
0.5058799674038171	0.7260298376751112
0.2890742670878955	0.5979069251442093
0.7949542344917128	0.8114451126957126
0.5058799674038171	0.34166110008240524
0.36134283385986943	0.4697840126133073
0.36134283385986943	0.6833222001648105
0.4336114006318433	0.4270763751030066
0.5058799674038171	0.34166110008240524
0.5058799674038171	0.6406145626545099
0.7226856677197389	0.8968603877163139
0.36134283385986943	0.4697840126133073
0.650417100947765	0.7687374751854119
0.36134283385986943	0.6833222001648105
0.8672228012636866	0.6833222001648105
0.578148534175791	0.4270763751030066
0.21680570031592164	0.29895346257210464
0.2890742670878955	0.25624582506180393
0.21680570031592164	0.17083055004120262
0.36134283385986943	0.5551992876339086
0.5058799674038171	0.7260298376751112
0.578148534175791	0.5979069251442093
0.7949542344917128	0.6406145626545099
0.21680570031592164	0.5551992876339086
0.14453713354394776	0.2135381875515033
0.5058799674038171	0.34166110008240524
0.2890742670878955	0.29895346257210464
0.21680570031592164	0.4270763751030066
0.21680570031592164	0.4697840126133073
0.07226856677197388	0.17083055004120262
0.21680570031592164	0.5124916501236079
0.0	0.5124916501236079
0.36134283385986943	0.4270763751030066
0.5058799674038171	0.4270763751030066
0.14453713354394776	0.2135381875515033
0.36134283385986943	0.29895346257210464
0.36134283385986943	0.7687374751854119
0.578148534175791	0.29895346257210464
0.2890742670878955	0.5551992876339086
0.5058799674038171	0.4697840126133073
0.21680570031592164	0.4270763751030066
0.21680570031592164	0.5124916501236079
0.578148534175791	0.4270763751030066
0.36134283385986943	0.4270763751030066
0.36134283385986943	0.25624582506180393
0.4336114006318433	0.4697840126133073
0.578148534175791	0.6406145626545099
0.4336114006318433	0.8968603877163139
0.5058799674038171	0.6406145626545099
0.650417100947765	0.4270763751030066
0.36134283385986943	0.29895346257210464
0.21680570031592164	0.38436873759270596
0.4336114006318433	0.29895346257210464
0.5058799674038171	0.6406145626545099
0.36134283385986943	0.38436873759270596
0.2890742670878955	0.5979069251442093
0.2890742670878955	0.5551992876339086
0.4336114006318433	0.5979069251442093
0.650417100947765	0.38436873759270596
0.14453713354394776	0.17083055004120262
0.578148534175791	0.4270763751030066
0.2890742670878955	0.5124916501236079
0.21680570031592164	0.4697840126133073
0.36134283385986943	0.38436873759270596
0.21680570031592164	0.29895346257210464
0.07226856677197388	0.4697840126133073
0.578148534175791	0.7687374751854119
0.4336114006318433	0.4697840126133073
0.2890742670878955	0.5124916501236079
0.21680570031592164	0.4697840126133073
0.2890742670878955	0.29895346257210464
0.650417100947765	0.6406145626545099
0.21680570031592164	0.4270763751030066
0.4336114006318433	0.5124916501236079
0.578148534175791	0.6833222001648105
