WT	KO
0.45683219257612834	0.4086110166930927
0.38069349381344025	0.5253570214625477
0.1522773975253761	0.35023801430836515
0.07613869876268806	0.4086110166930927
0.1522773975253761	0.2918650119236376
0.22841609628806417	0.17511900715418258
0.3045547950507522	0.2334920095389101
0.38069349381344025	0.2918650119236376
0.22841609628806417	0.2918650119236376
0.3045547950507522	0.4086110166930927
0.3045547950507522	0.2918650119236376
0.6091095901015045	0.4086110166930927
0.38069349381344025	0.4086110166930927
0.38069349381344025	0.11674600476945506
0.22841609628806417	0.2334920095389101
0.1522773975253761	0.4086110166930927
0.1522773975253761	0.5837300238472752
0.07613869876268806	0.2918650119236376
0.0	0.17511900715418258
0.3045547950507522	0.2918650119236376
0.38069349381344025	0.2334920095389101
0.38069349381344025	0.17511900715418258
0.3045547950507522	0.5253570214625477
0.1522773975253761	0.2334920095389101
0.6091095901015045	0.2918650119236376
0.07613869876268806	0.17511900715418258
0.1522773975253761	0.11674600476945506
0.1522773975253761	0.35023801430836515
0.45683219257612834	0.11674600476945506
0.22841609628806417	0.05837300238472753
0.3045547950507522	0.35023801430836515
0.1522773975253761	0.11674600476945506
0.3045547950507522	0.2334920095389101
0.3045547950507522	0.05837300238472753
0.45683219257612834	0.2334920095389101
0.07613869876268806	0.17511900715418258
0.0	0.0
0.1522773975253761	0.17511900715418258
0.45683219257612834	0.5253570214625477
0.5329708913388164	0.5837300238472752
0.3045547950507522	0.4669840190778202
0.3045547950507522	0.2918650119236376
0.22841609628806417	0.4086110166930927
0.5329708913388164	0.4669840190778202
0.3045547950507522	0.4669840190778202
0.22841609628806417	0.35023801430836515
0.22841609628806417	0.2334920095389101
0.22841609628806417	0.4086110166930927
0.3045547950507522	0.2334920095389101
0.5329708913388164	0.4086110166930927
0.5329708913388164	0.2918650119236376
0.3045547950507522	0.4086110166930927
0.5329708913388164	0.35023801430836515
0.38069349381344025	0.4669840190778202
0.22841609628806417	0.2918650119236376
0.3045547950507522	0.5837300238472752
0.22841609628806417	0.17511900715418258
0.3045547950507522	0.6421030262320028
0.6852482888641924	0.5837300238472752
0.38069349381344025	0.17511900715418258
0.22841609628806417	0.35023801430836515
0.38069349381344025	0.7004760286167303
0.3045547950507522	0.6421030262320028
0.5329708913388164	0.2334920095389101
0.6852482888641924	0.8172220333861854
0.6852482888641924	0.8172220333861854
0.5329708913388164	0.6421030262320028
0.45683219257612834	0.5253570214625477
0.6852482888641924	0.2334920095389101
0.22841609628806417	0.35023801430836515
0.5329708913388164	0.35023801430836515
0.7613869876268805	0.7004760286167303
0.7613869876268805	0.7588490310014578
0.6091095901015045	0.4086110166930927
0.22841609628806417	0.2918650119236376
0.6852482888641924	0.35023801430836515
0.5329708913388164	0.2918650119236376
0.38069349381344025	0.6421030262320028
0.7613869876268805	0.6421030262320028
0.3045547950507522	0.35023801430836515
0.38069349381344025	0.2918650119236376
0.22841609628806417	0.2918650119236376
0.07613869876268806	0.11674600476945506
0.3045547950507522	0.5253570214625477
0.1522773975253761	0.5837300238472752
0.5329708913388164	0.4086110166930927
0.5329708913388164	0.11674600476945506
0.07613869876268806	0.11674600476945506
0.22841609628806417	0.17511900715418258
0.7613869876268805	0.5253570214625477
0.45683219257612834	0.6421030262320028
0.6852482888641924	0.5253570214625477
0.6091095901015045	0.5253570214625477
0.5329708913388164	0.2334920095389101
0.22841609628806417	0.2918650119236376
0.22841609628806417	0.35023801430836515
0.1522773975253761	0.11674600476945506
0.3045547950507522	0.11674600476945506
0.22841609628806417	0.4086110166930927
0.38069349381344025	0.5253570214625477
0.5329708913388164	0.2918650119236376
0.7613869876268805	0.5253570214625477
1.0659417826776327	0.8755950357709129
0.07613869876268806	0.11674600476945506
0.38069349381344025	0.2918650119236376
0.22841609628806417	0.2918650119236376
0.5329708913388164	0.35023801430836515
0.8375256863895685	0.4669840190778202
0.38069349381344025	0.4086110166930927
0.22841609628806417	0.35023801430836515
0.1522773975253761	0.05837300238472753
0.3045547950507522	0.2334920095389101
0.9136643851522567	0.8755950357709129
0.8375256863895685	0.8172220333861854
0.5329708913388164	0.2918650119236376
0.22841609628806417	0.17511900715418258
0.3045547950507522	0.35023801430836515
0.38069349381344025	0.35023801430836515
0.9136643851522567	0.5837300238472752
0.38069349381344025	0.5837300238472752
0.7613869876268805	0.7588490310014578
0.6091095901015045	0.6421030262320028
0.5329708913388164	0.5837300238472752
0.6852482888641924	0.8172220333861854
0.22841609628806417	0.4086110166930927
0.5329708913388164	0.5253570214625477
0.38069349381344025	0.35023801430836515
0.1522773975253761	0.6421030262320028
0.9136643851522567	0.7004760286167303
0.38069349381344025	0.4669840190778202
1.0659417826776327	0.35023801430836515
0.5329708913388164	0.7004760286167303
0.5329708913388164	0.4086110166930927
0.7613869876268805	0.6421030262320028
0.1522773975253761	0.17511900715418258
0.6091095901015045	0.35023801430836515
0.45683219257612834	0.4669840190778202
0.5329708913388164	0.2918650119236376
0.7613869876268805	0.5837300238472752
0.6091095901015045	0.6421030262320028
0.1522773975253761	0.5253570214625477
0.6852482888641924	0.6421030262320028
0.5329708913388164	0.4086110166930927
0.45683219257612834	0.8172220333861854
0.6091095901015045	0.4669840190778202
0.1522773975253761	0.5253570214625477
0.5329708913388164	0.4669840190778202
0.5329708913388164	0.5837300238472752
0.22841609628806417	0.35023801430836515
0.6091095901015045	0.2918650119236376
0.38069349381344025	0.2334920095389101
0.5329708913388164	0.7004760286167303
0.45683219257612834	0.7004760286167303
0.6091095901015045	0.7004760286167303
0.5329708913388164	0.4669840190778202
0.22841609628806417	0.35023801430836515
0.38069349381344025	0.35023801430836515
0.45683219257612834	0.35023801430836515
0.38069349381344025	0.2918650119236376
0.07613869876268806	0.5253570214625477
0.22841609628806417	0.2918650119236376
0.38069349381344025	0.35023801430836515
0.5329708913388164	0.6421030262320028
0.38069349381344025	0.2334920095389101
0.38069349381344025	0.4086110166930927
0.38069349381344025	0.35023801430836515
0.45683219257612834	0.2918650119236376
0.5329708913388164	0.4086110166930927
0.5329708913388164	0.7004760286167303
0.45683219257612834	0.4669840190778202
0.45683219257612834	0.11674600476945506
0.22841609628806417	0.11674600476945506
0.07613869876268806	0.2334920095389101
0.3045547950507522	0.2918650119236376
0.3045547950507522	0.17511900715418258
0.1522773975253761	0.2918650119236376
0.1522773975253761	0.11674600476945506
0.45683219257612834	0.4086110166930927
0.38069349381344025	0.4669840190778202
0.1522773975253761	0.4086110166930927
0.22841609628806417	0.17511900715418258
0.22841609628806417	0.11674600476945506
0.22841609628806417	0.35023801430836515
0.07613869876268806	0.17511900715418258
0.22841609628806417	0.2334920095389101
0.1522773975253761	0.35023801430836515
0.07613869876268806	0.2918650119236376
0.22841609628806417	0.2918650119236376
0.22841609628806417	0.17511900715418258
0.1522773975253761	0.11674600476945506
0.1522773975253761	0.4086110166930927
0.3045547950507522	0.4669840190778202
0.45683219257612834	0.2918650119236376
0.22841609628806417	0.4086110166930927
0.3045547950507522	0.2334920095389101
0.22841609628806417	0.35023801430836515
0.5329708913388164	0.2918650119236376
0.1522773975253761	0.35023801430836515
0.3045547950507522	0.17511900715418258
0.6091095901015045	0.4669840190778202
