WT	KO
0.6510447397998211	0.6261343613005794
0.7891451391512985	0.6843794181657497
0.5326729689271265	0.5970118328679944
0.512944340448344	0.5387667760028242
0.5918588543634739	0.40771539805619134
0.6115874828422564	0.6261343613005794
0.4734870834907791	0.611573097084287
0.6707733682786037	0.5096442475702391
0.5918588543634739	0.5824505686517019
0.5918588543634739	0.6843794181657497
0.5326729689271265	0.80086953189609
0.5721302258846914	0.611573097084287
0.6510447397998211	0.7135019465983348
0.7891451391512985	0.7280632108146273
0.6707733682786037	0.7280632108146273
0.5524015974059089	0.80086953189609
0.5918588543634739	0.6552568897331645
0.6313161113210387	0.6989406823820423
0.45375845501199663	0.7571857392472124
0.7299592537149511	0.771747003463505
0.9667027954603407	1.0775335520056484
0.7891451391512985	0.8591145887612602
0.6510447397998211	0.7426244750309199
0.769416510672516	0.80086953189609
0.5524015974059089	0.611573097084287
0.8483310245876458	0.8154307961123827
0.5918588543634739	0.8445533245449678
0.6510447397998211	0.7863082676797976
0.9075169100239933	0.8299920603286751
0.6905019967573861	0.8299920603286751
0.7496878821937335	0.7571857392472124
0.6313161113210387	0.7863082676797976
0.4932157119695615	0.5970118328679944
0.512944340448344	0.80086953189609
0.7102306252361686	0.7571857392472124
0.7102306252361686	0.8591145887612602
0.6115874828422564	0.8299920603286751
0.45375845501199663	0.5533280402191167
0.5721302258846914	0.5678893044354093
0.7102306252361686	0.5387667760028242
0.6313161113210387	0.6989406823820423
0.4932157119695615	0.6552568897331645
0.5326729689271265	0.7135019465983348
0.769416510672516	0.5824505686517019
0.8680596530664283	0.8154307961123827
0.6905019967573861	0.771747003463505
0.6115874828422564	0.7571857392472124
0.5721302258846914	0.5970118328679944
0.6707733682786037	0.6989406823820423
0.6313161113210387	0.7135019465983348
0.6707733682786037	0.7280632108146273
0.6313161113210387	0.5970118328679944
0.43402982653321415	0.6843794181657497
0.769416510672516	0.931920909842723
0.7102306252361686	0.8445533245449678
0.9272455385027757	0.902798381410138
0.5721302258846914	0.961043438275308
0.6115874828422564	0.611573097084287
0.7299592537149511	0.8882371171938452
0.7299592537149511	0.771747003463505
0.7102306252361686	0.8591145887612602
0.5524015974059089	0.6261343613005794
0.5524015974059089	0.611573097084287
0.4734870834907791	0.80086953189609
0.6115874828422564	0.7863082676797976
0.6905019967573861	0.7863082676797976
0.4932157119695615	0.5824505686517019
0.5918588543634739	0.6698181539494572
0.6905019967573861	0.80086953189609
0.7102306252361686	0.7863082676797976
0.5721302258846914	0.902798381410138
0.6115874828422564	0.6261343613005794
0.5918588543634739	0.6406956255168721
0.45375845501199663	0.4950829833539466
0.7102306252361686	0.5242055117865317
0.6115874828422564	0.7426244750309199
0.45375845501199663	0.5242055117865317
0.6707733682786037	0.5678893044354093
0.43402982653321415	0.5533280402191167
0.5918588543634739	0.5533280402191167
0.9469741669815582	0.7280632108146273
0.5918588543634739	0.7280632108146273
0.7299592537149511	0.7571857392472124
0.7891451391512985	0.9173596456264305
0.6313161113210387	0.7571857392472124
0.5326729689271265	0.7863082676797976
0.6313161113210387	0.8445533245449678
0.5721302258846914	0.7426244750309199
0.6115874828422564	0.80086953189609
0.512944340448344	0.6698181539494572
0.31565805566051935	0.5387667760028242
0.4932157119695615	0.6698181539494572
0.512944340448344	0.5387667760028242
0.6115874828422564	0.5533280402191167
0.4734870834907791	0.5678893044354093
0.6707733682786037	0.5387667760028242
0.39457256957564923	0.5096442475702391
0.6510447397998211	0.7863082676797976
0.7299592537149511	0.6843794181657497
0.8286023961088633	0.931920909842723
0.986431423939123	0.7571857392472124
0.7891451391512985	0.6552568897331645
0.6115874828422564	0.7280632108146273
0.45375845501199663	0.480521719137654
0.4932157119695615	0.6261343613005794
0.512944340448344	0.480521719137654
0.5524015974059089	0.5970118328679944
0.6905019967573861	0.7571857392472124
0.6510447397998211	0.6989406823820423
0.41430119805443166	0.5970118328679944
0.4734870834907791	0.611573097084287
0.6115874828422564	0.7426244750309199
0.4932157119695615	0.6552568897331645
0.6510447397998211	0.7863082676797976
0.43402982653321415	0.6698181539494572
0.808873767630081	0.9464821740590155
0.8877882815452107	0.8736758529775528
0.9469741669815582	0.8736758529775528
0.8483310245876458	0.8882371171938452
0.7299592537149511	0.6406956255168721
0.5721302258846914	0.6406956255168721
0.769416510672516	0.80086953189609
0.6905019967573861	0.6261343613005794
0.7891451391512985	0.6698181539494572
0.512944340448344	0.6698181539494572
0.8483310245876458	0.6989406823820423
0.986431423939123	0.9901659667078933
0.808873767630081	0.6989406823820423
0.7102306252361686	0.7135019465983348
0.6115874828422564	0.7280632108146273
0.6313161113210387	0.771747003463505
0.9272455385027757	0.771747003463505
0.8483310245876458	0.6989406823820423
0.5524015974059089	0.6552568897331645
0.5524015974059089	0.7135019465983348
0.5326729689271265	0.6406956255168721
0.7299592537149511	0.6843794181657497
0.7102306252361686	0.5970118328679944
0.808873767630081	0.7280632108146273
0.7299592537149511	0.7863082676797976
0.8286023961088633	0.8299920603286751
0.6510447397998211	0.5242055117865317
0.5721302258846914	0.611573097084287
0.7102306252361686	0.80086953189609
0.5326729689271265	0.8299920603286751
0.769416510672516	0.8591145887612602
0.512944340448344	0.6406956255168721
0.512944340448344	0.7863082676797976
0.769416510672516	0.6406956255168721
0.5524015974059089	0.7571857392472124
0.7299592537149511	0.611573097084287
0.512944340448344	0.5533280402191167
0.41430119805443166	0.6552568897331645
0.6313161113210387	0.6843794181657497
0.4734870834907791	0.5387667760028242
0.37484394109686675	0.5387667760028242
0.5918588543634739	0.5533280402191167
0.4932157119695615	0.5242055117865317
0.41430119805443166	0.34947034119102116
0.43402982653321415	0.5970118328679944
0.6905019967573861	0.6989406823820423
0.5524015974059089	0.5533280402191167
0.512944340448344	0.4659604549213615
0.3551153126180843	0.5242055117865317
0.5918588543634739	0.7426244750309199
0.4932157119695615	0.771747003463505
0.37484394109686675	0.3785928696236062
0.5721302258846914	0.5678893044354093
0.4734870834907791	0.451399190705069
0.512944340448344	0.4950829833539466
0.5326729689271265	0.7135019465983348
0.45375845501199663	0.451399190705069
0.5326729689271265	0.5533280402191167
0.769416510672516	0.5533280402191167
0.6905019967573861	0.6261343613005794
0.4932157119695615	0.6552568897331645
0.41430119805443166	0.5533280402191167
0.5918588543634739	0.5533280402191167
0.6510447397998211	0.5242055117865317
0.7102306252361686	0.5242055117865317
0.5721302258846914	0.7426244750309199
0.31565805566051935	0.5824505686517019
0.39457256957564923	0.20385769902809567
0.43402982653321415	0.480521719137654
0.43402982653321415	0.611573097084287
0.5326729689271265	0.4368379264887764
0.5326729689271265	0.5387667760028242
0.33538668413930184	0.5242055117865317
0.45375845501199663	0.5387667760028242
0.5918588543634739	0.4950829833539466
0.512944340448344	0.6989406823820423
0.5524015974059089	0.771747003463505
0.256472170224172	0.4222766622724839
0.45375845501199663	0.4950829833539466
0.33538668413930184	0.5533280402191167
0.37484394109686675	0.3349090769747286
0.3551153126180843	0.5533280402191167
0.256472170224172	0.451399190705069
0.21701491326660707	0.4950829833539466
0.256472170224172	0.3349090769747286
