WT	KO
0.536255131821648	0.4726294350095822
0.5299462479178638	0.4982398970051754
0.46054852497623877	0.44934719683177027
0.45739408302434675	0.44469074919620794
0.5047107123027275	0.45866009210289505
0.4479307571686706	0.47961410646292585
0.5204829220621877	0.5052245684585189
0.4353129893611024	0.4726294350095822
0.5015562703508354	0.4749576588273634
0.49209294449515933	0.41908028720061474
0.5331006898697559	0.49591167318739415
0.5110195962065116	0.47961410646292585
0.5204829220621877	0.542476149543018
0.5204829220621877	0.4865987779162693
0.6592783679454377	0.4679729873740198
0.6182706225708412	0.5797277306275171
0.5646451093886763	0.5471325971785804
0.5488728996292161	0.5098810160940813
0.542564015725432	0.48892700173405057
0.5961895289075968	0.4726294350095822
0.5299462479178638	0.4865987779162693
0.5993439708594889	0.4865987779162693
0.5583362254848923	0.4842705540984881
0.5898806450038127	0.5285068066363309
0.5772628771962445	0.56575838772083
0.5520273415811082	0.49591167318739415
0.6151161806189491	0.5401479257252368
0.5677995513405684	0.6099946402586726
0.681359461608682	0.6332768784364845
0.6592783679454377	0.5843841782630795
0.5930350869557047	0.5448043733607992
0.6624328098973298	0.6030099688053291
0.6592783679454377	0.5471325971785804
0.6687416938011139	0.6123228640764538
0.6592783679454377	0.6286204308009221
0.6529694840416537	0.6169793117120163
0.6624328098973298	0.6193075355297974
0.7129038811276025	0.6239639831653597
0.6939772294162503	0.6099946402586726
0.7854560460211196	0.6402615498898281
0.6939772294162503	0.6309486546187033
0.744448300646523	0.6705284595209836
0.8422360011551765	0.66354378806764
0.6561239259935456	0.6193075355297974
0.6876683455124661	0.6006817449875479
0.6624328098973298	0.6705284595209836
0.7570660684540912	0.7031235929699203
0.6687416938011139	0.6076664164408914
0.7192127650313866	0.614651087894235
0.6466606001378696	0.5494608209963616
0.7476027425984151	0.6332768784364845
0.7065949972238185	0.614651087894235
0.7665293943097674	0.6402615498898281
0.6876683455124661	0.6658720118854212
0.5898806450038127	0.5541172686319239
0.681359461608682	0.6588873404320776
0.7286760908870628	0.6519026689787341
0.7034405552719264	0.6449179975253905
0.7318305328389548	0.577399506809736
0.7318305328389548	0.6542308927965154
0.6498150420897617	0.5867124020808607
0.7665293943097674	0.7124364882410451
0.7318305328389548	0.6123228640764538
0.7539116265021991	0.6938106976987956
0.7065949972238185	0.6356051022542658
0.7633749523578753	0.6262922069831409
0.7759927201654434	0.7101082644232639
0.8012282557805798	0.6519026689787341
0.6908227874643582	0.5936970735342042
0.7886104879730117	0.6193075355297974
0.7633749523578753	0.6495744451609529
0.738139416742739	0.6798413547921084
0.7854560460211196	0.6728566833387648
0.7476027425984151	0.6705284595209836
0.7917649299249038	0.6612155642498588
0.7602205104059833	0.6775131309743272
0.7665293943097674	0.675184907156546
0.8075371396843639	0.6728566833387648
0.7886104879730117	0.7170929358766075
0.8075371396843639	0.6682002357032024
0.7665293943097674	0.6472462213431717
0.8043826977324718	0.6495744451609529
0.750757184550307	0.6961389215165767
0.6939772294162503	0.6891542500632332
0.6782050196567899	0.6519026689787341
0.6403517162340855	0.5448043733607992
0.6750505777048981	0.5494608209963616
0.7034405552719264	0.7124364882410451
0.7917649299249038	0.6891542500632332
0.7255216489351707	0.5797277306275171
0.7097494391757105	0.6495744451609529
0.7476027425984151	0.6495744451609529
0.9084792821449095	0.8335041267656671
0.8201549074919321	0.7007953691521391
0.9305603758081538	0.8148783362234177
0.7886104879730117	0.66354378806764
1.0251936343649153	0.8754121554857286
0.9810314470384266	0.880068603121291
0.810691581636256	0.6658720118854212
0.6561239259935456	0.5331632542718933
0.744448300646523	0.5704148353563923
1.0251936343649153	0.7915960980456057
1.1229813348735687	0.9592282129258517
0.880089304577881	0.7915960980456057
0.7160583230794946	0.6123228640764538
0.8737804206740969	0.6984671453343579
0.7665293943097674	0.735718726418857
0.9526414694713982	0.7915960980456057
0.7223672069832787	0.675184907156546
0.7286760908870628	0.5750712829919546
0.6182706225708412	0.5587737162674864
0.6245795064746252	0.5448043733607992
0.6403517162340855	0.5564454924497051
0.6308883903784093	0.5983535211697667
0.5993439708594889	0.577399506809736
0.611961738667057	0.5075527922763001
0.6245795064746252	0.5983535211697667
0.681359461608682	0.5843841782630795
0.6655872518492219	0.577399506809736
0.6971316713681424	0.6286204308009221
0.7223672069832787	0.6914824738810144
0.7854560460211196	0.6891542500632332
0.7034405552719264	0.6006817449875479
0.7696838362616595	0.6658720118854212
0.7192127650313866	0.6472462213431717
0.744448300646523	0.6705284595209836
0.6750505777048981	0.5448043733607992
0.7349849747908469	0.5960252973519854
0.7854560460211196	0.6588873404320776
0.7160583230794946	0.6402615498898281
0.6908227874643582	0.7077800406054827
0.7886104879730117	0.66354378806764
0.6845139035605741	0.6565591166142966
0.8138460235881481	0.7007953691521391
0.7129038811276025	0.6495744451609529
0.7665293943097674	0.6658720118854212
0.7255216489351707	0.6006817449875479
0.6687416938011139	0.6053381926231102
0.6939772294162503	0.6123228640764538
0.6529694840416537	0.6356051022542658
0.741293858694631	0.6449179975253905
0.738139416742739	0.6076664164408914
0.7065949972238185	0.6402615498898281
0.6939772294162503	0.6193075355297974
0.6908227874643582	0.6030099688053291
0.750757184550307	0.5704148353563923
0.6687416938011139	0.5936970735342042
0.6245795064746252	0.5052245684585189
0.608807296715165	0.577399506809736
0.602498412811381	0.5285068066363309
0.6214250645227332	0.5587737162674864
0.6592783679454377	0.56575838772083
0.6340428323303013	0.5471325971785804
0.5677995513405684	0.519193911365206
0.5551817835330002	0.4726294350095822
0.6592783679454377	0.614651087894235
0.738139416742739	0.5867124020808607
0.5078651542546195	0.5494608209963616
0.605652854763273	0.5611019400852676
0.5520273415811082	0.6006817449875479
0.5772628771962445	0.5261785828185497
0.5488728996292161	0.5843841782630795
0.6403517162340855	0.5401479257252368
0.5930350869557047	0.56575838772083
0.6435061581859776	0.5704148353563923
0.5993439708594889	0.519193911365206
0.6214250645227332	0.5750712829919546
0.5646451093886763	0.5843841782630795
0.5078651542546195	0.5052245684585189
0.5204829220621877	0.5285068066363309
0.5551817835330002	0.5122092399118625
0.6466606001378696	0.5122092399118625
0.5488728996292161	0.5797277306275171
0.5267918059659719	0.4726294350095822
0.536255131821648	0.5168656875474249
0.5236373640140798	0.5331632542718933
0.6277339484265173	0.5517890448141428
0.5898806450038127	0.5564454924497051
0.5204829220621877	0.5122092399118625
0.4826296186394831	0.4656447635562386
0.46054852497623877	0.5075527922763001
0.5299462479178638	0.4982398970051754
0.5267918059659719	0.5820559544452983
0.5204829220621877	0.45866009210289505
0.5299462479178638	0.5028963446407377
0.49209294449515933	0.44934719683177027
0.46370296692813084	0.49591167318739415
0.4794751766875911	0.4726294350095822
0.5614906674367843	0.470301211191801
0.48893850254326726	0.45400364446733266
0.5709539932924604	0.49591167318739415
0.542564015725432	0.5215221351829873
0.5551817835330002	0.49125522555183176
0.4826296186394831	0.4726294350095822
0.49209294449515933	0.45400364446733266
0.4857840605913752	0.4842705540984881
0.5804173191481365	0.5448043733607992
0.49840182839894337	0.4726294350095822
0.5583362254848923	0.4656447635562386
0.46370296692813084	0.4074391681117088
