WT	KO
0.6794325583602397	0.6125276447405745
0.8735561464631654	0.7595342794783124
0.6794325583602397	0.5635254331613286
0.4853089702573141	0.6370287505301976
0.4367780732315827	0.5145232215820826
0.7764943524117025	0.6370287505301976
0.5823707643087769	0.6370287505301976
0.8250252494374339	0.5145232215820826
0.7764943524117025	0.5880265389509516
0.6309016613345083	0.5635254331613286
0.7764943524117025	0.7595342794783124
0.38824717620585125	0.6860309621094436
0.9220870434888967	0.8085364910575584
1.0191488375403597	0.8330375968471814
0.6794325583602397	0.7350331736886895
0.9220870434888967	0.9310420200056733
1.0676797345660909	0.8575387026368043
0.8735561464631654	0.7840353852679355
0.29118538215438844	0.5880265389509516
0.6309016613345083	0.8085364910575584
0.9220870434888967	1.1760530779019032
1.0191488375403597	0.8330375968471814
0.7764943524117025	0.8330375968471814
1.0676797345660909	0.8575387026368043
0.5823707643087769	0.6125276447405745
0.9220870434888967	0.6615298563198205
0.6794325583602397	0.9310420200056733
0.5823707643087769	0.7350331736886895
1.0191488375403597	0.8575387026368043
0.8250252494374339	0.9310420200056733
0.8250252494374339	0.7595342794783124
0.8735561464631654	0.7840353852679355
0.6309016613345083	0.5880265389509516
0.7279634553859712	1.0535475489537882
0.9220870434888967	0.9065409142160504
0.8250252494374339	0.9065409142160504
0.5823707643087769	0.8330375968471814
0.38824717620585125	0.5145232215820826
0.7279634553859712	0.5880265389509516
0.7764943524117025	0.6370287505301976
0.7279634553859712	0.7350331736886895
0.6309016613345083	0.8085364910575584
0.9220870434888967	0.7840353852679355
1.1162106315918225	0.6615298563198205
1.1647415286175538	0.9310420200056733
0.9706179405146282	0.9065409142160504
0.7279634553859712	0.8330375968471814
0.9220870434888967	0.6860309621094436
0.8250252494374339	0.8330375968471814
0.8735561464631654	0.8820398084264274
0.9220870434888967	0.8820398084264274
0.8735561464631654	0.6860309621094436
0.5338398672830454	0.6615298563198205
0.8250252494374339	0.9800442315849194
0.7279634553859712	0.7595342794783124
1.1162106315918225	0.9310420200056733
0.6309016613345083	0.9065409142160504
0.7764943524117025	0.6370287505301976
1.0191488375403597	1.0290464431641653
1.2132724256432852	0.9310420200056733
1.0191488375403597	1.0780486547434112
0.5823707643087769	0.6615298563198205
0.7279634553859712	0.6615298563198205
0.6309016613345083	0.7840353852679355
0.7764943524117025	0.9555431257952963
1.0676797345660909	0.8575387026368043
0.5823707643087769	0.6370287505301976
0.9220870434888967	0.8575387026368043
0.8735561464631654	0.8085364910575584
1.0191488375403597	0.8330375968471814
0.9706179405146282	1.0290464431641653
0.8250252494374339	0.6125276447405745
1.0191488375403597	0.9310420200056733
0.5823707643087769	0.6125276447405745
0.7764943524117025	0.6370287505301976
0.7764943524117025	0.8330375968471814
0.6309016613345083	0.6615298563198205
0.9706179405146282	0.8085364910575584
0.5338398672830454	0.6860309621094436
0.9220870434888967	0.5145232215820826
1.2618033226690166	0.7350331736886895
0.7279634553859712	0.7595342794783124
1.0676797345660909	0.8575387026368043
1.0191488375403597	1.0045453373745423
0.6794325583602397	0.7595342794783124
0.7279634553859712	0.8085364910575584
0.9220870434888967	0.9800442315849194
0.7764943524117025	0.8085364910575584
0.7279634553859712	0.8820398084264274
0.8250252494374339	0.7595342794783124
0.4853089702573141	0.5880265389509516
0.8250252494374339	0.7840353852679355
0.7764943524117025	0.7350331736886895
0.6794325583602397	0.5880265389509516
0.38824717620585125	0.6125276447405745
0.8735561464631654	0.5880265389509516
0.4853089702573141	0.6370287505301976
1.1162106315918225	0.9310420200056733
0.9220870434888967	0.8085364910575584
0.9220870434888967	0.9800442315849194
1.1647415286175538	0.8820398084264274
1.0191488375403597	0.7105320678990665
0.6794325583602397	0.7595342794783124
0.5338398672830454	0.5880265389509516
0.6794325583602397	0.7840353852679355
0.8735561464631654	0.6125276447405745
0.6309016613345083	0.7105320678990665
0.8735561464631654	0.8820398084264274
1.0191488375403597	0.8085364910575584
0.6794325583602397	0.6860309621094436
0.7279634553859712	0.8085364910575584
0.7764943524117025	0.7105320678990665
0.4853089702573141	0.6125276447405745
0.8250252494374339	0.8575387026368043
0.4367780732315827	0.8330375968471814
0.7764943524117025	0.9800442315849194
1.2618033226690166	1.0535475489537882
1.2618033226690166	0.9555431257952963
1.1647415286175538	0.8820398084264274
0.5823707643087769	0.7105320678990665
0.6309016613345083	0.7595342794783124
0.9706179405146282	0.8820398084264274
0.9220870434888967	0.7350331736886895
0.9220870434888967	0.8330375968471814
0.4853089702573141	0.6615298563198205
0.8735561464631654	0.5390243273717056
1.407396013746211	1.0045453373745423
0.9706179405146282	0.7350331736886895
0.7764943524117025	0.7350331736886895
0.7279634553859712	0.7840353852679355
0.7279634553859712	0.8330375968471814
1.2132724256432852	0.8575387026368043
1.2132724256432852	0.8085364910575584
0.7279634553859712	0.6370287505301976
0.5338398672830454	0.6125276447405745
0.6309016613345083	0.6615298563198205
0.4367780732315827	0.6125276447405745
0.9706179405146282	0.6125276447405745
1.0191488375403597	0.7595342794783124
0.7279634553859712	0.6125276447405745
1.0676797345660909	0.9065409142160504
0.6794325583602397	0.5880265389509516
0.6794325583602397	0.6615298563198205
0.9706179405146282	0.8085364910575584
0.5823707643087769	0.8575387026368043
0.8250252494374339	0.8330375968471814
0.5823707643087769	0.6370287505301976
0.7279634553859712	0.7840353852679355
1.1162106315918225	0.7105320678990665
0.5338398672830454	0.7105320678990665
0.6309016613345083	0.6370287505301976
0.4367780732315827	0.5145232215820826
0.5338398672830454	0.7350331736886895
0.8250252494374339	0.7840353852679355
0.6309016613345083	0.6860309621094436
0.38824717620585125	0.6370287505301976
0.6794325583602397	0.5390243273717056
0.6309016613345083	0.5880265389509516
0.29118538215438844	0.3185143752650988
0.4367780732315827	0.5145232215820826
0.7279634553859712	0.6615298563198205
0.29118538215438844	0.5145232215820826
0.6794325583602397	0.4900221157924597
0.6794325583602397	0.6370287505301976
0.7764943524117025	0.7595342794783124
0.8735561464631654	0.8330375968471814
0.38824717620585125	0.46552101000283663
0.8250252494374339	0.7105320678990665
0.38824717620585125	0.2940132694754758
0.6309016613345083	0.5390243273717056
0.5823707643087769	0.6860309621094436
0.4367780732315827	0.2940132694754758
0.5338398672830454	0.4900221157924597
0.8735561464631654	0.5880265389509516
0.7279634553859712	0.5880265389509516
0.29118538215438844	0.5880265389509516
0.4367780732315827	0.4900221157924597
0.24265448512865706	0.2940132694754758
0.5338398672830454	0.36751658684434474
0.4367780732315827	0.39201769263396774
0.6309016613345083	0.7105320678990665
0.09706179405146281	0.5635254331613286
0.19412358810292563	0.12250552894811492
0.5338398672830454	0.5635254331613286
0.38824717620585125	0.5880265389509516
0.6309016613345083	0.39201769263396774
0.6309016613345083	0.4410199042132137
0.3397162791801199	0.4165187984235907
0.3397162791801199	0.4165187984235907
0.4853089702573141	0.4165187984235907
0.6794325583602397	0.7350331736886895
0.4367780732315827	0.7840353852679355
0.24265448512865706	0.4165187984235907
0.4367780732315827	0.36751658684434474
0.29118538215438844	0.6370287505301976
0.24265448512865706	0.3185143752650988
0.3397162791801199	0.4410199042132137
0.3397162791801199	0.5635254331613286
0.14559269107719422	0.4410199042132137
0.19412358810292563	0.36751658684434474
