WT	KO
0.541306159133158	0.819844693729692
0.21652246365326322	0.5465631291531281
0.8660898546130529	0.9291573195603178
0.7578286227864212	0.6012194420684409
0.7578286227864212	0.49190681623781524
1.082612318266316	0.819844693729692
0.6495673909597897	0.49190681623781524
0.9743510864396844	0.9291573195603178
0.7578286227864212	1.0931262583062562
0.32478369547989483	0.7651883808143792
0.7578286227864212	0.7105320678990665
0.7578286227864212	0.5465631291531281
0.43304492730652644	0.874501006645005
0.6495673909597897	0.819844693729692
0.541306159133158	0.5465631291531281
0.7578286227864212	0.32793787749187686
0.7578286227864212	0.874501006645005
0.8660898546130529	0.7105320678990665
1.5156572455728423	0.9291573195603178
0.9743510864396844	0.6558757549837537
0.32478369547989483	0.49190681623781524
0.541306159133158	0.49190681623781524
0.8660898546130529	0.6012194420684409
1.1908735500929477	1.2024388841368818
0.9743510864396844	1.147782571221569
0.541306159133158	0.7651883808143792
0.8660898546130529	0.6558757549837537
0.541306159133158	0.32793787749187686
0.6495673909597897	0.4372505033225025
0.32478369547989483	0.7105320678990665
0.6495673909597897	0.7651883808143792
0.7578286227864212	0.6558757549837537
0.43304492730652644	0.9291573195603178
1.082612318266316	1.0931262583062562
0.7578286227864212	0.9838136324756305
0.43304492730652644	0.4372505033225025
0.7578286227864212	0.49190681623781524
0.8660898546130529	0.7105320678990665
1.1908735500929477	1.2024388841368818
0.43304492730652644	0.49190681623781524
0.32478369547989483	0.7651883808143792
0.6495673909597897	0.7651883808143792
0.43304492730652644	0.7105320678990665
1.1908735500929477	0.874501006645005
0.9743510864396844	0.7105320678990665
0.6495673909597897	0.6558757549837537
0.7578286227864212	0.9291573195603178
0.43304492730652644	0.874501006645005
0.9743510864396844	0.6558757549837537
0.9743510864396844	0.874501006645005
1.8404409410527374	1.147782571221569
1.2991347819195793	1.147782571221569
0.7578286227864212	0.6012194420684409
0.8660898546130529	0.874501006645005
1.2991347819195793	1.0384699453909432
1.407396013746211	1.3664078228828203
1.407396013746211	0.9291573195603178
0.541306159133158	0.9291573195603178
0.8660898546130529	0.6558757549837537
1.623918477399474	1.2570951970521944
1.082612318266316	1.2024388841368818
1.1908735500929477	0.819844693729692
1.082612318266316	0.874501006645005
0.541306159133158	0.6558757549837537
0.9743510864396844	0.874501006645005
0.8660898546130529	0.819844693729692
0.43304492730652644	0.6558757549837537
1.082612318266316	0.6558757549837537
0.8660898546130529	1.0384699453909432
0.9743510864396844	0.819844693729692
1.082612318266316	0.9838136324756305
0.43304492730652644	0.819844693729692
0.541306159133158	0.9291573195603178
0.8660898546130529	1.0931262583062562
0.8660898546130529	0.7651883808143792
0.9743510864396844	1.147782571221569
0.541306159133158	0.49190681623781524
0.9743510864396844	0.6558757549837537
0.541306159133158	0.5465631291531281
1.2991347819195793	0.7105320678990665
0.9743510864396844	0.7651883808143792
0.9743510864396844	1.2024388841368818
1.1908735500929477	1.2024388841368818
0.6495673909597897	0.7651883808143792
0.8660898546130529	0.9838136324756305
0.6495673909597897	0.6558757549837537
1.2991347819195793	0.9291573195603178
0.6495673909597897	0.7105320678990665
0.7578286227864212	0.874501006645005
1.1908735500929477	1.2570951970521944
0.9743510864396844	0.9838136324756305
0.7578286227864212	1.2024388841368818
0.6495673909597897	0.9291573195603178
0.9743510864396844	0.819844693729692
0.8660898546130529	0.9838136324756305
0.43304492730652644	0.6012194420684409
0.32478369547989483	0.32793787749187686
0.8660898546130529	0.7651883808143792
0.8660898546130529	0.7651883808143792
1.2991347819195793	1.0384699453909432
1.1908735500929477	0.819844693729692
1.2991347819195793	0.819844693729692
1.082612318266316	0.9838136324756305
0.32478369547989483	0.4372505033225025
0.43304492730652644	0.4372505033225025
1.082612318266316	0.874501006645005
0.541306159133158	0.9291573195603178
0.32478369547989483	0.27328156457656405
0.6495673909597897	0.6012194420684409
0.9743510864396844	0.7105320678990665
0.541306159133158	0.7105320678990665
0.9743510864396844	0.4372505033225025
1.1908735500929477	0.7651883808143792
0.6495673909597897	1.147782571221569
0.9743510864396844	1.3664078228828203
0.9743510864396844	0.819844693729692
0.6495673909597897	0.6012194420684409
0.8660898546130529	0.4372505033225025
0.9743510864396844	0.7651883808143792
0.9743510864396844	1.0931262583062562
1.2991347819195793	0.9291573195603178
0.6495673909597897	1.0384699453909432
1.082612318266316	1.2024388841368818
1.1908735500929477	1.2024388841368818
0.43304492730652644	0.9838136324756305
1.1908735500929477	1.3117515099675074
0.7578286227864212	1.0931262583062562
0.6495673909597897	0.6558757549837537
0.9743510864396844	1.147782571221569
0.7578286227864212	0.9838136324756305
0.9743510864396844	1.0384699453909432
0.541306159133158	0.7651883808143792
0.9743510864396844	1.0384699453909432
1.8404409410527374	1.2024388841368818
1.623918477399474	1.147782571221569
1.7321797092261058	1.3117515099675074
1.1908735500929477	0.9838136324756305
0.9743510864396844	0.819844693729692
0.7578286227864212	0.6558757549837537
0.7578286227864212	0.6012194420684409
1.5156572455728423	1.147782571221569
0.7578286227864212	0.819844693729692
0.6495673909597897	0.6012194420684409
0.541306159133158	0.3825941904071896
0.541306159133158	0.49190681623781524
0.43304492730652644	0.7105320678990665
0.6495673909597897	0.7105320678990665
0.541306159133158	0.49190681623781524
0.541306159133158	0.5465631291531281
0.7578286227864212	0.6558757549837537
1.082612318266316	0.7651883808143792
1.082612318266316	0.874501006645005
1.082612318266316	0.819844693729692
0.8660898546130529	0.6558757549837537
0.541306159133158	0.7105320678990665
0.6495673909597897	0.3825941904071896
0.6495673909597897	0.7651883808143792
1.082612318266316	0.874501006645005
0.7578286227864212	0.819844693729692
0.43304492730652644	0.3825941904071896
0.32478369547989483	0.3825941904071896
0.43304492730652644	0.5465631291531281
0.6495673909597897	0.7651883808143792
0.32478369547989483	0.5465631291531281
1.1908735500929477	1.0384699453909432
0.8660898546130529	0.6012194420684409
1.5156572455728423	1.147782571221569
1.082612318266316	0.819844693729692
0.541306159133158	0.32793787749187686
0.541306159133158	0.9291573195603178
0.541306159133158	0.874501006645005
0.9743510864396844	0.7651883808143792
1.082612318266316	0.9291573195603178
0.541306159133158	1.147782571221569
0.7578286227864212	1.147782571221569
0.9743510864396844	0.7651883808143792
0.9743510864396844	0.9838136324756305
0.8660898546130529	0.7105320678990665
0.7578286227864212	1.0384699453909432
0.6495673909597897	0.874501006645005
0.43304492730652644	0.6558757549837537
0.32478369547989483	0.874501006645005
0.541306159133158	0.49190681623781524
0.541306159133158	0.6012194420684409
1.1908735500929477	0.819844693729692
0.8660898546130529	0.9838136324756305
0.21652246365326322	0.49190681623781524
0.8660898546130529	0.7651883808143792
0.43304492730652644	0.874501006645005
0.7578286227864212	1.0931262583062562
0.43304492730652644	0.6558757549837537
0.21652246365326322	0.5465631291531281
0.6495673909597897	0.7105320678990665
0.6495673909597897	0.7105320678990665
0.21652246365326322	0.874501006645005
1.082612318266316	0.3825941904071896
0.541306159133158	0.5465631291531281
0.6495673909597897	0.819844693729692
0.21652246365326322	0.49190681623781524
0.43304492730652644	0.9838136324756305
