condition1	condition1
0.10651179598186757	0.11552972762906635
0.10234394309562059	0.10248604870320402
0.11160583839839168	0.10341774005505133
0.11716297558005434	0.10481527708282229
0.110216554102976	0.10900788816613519
0.11253202792866879	0.1015543573513567
0.114384406989223	0.11133711654575346
0.10141775356534348	0.1150638819531427
0.10697489074700613	0.11832480168460828
0.12133082846630132	0.11552972762906635
0.10651179598186757	0.10667865978651692
0.1041963221561748	0.11879064736053192
0.11206893316353023	0.1015543573513567
0.11484750175436156	0.1108712708698298
0.1083641750424218	0.11832480168460828
0.1194784494057471	0.10434943140689865
0.1041963221561748	0.10108851167543306
0.10234394309562059	0.10807619681428787
0.10882726980756034	0.11832480168460828
0.11067964886811457	0.12158572141607386
0.12133082846630132	0.10807619681428787
0.1194784494057471	0.12671002385123406
0.11253202792866879	0.10062266599950939
0.11531059651950011	0.12577833249938675
0.11531059651950011	0.10248604870320402
0.1278141551782411	0.12018818438830291
0.11901535464060854	0.12158572141607386
0.12179392323143988	0.1099395795179825
0.10558560645159046	0.11226880789760077
0.10512251168645191	0.11413219060129538
0.11531059651950011	0.11366634492537174
0.12086773370116277	0.13230017196231791
0.1296665342387953	0.11692726465683732
0.11577369128463866	0.1150638819531427
0.11855225987547	0.1192564930364556
0.13012962900393388	0.1374244743974781
0.1305927237690724	0.11599557330499001
0.11623678604977722	0.10621281411059326
0.11067964886811457	0.0945666722125019
0.12642487088282542	0.1192564930364556
0.12086773370116277	0.12344910411976849
0.1287403447085182	0.12484664114753945
0.1305927237690724	0.12484664114753945
0.12503558658740976	0.11692726465683732
0.12318320752685553	0.11739311033276097
0.13151891329934953	0.13323186331416523
0.114384406989223	0.12391494979569213
0.12272011276171699	0.11832480168460828
0.13337129235990375	0.12577833249938675
0.13198200806448807	0.1108712708698298
0.12596177611768689	0.12344910411976849
0.11253202792866879	0.1108712708698298
0.1245724918222712	0.12903925223085236
0.1245724918222712	0.1192564930364556
0.1380022400112893	0.1304367892586233
0.11577369128463866	0.11832480168460828
0.1278141551782411	0.13695862872155445
0.1273510604131025	0.11972233871237924
0.12920343947365676	0.12997094358269964
0.13661295571587362	0.13416355466601254
0.11901535464060854	0.11832480168460828
0.10697489074700613	0.11785895600868464
0.1245724918222712	0.11832480168460828
0.12549868135254832	0.12810756087900502
0.13753914524615074	0.1448780052122566
0.13198200806448807	0.13835616574932544
0.1380022400112893	0.13509524601785983
0.13012962900393388	0.12903925223085236
0.12318320752685553	0.12391494979569213
0.12503558658740976	0.12671002385123406
0.13939152430670496	0.13136848061047063
0.1273510604131025	0.11972233871237924
0.14124390336725917	0.12344910411976849
0.12827724994337966	0.1304367892586233
0.12040463893602422	0.13882201142524908
0.1421700928975363	0.13323186331416523
0.12827724994337966	0.11552972762906635
0.13707605048101218	0.12344910411976849
0.13429748189018084	0.12717586952715773
0.12920343947365676	0.12903925223085236
0.12827724994337966	0.12484664114753945
0.13012962900393388	0.12158572141607386
0.1273510604131025	0.13695862872155445
0.1389284295415664	0.1374244743974781
0.1236463022919941	0.12764171520308137
0.12503558658740976	0.13416355466601254
0.13383438712504228	0.12484664114753945
0.1194784494057471	0.12577833249938675
0.12920343947365676	0.1397537027770964
0.11855225987547	0.11832480168460828
0.0991022797396507	0.10248604870320402
0.08289396295980128	0.07406946247186108
0.0991022797396507	0.09875928329581479
0.13476057665531943	0.1509339989992641
0.13661295571587362	0.12391494979569213
0.09586061638368082	0.0945666722125019
0.09308204779284948	0.08618145004587612
0.08243086819466273	0.09130575248103631
0.14448556672322907	0.14813892494372216
0.1643986416241869	0.1579216841381189
0.15698912538197002	0.15559245575850064
0.16023078873793992	0.15233153602703506
0.15282127249572305	0.17236290009175223
0.1305927237690724	0.13835616574932544
0.09261895302771093	0.08804483274957073
0.08335705772493984	0.08851067842549439
0.0981760902093736	0.09130575248103631
0.11716297558005434	0.12298325844384482
0.12410939705713266	0.14441215953633293
0.11253202792866879	0.11972233871237924
0.09169276349743383	0.08804483274957073
0.11484750175436156	0.12065403006422655
0.11531059651950011	0.11832480168460828
0.14031771383698205	0.11366634492537174
0.14957960913975316	0.12764171520308137
0.1278141551782411	0.13695862872155445
0.1305927237690724	0.13509524601785983
0.1380022400112893	0.13416355466601254
0.12040463893602422	0.11832480168460828
0.1236463022919941	0.1304367892586233
0.1278141551782411	0.1192564930364556
0.12272011276171699	0.11692726465683732
0.13753914524615074	0.13276601763824156
0.12642487088282542	0.12018818438830291
0.13707605048101218	0.1253124868234631
0.1194784494057471	0.12111987574015022
0.13151891329934953	0.12111987574015022
0.12827724994337966	0.11040542519390616
0.11392131222408446	0.12111987574015022
0.11067964886811457	0.11133711654575346
0.12503558658740976	0.12158572141607386
0.12040463893602422	0.13183432628639427
0.11716297558005434	0.13230017196231791
0.12410939705713266	0.1253124868234631
0.12410939705713266	0.12065403006422655
0.12040463893602422	0.12810756087900502
0.12133082846630132	0.12717586952715773
0.11623678604977722	0.11739311033276097
0.13198200806448807	0.12251741276792118
0.11067964886811457	0.11739311033276097
0.12642487088282542	0.12903925223085236
0.13753914524615074	0.141617085480791
0.13522367142045796	0.11180296222167711
0.1245724918222712	0.12438079547161579
0.1305927237690724	0.11785895600868464
0.11901535464060854	0.12391494979569213
0.12549868135254832	0.12577833249938675
0.110216554102976	0.11459803627721905
0.1194784494057471	0.1108712708698298
0.12549868135254832	0.12158572141607386
0.12040463893602422	0.12810756087900502
0.11716297558005434	0.12671002385123406
0.11253202792866879	0.12624417817531042
0.11253202792866879	0.11273465357352443
0.12410939705713266	0.12484664114753945
0.10141775356534348	0.12577833249938675
0.12410939705713266	0.12111987574015022
0.1245724918222712	0.11972233871237924
0.11206893316353023	0.11180296222167711
0.11762607034519289	0.12158572141607386
0.10465941692131336	0.10481527708282229
0.10790108027728323	0.11739311033276097
0.10651179598186757	0.10900788816613519
0.10558560645159046	0.10621281411059326
0.10697489074700613	0.10900788816613519
0.1000284692699278	0.11133711654575346
0.11114274363325312	0.10202020302728038
0.11345821745894588	0.11413219060129538
0.11762607034519289	0.1108712708698298
0.11994154417088565	0.10947373384205884
0.10604870121672902	0.10947373384205884
0.10558560645159046	0.09503251788842555
0.110216554102976	0.10341774005505133
0.10512251168645191	0.10621281411059326
0.11716297558005434	0.12158572141607386
0.11114274363325312	0.11180296222167711
0.11067964886811457	0.10295189437912769
0.09863918497451214	0.10621281411059326
0.11160583839839168	0.1099395795179825
0.10188084833048203	0.10062266599950939
0.11067964886811457	0.09596420924027285
0.10882726980756034	0.09829343761989112
0.10790108027728323	0.10062266599950939
0.10234394309562059	0.10854204249021153
0.10558560645159046	0.10714450546244057
0.10512251168645191	0.10481527708282229
0.1041963221561748	0.11226880789760077
0.10975345933783745	0.09689590059212017
0.10141775356534348	0.10528112275874596
0.11253202792866879	0.09130575248103631
0.10327013262589768	0.10621281411059326
0.11067964886811457	0.11133711654575346
0.10049156403506636	0.10388358573097498
0.12133082846630132	0.10202020302728038
0.12225701799657843	0.10667865978651692
0.1041963221561748	0.1057469684346696
0.11160583839839168	0.10015682032358575
0.10882726980756034	0.11320049924944808
0.09678680591395793	0.11273465357352443
0.09354514255798804	0.10295189437912769
