WT	KO
0.18661906465436104	0.3638493992758013
0.18661906465436104	0.13230887246392772
0.11663691540897565	0.23154052681187354
0.25660121389974644	0.19846330869589157
0.18661906465436104	0.16538609057990966
0.20994644773615617	0.2976949630438374
0.20994644773615617	0.16538609057990966
0.06998214924538539	0.23154052681187354
0.13996429849077077	0.13230887246392772
0.2332738308179513	0.13230887246392772
0.11663691540897565	0.19846330869589157
0.13996429849077077	0.23154052681187354
0.1632916815725659	0.3638493992758013
0.1632916815725659	0.06615443623196386
0.20994644773615617	0.19846330869589157
0.2332738308179513	0.16538609057990966
0.3732381293087221	0.13230887246392772
0.25660121389974644	0.23154052681187354
0.18661906465436104	0.09923165434794579
0.1632916815725659	0.16538609057990966
0.02332738308179513	0.09923165434794579
0.18661906465436104	0.23154052681187354
0.18661906465436104	0.09923165434794579
0.18661906465436104	0.23154052681187354
0.20994644773615617	0.23154052681187354
0.09330953232718052	0.26461774492785545
0.1632916815725659	0.3638493992758013
0.20994644773615617	0.16538609057990966
0.3265833631451318	0.3638493992758013
0.1632916815725659	0.2976949630438374
0.3032559800633367	0.26461774492785545
0.11663691540897565	0.19846330869589157
0.18661906465436104	0.3307721811598193
0.06998214924538539	0.23154052681187354
0.3265833631451318	0.4300038355077651
0.27992859698154154	0.5623127079716929
0.1632916815725659	0.2976949630438374
0.3732381293087221	0.2976949630438374
0.3265833631451318	0.3307721811598193
0.2332738308179513	0.4630810536237471
0.25660121389974644	0.2976949630438374
0.27992859698154154	0.09923165434794579
0.20994644773615617	0.2976949630438374
0.27992859698154154	0.4300038355077651
0.44322027855410745	0.3638493992758013
0.20994644773615617	0.26461774492785545
0.3265833631451318	0.19846330869589157
0.25660121389974644	0.2976949630438374
0.44322027855410745	0.5292354898557109
0.1632916815725659	0.4300038355077651
0.18661906465436104	0.2976949630438374
0.3732381293087221	0.4300038355077651
0.18661906465436104	0.4300038355077651
0.20994644773615617	0.19846330869589157
0.1632916815725659	0.3307721811598193
0.2332738308179513	0.2976949630438374
0.27992859698154154	0.39692661739178314
0.27992859698154154	0.3307721811598193
0.3732381293087221	0.39692661739178314
0.3732381293087221	0.5292354898557109
0.5831845770448782	0.4630810536237471
0.3732381293087221	0.3638493992758013
0.5132024277994929	0.5953899260876748
0.34991074622692697	0.26461774492785545
0.34991074622692697	0.3638493992758013
0.34991074622692697	0.4300038355077651
0.34991074622692697	0.39692661739178314
0.41989289547231234	0.5623127079716929
0.3032559800633367	0.2976949630438374
0.34991074622692697	0.3307721811598193
0.5365298108812879	0.7276987985516026
0.41989289547231234	0.3307721811598193
0.5831845770448782	0.39692661739178314
0.48987504471769777	0.5292354898557109
0.3732381293087221	0.4630810536237471
0.41989289547231234	0.2976949630438374
0.34991074622692697	0.2976949630438374
0.13996429849077077	0.39692661739178314
0.2332738308179513	0.3307721811598193
0.4665476616359026	0.3307721811598193
0.3265833631451318	0.2976949630438374
0.13996429849077077	0.2976949630438374
0.25660121389974644	0.3307721811598193
0.3732381293087221	0.26461774492785545
0.3032559800633367	0.26461774492785545
0.20994644773615617	0.19846330869589157
0.3032559800633367	0.23154052681187354
0.34991074622692697	0.3638493992758013
0.18661906465436104	0.3638493992758013
0.06998214924538539	0.19846330869589157
0.34991074622692697	0.2976949630438374
0.4665476616359026	0.3307721811598193
0.3732381293087221	0.3638493992758013
0.11663691540897565	0.39692661739178314
0.2332738308179513	0.09923165434794579
0.20994644773615617	0.3307721811598193
0.34991074622692697	0.5623127079716929
0.3965655123905172	0.5953899260876748
0.25660121389974644	0.19846330869589157
0.18661906465436104	0.13230887246392772
0.11663691540897565	0.09923165434794579
0.18661906465436104	0.19846330869589157
0.34991074622692697	0.16538609057990966
0.3965655123905172	0.5623127079716929
0.34991074622692697	0.3307721811598193
0.34991074622692697	0.39692661739178314
0.18661906465436104	0.3638493992758013
0.2332738308179513	0.39692661739178314
0.20994644773615617	0.19846330869589157
0.09330953232718052	0.39692661739178314
0.13996429849077077	0.4630810536237471
0.18661906465436104	0.16538609057990966
0.13996429849077077	0.23154052681187354
0.11663691540897565	0.13230887246392772
0.25660121389974644	0.23154052681187354
0.1632916815725659	0.3307721811598193
0.3032559800633367	0.2976949630438374
0.44322027855410745	0.3638493992758013
0.3265833631451318	0.3307721811598193
0.1632916815725659	0.23154052681187354
0.3732381293087221	0.19846330869589157
0.41989289547231234	0.39692661739178314
0.27992859698154154	0.5292354898557109
0.3732381293087221	0.3307721811598193
0.13996429849077077	0.03307721811598193
0.48987504471769777	0.5953899260876748
0.3965655123905172	0.4300038355077651
0.5132024277994929	0.496158271739729
0.20994644773615617	0.3638493992758013
0.25660121389974644	0.13230887246392772
0.3965655123905172	0.3307721811598193
0.25660121389974644	0.4300038355077651
0.3265833631451318	0.19846330869589157
0.3965655123905172	0.3638493992758013
0.3965655123905172	0.3307721811598193
0.25660121389974644	0.3638493992758013
0.41989289547231234	0.39692661739178314
0.1632916815725659	0.26461774492785545
0.3032559800633367	0.3307721811598193
0.3032559800633367	0.3638493992758013
0.1632916815725659	0.3638493992758013
0.20994644773615617	0.26461774492785545
0.27992859698154154	0.19846330869589157
0.34991074622692697	0.39692661739178314
0.3032559800633367	0.19846330869589157
0.20994644773615617	0.16538609057990966
0.09330953232718052	0.23154052681187354
0.25660121389974644	0.26461774492785545
0.27992859698154154	0.26461774492785545
0.18661906465436104	0.23154052681187354
0.18661906465436104	0.19846330869589157
0.27992859698154154	0.19846330869589157
0.11663691540897565	0.13230887246392772
0.18661906465436104	0.3307721811598193
0.20994644773615617	0.16538609057990966
0.18661906465436104	0.19846330869589157
0.27992859698154154	0.23154052681187354
0.13996429849077077	0.13230887246392772
0.11663691540897565	0.13230887246392772
0.20994644773615617	0.13230887246392772
0.1632916815725659	0.26461774492785545
0.18661906465436104	0.26461774492785545
0.2332738308179513	0.16538609057990966
0.2332738308179513	0.19846330869589157
0.20994644773615617	0.19846330869589157
0.1632916815725659	0.16538609057990966
0.27992859698154154	0.39692661739178314
0.06998214924538539	0.13230887246392772
0.11663691540897565	0.19846330869589157
0.20994644773615617	0.26461774492785545
0.11663691540897565	0.13230887246392772
0.13996429849077077	0.26461774492785545
0.06998214924538539	0.19846330869589157
0.11663691540897565	0.23154052681187354
0.13996429849077077	0.19846330869589157
0.27992859698154154	0.13230887246392772
0.18661906465436104	0.19846330869589157
0.11663691540897565	0.19846330869589157
0.20994644773615617	0.26461774492785545
0.13996429849077077	0.03307721811598193
0.09330953232718052	0.19846330869589157
0.13996429849077077	0.26461774492785545
0.18661906465436104	0.09923165434794579
0.18661906465436104	0.19846330869589157
0.25660121389974644	0.09923165434794579
0.02332738308179513	0.09923165434794579
0.06998214924538539	0.03307721811598193
0.1632916815725659	0.09923165434794579
0.02332738308179513	0.13230887246392772
0.20994644773615617	0.06615443623196386
0.18661906465436104	0.09923165434794579
0.04665476616359026	0.09923165434794579
0.09330953232718052	0.06615443623196386
0.13996429849077077	0.03307721811598193
0.09330953232718052	0.03307721811598193
0.1632916815725659	0.09923165434794579
0.04665476616359026	0.09923165434794579
0.20994644773615617	0.06615443623196386
0.06998214924538539	0.06615443623196386
0.06998214924538539	0.09923165434794579
