condition1	condition1
0.1548126714326143	0.15914561860812715
0.14827613641657061	0.14425673537036057
0.15825295302000572	0.15947648268007752
0.16100517828991887	0.16079993896787897
0.1620372627661363	0.1637777156154323
0.1620372627661363	0.1647703078312834
0.16513351619478858	0.17105672519834042
0.1675417133059626	0.16212339525568048
0.16410143171857117	0.16543203597518416
0.16719768514722344	0.16741722040688636
0.1764864454331803	0.16774808447883674
0.1644454598773103	0.16741722040688636
0.16306934724235375	0.17403450184589372
0.17270213568704973	0.17105672519834042
0.16341337540109288	0.16245425932763083
0.16650962882974515	0.15517524974472272
0.16857379778218	0.16840981262273746
0.17923867070309343	0.17105672519834042
0.18439909308418062	0.173372773701993
0.17511033279822374	0.17866659885319888
0.18164686781426745	0.18197523957270256
0.18061478333805003	0.1816443755007522
0.1940318815288766	0.17767400663734775
0.16926185409965833	0.18495301622025587
0.1764864454331803	0.18958511322756103
0.1837110367667023	0.1829678317885537
0.18990354362400688	0.1889233850836603
0.18955951546526775	0.19587153059461804
0.19299979705265918	0.18660733658000772
0.19609605048131146	0.1879307928678092
0.18474312124291972	0.19057770544341213
0.18027075517931088	0.19388634616291583
0.1837110367667023	0.1889233850836603
0.19540799416383317	0.19686412281046914
0.19919230390996376	0.19686412281046914
0.19712813495752887	0.20315054017752615
0.1885274309890503	0.19355548209096546
0.19437590968761573	0.1948789383787669
0.19678410679878972	0.19223202580316398
0.19919230390996376	0.19520980245071728
0.2012564728623986	0.1942172102348662
0.20263258549735516	0.19554066652266766
0.19712813495752887	0.20116535574582392
0.21467357105322515	0.20281967610557577
0.20469675444979002	0.2091060934726328
0.2139855147357469	0.20612831682507946
0.20091244470365946	0.20215794796167502
0.19609605048131146	0.20083449167387354
0.20744897971970316	0.21439991862383867
0.21536162737070344	0.20215794796167502
0.2139855147357469	0.211091277904335
0.2005684165449203	0.20381226832142685
0.20882509235465974	0.20976782161653348
0.2102012049896163	0.21307646233603716
0.22465038765666032	0.21042954976043424
0.21432954289448605	0.21473078269578905
0.2308428945139649	0.22697275335795264
0.2157056555294426	0.20546658868117873
0.2012564728623986	0.21770855934334235
0.2270585847678343	0.21770855934334235
0.21845788079935574	0.21241473419213644
0.21295343025952945	0.21439991862383867
0.23290706346639972	0.22928880186160525
0.22327427502170374	0.2170468311994416
0.22671455660909515	0.22432584078234968
0.23600331689505202	0.20480486053727798
0.23221900714892146	0.21837028748724308
0.22396233133918203	0.21373819047993792
0.23634734505379115	0.23458262701281113
0.23221900714892146	0.21936287970309418
0.2390995703237043	0.2325974425811089
0.2277466410853126	0.22631102521405191
0.24013165479992174	0.2140690545518883
0.23221900714892146	0.22200979227869713
0.22981081003774745	0.2256492970701512
0.25045249956209603	0.2355752192286622
0.24460402086353059	0.24814805396277623
0.2487323587684003	0.22631102521405191
0.2535487529907483	0.24781718989082588
0.2501084714033569	0.2325974425811089
0.24357193638731317	0.23193571443720817
0.2325630353076606	0.22664188928600226
0.23428317610135632	0.21539251083968974
0.2198339934343123	0.21936287970309418
0.2270585847678343	0.2094369575445831
0.21123328946583375	0.19918017131412172
0.19953633206870286	0.1942172102348662
0.20916912051339887	0.20976782161653348
0.1892154873065286	0.18859252101170995
0.20263258549735516	0.19024684137146178
0.2036646699735726	0.1948789383787669
0.22121010606926889	0.2091060934726328
0.32304244105605523	0.3024097617626366
0.2518286121970526	0.23855299587621553
0.24838833060966117	0.24186163659571921
0.20813703603718148	0.18462215214830552
0.3161618778812723	0.31928382943210537
0.4334754800113201	0.4102714492184567
0.3990726641374057	0.3897578767575338
0.23049886635522573	0.21439991862383867
0.10045622235182973	0.10025181380096158
0.105960672891656	0.10786168745582006
0.24460402086353059	0.22465670485430006
0.41696212839184116	0.38644923603803016
0.42143449445545006	0.40034552705994564
0.32820286343714233	0.31762950907235354
0.22293024686296462	0.19984189945802247
0.2415077674348783	0.2507949665383792
0.24563610533974803	0.2160542389835905
0.3233864692147943	0.2818961893017138
0.22121010606926889	0.1995110353860721
0.21364148657700774	0.19785671502632024
0.18199089597300658	0.17999005514100036
0.19678410679878972	0.1803209192129507
0.20641689524348572	0.2044739964653276
0.19781619127500716	0.1899159772995114
0.20263258549735516	0.2064591808970298
0.22499441581539945	0.21241473419213644
0.22396233133918203	0.21208387012018606
0.22877872556153003	0.211091277904335
0.2549248656257049	0.23127398629330745
0.24563610533974803	0.2349134910847615
0.24838833060966117	0.2378912677323148
0.2366913732125303	0.23425176294086075
0.23565928873631287	0.24186163659571921
0.23565928873631287	0.22730361742990302
0.23944359848244345	0.23623694737256296
0.23187497899018233	0.23359003479696003
0.24391596454605233	0.23392089886891038
0.23325109162513888	0.23325917072500965
0.2294667818790083	0.21969374377504455
0.23153095083144318	0.22300238449454823
0.23944359848244345	0.2180394234152927
0.21811385264061658	0.21638510305554087
0.2157056555294426	0.21142214197628534
0.2366913732125303	0.20844436532873203
0.23600331689505202	0.23822213180426516
0.22293024686296462	0.22498756892625044
0.21948996527557318	0.2170468311994416
0.21742579632313833	0.20778263718483128
0.22327427502170374	0.21274559826408682
0.2253384439741386	0.21241473419213644
0.23531526057757376	0.23623694737256296
0.2036646699735726	0.21042954976043424
0.21742579632313833	0.19984189945802247
0.2029766136560943	0.19851844317022097
0.20263258549735516	0.20844436532873203
0.21295343025952945	0.20215794796167502
0.2157056555294426	0.20712090904093056
0.21811385264061658	0.21009868568848386
0.211921345783312	0.20050362760192317
0.2139855147357469	0.2107604138323846
0.18818340283031115	0.1928937539470647
0.19609605048131146	0.19984189945802247
0.19919230390996376	0.20116535574582392
0.20676092340222488	0.1948789383787669
0.20916912051339887	0.19984189945802247
0.19781619127500716	0.19454807430681656
0.19953633206870286	0.18627647250805734
0.19024757178274604	0.19719498688241952
0.19127965625896345	0.18925424915561065
0.19368785337013744	0.1829678317885537
0.19712813495752887	0.19223202580316398
0.19747216311626803	0.19123943358731288
0.19609605048131146	0.19785671502632024
0.17683047359191945	0.17701227849344706
0.17167005121083231	0.1919011617312136
0.18474312124291972	0.18627647250805734
0.18749534651283287	0.17999005514100036
0.1795826988618326	0.1829678317885537
0.18818340283031115	0.183298695860504
0.18027075517931088	0.18462215214830552
0.1771745017506586	0.18396042400440477
0.1771745017506586	0.17238018148614187
0.17511033279822374	0.17469622998979445
0.18508714940165888	0.1743653659178441
0.18405506492544146	0.1793283269970996
0.17923867070309343	0.18065178328490109
0.17029393857587574	0.16543203597518416
0.1764864454331803	0.1753579581336952
0.17339019200452802	0.1700641329824893
0.17923867070309343	0.1803209192129507
0.17820658622687605	0.1743653659178441
0.16891782594091917	0.17701227849344706
0.16994991041713658	0.16410857968738268
0.17063796673461487	0.167086356334936
0.18061478333805003	0.1889233850836603
0.1723581075283106	0.1667554922629856
0.16891782594091917	0.17502709406174483
0.16238129092487547	0.16741722040688636
0.17373422016326717	0.16245425932763083
0.16960588225839743	0.17800487070929813
0.16960588225839743	0.15815302639227605
0.15997309381370145	0.17039499705443967
0.1740782483220063	0.15716043417642495
0.15102836168648373	0.15484438567277237
0.15446864327387516	0.15153574495326866
0.1620372627661363	0.15782216232032567
0.16891782594091917	0.16609376411908489
0.15378058695639688	0.1598073467520279
