condition1	condition1
0.2009285600756574	0.20672198535336514
0.2004093648299839	0.21055017026731634
0.21252392056236633	0.21437835518126755
0.21010100941588983	0.2117152700237363
0.21633135236397225	0.2266951240348497
0.2159852222001899	0.2188723113846016
0.20681277285995747	0.21521056929299606
0.2126969856442575	0.2228669391208985
0.2159852222001899	0.21787365445052737
0.2126969856442575	0.2085528563991679
0.21650441744586343	0.22103606807509574
0.2274075176050076	0.2228669391208985
0.22325395563961936	0.2241984816996641
0.22584993186798702	0.2241984816996641
0.222907825475837	0.23551659361917204
0.2338109256349812	0.23584947926386343
0.23484931612632826	0.23102263741583803
0.23121494940661352	0.23202129434991223
0.2253307366223135	0.2266951240348497
0.22896510334202824	0.23584947926386343
0.2376183574365871	0.23418505104040638
0.23363786055309002	0.23817967877670332
0.23571464153578417	0.24999711916324835
0.23104188432472234	0.24566960578226
0.24488709087601657	0.24067632111188889
0.23259947006174297	0.2410092067565803
0.24402176546656068	0.2503300048079397
0.2531942148067931	0.25848570310287927
0.2486945226776225	0.25299308996547104
0.2383106177641518	0.2441716203811487
0.24644467661303718	0.2506628904526312
0.25059823857842545	0.25299308996547104
0.2547518005438137	0.24583604860460573
0.2531942148067931	0.25632194641238515
0.25509793070759607	0.2531595327878167
0.24575241628547248	0.25598906076769373
0.2547518005438137	0.2666414013978188
0.2576939069359638	0.260316574148682
0.2561363211989431	0.2553232894783109
0.2542326052981402	0.2541581897218909
0.258905362509202	0.26714072986485593
0.26530877053917556	0.2564883892347308
0.2736158944699521	0.2634789877732504
0.26219359906513434	0.26397831624028756
0.2644434451297197	0.2741313284033755
0.26755861660376085	0.2669742870425102
0.2758657405345374	0.2741313284033755
0.28330753905585804	0.2741313284033755
0.27101991824158445	0.27196757171288133
0.25925149267298436	0.27146824324584423
0.2698084626683461	0.28045615565251225
0.27690413102588446	0.27862528460670954
0.2827883438101845	0.27912461307374664
0.2800193024999257	0.2772937420279439
0.27067378807780207	0.2787917274290553
0.2782886516810139	0.27995682718547515
0.2732697643061697	0.27945749871843806
0.2853843200385522	0.2784588417843638
0.2950759646244581	0.2882789683027604
0.28244221364640215	0.2812883697642408
0.2952490297063493	0.29343869579547727
0.2945567693787846	0.28794608265806904
0.28780723118502866	0.290775610637946
0.30355615363712585	0.2869474257239948
0.2962874201976964	0.2877796398357233
0.3004409821630846	0.29393802426251436
0.30338308855523466	0.30092862280103394
0.29334531380554635	0.2894440680591803
0.3030369583914523	0.28977695370387174
0.3000948519993023	0.290775610637946
0.30321002347334347	0.27829239896201813
0.29490289954256693	0.28811252548041466
0.2936914439693287	0.2956024524859714
0.3154976442876171	0.3027594938468367
0.31515151412383474	0.3132453916546161
0.3161899046151818	0.3095836495630106
0.3219010523175907	0.3219004184165927
0.3262276793648701	0.32689370308696386
0.321208791990026	0.32889101695511236
0.3276122000199996	0.3139111629439989
0.3305543064121496	0.3152427055227645
0.3277852651018907	0.32339840381770407
0.31220940773168476	0.3094172067406649
0.28365366921964036	0.27579575662683253
0.25440567038003137	0.2583192602805336
0.23796448760036945	0.24284007780238304
0.23536851137200182	0.22869243790299815
0.2251576715404223	0.22103606807509574
0.25129049890599015	0.24250719215769165
0.26011681808244025	0.24999711916324835
0.3068443901930582	0.2941044670848601
0.2750004151250815	0.26514341599670743
0.23882981300982536	0.23884545006608612
0.2758657405345374	0.2629796593062133
0.39251160572919125	0.38631379066438043
0.4605261829124241	0.4377446227692032
0.34647629394613794	0.3352158442042491
0.17046910566281012	0.16411262283286476
0.1505666212453247	0.14879988317705992
0.2485214575957313	0.24250719215769165
0.4444311302965446	0.44173925050550006
0.453603579636777	0.43657952301278324
0.2476561321862754	0.24750047682806278
0.1597390705855571	0.16311396589879051
0.17739170893845724	0.17077033572669292
0.34578403361857324	0.3450359707226457
0.4593147273391859	0.43341710938821487
0.3983958185134913	0.38631379066438043
0.28832642643070217	0.2814548125865865
0.24194498448386653	0.24001054982250605
0.2658279657848491	0.25432463254423665
0.31532457920572593	0.3032588223138738
0.25682858152650784	0.2519944330313968
0.2478291972681666	0.2566548320570765
0.23104188432472234	0.22070318243040432
0.23017655891526648	0.22586290992312116
0.2383106177641518	0.23651525055324626
0.24090659399251949	0.24217430651300023
0.285211254956661	0.2781259561396724
0.32138185707191713	0.307087007227825
0.3251892888735231	0.3139111629439989
0.31394005855059653	0.3180722335026415
0.3293428508389113	0.3074198928725165
0.3312465667397143	0.3227326325283213
0.3293428508389113	0.31757290503560437
0.330900436575932	0.31757290503560437
0.31826668559787596	0.3089178782736278
0.3174013601884201	0.3055890218267137
0.31792055543409364	0.3019272797351082
0.31411312363248767	0.30425747924794805
0.31013262674899056	0.29343869579547727
0.2943837042968934	0.292440038861403
0.29005707724961394	0.2959353381306628
0.30269082822766996	0.2904427249932545
0.3047676092103641	0.28811252548041466
0.29905646150795523	0.2994306373999226
0.28919175184015805	0.2827863551653521
0.29040320741339637	0.2884454111251061
0.29559515987013163	0.2911084962826374
0.3019985679001052	0.2990977517552312
0.29144159790474344	0.2959353381306628
0.28088462790938157	0.2844507833888092
0.2907493375771787	0.27579575662683253
0.2753465452888639	0.28961051088152606
0.28365366921964036	0.29327225297313153
0.27257750397860503	0.2812883697642408
0.2775963913534492	0.27030314348942436
0.27050072299591094	0.25948436003695347
0.26669329119430496	0.27945749871843806
0.26669329119430496	0.27579575662683253
0.26150133873756964	0.2663085157531274
0.263751184802155	0.26481053035201607
0.26236666414702553	0.25898503156991637
0.2685970070951079	0.2654763016413989
0.27240443889671384	0.274963542515104
0.2578669720178549	0.2661420729307817
0.26167440381946083	0.27562931380448685
0.25596325611705195	0.25848570310287927
0.2571747116902902	0.258652145925225
0.25700164660839897	0.258652145925225
0.2500790433327519	0.25465751818892807
0.26046294824622257	0.2561555035900394
0.25579019103516076	0.25931791721460784
0.25596325611705195	0.2628132164838676
0.2549248656257049	0.2553232894783109
0.25665551644461665	0.258652145925225
0.24973291316896956	0.2599836885039906
0.24194498448386653	0.2476669196504085
0.24627161153114602	0.25598906076769373
0.2525019544792284	0.257487046168805
0.24886758775951368	0.2544910753665824
0.24298337497521363	0.25349241843250814
0.24419483054845187	0.24916490505151984
0.24159885432008418	0.24983067634090264
0.2476561321862754	0.24799980529509988
0.24332950513899598	0.24067632111188889
0.23657996694524006	0.23901189288843183
0.24367563530277833	0.2378467931320119
0.23588770661767533	0.2273608953242325
0.24056046382873714	0.2343514938627521
0.22948429858770175	0.22852599508065244
0.23052268907904883	0.23518370797448063
0.22411928104907525	0.22186828218682425
0.2249846064585311	0.23035686612645517
0.2236000858034017	0.24034343546719747
0.22463847629474876	0.22203472500916996
0.22723445252311644	0.22403203887731843
0.22550380170420467	0.2270280096795411
0.2218694349844899	0.2378467931320119
0.23502238120821942	0.22519713863373836
0.22204250006638113	0.23002398048176378
0.21252392056236633	0.22153539654213283
0.21390844121749575	0.21787365445052737
0.21615828728208106	0.22253405347620708
0.20508212204104567	0.2127139269578105
0.21771587301910167	0.21670855469410744
0.21771587301910167	0.21487768364830465
0.21685054760964578	0.21188171284608198
0.21892732859233993	0.21853942573991017
0.21010100941588983	0.2060562140639823
