DKO	Prdm1KO
0.25691922503366843	0.2096671417329738
0.44960864380891974	0.2935339984261633
0.3372064828566898	0.304017355512812
0.2970628539451791	0.26208392716621726
0.3131203055097834	0.28305064133951463
0.30509157972748124	0.28305064133951463
0.36932138598589836	0.24111721299291985
0.3291777570743877	0.304017355512812
0.4335511922443155	0.3669174980327041
0.3532639344212941	0.304017355512812
0.3372064828566898	0.24111721299291985
0.3773501117682005	0.33546742677275804
0.4335511922443155	0.16773371338637902
0.36932138598589836	0.26208392716621726
0.2970628539451791	0.26208392716621726
0.22480432190445987	0.1887004275596764
0.2488904992513663	0.1887004275596764
0.34523520863899193	0.28305064133951463
0.4335511922443155	0.304017355512812
0.36129266020359624	0.33546742677275804
0.289034128162877	0.26208392716621726
0.3372064828566898	0.3564341409460554
0.3291777570743877	0.2935339984261633
0.5379246274142432	0.42981764055259625
0.3532639344212941	0.2935339984261633
0.3934075633328048	0.3249840696861094
0.3853788375505027	0.304017355512812
0.36932138598589836	0.3669174980327041
0.3773501117682005	0.24111721299291985
0.36129266020359624	0.3564341409460554
0.28100540238057486	0.304017355512812
0.3532639344212941	0.3249840696861094
0.3532639344212941	0.23063385590627117
0.3291777570743877	0.26208392716621726
0.3532639344212941	0.3878842122060015
0.32114903129208555	0.46126771181254234
0.3853788375505027	0.31450071259946066
0.40946501489740905	0.33546742677275804
0.2970628539451791	0.25160057007956854
0.44157991802661756	0.31450071259946066
0.3773501117682005	0.34595078385940675
0.3532639344212941	0.34595078385940675
0.34523520863899193	0.3249840696861094
0.44960864380891974	0.26208392716621726
0.3291777570743877	0.3249840696861094
0.4174937406797112	0.3983675692926502
0.3372064828566898	0.3983675692926502
0.34523520863899193	0.3564341409460554
0.3934075633328048	0.34595078385940675
0.3773501117682005	0.25160057007956854
0.3773501117682005	0.25160057007956854
0.44960864380891974	0.4193342834659476
0.4817235469381283	0.3669174980327041
0.4736948211558261	0.3249840696861094
0.3853788375505027	0.3878842122060015
0.42552246646201336	0.3774008551193528
0.5298959016319411	0.4507843547258936
0.4817235469381283	0.2725672842528659
0.3532639344212941	0.2935339984261633
0.4174937406797112	0.3669174980327041
0.4335511922443155	0.33546742677275804
0.44157991802661756	0.31450071259946066
0.4335511922443155	0.4507843547258936
0.36129266020359624	0.304017355512812
0.4174937406797112	0.3249840696861094
0.3291777570743877	0.24111721299291985
0.3773501117682005	0.2935339984261633
0.45763736959122187	0.33546742677275804
0.4977809985027326	0.34595078385940675
0.4736948211558261	0.3249840696861094
0.4335511922443155	0.42981764055259625
0.36932138598589836	0.3564341409460554
0.36932138598589836	0.28305064133951463
0.3853788375505027	0.4088509263792989
0.3291777570743877	0.3983675692926502
0.5058097242850347	0.2725672842528659
0.3934075633328048	0.33546742677275804
0.3853788375505027	0.3669174980327041
0.44157991802661756	0.3564341409460554
0.5058097242850347	0.46126771181254234
0.5138384500673369	0.44030099763924496
0.44960864380891974	0.3564341409460554
0.3532639344212941	0.3774008551193528
0.4335511922443155	0.3564341409460554
0.3853788375505027	0.3774008551193528
0.3532639344212941	0.2725672842528659
0.45763736959122187	0.42981764055259625
0.3853788375505027	0.3669174980327041
0.34523520863899193	0.3669174980327041
0.3934075633328048	0.24111721299291985
0.26494795081597056	0.3249840696861094
0.36932138598589836	0.4088509263792989
0.3291777570743877	0.26208392716621726
0.3853788375505027	0.2096671417329738
0.4014362891151069	0.2935339984261633
0.32114903129208555	0.28305064133951463
0.289034128162877	0.25160057007956854
0.2087468703398556	0.2725672842528659
0.5459533531965455	0.3878842122060015
0.6021544336726603	0.44030099763924496
0.5620108047611497	0.5451345685057318
0.46566609537352405	0.471751068899191
0.3291777570743877	0.3249840696861094
0.1686032414283449	0.0943502137798382
0.289034128162877	0.26208392716621726
0.30509157972748124	0.1782170704730277
0.28100540238057486	0.24111721299291985
0.3131203055097834	0.24111721299291985
0.2970628539451791	0.3249840696861094
0.36129266020359624	0.2725672842528659
0.36129266020359624	0.3249840696861094
0.3934075633328048	0.28305064133951463
0.3291777570743877	0.3983675692926502
0.44960864380891974	0.304017355512812
0.44960864380891974	0.3669174980327041
0.44157991802661756	0.304017355512812
0.4174937406797112	0.304017355512812
0.3853788375505027	0.3669174980327041
0.4897522727204304	0.3249840696861094
0.5138384500673369	0.44030099763924496
0.5058097242850347	0.3878842122060015
0.3773501117682005	0.3774008551193528
0.42552246646201336	0.304017355512812
0.36932138598589836	0.3564341409460554
0.36932138598589836	0.3983675692926502
0.3853788375505027	0.2935339984261633
0.42552246646201336	0.3774008551193528
0.5298959016319411	0.3774008551193528
0.5058097242850347	0.42981764055259625
0.4817235469381283	0.4088509263792989
0.3853788375505027	0.4088509263792989
0.40946501489740905	0.3878842122060015
0.3934075633328048	0.3249840696861094
0.4014362891151069	0.46126771181254234
0.4174937406797112	0.3564341409460554
0.3131203055097834	0.3669174980327041
0.5700395305434518	0.3564341409460554
0.4174937406797112	0.3669174980327041
0.3291777570743877	0.304017355512812
0.4977809985027326	0.33546742677275804
0.3372064828566898	0.3669174980327041
0.36932138598589836	0.4193342834659476
0.3532639344212941	0.31450071259946066
0.46566609537352405	0.34595078385940675
0.4977809985027326	0.24111721299291985
0.40946501489740905	0.25160057007956854
0.3934075633328048	0.33546742677275804
0.4174937406797112	0.34595078385940675
0.3773501117682005	0.2725672842528659
0.3773501117682005	0.24111721299291985
0.4736948211558261	0.33546742677275804
0.44157991802661756	0.4193342834659476
0.4174937406797112	0.2935339984261633
0.32114903129208555	0.3249840696861094
0.36932138598589836	0.28305064133951463
0.289034128162877	0.23063385590627117
0.3131203055097834	0.14676699921308164
0.3372064828566898	0.2935339984261633
0.2970628539451791	0.304017355512812
0.4174937406797112	0.2096671417329738
0.3372064828566898	0.25160057007956854
0.289034128162877	0.304017355512812
0.3532639344212941	0.25160057007956854
0.30509157972748124	0.3669174980327041
0.24086177346906415	0.22015049881962248
0.2970628539451791	0.2725672842528659
0.289034128162877	0.2935339984261633
0.3532639344212941	0.2725672842528659
0.3291777570743877	0.22015049881962248
0.2970628539451791	0.2096671417329738
0.30509157972748124	0.25160057007956854
0.26494795081597056	0.1991837846463251
0.36932138598589836	0.28305064133951463
0.30509157972748124	0.3249840696861094
0.30509157972748124	0.2096671417329738
0.26494795081597056	0.24111721299291985
0.28100540238057486	0.1782170704730277
0.3934075633328048	0.26208392716621726
0.3934075633328048	0.2096671417329738
0.34523520863899193	0.28305064133951463
0.28100540238057486	0.1991837846463251
0.34523520863899193	0.2935339984261633
0.40946501489740905	0.31450071259946066
0.30509157972748124	0.2096671417329738
0.3291777570743877	0.33546742677275804
0.23283304768676202	0.2725672842528659
0.3532639344212941	0.26208392716621726
0.30509157972748124	0.2935339984261633
0.3853788375505027	0.24111721299291985
0.3291777570743877	0.31450071259946066
0.20071814455755346	0.2725672842528659
0.27297667659827274	0.31450071259946066
0.26494795081597056	0.2935339984261633
0.3532639344212941	0.2935339984261633
0.3372064828566898	0.304017355512812
0.3131203055097834	0.23063385590627117
0.26494795081597056	0.33546742677275804
0.28100540238057486	0.1991837846463251
0.289034128162877	0.28305064133951463
0.3131203055097834	0.24111721299291985
