DKO	Prdm1KO
0.2986558550924613	0.42170551899745146
0.32643779510106236	0.3718263715891507
0.19447358006020735	0.262999140880131
0.211837292565583	0.4126365831050331
0.2812921425870856	0.34915403185810495
0.25003746007740946	0.2902059485573859
0.22920100507095867	0.32194722418085
0.211837292565583	0.2720680767725493
0.18752809505805706	0.28567148061117675
0.2674011725827851	0.41717105105124225
0.2847648850881608	0.4489123266747063
0.2708739150838602	0.3854297754277782
0.2222555200688084	0.3174127562346409
0.22572826256988354	0.30380935239601337
0.31949231009891205	0.36729190364294156
0.30560134009461154	0.4307744548898697
0.22572826256988354	0.40810211515882394
0.25003746007740946	0.39903317926640564
0.31601956759783695	0.34461956391189574
0.3576924776107385	0.35822296775052326
0.31601956759783695	0.36729190364294156
0.2951831125913862	0.36275743569673236
0.2847648850881608	0.32194722418085
0.2326737475720338	0.37636083953535987
0.2465647175763343	0.34915403185810495
0.2986558550924613	0.40356764721261484
0.27434665758493537	0.38996424337398733
0.3090740825956867	0.4126365831050331
0.30560134009461154	0.32648169212705913
0.34380150760643796	0.5078604099754254
0.291710370090311	0.4579812625671247
0.27434665758493537	0.37636083953535987
0.33338328010321255	0.41717105105124225
0.2604556875806348	0.36729190364294156
0.34032876510536286	0.40356764721261484
0.2847648850881608	0.34461956391189574
0.3090740825956867	0.48065360229817045
0.3021285975935364	0.43530892283607886
0.3229650525999872	0.4579812625671247
0.3090740825956867	0.5123948779216345
0.30560134009461154	0.46251573051333383
0.34032876510536286	0.5033259420292162
0.35421973510966337	0.5078604099754254
0.37505619011611413	0.5214638138140528
0.35421973510966337	0.5305327497064711
0.2847648850881608	0.42623998694366055
0.32643779510106236	0.5396016855988894
0.3472742501075131	0.4489123266747063
0.3611652201118136	0.4942570061367979
0.37158344761503903	0.5169293458678437
0.30560134009461154	0.38996424337398733
0.27781940008601047	0.46705019845954293
0.2847648850881608	0.5668084932761444
0.34380150760643796	0.5940153009533994
0.3090740825956867	0.4715846664057521
0.30560134009461154	0.525998281760262
0.38547441761933954	0.4942570061367979
0.4167291001290157	0.5350672176526803
0.35421973510966337	0.5305327497064711
0.4479837826386919	0.6484289163079091
0.34380150760643796	0.5396016855988894
0.37852893261718934	0.5305327497064711
0.37158344761503903	0.45344679462091547
0.34032876510536286	0.4489123266747063
0.4132563576279406	0.5078604099754254
0.32643779510106236	0.5486706214913077
0.4340928126343914	0.5668084932761444
0.4132563576279406	0.5894808330071902
0.4410382976365416	0.6030842368458176
0.4931294351526686	0.6348255124692818
0.5521660576709458	0.6302910445230726
0.3993653876236401	0.4761191343519613
0.39589264512256495	0.4761191343519613
0.3889471601204147	0.6076187047920267
0.33685602260428776	0.5668084932761444
0.4445110401376168	0.5396016855988894
0.4306200701333162	0.5894808330071902
0.40978361512686545	0.5169293458678437
0.33685602260428776	0.5804118971147718
0.38547441761933954	0.5078604099754254
0.39589264512256495	0.584946365060981
0.4028381301247152	0.6030842368458176
0.4375655551354665	0.5894808330071902
0.4931294351526686	0.5486706214913077
0.37852893261718934	0.5486706214913077
0.3576924776107385	0.5441361535450986
0.38547441761933954	0.671101256038955
0.45492926764084224	0.6121531727382359
0.5070204051569692	0.525998281760262
0.423674585131166	0.557739557383726
0.25003746007740946	0.34008509596568665
0.559111542673096	0.7391182752320923
0.5278568601634199	0.7028425316624191
0.38200167511826444	0.6484289163079091
0.2153100350666581	0.36275743569673236
0.37158344761503903	0.525998281760262
0.5799479976795469	0.6801701919313733
0.5625842851741713	0.9250314610266677
0.3646379626128888	0.4761191343519613
0.2222555200688084	0.28567148061117675
0.19447358006020735	0.2539302049877127
0.3576924776107385	0.4942570061367979
0.5660570276752465	0.8116697623714387
0.5278568601634199	0.820738698263857
0.3889471601204147	0.5804118971147718
0.18752809505805706	0.3536884998043141
0.3125468250967618	0.4443778587284972
0.5730025126773967	0.8252731662100662
0.5903662251827724	0.7436527431783014
0.2430919750752592	0.41717105105124225
0.4167291001290157	0.5532050894375169
0.4340928126343914	0.6257565765768635
0.37158344761503903	0.46705019845954293
0.4445110401376168	0.557739557383726
0.37158344761503903	0.4307744548898697
0.4410382976365416	0.557739557383726
0.3993653876236401	0.4897225381905887
0.37852893261718934	0.5078604099754254
0.40978361512686545	0.5305327497064711
0.42020184263009086	0.5532050894375169
0.47923846514836815	0.5713429612223535
0.37852893261718934	0.5532050894375169
0.3576924776107385	0.5940153009533994
0.4375655551354665	0.5940153009533994
0.37158344761503903	0.5668084932761444
0.32643779510106236	0.5123948779216345
0.40631087262579035	0.4851880702443796
0.4410382976365416	0.5305327497064711
0.38547441761933954	0.5985497688996085
0.33685602260428776	0.5033259420292162
0.38200167511826444	0.5668084932761444
0.42020184263009086	0.5350672176526803
0.4167291001290157	0.6076187047920267
0.32991053760213745	0.4942570061367979
0.2986558550924613	0.4715846664057521
0.33338328010321255	0.45344679462091547
0.42020184263009086	0.4307744548898697
0.32991053760213745	0.5532050894375169
0.3646379626128888	0.525998281760262
0.33685602260428776	0.5532050894375169
0.3611652201118136	0.5532050894375169
0.4167291001290157	0.5396016855988894
0.3229650525999872	0.36275743569673236
0.34032876510536286	0.4942570061367979
0.33685602260428776	0.5123948779216345
0.37505619011611413	0.4761191343519613
0.31601956759783695	0.4715846664057521
0.3021285975935364	0.4761191343519613
0.27781940008601047	0.4715846664057521
0.31949231009891205	0.4443778587284972
0.33685602260428776	0.525998281760262
0.2812921425870856	0.4443778587284972
0.25003746007740946	0.42170551899745146
0.3646379626128888	0.5486706214913077
0.35074699260858827	0.4579812625671247
0.35074699260858827	0.46251573051333383
0.32643779510106236	0.3944987113201965
0.3090740825956867	0.39903317926640564
0.32991053760213745	0.45344679462091547
0.3125468250967618	0.5214638138140528
0.3472742501075131	0.48065360229817045
0.35421973510966337	0.4715846664057521
0.3090740825956867	0.35822296775052326
0.30560134009461154	0.4489123266747063
0.27434665758493537	0.4307744548898697
0.291710370090311	0.42170551899745146
0.2986558550924613	0.39903317926640564
0.3125468250967618	0.41717105105124225
0.2361464900731089	0.4489123266747063
0.2604556875806348	0.40356764721261484
0.32643779510106236	0.39903317926640564
0.2430919750752592	0.32648169212705913
0.2430919750752592	0.34008509596568665
0.2535102025784846	0.3944987113201965
0.31949231009891205	0.46705019845954293
0.2847648850881608	0.4307744548898697
0.3021285975935364	0.3536884998043141
0.2326737475720338	0.29927488444980427
0.32643779510106236	0.43530892283607886
0.27434665758493537	0.34461956391189574
0.2708739150838602	0.40810211515882394
0.2430919750752592	0.3355506280194775
0.2847648850881608	0.3536884998043141
0.27434665758493537	0.2811370126649676
0.2812921425870856	0.3718263715891507
0.2812921425870856	0.3536884998043141
0.2604556875806348	0.380895307481569
0.2951831125913862	0.41717105105124225
0.2604556875806348	0.34461956391189574
0.2465647175763343	0.36275743569673236
0.2708739150838602	0.30380935239601337
0.23961923257418408	0.3536884998043141
0.2569829450795597	0.36729190364294156
0.2535102025784846	0.380895307481569
0.3229650525999872	0.4489123266747063
0.23961923257418408	0.33101616007326834
0.2430919750752592	0.34461956391189574
0.22920100507095867	0.37636083953535987
0.211837292565583	0.4126365831050331
0.2847648850881608	0.34461956391189574
