DKO	Prdm1KO
0.3613444584344498	0.29980146782420275
0.29547437486566985	0.23590935173052016
0.3255864130685407	0.2506536862136777
0.3538164488837321	0.31700319138788646
0.3406424321699761	0.2506536862136777
0.36322646082212917	0.2236224063278889
0.26724433905047845	0.22607979540841516
0.3105303939671053	0.2580258534552564
0.3030023844163876	0.2088780718447314
0.3481704417206938	0.22116501724736265
0.3086483915794258	0.24819629713315142
0.34440643694533496	0.2580258534552564
0.33123242023157895	0.2531110752942039
0.3688724679851675	0.2457389080526252
0.32746841545622013	0.2604832425357827
0.33687842739461726	0.2383667408110464
0.3255864130685407	0.27277018793841395
0.3538164488837321	0.2653980206968352
0.3764004775358852	0.26785540977736144
0.380164482311244	0.2555684643747302
0.3124123963547847	0.2801423551799927
0.3707544703728469	0.2604832425357827
0.3255864130685407	0.27768496609946647
0.3500524441083732	0.24819629713315142
0.42345053722787085	0.24819629713315142
0.36699046559748805	0.2457389080526252
0.3989845061880383	0.3194605804684127
0.38769249186196175	0.2752275770189402
0.3688724679851675	0.2752275770189402
0.4215685348401914	0.33911969311262274
0.4008665085757177	0.3194605804684127
0.3820464846989235	0.34403447127367526
0.46673659214449764	0.28751452242157144
0.43097854677858854	0.2703127988578877
0.43850655632930624	0.3759805293205165
0.40274851096339714	0.29242930058262395
0.38769249186196175	0.22607979540841516
0.39522050141267945	0.2531110752942039
0.3556984512714115	0.2531110752942039
0.46673659214449764	0.30717363506578144
0.3989845061880383	0.29242930058262395
0.39522050141267945	0.2703127988578877
0.3745184751482058	0.2899719115020977
0.4215685348401914	0.3292901367905177
0.43097854677858854	0.2850571333410452
0.41592252767715315	0.3047162459852552
0.4140405252894737	0.27277018793841395
0.4573265802061005	0.32437535862946526
0.4573265802061005	0.38826747472314777
0.48367461363361247	0.36860836207893777
0.4573265802061005	0.30717363506578144
0.4403885587169856	0.32437535862946526
0.4799106088582536	0.3268327477099915
0.432860549166268	0.312088413226834
0.4516805730430622	0.3268327477099915
0.4403885587169856	0.33420491495157023
0.4723825993075359	0.3489492494347277
0.4799106088582536	0.2801423551799927
0.4723825993075359	0.34403447127367526
0.5119046494488039	0.3833526965620953
0.5928307521190191	0.44478742357525153
0.5420166876516747	0.37843791840104274
0.4968486303473684	0.37843791840104274
0.4742646016952154	0.3489492494347277
0.44979857065538287	0.3538640275957803
0.5006126351227272	0.390724863803674
0.55707270675311	0.321917969548939
0.5137866518364832	0.3563214166763065
0.547662694814713	0.3464918603542015
0.4780286064705742	0.33666230403209646
0.4780286064705742	0.34157708219314903
0.5495446972023923	0.3759805293205165
0.5006126351227272	0.27277018793841395
0.5344886781009569	0.3292901367905177
0.5551907043654306	0.3735231402399903
0.5363706804886363	0.380895307481569
0.6285887974849282	0.4472448126557778
0.5984767592820575	0.4226709218505153
0.5721287258545456	0.33911969311262274
0.5420166876516747	0.39563964196472656
0.521314661387201	0.38826747472314777
0.6135327783834928	0.43741525633367284
0.5683647210791866	0.4226709218505153
0.4799106088582536	0.380895307481569
0.5307246733255981	0.38826747472314777
0.5514266995900718	0.38826747472314777
0.4516805730430622	0.3292901367905177
0.38769249186196175	0.2703127988578877
0.3349964250069378	0.2899719115020977
0.38769249186196175	0.3047162459852552
0.5363706804886363	0.48164825978314535
0.521314661387201	0.400554420125779
0.380164482311244	0.2703127988578877
0.3030023844163876	0.21133546092525765
0.46297258736913877	0.3489492494347277
0.5608367115284689	0.4177561436894628
0.2973563772533493	0.1990485155226264
0.43097854677858854	0.321917969548939
0.393338499025	0.2555684643747302
0.3406424321699761	0.2236224063278889
0.4403885587169856	0.312088413226834
0.3349964250069378	0.2383667408110464
0.4742646016952154	0.33420491495157023
0.44227056110466506	0.2948866896631502
0.2823003581519139	0.23345196264999393
0.4742646016952154	0.3759805293205165
0.43097854677858854	0.3096310241463077
0.4253325396155503	0.2506536862136777
0.5363706804886363	0.33420491495157023
0.5438986900393541	0.39318225288420033
0.5721287258545456	0.5037647615078816
0.39710250380035883	0.24082412989157267
0.46485458975681815	0.3268327477099915
0.4046305133510765	0.29980146782420275
0.4140405252894737	0.3563214166763065
0.4968486303473684	0.33666230403209646
0.5533087019777512	0.34157708219314903
0.5646007163038278	0.40546919828683153
0.5401346852639952	0.3464918603542015
0.5627187139161484	0.33911969311262274
0.5382526828763159	0.35877880575683274
0.5853027425683015	0.35140663851525406
0.6041227664450957	0.33911969311262274
0.5137866518364832	0.37843791840104274
0.5627187139161484	0.38581008564262154
0.5382526828763159	0.31700319138788646
0.5758927306299043	0.34157708219314903
0.521314661387201	0.33420491495157023
0.5043766398980861	0.36369358391788525
0.48367461363361247	0.33911969311262274
0.4780286064705742	0.2973440787436764
0.5062586422857656	0.36860836207893777
0.521314661387201	0.3194605804684127
0.48743861840897135	0.4128413655284103
0.46109058498145933	0.32437535862946526
0.4780286064705742	0.32437535862946526
0.5758927306299043	0.371065751159464
0.47050059691985646	0.3194605804684127
0.5250786661625598	0.36615097299841154
0.494966627959689	0.35140663851525406
0.4987306327350479	0.331747525871044
0.44979857065538287	0.3096310241463077
0.48555661602129185	0.32437535862946526
0.42721454200322967	0.321917969548939
0.4742646016952154	0.28751452242157144
0.43474255155394737	0.312088413226834
0.44227056110466506	0.28751452242157144
0.4780286064705742	0.33420491495157023
0.547662694814713	0.34403447127367526
0.48367461363361247	0.2703127988578877
0.46297258736913877	0.31700319138788646
0.4366245539416268	0.29242930058262395
0.46485458975681815	0.33911969311262274
0.4930846255720096	0.31454580230736023
0.4761466040828947	0.2948866896631502
0.40274851096339714	0.23099457356946765
0.43097854677858854	0.3489492494347277
0.45920858259377995	0.3292901367905177
0.39145649663732063	0.33420491495157023
0.4403885587169856	0.312088413226834
0.45920858259377995	0.3292901367905177
0.4516805730430622	0.28751452242157144
0.380164482311244	0.331747525871044
0.39710250380035883	0.302258856904729
0.40839451812643546	0.27768496609946647
0.4479165682677034	0.2899719115020977
0.39710250380035883	0.29242930058262395
0.3745184751482058	0.3096310241463077
0.4140405252894737	0.28751452242157144
0.4253325396155503	0.2948866896631502
0.3782824799235646	0.321917969548939
0.42721454200322967	0.26785540977736144
0.3745184751482058	0.2531110752942039
0.432860549166268	0.3538640275957803
0.4535625754307417	0.2850571333410452
0.39522050141267945	0.2506536862136777
0.3989845061880383	0.22853718448894142
0.3764004775358852	0.2580258534552564
0.3782824799235646	0.302258856904729
0.4046305133510765	0.302258856904729
0.3425244345576555	0.26294063161630893
0.3707544703728469	0.2653980206968352
0.35758045365909097	0.2653980206968352
0.3255864130685407	0.2531110752942039
0.32746841545622013	0.2752275770189402
0.3782824799235646	0.2506536862136777
0.393338499025	0.2506536862136777
0.3218224082931818	0.302258856904729
0.3556984512714115	0.23345196264999393
0.4008665085757177	0.22607979540841516
0.3613444584344498	0.26294063161630893
0.3349964250069378	0.2801423551799927
0.3556984512714115	0.2506536862136777
0.29359237247799047	0.21133546092525765
0.2973563772533493	0.22116501724736265
0.26724433905047845	0.21133546092525765
0.3425244345576555	0.2457389080526252
0.31994040590550243	0.23590935173052016
0.28041835576423446	0.20150590460315262
0.3331144226192584	0.24082412989157267
