DKO	Prdm1KO
0.2748809256620238	0.2673592062130244
0.2131729627583042	0.24904693181487206
0.22719749978187687	0.21242238301856733
0.27768583306673833	0.21242238301856733
0.3001250923044546	0.2307346574167197
0.3001250923044546	0.2820090257315463
0.2973201848997401	0.28567148061117675
0.3029299997091691	0.23439711229635016
0.25524657382902216	0.256371841574133
0.31414962932802726	0.2966588452500682
0.3085398145185982	0.24904693181487206
0.32256435154217084	0.27834657085191583
0.2973201848997401	0.27102166109265485
0.3309790737563144	0.2929963903704377
0.34219870337517255	0.20509747325930638
0.2692711108525948	0.2417220220556111
0.3029299997091691	0.27834657085191583
0.2524416664243076	0.26369675133339393
0.3562232403987452	0.2820090257315463
0.3562232403987452	0.2966588452500682
0.291710370090311	0.2673592062130244
0.31134472192331275	0.2673592062130244
0.37585759223174686	0.2417220220556111
0.34219870337517255	0.27834657085191583
0.3646379626128888	0.2820090257315463
0.32256435154217084	0.30032130012969865
0.35061342558931613	0.31497111964822055
0.3281741663515999	0.2929963903704377
0.3309790737563144	0.31497111964822055
0.3674428700176033	0.31497111964822055
0.35061342558931613	0.28567148061117675
0.34780851818460157	0.2820090257315463
0.34219870337517255	0.3589205782037862
0.387077221850605	0.3076462098889596
0.33939379597045805	0.3332833940463729
0.41793120330246486	0.2929963903704377
0.4039066662788922	0.32595848428711194
0.40110175887417765	0.3589205782037862
0.4067115736836067	0.3076462098889596
0.37585759223174686	0.318633574527851
0.38988212925531956	0.2673592062130244
0.3365888885657435	0.27834657085191583
0.37024777742231785	0.35525812332415574
0.3926870366600341	0.3662454879630472
0.4067115736836067	0.35525812332415574
0.37305268482703235	0.3369458489260034
0.34780851818460157	0.27468411597228537
0.3590281478034597	0.31497111964822055
0.4319557403260375	0.36990794284267764
0.4375655551354665	0.42850722091676513
0.3982968514694631	0.41385740139824323
0.4515900921590392	0.36258303308341666
0.4095164810883212	0.3222960294074815
0.4319557403260375	0.38455776236119954
0.38146740704117593	0.34060830380563384
0.40110175887417765	0.3442707586852643
0.38146740704117593	0.3662454879630472
0.4628097217778973	0.4028700367593519
0.3982968514694631	0.41385740139824323
0.387077221850605	0.42850722091676513
0.3646379626128888	0.37723285260193856
0.434760647730752	0.37723285260193856
0.5048833328486152	0.39920758187972133
0.4600048143731828	0.43949458555565657
0.4796391662061845	0.32595848428711194
0.4992735180391861	0.44315704043528703
0.44037046254018103	0.39554512700009087
0.4908587958250426	0.38822021724083
0.5413471291099041	0.4980938636297441
0.530127499491046	0.39188267212046046
0.4936637032297571	0.43949458555565657
0.45439499956375373	0.3589205782037862
0.48524898101561353	0.380895307481569
0.482444073610899	0.41385740139824323
0.5469569439193331	0.39554512700009087
0.48805388842032804	0.43583213067602605
0.5161029624674733	0.39554512700009087
0.482444073610899	0.46513176971306985
0.5665912957523349	0.4761191343519613
0.5862256475853366	0.4724566794723308
0.5161029624674733	0.45048195019454795
0.4768342588014699	0.31497111964822055
0.4235410181118939	0.4175198562778737
0.47122444399204083	0.3735703977223081
0.3646379626128888	0.3222960294074815
0.3954919440647486	0.2929963903704377
0.4375655551354665	0.3662454879630472
0.42915083292132294	0.3515956684445253
0.37585759223174686	0.3332833940463729
0.38988212925531956	0.3369458489260034
0.434760647730752	0.36990794284267764
0.62549435125134	0.5457057770649403
0.5217127772769024	0.505418773389005
0.4768342588014699	0.45048195019454795
0.35341833299403064	0.256371841574133
0.4992735180391861	0.39188267212046046
0.7601299066776374	0.5786678709816144
0.7068366659880613	0.637267149055702
0.42915083292132294	0.34060830380563384
0.2019533331394461	0.17579783422226264
0.17670916649701532	0.15016065006484933
0.5132980550627588	0.38455776236119954
0.7965937029389262	0.7031913368890506
0.7404955548446357	0.6226173295371801
0.5778109253711929	0.39188267212046046
0.3954919440647486	0.3076462098889596
0.4740293513967554	0.39554512700009087
0.5946403697994802	0.5273935026667879
0.6226894438466255	0.505418773389005
0.4235410181118939	0.38822021724083
0.2748809256620238	0.2673592062130244
0.3926870366600341	0.21974729277782828
0.47122444399204083	0.42484476603713467
0.530127499491046	0.41385740139824323
0.45439499956375373	0.4028700367593519
0.4095164810883212	0.3296209391667424
0.4235410181118939	0.34060830380563384
0.5104931476580443	0.3222960294074815
0.5329324068957605	0.42484476603713467
0.5806158327759074	0.6079675100186582
0.5076882402533298	0.4687942245927003
0.5413471291099041	0.41385740139824323
0.5357373143004751	0.46513176971306985
0.5525667587287622	0.46513176971306985
0.5609814809429059	0.4541444050741784
0.5441520365146186	0.45780685995380893
0.4375655551354665	0.36990794284267764
0.44037046254018103	0.3515956684445253
0.4684195365873263	0.42850722091676513
0.5497618513240476	0.47978158923159175
0.4796391662061845	0.42850722091676513
0.5076882402533298	0.34060830380563384
0.40110175887417765	0.39920758187972133
0.44037046254018103	0.3296209391667424
0.4600048143731828	0.4065324916389823
0.4964686106344716	0.43583213067602605
0.482444073610899	0.49443140875011365
0.4656146291826118	0.3735703977223081
0.44037046254018103	0.36258303308341666
0.45719990696846824	0.38455776236119954
0.47122444399204083	0.32595848428711194
0.4067115736836067	0.3662454879630472
0.42915083292132294	0.3296209391667424
0.4235410181118939	0.3222960294074815
0.4796391662061845	0.37723285260193856
0.45719990696846824	0.37723285260193856
0.3954919440647486	0.35525812332415574
0.41232138849303573	0.3735703977223081
0.35061342558931613	0.3039837550093291
0.45439499956375373	0.3662454879630472
0.4487851847543246	0.34793321356489476
0.3842723144458905	0.3076462098889596
0.4431753699448956	0.35525812332415574
0.387077221850605	0.3296209391667424
0.4151262958977503	0.28567148061117675
0.41232138849303573	0.34793321356489476
0.4375655551354665	0.32595848428711194
0.3674428700176033	0.3296209391667424
0.38988212925531956	0.3442707586852643
0.38988212925531956	0.26369675133339393
0.37585759223174686	0.2527093866945025
0.3674428700176033	0.32595848428711194
0.42073611070717937	0.35525812332415574
0.3842723144458905	0.2929963903704377
0.37585759223174686	0.20509747325930638
0.3618330552081742	0.2270722025370892
0.3337839811610289	0.3222960294074815
0.38146740704117593	0.3076462098889596
0.38146740704117593	0.318633574527851
0.34780851818460157	0.318633574527851
0.3618330552081742	0.2527093866945025
0.34780851818460157	0.26369675133339393
0.35341833299403064	0.28567148061117675
0.3337839811610289	0.27468411597228537
0.34780851818460157	0.2893339354908072
0.3562232403987452	0.24538447693524157
0.3281741663515999	0.2527093866945025
0.4067115736836067	0.3369458489260034
0.3926870366600341	0.32595848428711194
0.3674428700176033	0.256371841574133
0.3365888885657435	0.34060830380563384
0.3590281478034597	0.2893339354908072
0.37024777742231785	0.2893339354908072
0.3281741663515999	0.2417220220556111
0.3281741663515999	0.3039837550093291
0.28329564787616746	0.23805956717598065
0.37305268482703235	0.3039837550093291
0.3281741663515999	0.38455776236119954
0.33939379597045805	0.31497111964822055
0.3309790737563144	0.2527093866945025
0.2748809256620238	0.2673592062130244
0.3365888885657435	0.27468411597228537
0.3281741663515999	0.2820090257315463
0.35061342558931613	0.2929963903704377
0.2748809256620238	0.27834657085191583
0.2748809256620238	0.27468411597228537
0.4095164810883212	0.2673592062130244
0.31695453673274177	0.28567148061117675
0.31134472192331275	0.2160848378981978
0.27768583306673833	0.2673592062130244
