DKO	Prdm1KO
0.23743867332932292	0.29231500341608785
0.2679665027573787	0.3941823530913912
0.18995093866345833	0.3277471250422803
0.27475046485250226	0.29674401861936195
0.20691084390126713	0.2745989426029916
0.2476146164720082	0.3233181098390063
0.27475046485250226	0.34546318585537655
0.2611825406622552	0.39861136829466526
0.25100659751956994	0.35875023146519874
0.25100659751956994	0.30560204902591
0.20351886285370535	0.2745989426029916
0.26457452170981693	0.25245386658662133
0.28831838904274926	0.301173033822636
0.3086702753281198	0.3676082618717469
0.20351886285370535	0.3498922010586506
0.2611825406622552	0.34103417065210245
0.21708678704395237	0.29674401861936195
0.3018863132329963	0.34103417065210245
0.3222381995183668	0.3631792466684728
0.25100659751956994	0.31446007943245813
0.23065471123419942	0.3277471250422803
0.305278294280558	0.3498922010586506
0.28831838904274926	0.35432121626192464
0.3222381995183668	0.35432121626192464
0.29849433218543453	0.3676082618717469
0.29510235113787275	0.3941823530913912
0.33241414266105207	0.3897533378881171
0.24083065437688467	0.3897533378881171
0.2679665027573787	0.4871916723601464
0.28492640799518754	0.46504659634377615
0.305278294280558	0.42075644431103554
0.2679665027573787	0.38532432268484307
0.2713584838049405	0.34546318585537655
0.28492640799518754	0.4296144747175837
0.2679665027573787	0.3764662922782949
0.2679665027573787	0.35875023146519874
0.3222381995183668	0.3941823530913912
0.3629419720891079	0.4296144747175837
0.2611825406622552	0.5093367483765168
0.29510235113787275	0.47390462675032424
0.3934698015171637	0.4384725051241318
0.28153442694762576	0.3676082618717469
0.23404669228176114	0.3277471250422803
0.25100659751956994	0.4030403834979393
0.28492640799518754	0.3498922010586506
0.33580612370861385	0.4384725051241318
0.42738961199278125	0.41632742910776144
0.33241414266105207	0.4384725051241318
0.3459820668512991	0.4118984139044874
0.3256301805659286	0.43404348992085773
0.3391981047561756	0.43404348992085773
0.3154542374232433	0.4517595507339539
0.2679665027573787	0.35875023146519874
0.278142445900064	0.380895307481569
0.39686178256472543	0.5049077331732427
0.3256301805659286	0.3897533378881171
0.3120622563756816	0.3631792466684728
0.3561580099939844	0.39861136829466526
0.33580612370861385	0.4960497027666945
0.36633395313666967	0.5181947787830647
0.33580612370861385	0.46061758114050205
0.2679665027573787	0.46061758114050205
0.3120622563756816	0.48276265715687233
0.3188462184708051	0.4384725051241318
0.3391981047561756	0.4384725051241318
0.3697259341842314	0.47390462675032424
0.29510235113787275	0.5093367483765168
0.278142445900064	0.4074693987012134
0.3120622563756816	0.4296144747175837
0.4239976309452195	0.47390462675032424
0.4070377257074107	0.5137657635797908
0.3561580099939844	0.43404348992085773
0.3866858394220402	0.41632742910776144
0.3934698015171637	0.5049077331732427
0.38329385837447844	0.6289201588649163
0.3527660289464226	0.5226237939863388
0.3222381995183668	0.5049077331732427
0.3154542374232433	0.3676082618717469
0.41382168780253425	0.46504659634377615
0.39686178256472543	0.5713429612223535
0.42060564989765775	0.5846300068321757
0.3765098962793549	0.47833364195359834
0.45113347932571357	0.47390462675032424
0.39007782046960193	0.5226237939863388
0.42738961199278125	0.527052809189613
0.4002537636122872	0.5580559156125313
0.37990187732691666	0.48276265715687233
0.3561580099939844	0.4429015203274059
0.34259008580373734	0.44733053553067986
0.278142445900064	0.4384725051241318
0.28153442694762576	0.34546318585537655
0.45113347932571357	0.5669139460190795
0.3697259341842314	0.39861136829466526
0.305278294280558	0.380895307481569
0.24422263542444644	0.30560204902591
0.23404669228176114	0.27016992739971757
0.26457452170981693	0.2878859882128138
0.2001268818061436	0.22145076016370294
0.3120622563756816	0.46504659634377615
0.37311791523179316	0.4118984139044874
0.25100659751956994	0.28345697300953976
0.3018863132329963	0.4916206875634205
0.46130942246839884	0.535910839596161
0.2238707491390759	0.27902795780626566
0.2611825406622552	0.3498922010586506
0.13567924190247024	0.1815896233342364
0.34259008580373734	0.4030403834979393
0.3154542374232433	0.3676082618717469
0.34937404789886084	0.43404348992085773
0.4918372518964546	0.5890590220354498
0.2577905596146935	0.34103417065210245
0.3561580099939844	0.4517595507339539
0.33241414266105207	0.4074693987012134
0.3561580099939844	0.43404348992085773
0.4239976309452195	0.5049077331732427
0.4443495172305901	0.4960497027666945
0.4579174414208371	0.6333491740681904
0.4375655551354665	0.5802009916289017
0.403645744659849	0.535910839596161
0.39686178256472543	0.46061758114050205
0.4070377257074107	0.5403398547994351
0.4579174414208371	0.6820683413042049
0.4409575361830283	0.4030403834979393
0.3391981047561756	0.47390462675032424
0.33580612370861385	0.39861136829466526
0.3629419720891079	0.5447688700027092
0.3866858394220402	0.4960497027666945
0.430781593040343	0.5624849308158054
0.42060564989765775	0.5049077331732427
0.37311791523179316	0.456188565937228
0.3629419720891079	0.5137657635797908
0.3154542374232433	0.4384725051241318
0.3527660289464226	0.5093367483765168
0.33241414266105207	0.43404348992085773
0.38329385837447844	0.4871916723601464
0.37311791523179316	0.46061758114050205
0.3765098962793549	0.4251854595143096
0.38329385837447844	0.4251854595143096
0.37990187732691666	0.48276265715687233
0.35954999104154617	0.41632742910776144
0.3459820668512991	0.4030403834979393
0.3154542374232433	0.34103417065210245
0.33241414266105207	0.4384725051241318
0.3188462184708051	0.4429015203274059
0.305278294280558	0.4030403834979393
0.3222381995183668	0.4384725051241318
0.3222381995183668	0.42075644431103554
0.278142445900064	0.35875023146519874
0.3765098962793549	0.46504659634377615
0.36633395313666967	0.39861136829466526
0.3256301805659286	0.4030403834979393
0.2611825406622552	0.380895307481569
0.291710370090311	0.35432121626192464
0.3018863132329963	0.39861136829466526
0.32902216161349035	0.4384725051241318
0.3188462184708051	0.46061758114050205
0.4070377257074107	0.4074693987012134
0.291710370090311	0.4118984139044874
0.33241414266105207	0.46061758114050205
0.2679665027573787	0.38532432268484307
0.29849433218543453	0.37203727707502093
0.3154542374232433	0.380895307481569
0.3154542374232433	0.4030403834979393
0.34259008580373734	0.380895307481569
0.2476146164720082	0.39861136829466526
0.291710370090311	0.35432121626192464
0.3120622563756816	0.380895307481569
0.29510235113787275	0.380895307481569
0.3391981047561756	0.380895307481569
0.3256301805659286	0.3897533378881171
0.291710370090311	0.3897533378881171
0.33241414266105207	0.43404348992085773
0.2476146164720082	0.34546318585537655
0.2543985785671317	0.3764662922782949
0.26457452170981693	0.27902795780626566
0.23065471123419942	0.301173033822636
0.25100659751956994	0.3498922010586506
0.27475046485250226	0.34103417065210245
0.2679665027573787	0.31446007943245813
0.27475046485250226	0.3321761402455544
0.2543985785671317	0.30560204902591
0.24422263542444644	0.3277471250422803
0.22726273018663767	0.3188890946357322
0.3256301805659286	0.44733053553067986
0.23404669228176114	0.29674401861936195
0.28492640799518754	0.3897533378881171
0.26457452170981693	0.33660515544882846
0.21369480599639062	0.20816371455388072
0.3256301805659286	0.30560204902591
0.26457452170981693	0.3676082618717469
0.3256301805659286	0.29674401861936195
0.29849433218543453	0.28345697300953976
0.23065471123419942	0.29674401861936195
0.2238707491390759	0.2435958361800732
0.24083065437688467	0.27016992739971757
0.28831838904274926	0.3498922010586506
0.2611825406622552	0.3277471250422803
0.2577905596146935	0.2657409121964435
0.23404669228176114	0.2568828817898954
0.2611825406622552	0.27902795780626566
