condition1	condition1
0.1127369252498831	0.12117625142106564
0.11017472240329484	0.14072080810188267
0.1268290409061185	0.13160001498416807
0.15885657648847162	0.11726734008490224
0.13067234517600088	0.12117625142106564
0.11017472240329484	0.10554060607641201
0.11914243236635375	0.11335842874873883
0.1127369252498831	0.12508516275722906
0.131953446599295	0.14332674899265826
0.1178613309430596	0.14332674899265826
0.13835895371576562	0.16678021700963874
0.12170463521294199	0.1446297194380461
0.1268290409061185	0.1498416012195973
0.12426683805953025	0.12508516275722906
0.1357967508691774	0.12378219231184125
0.12170463521294199	0.13420595587494366
0.12939124375270675	0.13550892632033149
0.142202257985648	0.12899407409339245
0.13067234517600088	0.13029704453878024
0.13835895371576562	0.17199209879118993
0.1473266636788245	0.1576594238919241
0.11401802667317723	0.11857031053029003
0.13323454802258913	0.13941783765649485
0.1614187793350599	0.14072080810188267
0.13323454802258913	0.1511445716649851
0.142202257985648	0.1550534830011485
0.15116996794870688	0.16026536478269973
0.14476446083223626	0.1511445716649851
0.1357967508691774	0.1576594238919241
0.13964005513905978	0.1485386307742095
0.12426683805953025	0.14332674899265826
0.15373217079529514	0.13681189676571925
0.13964005513905978	0.13290298542955586
0.131953446599295	0.13941783765649485
0.13451564944588323	0.16417427611886312
0.15116996794870688	0.1589623943373119
0.1460455622555304	0.1524475421103729
0.15757547506517752	0.13811486721110708
0.1473266636788245	0.1589623943373119
0.15501327221858927	0.17590101012735335
0.14476446083223626	0.1589623943373119
0.152451069372001	0.14723566032882168
0.1434833594089421	0.16417427611886312
0.152451069372001	0.1511445716649851
0.152451069372001	0.1576594238919241
0.14092115656235388	0.16287130567347533
0.1473266636788245	0.13811486721110708
0.14476446083223626	0.1420237785472705
0.14988886652541275	0.14072080810188267
0.14860776510211865	0.1537505125557607
0.12811014232941262	0.1524475421103729
0.1562943736418834	0.1615683352280875
0.13964005513905978	0.1589623943373119
0.14476446083223626	0.16678021700963874
0.1460455622555304	0.1615683352280875
0.1434833594089421	0.13029704453878024
0.1819164021077659	0.1511445716649851
0.17294869214470704	0.17068912834580216
0.15116996794870688	0.14072080810188267
0.15885657648847162	0.18371883279968015
0.17807309783788353	0.17068912834580216
0.1665431850282364	0.1615683352280875
0.1562943736418834	0.14723566032882168
0.1357967508691774	0.12769110364800465
0.1460455622555304	0.13290298542955586
0.1755108949912953	0.16547724656425092
0.1370778522924715	0.17199209879118993
0.17679199641458943	0.1498416012195973
0.12554793948282436	0.16026536478269973
0.17807309783788353	0.1589623943373119
0.17038648929811878	0.17068912834580216
0.17038648929811878	0.17329506923657775
0.15757547506517752	0.16547724656425092
0.17294869214470704	0.14332674899265826
0.14860776510211865	0.14072080810188267
0.14860776510211865	0.1511445716649851
0.15757547506517752	0.13941783765649485
0.15885657648847162	0.16938615790041434
0.15501327221858927	0.14723566032882168
0.16398098218164817	0.1511445716649851
0.18960301064753066	0.1615683352280875
0.16013767791176578	0.1485386307742095
0.1614187793350599	0.16026536478269973
0.152451069372001	0.1550534830011485
0.1460455622555304	0.13941783765649485
0.162699880758354	0.14593268988343389
0.15757547506517752	0.14593268988343389
0.17422979356800114	0.16026536478269973
0.15373217079529514	0.14072080810188267
0.15116996794870688	0.14593268988343389
0.10889362098000072	0.12247922186645345
0.1460455622555304	0.12378219231184125
0.12170463521294199	0.14332674899265826
0.15501327221858927	0.17459803968196555
0.1755108949912953	0.1589623943373119
0.16398098218164817	0.13160001498416807
0.12554793948282436	0.11205545830335101
0.08711489678400057	0.1016316947402486
0.22291164765317797	0.1954455668081704
0.26390689319859	0.2684119117498873
0.27543680600823717	0.23974656195135566
0.25750138608211937	0.24235250284213128
0.1716675907214129	0.17850695101812894
0.08455269393741233	0.1029346651856364
0.1127369252498831	0.13550892632033149
0.1357967508691774	0.12247922186645345
0.16398098218164817	0.1485386307742095
0.1562943736418834	0.16287130567347533
0.14860776510211865	0.11857031053029003
0.15373217079529514	0.13550892632033149
0.10376921528682423	0.1016316947402486
0.12554793948282436	0.13029704453878024
0.13323454802258913	0.12378219231184125
0.1357967508691774	0.1550534830011485
0.17935419926117768	0.15635645344653631
0.1614187793350599	0.1420237785472705
0.16398098218164817	0.15635645344653631
0.15373217079529514	0.12769110364800465
0.16398098218164817	0.14332674899265826
0.14092115656235388	0.15635645344653631
0.16526208360494227	0.1524475421103729
0.16013767791176578	0.12247922186645345
0.15373217079529514	0.1485386307742095
0.16398098218164817	0.1524475421103729
0.1460455622555304	0.15635645344653631
0.14860776510211865	0.13681189676571925
0.13964005513905978	0.1576594238919241
0.1460455622555304	0.14332674899265826
0.13323454802258913	0.18502180324506798
0.15885657648847162	0.14072080810188267
0.15373217079529514	0.1485386307742095
0.13323454802258913	0.13160001498416807
0.16398098218164817	0.1576594238919241
0.1562943736418834	0.1550534830011485
0.18704080780094243	0.14332674899265826
0.14476446083223626	0.13941783765649485
0.131953446599295	0.13290298542955586
0.12939124375270675	0.13681189676571925
0.142202257985648	0.1524475421103729
0.1755108949912953	0.16287130567347533
0.18447860495435417	0.16938615790041434
0.1716675907214129	0.1576594238919241
0.1370778522924715	0.16678021700963874
0.142202257985648	0.14332674899265826
0.15116996794870688	0.1589623943373119
0.1370778522924715	0.1537505125557607
0.15885657648847162	0.12899407409339245
0.14860776510211865	0.14593268988343389
0.14092115656235388	0.16026536478269973
0.17935419926117768	0.1537505125557607
0.1460455622555304	0.13160001498416807
0.14476446083223626	0.16026536478269973
0.1460455622555304	0.1550534830011485
0.14476446083223626	0.16678021700963874
0.131953446599295	0.1524475421103729
0.131953446599295	0.13681189676571925
0.14988886652541275	0.13941783765649485
0.131953446599295	0.13029704453878024
0.12554793948282436	0.12638813320261685
0.13323454802258913	0.12769110364800465
0.12170463521294199	0.12508516275722906
0.13835895371576562	0.12378219231184125
0.13835895371576562	0.1615683352280875
0.1357967508691774	0.13811486721110708
0.12811014232941262	0.1485386307742095
0.162699880758354	0.14723566032882168
0.1434833594089421	0.13811486721110708
0.11529912809647136	0.12899407409339245
0.12554793948282436	0.12378219231184125
0.11914243236635375	0.11857031053029003
0.14092115656235388	0.13681189676571925
0.15373217079529514	0.1420237785472705
0.13323454802258913	0.1576594238919241
0.13451564944588323	0.1550534830011485
0.13323454802258913	0.12508516275722906
0.1460455622555304	0.1537505125557607
0.1370778522924715	0.12899407409339245
0.1178613309430596	0.13941783765649485
0.1357967508691774	0.15635645344653631
0.12939124375270675	0.1420237785472705
0.11017472240329484	0.14072080810188267
0.12170463521294199	0.15635645344653631
0.12811014232941262	0.12769110364800465
0.13964005513905978	0.12378219231184125
0.1370778522924715	0.13290298542955586
0.13835895371576562	0.15635645344653631
0.1370778522924715	0.15635645344653631
0.1370778522924715	0.12638813320261685
0.1268290409061185	0.1511445716649851
0.12170463521294199	0.13160001498416807
0.1178613309430596	0.12638813320261685
0.12170463521294199	0.1485386307742095
0.12426683805953025	0.12247922186645345
0.131953446599295	0.1511445716649851
0.131953446599295	0.14072080810188267
0.1268290409061185	0.13420595587494366
0.11401802667317723	0.11596436963951443
0.10120701244023596	0.11596436963951443
0.10248811386353009	0.11726734008490224
0.10633141813341247	0.12508516275722906
