WT	KO
0.42507709150154643	0.41803224402305017
0.35423090958462206	0.3758455038005405
0.36210270757539137	0.3528345545882625
0.34635911159385263	0.3835158202046332
0.4801796774369321	0.43337287683123554
0.36210270757539137	0.38735097840667954
0.291256525658467	0.4257025604271429
0.36210270757539137	0.3988564530128185
0.38571810154769953	0.40652676941691124
0.4565642834646239	0.5177463572762548
0.44869248547385454	0.40652676941691124
0.27551292967692825	0.4103619276189575
0.31487191963077515	0.4026916112148648
0.34635911159385263	0.49473540806397687
0.39358989953846896	0.4257025604271429
0.4565642834646239	0.44871350963942086
0.4565642834646239	0.5522627810946718
0.3306155156123139	0.5177463572762548
0.44869248547385454	0.46021898424555985
0.41720529351077706	0.4295377186291892
0.4014616975292383	0.46021898424555985
0.38571810154769953	0.4563838260435135
0.4329488894923158	0.43337287683123554
0.35423090958462206	0.49473540806397687
0.42507709150154643	0.4448783514373745
0.44869248547385454	0.49473540806397687
0.40933349552000764	0.4832299334578378
0.44869248547385454	0.4640541424476061
0.44869248547385454	0.46788930064965245
0.42507709150154643	0.46788930064965245
0.5352822633723178	0.5177463572762548
0.4880514754277015	0.49473540806397687
0.44869248547385454	0.4640541424476061
0.4880514754277015	0.5139111990742086
0.4329488894923158	0.4640541424476061
0.4959232734184708	0.5330869900844402
0.4723078794461627	0.4525486678414672
0.5116668694000096	0.46788930064965245
0.35423090958462206	0.46788930064965245
0.34635911159385263	0.49857056626602314
0.5037950714092403	0.5215815154783011
0.5037950714092403	0.5177463572762548
0.4880514754277015	0.5676034139028572
0.42507709150154643	0.5522627810946718
0.4408206874830852	0.6097901541253667
0.5352822633723178	0.5637682557008108
0.4959232734184708	0.5215815154783011
0.4408206874830852	0.6174604705294594
0.4880514754277015	0.5177463572762548
0.5195386673907789	0.5445924646905791
0.4565642834646239	0.5676034139028572
0.5352822633723178	0.49090024986193054
0.5274104653815483	0.49473540806397687
0.35423090958462206	0.5484276228926255
0.4723078794461627	0.5599330974987645
0.4801796774369321	0.5522627810946718
0.5037950714092403	0.6021198377212742
0.6769746272061665	0.6404714197417374
0.6533592332338584	0.7095042673785714
0.4801796774369321	0.5637682557008108
0.4329488894923158	0.49090024986193054
0.5195386673907789	0.46021898424555985
0.4408206874830852	0.49857056626602314
0.5352822633723178	0.5484276228926255
0.5588976573446258	0.5599330974987645
0.5667694553353952	0.5752737303069497
0.6140002432800115	0.5330869900844402
0.5982566472984728	0.5714385721049035
0.5274104653815483	0.5714385721049035
0.4723078794461627	0.5560979392967181
0.42507709150154643	0.5330869900844402
0.5431540613630871	0.6596472107519691
0.6769746272061665	0.6979987927724324
0.5982566472984728	0.6021198377212742
0.6691028292153972	0.5867792049130888
0.5903848493077033	0.6519768943478764
0.4801796774369321	0.5714385721049035
0.6061284452892421	0.6328011033376447
0.6297438392615503	0.6021198377212742
0.5431540613630871	0.6443065779437838
0.582513051316934	0.6366362615396911
0.5746412533261647	0.6979987927724324
0.4959232734184708	0.6519768943478764
0.6691028292153972	0.6903284763683398
0.5352822633723178	0.5982846795192277
0.5903848493077033	0.6251307869335522
0.7871797990769379	0.7210097419847105
0.6140002432800115	0.7823722732174517
0.4959232734184708	0.6519768943478764
0.6533592332338584	0.5637682557008108
0.5903848493077033	0.6059549959233205
0.4723078794461627	0.5177463572762548
0.5195386673907789	0.6864933181662933
0.5195386673907789	0.5407573064885328
0.39358989953846896	0.41419708582100384
0.41720529351077706	0.46788930064965245
0.20466674776000382	0.2953071815575676
0.21253854575077322	0.2569555995371043
0.33848731360308326	0.33365876357803087
0.6769746272061665	0.8360644880461003
0.8580259809938622	0.9434489177033977
0.6297438392615503	0.5906143631151352
0.19679494976923448	0.27996654874938226
0.2204103437415426	0.27996654874938226
0.2676411316861589	0.3489993963862162
0.4880514754277015	0.4640541424476061
0.36210270757539137	0.3950212948107722
0.5195386673907789	0.49090024986193054
0.5195386673907789	0.5445924646905791
0.645487435243089	0.6596472107519691
0.6533592332338584	0.6097901541253667
0.4959232734184708	0.5024057244680695
0.42507709150154643	0.6021198377212742
0.5352822633723178	0.6558120525499228
0.6140002432800115	0.6289659451355984
0.5903848493077033	0.6749878435601544
0.5982566472984728	0.6289659451355984
0.5746412533261647	0.6826581599642471
0.6612310312246278	0.7938777478235907
0.5667694553353952	0.7018339509744788
0.5510258593538565	0.5292518318823938
0.5982566472984728	0.5676034139028572
0.5588976573446258	0.6788230017622008
0.6297438392615503	0.5714385721049035
0.582513051316934	0.6404714197417374
0.5274104653815483	0.5676034139028572
0.5510258593538565	0.5714385721049035
0.4801796774369321	0.5024057244680695
0.4565642834646239	0.5906143631151352
0.5195386673907789	0.5829440467110425
0.5195386673907789	0.5829440467110425
0.4801796774369321	0.5637682557008108
0.42507709150154643	0.44871350963942086
0.5510258593538565	0.6021198377212742
0.5195386673907789	0.5791088885089961
0.5195386673907789	0.5637682557008108
0.684846425196936	0.6251307869335522
0.5195386673907789	0.5330869900844402
0.5431540613630871	0.5445924646905791
0.44869248547385454	0.5024057244680695
0.5746412533261647	0.5484276228926255
0.5982566472984728	0.6136253123274131
0.5510258593538565	0.5676034139028572
0.5195386673907789	0.6136253123274131
0.41720529351077706	0.5522627810946718
0.5195386673907789	0.5062408826701158
0.5274104653815483	0.5139111990742086
0.4329488894923158	0.5484276228926255
0.5037950714092403	0.5829440467110425
0.5746412533261647	0.5445924646905791
0.46443608145539333	0.5254166736803475
0.5431540613630871	0.5599330974987645
0.5352822633723178	0.5100760408721621
0.5982566472984728	0.5944495213171814
0.4014616975292383	0.5369221482864865
0.4329488894923158	0.5330869900844402
0.5352822633723178	0.5714385721049035
0.46443608145539333	0.5829440467110425
0.4329488894923158	0.46021898424555985
0.5510258593538565	0.5407573064885328
0.4723078794461627	0.5215815154783011
0.4723078794461627	0.5254166736803475
0.42507709150154643	0.5024057244680695
0.36997450556616085	0.5560979392967181
0.4329488894923158	0.5484276228926255
0.44869248547385454	0.49857056626602314
0.4329488894923158	0.49473540806397687
0.3306155156123139	0.41419708582100384
0.4723078794461627	0.5714385721049035
0.4329488894923158	0.5714385721049035
0.3306155156123139	0.41803224402305017
0.20466674776000382	0.3988564530128185
0.3306155156123139	0.4295377186291892
0.4959232734184708	0.3988564530128185
0.5116668694000096	0.47555961705374517
0.42507709150154643	0.44104319323532815
0.36210270757539137	0.44104319323532815
0.4408206874830852	0.4372080350332818
0.36210270757539137	0.44871350963942086
0.39358989953846896	0.49090024986193054
0.4329488894923158	0.5445924646905791
0.4880514754277015	0.48706509165988415
0.36997450556616085	0.48706509165988415
0.39358989953846896	0.4218674022250965
0.39358989953846896	0.3950212948107722
0.39358989953846896	0.4295377186291892
0.36997450556616085	0.40652676941691124
0.42507709150154643	0.4525486678414672
0.42507709150154643	0.4295377186291892
0.2833847276676976	0.41419708582100384
0.5037950714092403	0.5139111990742086
0.42507709150154643	0.43337287683123554
0.41720529351077706	0.3950212948107722
0.35423090958462206	0.3950212948107722
0.2833847276676976	0.36050487099235523
0.3227437176215445	0.3950212948107722
0.40933349552000764	0.4218674022250965
0.3306155156123139	0.4103619276189575
0.4014616975292383	0.4103619276189575
0.4801796774369321	0.49473540806397687
