WT	KO
0.350026653839552	0.33313578745957
0.29304557065636916	0.37279480977618545
0.30118572539682387	0.3608971030812009
0.26862510643500503	0.30140856960627765
0.350026653839552	0.30140856960627765
0.34188649909909735	0.3489993963862162
0.2523447969540957	0.3608971030812009
0.24420464221364094	0.412453832092801
0.3337463443586426	0.36486300531286237
0.4477085107250084	0.36882890754452397
0.2849054159159144	0.37676071200784705
0.26862510643500503	0.37279480977618545
0.18722355903045804	0.36486300531286237
0.30118572539682387	0.36882890754452397
0.350026653839552	0.37676071200784705
0.3907274275418255	0.4203856365561241
0.34188649909909735	0.4402151477144318
0.26862510643500503	0.4045220276294779
0.2523447969540957	0.38469251647117014
0.3581668085800067	0.3569312008495393
0.3581668085800067	0.4402151477144318
0.30118572539682387	0.4005561253978163
0.32560618961818794	0.3489993963862162
0.43142820124409903	0.412453832092801
0.46398882020591775	0.4640105611044011
0.47212897494637246	0.4481469521777549
0.43142820124409903	0.37279480977618545
0.26862510643500503	0.3608971030812009
0.43142820124409903	0.4164197343244625
0.4151478917631896	0.44418104994609336
0.4232880465036443	0.49177187672603195
0.3907274275418255	0.4362492454827703
0.47212897494637246	0.4203856365561241
0.3663069633204614	0.4045220276294779
0.48026912968682717	0.37676071200784705
0.3663069633204614	0.456078756641078
0.46398882020591775	0.4719423655677242
0.4477085107250084	0.4005561253978163
0.3825872728013708	0.412453832092801
0.43142820124409903	0.4164197343244625
0.3907274275418255	0.4362492454827703
0.4151478917631896	0.412453832092801
0.3744471180609161	0.49970368118935504
0.4232880465036443	0.4322833432511087
0.3093258801372785	0.47987417003104726
0.47212897494637246	0.48780597449437035
0.3988675822822802	0.44418104994609336
0.47212897494637246	0.49970368118935504
0.40700773702273496	0.46797646333606263
0.3988675822822802	0.49970368118935504
0.34188649909909735	0.4719423655677242
0.4477085107250084	0.4203856365561241
0.48026912968682717	0.5155672901160012
0.4395683559845537	0.4759082677993857
0.5291100581295554	0.5671240191276014
0.4151478917631896	0.46797646333606263
0.4884092844272819	0.49573777895769344
0.5779509865722835	0.49970368118935504
0.5698108318318288	0.5393627035059705
0.5616706770913742	0.5591922146642783
0.6674926887172852	0.5195331923476627
0.6593525339768305	0.49573777895769344
0.4558486654654631	0.4759082677993857
0.49654943916773664	0.5234990945793243
0.5046895939081913	0.5076354856526781
0.4558486654654631	0.4402151477144318
0.5860911413127383	0.5116013878843396
0.6919131529386494	0.6623056726874785
0.4884092844272819	0.5472945079692936
0.6349320697554665	0.6107489436758784
0.594231296053193	0.5988512369808937
0.4558486654654631	0.5036695834210165
0.5209699033891007	0.5829876280542475
0.4558486654654631	0.48384007226270886
0.6674926887172852	0.6107489436758784
0.6105116055341023	0.5512604102009552
0.6349320697554665	0.66627157491914
0.5698108318318288	0.6385102592975093
0.5535305223509195	0.5433286057376321
0.49654943916773664	0.571089921359263
0.49654943916773664	0.61471484590754
0.49654943916773664	0.5472945079692936
0.7163336171600134	0.6861010860774478
0.512829748648646	0.5671240191276014
0.67563284345774	0.579021725822586
0.5453903676104648	0.46004465887273954
0.34188649909909735	0.4402151477144318
0.3093258801372785	0.3053744718379392
0.4232880465036443	0.3569312008495393
0.30118572539682387	0.25381774282633907
0.594231296053193	0.5393627035059705
0.4558486654654631	0.49573777895769344
0.46398882020591775	0.44418104994609336
0.3337463443586426	0.29347676514295457
0.4151478917631896	0.4243515387877856
0.4558486654654631	0.4481469521777549
0.3174660348777332	0.33710168969123155
0.43142820124409903	0.39659022316615483
0.4151478917631896	0.4203856365561241
0.34188649909909735	0.24588593836301598
0.43142820124409903	0.3569312008495393
0.3663069633204614	0.2855449606796315
0.4232880465036443	0.3608971030812009
0.3663069633204614	0.47987417003104726
0.2523447969540957	0.22605642720470823
0.4884092844272819	0.4084879298611394
0.40700773702273496	0.4243515387877856
0.34188649909909735	0.39659022316615483
0.4151478917631896	0.4084879298611394
0.4558486654654631	0.49177187672603195
0.5616706770913742	0.5433286057376321
0.3907274275418255	0.412453832092801
0.3907274275418255	0.31727217853292383
0.32560618961818794	0.3529652986178778
0.4558486654654631	0.39659022316615483
0.5209699033891007	0.47987417003104726
0.6023714507936477	0.61471484590754
0.7081934624195587	0.6623056726874785
0.6430722244959212	0.571089921359263
0.512829748648646	0.5116013878843396
0.512829748648646	0.49177187672603195
0.7163336171600134	0.6305784548341862
0.6512123792363759	0.5552263124326167
0.5535305223509195	0.5988512369808937
0.4558486654654631	0.5829876280542475
0.43142820124409903	0.49573777895769344
0.4884092844272819	0.6345443570658477
0.6349320697554665	0.5155672901160012
0.6267919150150117	0.5750558235909244
0.5046895939081913	0.4640105611044011
0.5779509865722835	0.46797646333606263
0.512829748648646	0.5472945079692936
0.4477085107250084	0.4481469521777549
0.5779509865722835	0.5750558235909244
0.6430722244959212	0.5909194325175706
0.46398882020591775	0.49177187672603195
0.5209699033891007	0.5512604102009552
0.4558486654654631	0.5274649968109859
0.49654943916773664	0.4759082677993857
0.5698108318318288	0.5076354856526781
0.4884092844272819	0.4759082677993857
0.4558486654654631	0.4402151477144318
0.4477085107250084	0.4243515387877856
0.5698108318318288	0.4203856365561241
0.6023714507936477	0.5869535302859091
0.4477085107250084	0.44418104994609336
0.4477085107250084	0.4362492454827703
0.4151478917631896	0.5433286057376321
0.5372502128700101	0.46004465887273954
0.48026912968682717	0.49573777895769344
0.4151478917631896	0.4005561253978163
0.3744471180609161	0.39262432093449323
0.43142820124409903	0.49177187672603195
0.5372502128700101	0.4640105611044011
0.4558486654654631	0.4045220276294779
0.4151478917631896	0.5076354856526781
0.4395683559845537	0.4719423655677242
0.4558486654654631	0.5116013878843396
0.5046895939081913	0.49177187672603195
0.32560618961818794	0.4362492454827703
0.4558486654654631	0.36882890754452397
0.3907274275418255	0.4084879298611394
0.4477085107250084	0.5116013878843396
0.3663069633204614	0.46004465887273954
0.4232880465036443	0.412453832092801
0.4477085107250084	0.4481469521777549
0.4884092844272819	0.4719423655677242
0.47212897494637246	0.5076354856526781
0.4151478917631896	0.4243515387877856
0.4232880465036443	0.4719423655677242
0.4395683559845537	0.4164197343244625
0.3093258801372785	0.37676071200784705
0.3581668085800067	0.4203856365561241
0.3907274275418255	0.45211285440941645
0.29304557065636916	0.289510862911293
0.34188649909909735	0.456078756641078
0.3988675822822802	0.4084879298611394
0.40700773702273496	0.412453832092801
0.48026912968682717	0.49573777895769344
0.3663069633204614	0.4759082677993857
0.49654943916773664	0.456078756641078
0.3744471180609161	0.4243515387877856
0.3825872728013708	0.39262432093449323
0.350026653839552	0.39262432093449323
0.3988675822822802	0.36882890754452397
0.22792433273273155	0.30140856960627765
0.24420464221364094	0.3410675919228931
0.27676526117545974	0.3212380807645854
0.4151478917631896	0.39262432093449323
0.3825872728013708	0.4045220276294779
0.4395683559845537	0.4322833432511087
0.350026653839552	0.3489993963862162
0.27676526117545974	0.37676071200784705
0.2523447969540957	0.36882890754452397
0.3907274275418255	0.4640105611044011
0.3988675822822802	0.37676071200784705
0.350026653839552	0.4203856365561241
0.3988675822822802	0.3608971030812009
0.3663069633204614	0.3569312008495393
0.40700773702273496	0.36486300531286237
