WT	KO
0.1406204802888879	0.12691266515340024
0.2578042138629612	0.1522951981840803
0.1406204802888879	0.20306026424544044
0.09374698685925861	0.22844279727612046
0.07031024014444395	0.10153013212272022
0.07031024014444395	0.1522951981840803
0.11718373357407326	0.10153013212272022
0.16405722700370257	0.07614759909204015
0.1406204802888879	0.2538253303068005
0.07031024014444395	0.12691266515340024
0.16405722700370257	0.12691266515340024
0.16405722700370257	0.2538253303068005
0.18749397371851723	0.2538253303068005
0.11718373357407326	0.10153013212272022
0.04687349342962931	0.10153013212272022
0.09374698685925861	0.05076506606136011
0.18749397371851723	0.20306026424544044
0.1406204802888879	0.2538253303068005
0.09374698685925861	0.17767773121476038
0.07031024014444395	0.1522951981840803
0.16405722700370257	0.10153013212272022
0.16405722700370257	0.22844279727612046
0.23436746714814652	0.2538253303068005
0.09374698685925861	0.10153013212272022
0.09374698685925861	0.12691266515340024
0.09374698685925861	0.20306026424544044
0.2578042138629612	0.1522951981840803
0.2812409605777758	0.22844279727612046
0.23436746714814652	0.3045903963681606
0.21093072043333186	0.1522951981840803
0.18749397371851723	0.22844279727612046
0.21093072043333186	0.1522951981840803
0.23436746714814652	0.20306026424544044
0.2578042138629612	0.20306026424544044
0.23436746714814652	0.22844279727612046
0.09374698685925861	0.05076506606136011
0.11718373357407326	0.1522951981840803
0.07031024014444395	0.10153013212272022
0.09374698685925861	0.1522951981840803
0.2578042138629612	0.35535546242952076
0.2578042138629612	0.12691266515340024
0.07031024014444395	0.12691266515340024
0.16405722700370257	0.22844279727612046
0.2578042138629612	0.20306026424544044
0.16405722700370257	0.12691266515340024
0.23436746714814652	0.05076506606136011
0.16405722700370257	0.12691266515340024
0.16405722700370257	0.17767773121476038
0.2578042138629612	0.17767773121476038
0.11718373357407326	0.2538253303068005
0.16405722700370257	0.12691266515340024
0.07031024014444395	0.22844279727612046
0.11718373357407326	0.12691266515340024
0.16405722700370257	0.17767773121476038
0.11718373357407326	0.17767773121476038
0.21093072043333186	0.40612052849088087
0.11718373357407326	0.17767773121476038
0.16405722700370257	0.35535546242952076
0.18749397371851723	0.2538253303068005
0.09374698685925861	0.20306026424544044
0.2578042138629612	0.1522951981840803
0.1406204802888879	0.22844279727612046
0.2578042138629612	0.2792078633374806
0.16405722700370257	0.22844279727612046
0.32811445400740513	0.2538253303068005
0.23436746714814652	0.3299729293988407
0.18749397371851723	0.2792078633374806
0.2578042138629612	0.12691266515340024
0.1406204802888879	0.07614759909204015
0.2578042138629612	0.12691266515340024
0.2812409605777758	0.17767773121476038
0.18749397371851723	0.2538253303068005
0.21093072043333186	0.22844279727612046
0.16405722700370257	0.17767773121476038
0.16405722700370257	0.2538253303068005
0.2812409605777758	0.2792078633374806
0.2578042138629612	0.35535546242952076
0.21093072043333186	0.38073799546020076
0.18749397371851723	0.2792078633374806
0.2812409605777758	0.20306026424544044
0.23436746714814652	0.10153013212272022
0.21093072043333186	0.3045903963681606
0.04687349342962931	0.22844279727612046
0.21093072043333186	0.20306026424544044
0.07031024014444395	0.2792078633374806
0.1406204802888879	0.12691266515340024
0.2812409605777758	0.2792078633374806
0.2812409605777758	0.2792078633374806
0.2578042138629612	0.3045903963681606
0.3515512007222198	0.20306026424544044
0.16405722700370257	0.2538253303068005
0.30467770729259047	0.3045903963681606
0.2812409605777758	0.17767773121476038
0.1406204802888879	0.10153013212272022
0.21093072043333186	0.025382533030680055
0.18749397371851723	0.10153013212272022
0.16405722700370257	0.1522951981840803
0.09374698685925861	0.05076506606136011
0.18749397371851723	0.3045903963681606
0.2812409605777758	0.35535546242952076
0.16405722700370257	0.2538253303068005
0.21093072043333186	0.3045903963681606
0.32811445400740513	0.3299729293988407
0.04687349342962931	0.025382533030680055
0.11718373357407326	0.20306026424544044
0.11718373357407326	0.12691266515340024
0.11718373357407326	0.3045903963681606
0.16405722700370257	0.2792078633374806
0.09374698685925861	0.12691266515340024
0.1406204802888879	0.1522951981840803
0.11718373357407326	0.05076506606136011
0.21093072043333186	0.17767773121476038
0.37498794743703445	0.4568855945522409
0.2812409605777758	0.3299729293988407
0.37498794743703445	0.2792078633374806
0.09374698685925861	0.10153013212272022
0.16405722700370257	0.20306026424544044
0.23436746714814652	0.20306026424544044
0.23436746714814652	0.1522951981840803
0.11718373357407326	0.20306026424544044
0.18749397371851723	0.20306026424544044
0.16405722700370257	0.1522951981840803
0.2578042138629612	0.3045903963681606
0.23436746714814652	0.4568855945522409
0.18749397371851723	0.2792078633374806
0.18749397371851723	0.17767773121476038
0.18749397371851723	0.17767773121476038
0.04687349342962931	0.2792078633374806
0.3515512007222198	0.3299729293988407
0.18749397371851723	0.17767773121476038
0.30467770729259047	0.1522951981840803
0.18749397371851723	0.3299729293988407
0.21093072043333186	0.17767773121476038
0.2578042138629612	0.1522951981840803
0.16405722700370257	0.20306026424544044
0.18749397371851723	0.20306026424544044
0.23436746714814652	0.07614759909204015
0.2812409605777758	0.1522951981840803
0.16405722700370257	0.20306026424544044
0.21093072043333186	0.1522951981840803
0.09374698685925861	0.22844279727612046
0.2812409605777758	0.3045903963681606
0.23436746714814652	0.3045903963681606
0.1406204802888879	0.2538253303068005
0.32811445400740513	0.22844279727612046
0.16405722700370257	0.3045903963681606
0.21093072043333186	0.20306026424544044
0.16405722700370257	0.22844279727612046
0.18749397371851723	0.17767773121476038
0.2578042138629612	0.2792078633374806
0.2578042138629612	0.3045903963681606
0.2578042138629612	0.2792078633374806
0.18749397371851723	0.22844279727612046
0.18749397371851723	0.35535546242952076
0.1406204802888879	0.22844279727612046
0.18749397371851723	0.22844279727612046
0.32811445400740513	0.22844279727612046
0.18749397371851723	0.1522951981840803
0.1406204802888879	0.22844279727612046
0.11718373357407326	0.1522951981840803
0.2578042138629612	0.17767773121476038
0.21093072043333186	0.17767773121476038
0.21093072043333186	0.17767773121476038
0.1406204802888879	0.10153013212272022
0.18749397371851723	0.22844279727612046
0.16405722700370257	0.20306026424544044
0.2578042138629612	0.20306026424544044
0.23436746714814652	0.17767773121476038
0.21093072043333186	0.17767773121476038
0.1406204802888879	0.1522951981840803
0.16405722700370257	0.2792078633374806
0.09374698685925861	0.07614759909204015
0.11718373357407326	0.20306026424544044
0.11718373357407326	0.12691266515340024
0.09374698685925861	0.12691266515340024
0.11718373357407326	0.2792078633374806
0.09374698685925861	0.17767773121476038
0.16405722700370257	0.1522951981840803
0.2578042138629612	0.12691266515340024
0.21093072043333186	0.20306026424544044
0.09374698685925861	0.10153013212272022
0.2812409605777758	0.1522951981840803
0.1406204802888879	0.2538253303068005
0.2578042138629612	0.12691266515340024
0.32811445400740513	0.22844279727612046
0.11718373357407326	0.17767773121476038
0.21093072043333186	0.1522951981840803
0.04687349342962931	0.1522951981840803
0.18749397371851723	0.12691266515340024
0.07031024014444395	0.05076506606136011
0.11718373357407326	0.07614759909204015
0.2578042138629612	0.17767773121476038
0.16405722700370257	0.17767773121476038
0.16405722700370257	0.17767773121476038
0.1406204802888879	0.17767773121476038
0.18749397371851723	0.17767773121476038
0.18749397371851723	0.12691266515340024
0.16405722700370257	0.20306026424544044
0.16405722700370257	0.10153013212272022
0.23436746714814652	0.2792078633374806
