WT-Tfh	WT-Th1
0.49427208022370395	0.5199570167479001
0.5456250236235692	0.5705723015640674
0.5199485519236366	0.5475653539203549
0.5071103160736703	0.5659709120353248
0.5263676698486197	0.6073834177940072
0.4493382547488218	0.5613695225065823
0.6098162028734009	0.5199570167479001
0.6740073821232326	0.6672014816676594
0.5841397311734683	0.6257889759089771
0.5841397311734683	0.6487959235526894
0.5456250236235692	0.5751736910928098
0.6226544387233673	0.53836257486287
0.6804265000482158	0.6718028711964018
0.5905588490984515	0.5843764701502947
0.5392059056985861	0.5935792492077797
0.5006911981486871	0.5797750806215524
0.5905588490984515	0.6027820282652647
0.6932647358981822	0.7040125978975992
0.7061029717481485	0.6948098188401143
0.5777206132484851	0.5797750806215524
0.5456250236235692	0.6303903654377195
0.6098162028734009	0.6672014816676594
0.5584632594735356	0.6211875863802346
0.7381985613730643	0.6165861968514921
0.6290735566483505	0.6764042607251444
0.802389740622896	0.8788653999898134
0.7446176792980476	0.6718028711964018
0.6033970849484178	0.7132153769550841
0.5713014953235019	0.529159795805385
0.6226544387233673	0.6303903654377195
0.6675882641982495	0.7224181560125691
0.7253603255230979	0.6856070397826294
0.7702941509979802	0.7270195455413117
0.6611691462732664	0.6533973130814319
0.5905588490984515	0.6027820282652647
0.6996838538231652	0.7638306617712515
0.6547500283482831	0.6948098188401143
0.6996838538231652	0.6718028711964018
0.5841397311734683	0.7454251036562816
0.5392059056985861	0.6257889759089771
0.5199485519236366	0.5705723015640674
0.6226544387233673	0.634991754966462
0.686845617973199	0.7776348303574788
0.802389740622896	0.8190473361161611
0.7446176792980476	0.7914389989437063
0.6804265000482158	0.5843764701502947
0.5777206132484851	0.6626000921389169
0.6483309104232999	0.7362223245987966
0.5777206132484851	0.7132153769550841
0.7767132689229633	0.7546278827137665
0.5713014953235019	0.6994112083688567
0.532786787773603	0.6764042607251444
0.5905588490984515	0.7730334408287364
0.5969779670234346	0.7178167664838266
0.7959706226979129	0.8604598418748435
0.7125220896731317	0.7914389989437063
0.5841397311734683	0.6579987026101745
0.802389740622896	0.865061231403586
0.7189412075981149	0.7638306617712515
0.7959706226979129	0.837452894231131
0.6740073821232326	0.7224181560125691
0.6419117924983168	0.6948098188401143
0.7959706226979129	0.855858452346101
0.763875033072997	0.8052431675299337
0.6419117924983168	0.7086139874263417
0.6740073821232326	0.6257889759089771
0.6611691462732664	0.6994112083688567
0.7702941509979802	0.7684320512999939
0.7317794434480811	0.6764042607251444
0.8088088585478792	0.7638306617712515
0.8216470943978454	0.8696626209323285
0.763875033072997	0.8144459465874188
0.7574559151480138	0.8328515047023887
0.8216470943978454	0.7868376094149638
0.6098162028734009	0.7730334408287364
0.5969779670234346	0.750026493185024
0.6804265000482158	0.6487959235526894
0.7895515047729297	0.7914389989437063
0.7895515047729297	0.8144459465874188
0.6098162028734009	0.7776348303574788
0.6098162028734009	0.6810056502538868
0.6675882641982495	0.7868376094149638
0.6804265000482158	0.7546278827137665
0.7381985613730643	0.7730334408287364
0.6932647358981822	0.8926695685760409
0.8409044481727951	0.8236487256449037
0.6611691462732664	0.7132153769550841
0.7061029717481485	0.6211875863802346
0.7061029717481485	0.7178167664838266
0.6932647358981822	0.6211875863802346
0.5969779670234346	0.5567681329778399
0.6354926745733336	0.7592292722425089
0.8344853302478119	0.9202779057484957
0.5905588490984515	0.5705723015640674
0.4493382547488218	0.4739431214604753
0.43008090097387225	0.4739431214604753
0.9564485708224921	0.9064737371622682
1.0013823962973742	1.1273404345419074
0.9050956274226266	0.9064737371622682
0.7189412075981149	0.6902084293113717
0.6740073821232326	0.6994112083688567
0.9371912170475425	0.8926695685760409
1.1169265189470712	1.0859279287832249
0.8665809198727278	0.9248792952772382
0.3787279575740069	0.37731394135688323
0.3979853113489564	0.3865167204143682
0.5392059056985861	0.7224181560125691
0.9885441604474079	0.9846973591508904
0.6483309104232999	0.7822362198862214
0.5520441415485525	0.5475653539203549
0.5905588490984515	0.5659709120353248
0.6996838538231652	0.644194534023947
0.8409044481727951	0.8282501151736461
0.7831323868479464	0.8098445570586762
0.8986765094976435	0.8190473361161611
0.8216470943978454	0.846655673288616
0.7895515047729297	0.8420542837598736
0.7125220896731317	0.8052431675299337
0.8601618019477445	0.7270195455413117
0.7253603255230979	0.740823714127539
0.7831323868479464	0.8236487256449037
0.7061029717481485	0.8190473361161611
0.7446176792980476	0.7776348303574788
0.7574559151480138	0.8282501151736461
0.7189412075981149	0.8098445570586762
0.802389740622896	0.9064737371622682
0.7510367972230307	0.8144459465874188
0.7702941509979802	0.7730334408287364
0.6804265000482158	0.7224181560125691
0.763875033072997	0.8282501151736461
0.7446176792980476	0.8190473361161611
0.802389740622896	0.8006417780011912
0.8216470943978454	0.731620935070054
0.6804265000482158	0.6856070397826294
0.7125220896731317	0.7224181560125691
0.8088088585478792	0.865061231403586
0.7446176792980476	0.865061231403586
0.6675882641982495	0.7592292722425089
0.6290735566483505	0.5797750806215524
0.7767132689229633	0.6902084293113717
0.7574559151480138	0.8696626209323285
0.8601618019477445	0.837452894231131
0.7510367972230307	0.7684320512999939
0.6162353207983842	0.7454251036562816
0.6996838538231652	0.731620935070054
0.6675882641982495	0.7868376094149638
0.6483309104232999	0.6764042607251444
0.6932647358981822	0.7546278827137665
0.802389740622896	0.750026493185024
0.6996838538231652	0.740823714127539
0.7125220896731317	0.8328515047023887
0.6675882641982495	0.6948098188401143
0.7831323868479464	0.7822362198862214
0.6675882641982495	0.750026493185024
0.5584632594735356	0.6672014816676594
0.6483309104232999	0.7592292722425089
0.6354926745733336	0.750026493185024
0.6162353207983842	0.7546278827137665
0.6354926745733336	0.7132153769550841
0.5905588490984515	0.5659709120353248
0.6547500283482831	0.6948098188401143
0.6162353207983842	0.837452894231131
0.6290735566483505	0.7546278827137665
0.6483309104232999	0.7040125978975992
0.6226544387233673	0.6994112083688567
0.5456250236235692	0.5567681329778399
0.6996838538231652	0.6533973130814319
0.6162353207983842	0.6672014816676594
0.5456250236235692	0.634991754966462
0.7189412075981149	0.7086139874263417
0.6996838538231652	0.6948098188401143
0.6483309104232999	0.7270195455413117
0.7510367972230307	0.6994112083688567
0.7061029717481485	0.7270195455413117
0.7574559151480138	0.7546278827137665
0.6483309104232999	0.7178167664838266
0.6419117924983168	0.6810056502538868
0.7253603255230979	0.7178167664838266
0.8088088585478792	0.6994112083688567
0.6033970849484178	0.6073834177940072
0.6033970849484178	0.6994112083688567
0.6162353207983842	0.6487959235526894
0.7510367972230307	0.6810056502538868
0.7189412075981149	0.7638306617712515
0.7061029717481485	0.731620935070054
0.7446176792980476	0.740823714127539
0.5841397311734683	0.6165861968514921
0.7253603255230979	0.6810056502538868
0.7510367972230307	0.7454251036562816
0.5969779670234346	0.5567681329778399
0.6932647358981822	0.740823714127539
0.6740073821232326	0.6533973130814319
0.6611691462732664	0.644194534023947
0.6033970849484178	0.6948098188401143
0.5713014953235019	0.6672014816676594
0.5713014953235019	0.644194534023947
0.5905588490984515	0.6902084293113717
0.6932647358981822	0.7040125978975992
0.6932647358981822	0.6487959235526894
0.532786787773603	0.5659709120353248
