WT-Tfh	WT-Th1
0.7197870207835243	0.6773245386308928
0.7031124179854505	0.7390805995060624
0.7086706189181418	0.6833009316188124
0.7559153268460179	0.7450569924939822
0.6725423128556482	0.7291199445261964
0.7503571259133265	0.7151750275543839
0.7614735277787091	0.72513568253425
0.7447989249806353	0.6693560146469999
0.6308558058604634	0.623537001739616
0.6642050114566113	0.651426835683241
0.7281243221825613	0.6932615865986785
0.7086706189181418	0.6992379795865982
0.7253452217162157	0.6753324076349196
0.6919960161200679	0.6952537175946517
0.6169603035287352	0.6494347046872678
0.7086706189181418	0.7191592895463302
0.7642526282450549	0.7669704334496875
0.7781481305767831	0.7131828965584107
0.8031600347738941	0.7729468264376071
0.8059391352402396	0.7311120755221696
0.7698108291777461	0.7450569924939822
0.7475780254469809	0.7091986345664643
0.7058915184517961	0.7550176474738481
0.7976018338412026	0.8127894463570714
0.8337301399036963	0.8107973153610982
0.8198346375719678	0.7888838744053929
0.8170555371056223	0.7809153504215
0.842067441302733	0.8167737083490179
0.8087182357065853	0.83669501830875
0.930998656225794	0.8327107563168036
0.8809748478315722	0.8785297692241875
0.8059391352402396	0.7769310884295535
0.7559153268460179	0.7988445293852589
0.7892645324421657	0.7550176474738481
0.883753948297918	0.8327107563168036
0.8337301399036963	0.7789232194255268
0.7864854319758201	0.7769310884295535
0.8948703501633006	0.8586084592644554
0.7531362263796723	0.753025516477875
0.7447989249806353	0.7809153504215
0.7837063315094744	0.8127894463570714
0.8476256422354245	0.790876005401366
0.8253928385046593	0.8107973153610982
0.8559629436344615	0.8705612452402947
0.8865330487642636	0.8088051843651249
0.8643002450334984	0.9143881271517054
0.8365092403700418	0.8287264943248571
0.9059867520286832	0.8884904242040534
0.8865330487642636	0.8705612452402947
0.883753948297918	0.8287264943248571
0.8893121492306092	0.8725533762362677
0.8948703501633006	0.8606005902604285
0.8809748478315722	0.8944668171919731
0.8059391352402396	0.8426714112966696
0.8920912496969549	0.8785297692241875
0.8865330487642636	0.7789232194255268
0.883753948297918	0.8944668171919731
1.0227089716152007	0.9123959961557321
0.9976970674180898	0.9641914020510357
0.8615211445671527	0.8526320662765356
0.9838015650863614	0.9442700920913035
1.019929871148855	0.9522386160751964
0.9838015650863614	0.9602071400590891
0.9115449529613745	0.9084117341637857
1.003255268350781	0.8506399352805624
0.9921388664853984	0.9363015681074107
1.011592569749818	1.0458687728859375
1.0227089716152007	1.0299317249181519
0.947673259023868	0.9263409131275447
1.0060343688171267	0.9462622230872768
1.0421626748796202	0.9801284500188214
1.011592569749818	0.9900891049986875
1.036604473946929	1.0916877857933214
1.0227089716152007	1.0199710699382856
1.0560581772113486	0.9004432101798928
0.9976970674180898	0.9880969740027142
1.0699536795430769	0.9761441880268749
1.0616163781440398	0.9382936991033838
0.9504523594902137	0.9283330441235178
1.0532790767450029	0.9681756640429822
0.9282195557594484	0.8566163282684821
0.939335957624831	0.9104038651597588
0.9671269622882875	0.8944668171919731
0.9421150580911767	0.9343094371114374
0.9949179669517442	0.9482543540832501
1.0254880720815462	0.9781363190228481
1.1227565884036441	0.9900891049986875
1.0393835744132747	1.0538372968698302
1.139431191201718	1.0458687728859375
1.0393835744132747	1.0438766418899643
0.7336825231152527	0.6733402766389464
1.4367949411007033	1.3227749813262142
1.4534695438987768	1.2769559684188303
1.1033028851392246	1.0438766418899643
0.6530886095912287	0.6195527397476697
0.9726851632209789	0.8864982932080804
1.3339682238459138	1.3885153041933302
1.6285528732785532	1.4801533300080982
0.9504523594902137	0.8944668171919731
0.6364140067931547	0.5777179888322321
0.5641573946681677	0.5996314297879375
0.9254404552931028	0.9044274721718392
1.5479589597545291	1.5020667709638036
1.3506428266439878	1.3387120292939998
1.0866282823411508	1.0100104149584195
0.6864378151873766	0.6275212637315625
0.9754642636873245	0.9283330441235178
1.4228994387689746	1.2211763005315803
1.3506428266439878	1.2928930163866161
0.6919960161200679	0.7231435515382768
1.0810700814084593	1.0578215588617768
1.1672221958651747	1.1016484407731875
0.9893597660190528	1.0020418909745268
0.9421150580911767	0.9761441880268749
0.8865330487642636	0.8825140312161338
0.9337777566921397	0.920364520139625
0.9421150580911767	0.9123959961557321
0.9448941585575223	0.9303251751194911
0.9004285510959918	0.9562228780671428
1.0060343688171267	0.9940733669906339
0.930998656225794	0.9641914020510357
0.9337777566921397	0.9980576289825802
1.0143716702161636	0.9323173061154642
0.939335957624831	0.8984510791839196
0.9699060627546332	0.8825140312161338
0.9782433641536702	0.9841127120107678
0.930998656225794	1.0120025459543929
0.9671269622882875	0.8904825552000267
0.8976494506296462	0.8984510791839196
0.9921388664853984	0.9323173061154642
0.9699060627546332	0.9542307470711695
0.867079345499844	0.9243487821315715
0.9421150580911767	0.9163802581476784
0.9671269622882875	0.9064196031678124
0.9532314599565592	0.8785297692241875
0.956010560422905	0.8606005902604285
0.8865330487642636	0.920364520139625
0.8615211445671527	0.8526320662765356
0.7809272310431287	0.8386871493047232
0.9865806655527072	0.874545507232241
0.9143240534277202	0.8685691142443214
0.867079345499844	0.8725533762362677
0.7920436329085113	0.7809153504215
0.8948703501633006	0.8984510791839196
0.9337777566921397	0.8864982932080804
0.8448465417690788	0.8327107563168036
0.9059867520286832	0.8207579703409642
0.8976494506296462	0.7948602673933125
0.8893121492306092	0.9024353411758661
0.85040474270177	0.8625927212564017
0.7976018338412026	0.8107973153610982
0.867079345499844	0.7769310884295535
0.8114973361729308	0.7570097784698214
0.8531838431681158	0.8327107563168036
0.7698108291777461	0.8486478042845893
0.930998656225794	0.8904825552000267
0.8531838431681158	0.8625927212564017
0.8087182357065853	0.7888838744053929
0.8170555371056223	0.7510333854819018
0.8003809343075483	0.8526320662765356
0.8198346375719678	0.7370884685100892
0.8059391352402396	0.8267343633288838
0.7920436329085113	0.7848996124134463
0.8448465417690788	0.8685691142443214
0.7503571259133265	0.7789232194255268
0.7281243221825613	0.7072065035704911
0.6725423128556482	0.6992379795865982
0.7364616235815983	0.7729468264376071
0.7614735277787091	0.6912694556027054
0.6808796142546851	0.7669704334496875
0.7837063315094744	0.8048209223731785
0.7559153268460179	0.7649783024537142
0.7586944273123635	0.8028287913772053
0.7253452217162157	0.7271278135302232
0.7031124179854505	0.7131828965584107
0.650309509124883	0.6574032286711607
0.6808796142546851	0.6374819187114286
0.6447513081921917	0.6693560146469999
0.7531362263796723	0.7789232194255268
0.7948227333748571	0.7510333854819018
0.7809272310431287	0.7291199445261964
0.6530886095912287	0.6773245386308928
0.7142288198508331	0.6713481456429732
0.7003333175191048	0.7131828965584107
0.7170079203171787	0.7331042065181428
0.6975542170527591	0.6075999537718303
0.6391931072595004	0.7012301105825715
0.5891692988652787	0.6275212637315625
0.6864378151873766	0.6673638836510267
0.6725423128556482	0.7072065035704911
0.7253452217162157	0.6972458485906249
0.6558677100575744	0.6852930626147857
0.6669841119229569	0.6334976567194821
0.6336349063268091	0.5936550368000179
0.6530886095912287	0.6056078227758571
0.578052896999896	0.6075999537718303
0.6141812030623895	0.6673638836510267
0.6586468105239199	0.6315055257235089
0.5363663900047112	0.5558045478765268
0.6141812030623895	0.595647167795991
