WT	KO
0.37054647144454084	0.4497861388800494
0.7410929428890817	1.3493584166401482
0.9881239238521088	0.8995722777600988
0.7410929428890817	0.0
0.8646084333705953	0.0
0.9881239238521088	0.6746792083200741
0.37054647144454084	0.4497861388800494
0.6175774524075681	0.6746792083200741
0.1235154904815136	0.2248930694400247
0.4940619619260544	0.6746792083200741
0.37054647144454084	0.2248930694400247
0.7410929428890817	0.6746792083200741
0.6175774524075681	0.2248930694400247
1.1116394143336226	0.6746792083200741
0.6175774524075681	0.8995722777600988
0.6175774524075681	0.6746792083200741
0.1235154904815136	0.4497861388800494
0.37054647144454084	0.0
0.6175774524075681	0.6746792083200741
0.4940619619260544	0.4497861388800494
0.7410929428890817	0.8995722777600988
0.37054647144454084	0.0
0.37054647144454084	0.0
0.4940619619260544	0.4497861388800494
0.7410929428890817	0.6746792083200741
0.7410929428890817	1.1244653472001236
0.0	0.4497861388800494
0.2470309809630272	0.6746792083200741
0.8646084333705953	0.4497861388800494
0.6175774524075681	0.2248930694400247
0.2470309809630272	0.2248930694400247
0.37054647144454084	0.4497861388800494
0.37054647144454084	0.4497861388800494
0.0	0.0
0.4940619619260544	0.4497861388800494
1.2351549048151362	0.4497861388800494
1.2351549048151362	1.1244653472001236
0.4940619619260544	0.6746792083200741
0.7410929428890817	0.2248930694400247
0.7410929428890817	0.8995722777600988
0.4940619619260544	0.4497861388800494
0.2470309809630272	0.4497861388800494
0.2470309809630272	1.3493584166401482
0.2470309809630272	0.6746792083200741
0.7410929428890817	0.0
0.9881239238521088	0.2248930694400247
0.4940619619260544	0.4497861388800494
0.4940619619260544	0.2248930694400247
0.7410929428890817	0.0
0.7410929428890817	0.6746792083200741
0.2470309809630272	0.4497861388800494
0.6175774524075681	0.4497861388800494
0.1235154904815136	0.0
0.2470309809630272	0.4497861388800494
0.2470309809630272	0.2248930694400247
0.7410929428890817	0.2248930694400247
0.8646084333705953	0.6746792083200741
0.2470309809630272	0.4497861388800494
0.0	0.2248930694400247
0.2470309809630272	0.0
0.1235154904815136	0.2248930694400247
0.1235154904815136	0.4497861388800494
0.1235154904815136	0.2248930694400247
0.4940619619260544	0.4497861388800494
0.1235154904815136	0.0
0.2470309809630272	0.2248930694400247
0.37054647144454084	0.4497861388800494
0.4940619619260544	0.2248930694400247
0.6175774524075681	0.6746792083200741
0.1235154904815136	0.0
0.1235154904815136	0.0
0.2470309809630272	0.0
0.37054647144454084	0.4497861388800494
0.37054647144454084	0.2248930694400247
0.6175774524075681	0.2248930694400247
0.0	0.4497861388800494
0.2470309809630272	0.8995722777600988
0.1235154904815136	0.0
0.4940619619260544	0.2248930694400247
0.37054647144454084	0.2248930694400247
0.4940619619260544	0.2248930694400247
0.2470309809630272	0.2248930694400247
0.0	0.2248930694400247
1.3586703952966497	1.3493584166401482
0.7410929428890817	0.4497861388800494
0.6175774524075681	1.1244653472001236
0.8646084333705953	0.4497861388800494
0.6175774524075681	1.1244653472001236
0.6175774524075681	0.0
0.37054647144454084	0.2248930694400247
0.1235154904815136	0.4497861388800494
0.37054647144454084	0.4497861388800494
0.37054647144454084	0.2248930694400247
0.4940619619260544	0.2248930694400247
0.37054647144454084	0.6746792083200741
0.6175774524075681	0.4497861388800494
0.7410929428890817	0.6746792083200741
0.2470309809630272	0.0
0.6175774524075681	0.6746792083200741
0.37054647144454084	0.4497861388800494
1.1116394143336226	1.1244653472001236
1.3586703952966497	0.2248930694400247
0.37054647144454084	0.2248930694400247
0.37054647144454084	0.2248930694400247
0.6175774524075681	0.8995722777600988
0.4940619619260544	0.2248930694400247
0.1235154904815136	0.2248930694400247
0.1235154904815136	0.2248930694400247
0.2470309809630272	0.0
0.37054647144454084	1.1244653472001236
0.4940619619260544	0.4497861388800494
0.4940619619260544	0.6746792083200741
0.1235154904815136	0.0
0.7410929428890817	0.4497861388800494
0.8646084333705953	0.6746792083200741
0.6175774524075681	0.2248930694400247
1.4821858857781633	2.0240376249602225
1.1116394143336226	2.0240376249602225
0.8646084333705953	0.6746792083200741
0.6175774524075681	0.6746792083200741
0.37054647144454084	0.4497861388800494
0.4940619619260544	0.2248930694400247
0.6175774524075681	0.2248930694400247
0.6175774524075681	0.0
0.8646084333705953	1.1244653472001236
0.6175774524075681	0.8995722777600988
0.9881239238521088	0.8995722777600988
0.6175774524075681	0.0
0.4940619619260544	0.4497861388800494
0.9881239238521088	1.1244653472001236
0.9881239238521088	1.574251486080173
0.37054647144454084	0.4497861388800494
0.4940619619260544	0.6746792083200741
0.4940619619260544	0.8995722777600988
0.8646084333705953	0.6746792083200741
0.6175774524075681	1.3493584166401482
0.8646084333705953	0.8995722777600988
0.6175774524075681	0.8995722777600988
0.4940619619260544	0.0
0.37054647144454084	0.2248930694400247
0.4940619619260544	0.8995722777600988
0.6175774524075681	0.8995722777600988
0.8646084333705953	1.574251486080173
0.6175774524075681	0.6746792083200741
0.8646084333705953	1.574251486080173
0.8646084333705953	1.1244653472001236
0.2470309809630272	0.2248930694400247
0.4940619619260544	1.1244653472001236
0.4940619619260544	0.2248930694400247
0.37054647144454084	1.1244653472001236
1.1116394143336226	0.6746792083200741
0.37054647144454084	0.0
0.8646084333705953	0.6746792083200741
0.2470309809630272	0.2248930694400247
0.1235154904815136	0.0
0.7410929428890817	0.8995722777600988
0.4940619619260544	0.6746792083200741
0.37054647144454084	0.4497861388800494
0.4940619619260544	0.2248930694400247
0.4940619619260544	1.1244653472001236
0.9881239238521088	1.574251486080173
1.1116394143336226	1.574251486080173
0.4940619619260544	0.6746792083200741
0.1235154904815136	0.0
0.1235154904815136	0.0
0.7410929428890817	0.8995722777600988
0.4940619619260544	0.4497861388800494
0.0	0.2248930694400247
0.37054647144454084	0.2248930694400247
0.4940619619260544	0.4497861388800494
0.4940619619260544	0.4497861388800494
0.37054647144454084	0.6746792083200741
0.37054647144454084	0.4497861388800494
1.1116394143336226	0.2248930694400247
0.7410929428890817	0.6746792083200741
0.9881239238521088	0.6746792083200741
0.4940619619260544	0.4497861388800494
0.8646084333705953	1.1244653472001236
0.8646084333705953	1.1244653472001236
1.6057013762596768	1.574251486080173
0.7410929428890817	1.3493584166401482
0.7410929428890817	1.3493584166401482
0.7410929428890817	0.6746792083200741
0.6175774524075681	0.4497861388800494
0.6175774524075681	0.4497861388800494
0.1235154904815136	0.2248930694400247
0.4940619619260544	0.6746792083200741
0.6175774524075681	0.6746792083200741
0.8646084333705953	0.4497861388800494
0.2470309809630272	0.0
0.0	0.0
0.7410929428890817	0.4497861388800494
1.1116394143336226	1.3493584166401482
0.7410929428890817	0.4497861388800494
0.7410929428890817	0.8995722777600988
0.37054647144454084	0.2248930694400247
0.4940619619260544	0.6746792083200741
0.0	0.2248930694400247
0.37054647144454084	0.2248930694400247
0.0	0.2248930694400247
