WT	KO
0.2275654018979568	0.2568686021947971
0.2372490360212741	0.24519275664048817
0.17430541421971157	0.19848937442325235
0.24693267014459142	0.26854444774910613
0.1839890483430289	0.26854444774910613
0.16946359715805293	0.19848937442325235
0.22272358483629814	0.3619512121835778
0.21303995071298082	0.2802202933034151
0.27598357251454336	0.23351691108617922
0.266299938391226	0.22184106553187025
0.14525451184975965	0.18681352886894337
0.2275654018979568	0.24519275664048817
0.20819813365132217	0.23351691108617922
0.21788176777463947	0.26854444774910613
0.24693267014459142	0.32692367552065094
0.26145812132956736	0.31524782996634193
0.24209085308293274	0.18681352886894337
0.18883086540468755	0.22184106553187025
0.2372490360212741	0.3385995210749599
0.27114175545288466	0.3619512121835778
0.2905090236995193	0.37362705773788674
0.29535084076117796	0.32692367552065094
0.2275654018979568	0.26854444774910613
0.23240721895961544	0.19848937442325235
0.2905090236995193	0.37362705773788674
0.24693267014459142	0.24519275664048817
0.2372490360212741	0.303571984412033
0.2566163042679087	0.29189613885772403
0.27598357251454336	0.32692367552065094
0.28566720663786066	0.37362705773788674
0.34376901137776456	0.303571984412033
0.19851449952800485	0.24519275664048817
0.23240721895961544	0.26854444774910613
0.24693267014459142	0.37362705773788674
0.4018708161176684	0.37362705773788674
0.3244017431311299	0.3853029032921957
0.2905090236995193	0.2568686021947971
0.25177448720625006	0.46703382217235845
0.2275654018979568	0.3385995210749599
0.34376901137776456	0.3619512121835778
0.3001926578228366	0.3619512121835778
0.2566163042679087	0.29189613885772403
0.2566163042679087	0.35027536662926884
0.3679780966860578	0.3619512121835778
0.3244017431311299	0.303571984412033
0.3001926578228366	0.4203304399551226
0.33408537725444726	0.3853029032921957
0.31471810900781255	0.37362705773788674
0.32924356019278855	0.5137372043895942
0.35829446256274045	0.37362705773788674
0.3873453649326924	0.5020613588352854
0.34376901137776456	0.3619512121835778
0.37281991374771645	0.4787096677266674
0.3825035478710338	0.5137372043895942
0.3244017431311299	0.3385995210749599
0.3679780966860578	0.4436821310637405
0.34861082843942315	0.4203304399551226
0.33892719431610585	0.43200628550943154
0.4115544502409857	0.4787096677266674
0.3921871819943511	0.4787096677266674
0.2905090236995193	0.37362705773788674
0.3679780966860578	0.35027536662926884
0.43092171848762034	0.3969787488465047
0.34861082843942315	0.3969787488465047
0.3825035478710338	0.4436821310637405
0.35829446256274045	0.5370888954982123
0.28566720663786066	0.3385995210749599
0.35345264550108185	0.3619512121835778
0.36313627962439915	0.607143968824066
0.3244017431311299	0.37362705773788674
0.3970289990560097	0.46703382217235845
0.35829446256274045	0.4787096677266674
0.32924356019278855	0.5020613588352854
0.36313627962439915	0.49038551328097635
0.3098762919461539	0.3619512121835778
0.3244017431311299	0.4787096677266674
0.4551308037959136	0.618819814378375
0.3921871819943511	0.40865459440081364
0.3244017431311299	0.43200628550943154
0.43576353554927894	0.5604405866068302
0.40671263317932704	0.4553579766180495
0.4115544502409857	0.5837922777154481
0.44060535261093764	0.49038551328097635
0.37281991374771645	0.37362705773788674
0.266299938391226	0.37362705773788674
0.2905090236995193	0.303571984412033
0.3244017431311299	0.4787096677266674
0.35345264550108185	0.4436821310637405
0.23240721895961544	0.2568686021947971
0.20819813365132217	0.29189613885772403
0.34861082843942315	0.43200628550943154
0.561650779152404	0.7472541154757735
0.3873453649326924	0.572116432161139
0.3244017431311299	0.4553579766180495
0.26145812132956736	0.2568686021947971
0.31471810900781255	0.5487647410525212
0.5132326085358174	0.7239024243671556
0.5471253279674281	0.7472541154757735
0.31955992606947126	0.24519275664048817
0.16462178009639428	0.22184106553187025
0.16946359715805293	0.12843430109739856
0.33892719431610585	0.37362705773788674
0.561650779152404	0.7706058065843914
0.6778543886322117	0.7005507332585377
0.4454471696725963	0.49038551328097635
0.34861082843942315	0.3969787488465047
0.3679780966860578	0.5954681232697571
0.45028898673425494	0.618819814378375
0.5132326085358174	0.607143968824066
0.33892719431610585	0.4203304399551226
0.27598357251454336	0.31524782996634193
0.26145812132956736	0.37362705773788674
0.3679780966860578	0.4436821310637405
0.35345264550108185	0.4436821310637405
0.33408537725444726	0.4436821310637405
0.3098762919461539	0.3969787488465047
0.32924356019278855	0.37362705773788674
0.31955992606947126	0.303571984412033
0.3825035478710338	0.3853029032921957
0.40671263317932704	0.4787096677266674
0.532599876782452	0.5254130499439033
0.41639626730264434	0.49038551328097635
0.4018708161176684	0.4203304399551226
0.3873453649326924	0.6771990421499198
0.3921871819943511	0.5604405866068302
0.4841817061658655	0.4436821310637405
0.34861082843942315	0.3619512121835778
0.34861082843942315	0.4203304399551226
0.31955992606947126	0.49038551328097635
0.3776617308093751	0.3619512121835778
0.5083907914741588	0.49038551328097635
0.42123808436430304	0.46703382217235845
0.35345264550108185	0.40865459440081364
0.3873453649326924	0.3853029032921957
0.33892719431610585	0.32692367552065094
0.31955992606947126	0.3619512121835778
0.3873453649326924	0.3969787488465047
0.32924356019278855	0.31524782996634193
0.21788176777463947	0.35027536662926884
0.36313627962439915	0.4203304399551226
0.35345264550108185	0.31524782996634193
0.31955992606947126	0.35027536662926884
0.35829446256274045	0.3969787488465047
0.40671263317932704	0.4553579766180495
0.34376901137776456	0.4203304399551226
0.29535084076117796	0.32692367552065094
0.26145812132956736	0.3619512121835778
0.33408537725444726	0.43200628550943154
0.31955992606947126	0.3969787488465047
0.280825389576202	0.2568686021947971
0.20819813365132217	0.35027536662926884
0.29535084076117796	0.37362705773788674
0.266299938391226	0.2568686021947971
0.27598357251454336	0.2568686021947971
0.2905090236995193	0.24519275664048817
0.3001926578228366	0.2802202933034151
0.3244017431311299	0.29189613885772403
0.30503447488449525	0.24519275664048817
0.25177448720625006	0.37362705773788674
0.21788176777463947	0.3385995210749599
0.31955992606947126	0.24519275664048817
0.16946359715805293	0.22184106553187025
0.27114175545288466	0.22184106553187025
0.2905090236995193	0.31524782996634193
0.24693267014459142	0.40865459440081364
0.31471810900781255	0.3619512121835778
0.3873453649326924	0.32692367552065094
0.2566163042679087	0.2802202933034151
0.26145812132956736	0.2802202933034151
0.22272358483629814	0.17513768331463442
0.21788176777463947	0.2568686021947971
0.26145812132956736	0.32692367552065094
0.30503447488449525	0.4203304399551226
0.3098762919461539	0.23351691108617922
0.24209085308293274	0.19848937442325235
0.2275654018979568	0.2101652199775613
0.25177448720625006	0.19848937442325235
0.3679780966860578	0.3619512121835778
0.3001926578228366	0.29189613885772403
0.1936726824663462	0.2568686021947971
0.22272358483629814	0.31524782996634193
0.2905090236995193	0.31524782996634193
0.3001926578228366	0.3385995210749599
0.27598357251454336	0.2802202933034151
0.19851449952800485	0.1517859922060165
0.15493814597307695	0.08173091888016273
0.20335631658966352	0.2568686021947971
0.21788176777463947	0.26854444774910613
0.23240721895961544	0.18681352886894337
0.25177448720625006	0.26854444774910613
0.25177448720625006	0.24519275664048817
0.27114175545288466	0.22184106553187025
0.28566720663786066	0.24519275664048817
0.26145812132956736	0.31524782996634193
0.2275654018979568	0.23351691108617922
0.1936726824663462	0.24519275664048817
0.1936726824663462	0.18681352886894337
0.17430541421971157	0.19848937442325235
0.1839890483430289	0.17513768331463442
0.20819813365132217	0.26854444774910613
