WT	KO
0.7071067811865475	0.35355339059327395
0.35355339059327373	0.7071067811865479
0.35355339059327373	1.0606601717798219
0.0	0.35355339059327395
0.8838834764831843	0.7071067811865479
0.7071067811865475	0.35355339059327395
0.0	0.35355339059327395
0.0	0.35355339059327395
0.35355339059327373	0.0
0.5303300858899106	0.35355339059327395
0.0	0.0
0.35355339059327373	0.35355339059327395
0.17677669529663687	0.35355339059327395
0.17677669529663687	0.0
0.17677669529663687	0.35355339059327395
0.17677669529663687	0.0
0.17677669529663687	0.0
0.17677669529663687	0.7071067811865479
0.17677669529663687	0.0
0.17677669529663687	0.0
0.35355339059327373	0.7071067811865479
0.17677669529663687	1.7677669529663698
0.5303300858899106	1.7677669529663698
0.35355339059327373	0.35355339059327395
0.17677669529663687	0.7071067811865479
0.35355339059327373	0.7071067811865479
0.7071067811865475	0.35355339059327395
0.7071067811865475	0.7071067811865479
0.7071067811865475	0.0
0.5303300858899106	0.0
0.5303300858899106	0.35355339059327395
0.0	0.35355339059327395
0.0	0.0
0.0	0.0
0.17677669529663687	0.35355339059327395
0.35355339059327373	0.0
0.7071067811865475	0.0
0.5303300858899106	1.0606601717798219
0.0	0.35355339059327395
0.0	0.0
0.35355339059327373	0.0
0.35355339059327373	0.0
0.17677669529663687	0.0
0.0	0.0
0.35355339059327373	0.0
0.0	0.0
0.0	0.0
0.0	0.0
0.35355339059327373	0.0
0.17677669529663687	0.35355339059327395
0.17677669529663687	0.0
0.7071067811865475	0.7071067811865479
0.17677669529663687	0.0
0.5303300858899106	0.35355339059327395
0.17677669529663687	0.0
0.7071067811865475	0.35355339059327395
1.0606601717798212	0.0
0.17677669529663687	0.35355339059327395
0.17677669529663687	0.35355339059327395
0.5303300858899106	1.7677669529663698
1.2374368670764582	1.4142135623730958
0.8838834764831843	0.35355339059327395
0.35355339059327373	0.0
0.17677669529663687	0.0
0.0	0.35355339059327395
0.0	0.35355339059327395
0.7071067811865475	0.35355339059327395
0.35355339059327373	0.35355339059327395
0.7071067811865475	0.7071067811865479
0.35355339059327373	1.0606601717798219
1.414213562373095	1.0606601717798219
0.7071067811865475	1.0606601717798219
1.414213562373095	1.0606601717798219
0.5303300858899106	1.0606601717798219
0.35355339059327373	0.0
0.17677669529663687	0.35355339059327395
1.0606601717798212	0.35355339059327395
0.8838834764831843	0.7071067811865479
0.7071067811865475	0.7071067811865479
1.2374368670764582	1.4142135623730958
0.8838834764831843	0.7071067811865479
0.17677669529663687	0.35355339059327395
0.35355339059327373	0.35355339059327395
0.17677669529663687	0.35355339059327395
0.5303300858899106	0.0
0.35355339059327373	1.0606601717798219
0.17677669529663687	0.0
0.0	0.35355339059327395
0.35355339059327373	0.0
0.0	0.35355339059327395
0.17677669529663687	0.35355339059327395
0.35355339059327373	0.35355339059327395
0.17677669529663687	0.0
0.35355339059327373	1.0606601717798219
0.35355339059327373	1.0606601717798219
0.0	0.0
0.5303300858899106	0.35355339059327395
0.0	0.0
0.35355339059327373	0.0
1.0606601717798212	0.7071067811865479
0.35355339059327373	0.7071067811865479
0.17677669529663687	0.35355339059327395
0.0	0.35355339059327395
0.0	0.35355339059327395
0.0	0.35355339059327395
0.17677669529663687	0.35355339059327395
0.35355339059327373	1.4142135623730958
0.7071067811865475	1.4142135623730958
1.2374368670764582	1.4142135623730958
0.7071067811865475	0.35355339059327395
0.0	0.7071067811865479
0.35355339059327373	0.35355339059327395
0.7071067811865475	0.35355339059327395
0.7071067811865475	0.0
0.0	0.0
0.0	0.35355339059327395
0.17677669529663687	0.0
0.35355339059327373	1.0606601717798219
0.5303300858899106	1.0606601717798219
0.17677669529663687	0.35355339059327395
0.7071067811865475	0.35355339059327395
0.7071067811865475	0.7071067811865479
1.0606601717798212	0.7071067811865479
0.7071067811865475	0.35355339059327395
0.7071067811865475	1.0606601717798219
0.5303300858899106	0.0
0.5303300858899106	1.4142135623730958
0.35355339059327373	1.0606601717798219
0.5303300858899106	0.0
0.5303300858899106	0.7071067811865479
0.8838834764831843	0.35355339059327395
0.35355339059327373	0.0
0.5303300858899106	0.7071067811865479
0.17677669529663687	0.0
0.5303300858899106	1.4142135623730958
0.7071067811865475	0.35355339059327395
0.7071067811865475	0.7071067811865479
0.5303300858899106	0.0
0.7071067811865475	0.0
0.0	0.35355339059327395
0.17677669529663687	0.7071067811865479
0.7071067811865475	0.7071067811865479
0.17677669529663687	0.0
0.17677669529663687	0.35355339059327395
0.17677669529663687	0.0
0.17677669529663687	0.7071067811865479
0.5303300858899106	1.4142135623730958
0.5303300858899106	0.7071067811865479
0.35355339059327373	0.7071067811865479
0.35355339059327373	0.35355339059327395
0.0	0.0
0.17677669529663687	0.7071067811865479
0.5303300858899106	0.0
0.35355339059327373	0.7071067811865479
0.35355339059327373	0.35355339059327395
0.35355339059327373	0.0
0.0	0.0
0.17677669529663687	0.35355339059327395
0.7071067811865475	0.35355339059327395
0.7071067811865475	1.0606601717798219
0.35355339059327373	0.0
0.17677669529663687	0.0
0.17677669529663687	0.35355339059327395
0.35355339059327373	0.35355339059327395
0.5303300858899106	1.0606601717798219
1.0606601717798212	0.7071067811865479
0.17677669529663687	0.7071067811865479
0.5303300858899106	0.35355339059327395
0.7071067811865475	0.0
0.35355339059327373	0.0
0.5303300858899106	0.7071067811865479
0.17677669529663687	0.35355339059327395
0.0	0.0
0.0	0.0
0.5303300858899106	2.1213203435596437
0.8838834764831843	0.7071067811865479
0.5303300858899106	1.4142135623730958
0.17677669529663687	0.0
0.0	0.0
0.0	0.0
0.5303300858899106	1.4142135623730958
0.7071067811865475	1.0606601717798219
0.5303300858899106	0.7071067811865479
0.7071067811865475	0.35355339059327395
0.0	0.7071067811865479
0.5303300858899106	0.0
0.5303300858899106	1.4142135623730958
0.17677669529663687	0.35355339059327395
0.17677669529663687	1.0606601717798219
0.0	0.0
0.35355339059327373	0.0
0.0	1.0606601717798219
0.0	0.7071067811865479
0.35355339059327373	0.7071067811865479
0.35355339059327373	0.35355339059327395
0.35355339059327373	0.0
0.0	0.0
0.0	0.0
0.5303300858899106	0.0
0.17677669529663687	0.35355339059327395
