WT	KO
0.710078143187205	0.2434091343764573
0.30431920422308784	0.3651137015646859
0.20287946948205854	0.2434091343764573
0.20287946948205854	0.2434091343764573
0.20287946948205854	0.2434091343764573
0.4057589389641171	0.2434091343764573
0.9129576126692636	0.4868182687529146
0.6086384084461757	0.6085228359411433
0.30431920422308784	0.3651137015646859
0.5071986737051464	0.2434091343764573
0.4057589389641171	0.3651137015646859
0.5071986737051464	0.7302274031293718
0.6086384084461757	0.6085228359411433
0.5071986737051464	0.2434091343764573
0.0	0.0
0.0	0.12170456718822865
0.5071986737051464	0.12170456718822865
0.6086384084461757	0.3651137015646859
0.6086384084461757	0.7302274031293718
0.20287946948205854	0.12170456718822865
0.0	0.12170456718822865
0.20287946948205854	0.0
0.10143973474102927	0.0
0.5071986737051464	0.3651137015646859
0.30431920422308784	0.2434091343764573
0.6086384084461757	0.12170456718822865
0.10143973474102927	0.12170456718822865
0.8115178779282342	0.4868182687529146
0.710078143187205	0.6085228359411433
0.8115178779282342	0.7302274031293718
0.4057589389641171	0.4868182687529146
0.8115178779282342	0.4868182687529146
0.710078143187205	0.6085228359411433
0.710078143187205	0.3651137015646859
0.6086384084461757	0.4868182687529146
0.30431920422308784	0.12170456718822865
0.20287946948205854	0.4868182687529146
0.8115178779282342	0.7302274031293718
1.0143973474102927	0.7302274031293718
0.8115178779282342	0.8519319703176006
0.6086384084461757	0.4868182687529146
0.30431920422308784	0.0
0.6086384084461757	0.3651137015646859
0.8115178779282342	0.4868182687529146
1.0143973474102927	1.2170456718822866
0.710078143187205	0.8519319703176006
1.0143973474102927	0.4868182687529146
1.3187165516333805	1.2170456718822866
0.5071986737051464	0.3651137015646859
0.710078143187205	0.3651137015646859
0.4057589389641171	0.0
0.710078143187205	0.4868182687529146
0.5071986737051464	0.6085228359411433
0.5071986737051464	1.3387502390705153
1.6230357558564683	1.5821593734469726
1.1158370821513222	0.7302274031293718
0.5071986737051464	0.7302274031293718
0.710078143187205	0.4868182687529146
1.1158370821513222	0.7302274031293718
1.5215960211154393	0.9736365375058292
1.0143973474102927	0.9736365375058292
0.5071986737051464	0.4868182687529146
0.5071986737051464	0.4868182687529146
1.2172768168923513	0.8519319703176006
0.9129576126692636	0.6085228359411433
0.6086384084461757	1.2170456718822866
0.8115178779282342	0.12170456718822865
0.20287946948205854	0.4868182687529146
0.5071986737051464	0.7302274031293718
1.6230357558564683	1.4604548062587437
1.7244754905974977	1.7038639406352012
1.1158370821513222	1.3387502390705153
1.5215960211154393	0.9736365375058292
1.6230357558564683	0.7302274031293718
0.9129576126692636	0.4868182687529146
0.8115178779282342	0.8519319703176006
0.8115178779282342	0.9736365375058292
0.8115178779282342	0.7302274031293718
1.0143973474102927	0.7302274031293718
0.8115178779282342	0.7302274031293718
0.8115178779282342	0.3651137015646859
0.30431920422308784	0.4868182687529146
1.6230357558564683	0.8519319703176006
1.3187165516333805	1.2170456718822866
0.710078143187205	0.4868182687529146
0.8115178779282342	0.4868182687529146
0.710078143187205	0.3651137015646859
1.1158370821513222	0.7302274031293718
1.6230357558564683	1.095341104694058
1.1158370821513222	1.095341104694058
0.30431920422308784	0.3651137015646859
0.6086384084461757	0.0
1.0143973474102927	1.095341104694058
1.5215960211154393	1.5821593734469726
0.8115178779282342	1.7038639406352012
1.0143973474102927	0.8519319703176006
0.20287946948205854	0.2434091343764573
0.5071986737051464	0.2434091343764573
0.6086384084461757	0.6085228359411433
1.42015628637441	1.095341104694058
1.6230357558564683	1.4604548062587437
0.8115178779282342	0.4868182687529146
0.4057589389641171	0.12170456718822865
0.20287946948205854	0.12170456718822865
1.0143973474102927	0.8519319703176006
1.1158370821513222	0.9736365375058292
1.0143973474102927	1.095341104694058
0.9129576126692636	0.8519319703176006
0.6086384084461757	1.2170456718822866
1.2172768168923513	1.095341104694058
0.6086384084461757	0.3651137015646859
0.6086384084461757	0.4868182687529146
0.30431920422308784	0.3651137015646859
0.9129576126692636	0.9736365375058292
1.1158370821513222	1.095341104694058
1.0143973474102927	0.9736365375058292
0.710078143187205	0.3651137015646859
0.6086384084461757	0.4868182687529146
1.3187165516333805	1.095341104694058
1.1158370821513222	1.2170456718822866
1.3187165516333805	1.2170456718822866
1.2172768168923513	1.3387502390705153
1.0143973474102927	0.9736365375058292
1.0143973474102927	0.9736365375058292
0.8115178779282342	0.8519319703176006
0.9129576126692636	1.095341104694058
0.6086384084461757	0.6085228359411433
0.710078143187205	0.9736365375058292
0.6086384084461757	1.2170456718822866
0.8115178779282342	0.7302274031293718
1.1158370821513222	0.9736365375058292
0.8115178779282342	0.3651137015646859
0.6086384084461757	1.2170456718822866
0.6086384084461757	0.8519319703176006
0.30431920422308784	0.3651137015646859
0.710078143187205	0.2434091343764573
0.710078143187205	0.7302274031293718
1.42015628637441	1.4604548062587437
0.9129576126692636	0.7302274031293718
0.0	0.0
0.4057589389641171	0.6085228359411433
0.6086384084461757	0.8519319703176006
0.9129576126692636	0.8519319703176006
0.8115178779282342	0.8519319703176006
0.6086384084461757	0.12170456718822865
0.8115178779282342	0.2434091343764573
0.4057589389641171	0.2434091343764573
0.710078143187205	0.8519319703176006
0.5071986737051464	0.9736365375058292
0.20287946948205854	0.12170456718822865
0.5071986737051464	0.6085228359411433
0.9129576126692636	0.6085228359411433
1.1158370821513222	1.2170456718822866
0.4057589389641171	1.3387502390705153
0.30431920422308784	0.2434091343764573
0.8115178779282342	0.8519319703176006
1.3187165516333805	0.7302274031293718
1.0143973474102927	0.7302274031293718
0.6086384084461757	0.8519319703176006
0.10143973474102927	0.4868182687529146
0.30431920422308784	0.2434091343764573
0.30431920422308784	0.3651137015646859
0.9129576126692636	0.4868182687529146
0.6086384084461757	0.6085228359411433
0.8115178779282342	1.2170456718822866
0.710078143187205	0.7302274031293718
1.1158370821513222	0.4868182687529146
1.2172768168923513	1.095341104694058
1.0143973474102927	1.095341104694058
0.8115178779282342	0.6085228359411433
0.8115178779282342	0.3651137015646859
0.10143973474102927	0.0
0.4057589389641171	0.3651137015646859
0.20287946948205854	0.3651137015646859
0.5071986737051464	0.4868182687529146
0.710078143187205	0.2434091343764573
0.5071986737051464	0.12170456718822865
0.6086384084461757	0.6085228359411433
0.710078143187205	0.4868182687529146
1.0143973474102927	0.9736365375058292
0.8115178779282342	0.8519319703176006
0.5071986737051464	0.3651137015646859
0.5071986737051464	0.4868182687529146
0.710078143187205	0.6085228359411433
0.5071986737051464	0.3651137015646859
0.8115178779282342	0.6085228359411433
1.1158370821513222	0.7302274031293718
0.6086384084461757	0.7302274031293718
1.2172768168923513	0.7302274031293718
0.6086384084461757	0.4868182687529146
0.9129576126692636	0.4868182687529146
0.6086384084461757	0.4868182687529146
1.2172768168923513	0.8519319703176006
0.5071986737051464	0.4868182687529146
0.20287946948205854	0.2434091343764573
0.710078143187205	0.4868182687529146
0.6086384084461757	0.4868182687529146
0.4057589389641171	0.4868182687529146
0.8115178779282342	0.6085228359411433
0.9129576126692636	0.3651137015646859
