WT	KO
0.3734826597283351	0.3485176242208366
0.3734826597283351	0.6970352484416732
0.4979768796377801	0.4480940882839328
0.6224710995472251	0.49788232031548085
0.3734826597283351	0.24894116015774043
0.4149807330314834	0.7468234804732212
0.2904865131220384	0.7966117125047694
0.5394749529409285	0.597458784378577
0.5394749529409285	0.597458784378577
0.4149807330314834	0.4480940882839328
0.4149807330314834	0.3983058562523847
0.4149807330314834	0.4480940882839328
0.6224710995472251	0.597458784378577
0.7054672461535217	0.9459764085994137
0.4979768796377801	0.6970352484416732
0.6224710995472251	0.547670552347029
0.3734826597283351	0.49788232031548085
0.4564788063346318	0.7468234804732212
0.4979768796377801	0.7468234804732212
0.24898843981889004	0.4480940882839328
0.5809730262440768	0.49788232031548085
0.4149807330314834	0.2987293921892885
0.4564788063346318	0.597458784378577
0.3734826597283351	0.6970352484416732
0.4979768796377801	0.7966117125047694
0.4149807330314834	0.7468234804732212
0.8299614660629668	0.547670552347029
0.4564788063346318	0.547670552347029
0.6639691728503735	0.6970352484416732
0.2904865131220384	0.547670552347029
0.4149807330314834	0.49788232031548085
0.2904865131220384	0.2987293921892885
0.2904865131220384	0.597458784378577
0.3734826597283351	0.3485176242208366
0.4979768796377801	0.547670552347029
0.33198458642518675	0.597458784378577
0.6639691728503735	0.597458784378577
0.5394749529409285	0.6472470164101252
0.4979768796377801	0.6472470164101252
0.7054672461535217	0.6970352484416732
0.2074903665157417	0.2987293921892885
0.4979768796377801	0.49788232031548085
0.4564788063346318	0.597458784378577
0.4564788063346318	0.6472470164101252
0.3734826597283351	0.6970352484416732
0.4149807330314834	0.49788232031548085
0.6639691728503735	0.597458784378577
0.6224710995472251	0.7966117125047694
0.3734826597283351	0.547670552347029
0.7054672461535217	1.0455528726625098
0.5394749529409285	0.49788232031548085
0.7054672461535217	0.9957646406309617
0.5394749529409285	0.6472470164101252
0.2074903665157417	0.3485176242208366
0.9129576126692636	0.9459764085994137
0.6224710995472251	0.7966117125047694
0.4979768796377801	0.597458784378577
0.4564788063346318	0.7468234804732212
0.5809730262440768	0.7468234804732212
0.9544556859724118	0.9459764085994137
0.3734826597283351	0.2987293921892885
0.6639691728503735	0.597458784378577
0.8299614660629668	0.6970352484416732
0.4564788063346318	0.49788232031548085
0.5809730262440768	0.8961881765678656
0.6224710995472251	0.597458784378577
0.8299614660629668	0.7468234804732212
0.8299614660629668	0.8961881765678656
0.3734826597283351	1.0455528726625098
0.4979768796377801	0.7468234804732212
0.4979768796377801	0.547670552347029
0.4564788063346318	0.547670552347029
0.9129576126692636	1.0455528726625098
0.5809730262440768	0.7966117125047694
0.8714595393661152	0.4480940882839328
0.5809730262440768	0.6970352484416732
0.33198458642518675	0.9459764085994137
0.7054672461535217	0.9459764085994137
0.6224710995472251	0.6472470164101252
0.7054672461535217	0.9957646406309617
0.6224710995472251	0.8961881765678656
0.8299614660629668	0.8463999445363174
0.7469653194566702	0.9957646406309617
0.7054672461535217	0.547670552347029
0.4149807330314834	0.6970352484416732
0.8714595393661152	0.597458784378577
0.4979768796377801	0.49788232031548085
0.6639691728503735	0.4480940882839328
0.4979768796377801	0.6472470164101252
0.3734826597283351	0.7966117125047694
0.5809730262440768	0.8463999445363174
0.5394749529409285	1.0455528726625098
0.33198458642518675	0.3983058562523847
0.33198458642518675	0.24894116015774043
0.2904865131220384	0.3983058562523847
0.2904865131220384	0.547670552347029
0.4149807330314834	0.49788232031548085
0.33198458642518675	0.24894116015774043
0.16599229321259337	0.24894116015774043
0.12449421990944502	0.24894116015774043
0.3734826597283351	0.6970352484416732
0.4979768796377801	0.49788232031548085
0.5394749529409285	0.597458784378577
0.5809730262440768	0.4480940882839328
0.04149807330314834	0.049788232031548085
0.4979768796377801	0.597458784378577
0.3734826597283351	0.49788232031548085
0.6224710995472251	0.6970352484416732
0.4979768796377801	0.7468234804732212
0.5809730262440768	0.547670552347029
0.3734826597283351	0.3485176242208366
0.2074903665157417	0.2987293921892885
0.2074903665157417	0.3983058562523847
0.5809730262440768	0.3983058562523847
0.5809730262440768	0.3983058562523847
0.4979768796377801	0.6970352484416732
0.4564788063346318	0.8463999445363174
0.4149807330314834	0.6970352484416732
0.7054672461535217	0.547670552347029
0.7884633927598185	1.145129336725606
0.4979768796377801	0.8961881765678656
0.4564788063346318	0.8961881765678656
0.4564788063346318	0.597458784378577
0.7469653194566702	0.597458784378577
0.6639691728503735	0.6472470164101252
0.6639691728503735	0.8961881765678656
0.6224710995472251	0.4480940882839328
0.6224710995472251	0.7966117125047694
0.2904865131220384	0.24894116015774043
0.7054672461535217	0.7468234804732212
0.4564788063346318	0.6472470164101252
0.4979768796377801	0.6472470164101252
0.7469653194566702	0.6970352484416732
0.7884633927598185	0.7468234804732212
0.7054672461535217	0.547670552347029
0.4564788063346318	0.49788232031548085
0.4564788063346318	0.3485176242208366
0.3734826597283351	0.7468234804732212
0.6639691728503735	0.8463999445363174
0.4149807330314834	0.2987293921892885
0.5394749529409285	0.4480940882839328
0.7054672461535217	0.49788232031548085
0.2904865131220384	0.597458784378577
0.4979768796377801	0.6472470164101252
0.3734826597283351	0.4480940882839328
0.4564788063346318	0.547670552347029
0.6224710995472251	0.547670552347029
0.4149807330314834	0.49788232031548085
0.2074903665157417	0.597458784378577
0.4979768796377801	0.4480940882839328
0.6639691728503735	0.8463999445363174
0.7884633927598185	0.6970352484416732
0.16599229321259337	0.2987293921892885
0.7884633927598185	0.49788232031548085
0.6639691728503735	0.597458784378577
0.7469653194566702	0.8961881765678656
0.4564788063346318	0.6472470164101252
0.4564788063346318	0.547670552347029
0.4979768796377801	0.7966117125047694
0.5394749529409285	0.4480940882839328
0.5809730262440768	0.6970352484416732
0.4979768796377801	0.8961881765678656
0.4979768796377801	0.6472470164101252
0.3734826597283351	0.3983058562523847
0.24898843981889004	0.19915292812619234
0.4979768796377801	0.7966117125047694
0.4979768796377801	0.3485176242208366
0.2904865131220384	0.3983058562523847
0.4564788063346318	0.49788232031548085
0.4979768796377801	0.49788232031548085
0.3734826597283351	0.7966117125047694
0.4564788063346318	0.597458784378577
0.4149807330314834	0.4480940882839328
0.4564788063346318	0.14936469609464426
0.7054672461535217	0.7468234804732212
0.12449421990944502	0.3485176242208366
0.4979768796377801	0.3983058562523847
0.4979768796377801	0.3983058562523847
0.4979768796377801	0.3485176242208366
0.24898843981889004	0.3983058562523847
0.6639691728503735	0.597458784378577
0.4564788063346318	0.19915292812619234
0.2904865131220384	0.547670552347029
0.24898843981889004	0.2987293921892885
0.12449421990944502	0.19915292812619234
0.3734826597283351	0.547670552347029
0.4149807330314834	0.2987293921892885
0.4979768796377801	0.2987293921892885
0.2904865131220384	0.4480940882839328
0.24898843981889004	0.24894116015774043
0.33198458642518675	0.19915292812619234
0.4149807330314834	0.547670552347029
0.33198458642518675	0.3485176242208366
0.33198458642518675	0.597458784378577
0.24898843981889004	0.3983058562523847
0.4564788063346318	0.547670552347029
0.3734826597283351	0.597458784378577
0.3734826597283351	0.49788232031548085
0.4979768796377801	0.7468234804732212
0.4979768796377801	0.3983058562523847
