WT	KO
0.24345536337847026	0.5841819225034975
0.30431920422308784	0.3651137015646859
0.4869107267569405	0.6572046628164347
0.18259152253385272	0.29209096125174877
0.24345536337847026	0.5111591821905603
0.18259152253385272	0.7302274031293718
0.24345536337847026	0.8762728837552464
0.36518304506770544	0.3651137015646859
0.24345536337847026	0.3651137015646859
0.4869107267569405	0.3651137015646859
0.36518304506770544	0.3651137015646859
0.30431920422308784	0.6572046628164347
0.7303660901354109	0.8762728837552464
0.7912299309800284	1.0223183643811207
0.36518304506770544	0.29209096125174877
0.12172768168923513	0.14604548062587439
0.6695022492907932	0.5111591821905603
0.426046885912323	0.8762728837552464
0.36518304506770544	0.8762728837552464
0.6086384084461757	0.6572046628164347
0.30431920422308784	0.6572046628164347
0.426046885912323	0.803250143442309
0.426046885912323	0.803250143442309
0.7912299309800284	0.8762728837552464
0.6086384084461757	0.3651137015646859
0.24345536337847026	0.3651137015646859
0.18259152253385272	0.6572046628164347
0.36518304506770544	0.7302274031293718
0.36518304506770544	0.4381364418776232
0.4869107267569405	1.3144093256328695
0.7303660901354109	0.803250143442309
0.6086384084461757	0.8762728837552464
0.12172768168923513	0.2190682209388116
0.30431920422308784	0.7302274031293718
0.426046885912323	0.5111591821905603
0.6086384084461757	1.095341104694058
0.4869107267569405	0.7302274031293718
0.4869107267569405	0.29209096125174877
0.6086384084461757	0.9492956240681836
0.7912299309800284	0.9492956240681836
0.9129576126692636	1.095341104694058
0.6086384084461757	0.6572046628164347
0.4869107267569405	0.8762728837552464
0.6086384084461757	0.5841819225034975
0.6086384084461757	1.0223183643811207
0.6086384084461757	1.095341104694058
0.36518304506770544	0.5111591821905603
0.6086384084461757	0.5841819225034975
0.426046885912323	0.7302274031293718
0.426046885912323	0.6572046628164347
0.9129576126692636	1.168363845006995
0.426046885912323	1.095341104694058
0.7303660901354109	1.0223183643811207
0.30431920422308784	0.8762728837552464
0.36518304506770544	0.3651137015646859
0.6695022492907932	0.803250143442309
0.24345536337847026	0.803250143442309
0.18259152253385272	0.3651137015646859
0.30431920422308784	0.5841819225034975
0.30431920422308784	0.5841819225034975
0.426046885912323	0.5841819225034975
0.426046885912323	0.5111591821905603
0.426046885912323	0.5841819225034975
0.30431920422308784	0.3651137015646859
0.18259152253385272	0.6572046628164347
0.5477745676015581	0.6572046628164347
0.4869107267569405	0.8762728837552464
0.6695022492907932	0.803250143442309
0.6695022492907932	0.5841819225034975
0.6086384084461757	1.095341104694058
0.4869107267569405	1.095341104694058
0.852093771824646	0.5841819225034975
0.6695022492907932	0.9492956240681836
0.36518304506770544	0.6572046628164347
0.6086384084461757	0.3651137015646859
0.7912299309800284	0.5841819225034975
0.7303660901354109	0.5841819225034975
0.852093771824646	0.9492956240681836
0.7912299309800284	0.8762728837552464
0.7303660901354109	1.095341104694058
0.7912299309800284	0.2190682209388116
0.426046885912323	0.803250143442309
0.9129576126692636	0.7302274031293718
0.7912299309800284	0.9492956240681836
0.4869107267569405	0.6572046628164347
0.7303660901354109	0.9492956240681836
0.30431920422308784	0.803250143442309
0.5477745676015581	0.803250143442309
0.6086384084461757	0.6572046628164347
0.4869107267569405	0.6572046628164347
0.36518304506770544	0.6572046628164347
0.5477745676015581	0.7302274031293718
0.30431920422308784	0.5841819225034975
0.5477745676015581	0.8762728837552464
0.12172768168923513	0.29209096125174877
0.4869107267569405	0.3651137015646859
0.6086384084461757	0.6572046628164347
0.5477745676015581	0.8762728837552464
0.6695022492907932	0.4381364418776232
0.7912299309800284	0.803250143442309
0.9129576126692636	0.8762728837552464
0.5477745676015581	1.0223183643811207
0.426046885912323	1.2413865853199322
0.12172768168923513	0.3651137015646859
0.24345536337847026	0.0
0.5477745676015581	0.4381364418776232
0.4869107267569405	0.6572046628164347
0.4869107267569405	0.9492956240681836
0.4869107267569405	0.4381364418776232
0.36518304506770544	0.5841819225034975
0.4869107267569405	1.3144093256328695
0.6086384084461757	0.803250143442309
0.6695022492907932	0.7302274031293718
0.7912299309800284	0.8762728837552464
0.6695022492907932	0.803250143442309
0.973821453513881	1.8985912481363671
0.5477745676015581	0.7302274031293718
0.9129576126692636	0.9492956240681836
0.7912299309800284	0.6572046628164347
0.30431920422308784	0.3651137015646859
0.24345536337847026	0.5841819225034975
0.5477745676015581	0.7302274031293718
0.24345536337847026	0.5111591821905603
0.6695022492907932	1.0223183643811207
0.24345536337847026	0.803250143442309
0.4869107267569405	0.3651137015646859
0.6695022492907932	0.29209096125174877
0.4869107267569405	0.6572046628164347
0.4869107267569405	0.9492956240681836
0.36518304506770544	0.5111591821905603
0.30431920422308784	0.6572046628164347
0.4869107267569405	0.5111591821905603
0.426046885912323	0.3651137015646859
0.6086384084461757	1.0223183643811207
0.4869107267569405	0.803250143442309
0.5477745676015581	0.6572046628164347
0.6086384084461757	0.7302274031293718
0.7303660901354109	0.9492956240681836
0.24345536337847026	0.4381364418776232
0.18259152253385272	0.4381364418776232
0.7303660901354109	0.9492956240681836
0.6086384084461757	0.7302274031293718
0.7912299309800284	0.8762728837552464
0.6695022492907932	0.9492956240681836
0.6695022492907932	0.8762728837552464
0.426046885912323	0.8762728837552464
0.30431920422308784	0.6572046628164347
0.36518304506770544	0.803250143442309
0.6086384084461757	1.0223183643811207
0.24345536337847026	0.3651137015646859
0.5477745676015581	0.8762728837552464
0.36518304506770544	0.5841819225034975
0.18259152253385272	0.4381364418776232
0.18259152253385272	0.5111591821905603
0.36518304506770544	0.6572046628164347
0.852093771824646	0.6572046628164347
0.6086384084461757	0.4381364418776232
0.4869107267569405	0.2190682209388116
0.24345536337847026	0.5841819225034975
0.852093771824646	1.3874320659458066
0.9129576126692636	1.3144093256328695
0.5477745676015581	0.7302274031293718
0.18259152253385272	0.7302274031293718
0.18259152253385272	0.5841819225034975
0.5477745676015581	0.5841819225034975
0.5477745676015581	0.7302274031293718
0.24345536337847026	0.3651137015646859
0.5477745676015581	0.29209096125174877
0.18259152253385272	0.3651137015646859
0.4869107267569405	0.3651137015646859
0.4869107267569405	1.0223183643811207
0.30431920422308784	0.5841819225034975
0.426046885912323	0.7302274031293718
0.4869107267569405	0.4381364418776232
0.852093771824646	0.29209096125174877
0.426046885912323	0.6572046628164347
0.4869107267569405	0.5111591821905603
0.426046885912323	0.4381364418776232
0.4869107267569405	0.5841819225034975
0.426046885912323	0.2190682209388116
0.5477745676015581	1.0223183643811207
0.7303660901354109	0.5841819225034975
0.6695022492907932	0.803250143442309
0.6695022492907932	0.803250143442309
0.4869107267569405	0.5841819225034975
0.5477745676015581	0.4381364418776232
0.4869107267569405	0.803250143442309
0.7303660901354109	0.9492956240681836
0.6695022492907932	0.803250143442309
0.5477745676015581	0.7302274031293718
0.6086384084461757	0.7302274031293718
0.6695022492907932	0.7302274031293718
0.36518304506770544	0.14604548062587439
0.4869107267569405	0.7302274031293718
0.36518304506770544	0.6572046628164347
0.4869107267569405	0.6572046628164347
0.426046885912323	0.5111591821905603
0.30431920422308784	0.2190682209388116
0.18259152253385272	0.14604548062587439
0.18259152253385272	0.3651137015646859
