condition1	condition1
0.14307065618373485	0.13651365482410455
0.14528024160742187	0.15154819830693544
0.1474898270311089	0.1521495800462487
0.1535661869462482	0.160568924396634
0.16461411406468332	0.16658274178976634
0.14914701609887418	0.16958965048633254
0.16958568126797913	0.16357583309320017
0.1662713031324486	0.17319794092221194
0.17234766304758792	0.16417721483251344
0.15688056508177875	0.16177168787526047
0.15135660152256117	0.17319794092221194
0.16350932135283983	0.17139379570427224
0.1651665104206051	0.16177168787526047
0.156328168725857	0.16477859657182664
0.16074733957323104	0.17019103222564577
0.1612997359291528	0.16477859657182664
0.15301379059032644	0.1653799783111399
0.156328168725857	0.16838688700770607
0.18229079745417953	0.1689882687470193
0.15964254686138754	0.1870297209264164
0.17731923025088372	0.1822186670119105
0.1751096448271967	0.1960504470161149
0.17676683389496195	0.19184077484092227
0.17345245575943144	0.1840228122298502
0.1651665104206051	0.17079241396495903
0.1624045286409963	0.1840228122298502
0.16682369948837036	0.1858269574477899
0.1800812120304925	0.181015903533284
0.18891955372524058	0.1888338661443561
0.178976419318649	0.17800899483671784
0.20549144440289327	0.1870297209264164
0.15080420516663945	0.18161728527259727
0.1712428703357444	0.17500208614015167
0.178976419318649	0.1822186670119105
0.18063360838641426	0.18522557570847667
0.16406171770876157	0.19184077484092227
0.19333872457261467	0.19665182875542817
0.18836715736931886	0.1960504470161149
0.19941508448775397	0.20026011919130757
0.19444351728445816	0.18462419396916344
0.19333872457261467	0.1990573557126811
0.19223393186077115	0.19184077484092227
0.20162466991144098	0.20026011919130757
0.18947195008116235	0.19845597397336787
0.18229079745417953	0.2026656461485605
0.20991061525026736	0.2104836087596326
0.18229079745417953	0.21649742615276493
0.19941508448775397	0.203868409627187
0.20162466991144098	0.214091899195512
0.20935821889434558	0.2086794635416929
0.20162466991144098	0.20687531832375317
0.19610070635222343	0.20146288266993403
0.19444351728445816	0.2158960444134517
0.20549144440289327	0.2104836087596326
0.19554830999630168	0.1906380113622958
0.19996748084367572	0.20807808180237963
0.2027294626232845	0.22010571658864436
0.21819656058909367	0.20627393658443993
0.19831029177591045	0.2092808452810061
0.2115678043180326	0.22130848006727083
0.20107227355551924	0.20988222702031936
0.22040614601278072	0.20687531832375317
0.19389112092853641	0.1960504470161149
0.19886268813183222	0.2008615009306208
0.20217706626736276	0.1972532104947414
0.2005198771995975	0.214091899195512
0.21874895694501545	0.2170988078920782
0.2154345788094849	0.20326702788787376
0.20438665169104978	0.2158960444134517
0.2143297860976414	0.23393749659284876
0.22316812779238948	0.22010571658864436
0.2292444877075288	0.21349051745619876
0.22261573143646773	0.21349051745619876
0.23090167677529408	0.214091899195512
0.2154345788094849	0.22551815224246347
0.21819656058909367	0.20026011919130757
0.22979688406345056	0.2375457870287282
0.21874895694501545	0.22672091572108996
0.21046301160618908	0.21349051745619876
0.21598697516540666	0.2177001896313914
0.23642564033451163	0.23153196963559586
0.21212020067395435	0.23393749659284876
0.22261573143646773	0.23393749659284876
0.2292444877075288	0.2104836087596326
0.2065962371147368	0.19785459223405463
0.23090167677529408	0.23213335137490906
0.24415918931741618	0.23995131398598116
0.23200646948713757	0.24476236790048703
0.23863522575819868	0.2309305878962826
0.2734361961812693	0.23333611485353556
0.2419496038937292	0.2309305878962826
0.16019494321730926	0.1473385261317428
0.30271320304512234	0.2958798157421121
0.312656337451714	0.29708257922073855
0.23697803669043338	0.22672091572108996
0.1496994124547959	0.14252747221723694
0.2165393715213284	0.19845597397336787
0.3248090572819926	0.30129225139593124
0.34469532609517584	0.3265502844470871
0.22316812779238948	0.22190986180658406
0.14307065618373485	0.15455510700350164
0.13423231448898673	0.14312885395655014
0.18284319381010128	0.2020642644092473
0.34193334431556704	0.34399035488717095
0.33806656982411476	0.321137848793268
0.2143297860976414	0.2170988078920782
0.14251825982781308	0.1407233269992972
0.23090167677529408	0.22311262528521053
0.29332246499445247	0.2964811974814253
0.2938748613503743	0.2862577079131003
0.15909015050546577	0.16658274178976634
0.26017868363914715	0.24716789485773996
0.25465472007992956	0.26761487399439
0.24360679296149448	0.2309305878962826
0.21377738974171961	0.22611953398177673
0.2215109387246242	0.20807808180237963
0.22372052414831123	0.22672091572108996
0.2143297860976414	0.21349051745619876
0.20493904804697152	0.22792367919971643
0.24747356745294674	0.2423568409432341
0.22482531686015475	0.24295822268254733
0.23587324397858986	0.22491677050315026
0.2215109387246242	0.23634302355010173
0.24636877474110325	0.23514026007147526
0.23587324397858986	0.23514026007147526
0.22316812779238948	0.23333611485353556
0.2303492804193723	0.23874855050735466
0.2281396949956853	0.21288913571688553
0.21598697516540666	0.2020642644092473
0.21377738974171961	0.22611953398177673
0.21212020067395435	0.2092808452810061
0.22095854236870244	0.20988222702031936
0.2115678043180326	0.22010571658864436
0.22040614601278072	0.20807808180237963
0.20217706626736276	0.20507117310581346
0.19996748084367572	0.1828200487512237
0.22261573143646773	0.19484768353748844
0.1977578954199887	0.1954490652768017
0.2027294626232845	0.20627393658443993
0.19720549906406695	0.2177001896313914
0.18781476101339709	0.19965873745199433
0.1977578954199887	0.2104836087596326
0.18947195008116235	0.18462419396916344
0.18726236465747534	0.20026011919130757
0.19389112092853641	0.20627393658443993
0.2143297860976414	0.18342143049053697
0.20217706626736276	0.19123939310160903
0.19223393186077115	0.19003662962298257
0.19002434643708413	0.2008615009306208
0.20549144440289327	0.2158960444134517
0.1867099683015536	0.19845597397336787
0.1949959136403799	0.2026656461485605
0.19223393186077115	0.19965873745199433
0.19223393186077115	0.2074767000630664
0.19554830999630168	0.203868409627187
0.17179526669166617	0.18462419396916344
0.17234766304758792	0.1906380113622958
0.16848088855613563	0.1894352478836693
0.18947195008116235	0.17620484961877814
0.19333872457261467	0.2020642644092473
0.1778716266068055	0.1954490652768017
0.16682369948837036	0.19123939310160903
0.1839479865219448	0.1924421565802355
0.1701380776239009	0.1828200487512237
0.17455724847127493	0.1990573557126811
0.16571890677652684	0.1876311026657296
0.1535661869462482	0.15996754265732077
0.16295692499691808	0.1671841235290796
0.16903328491205738	0.1653799783111399
0.1624045286409963	0.1725965591828987
0.16461411406468332	0.16357583309320017
0.17290005940350966	0.17139379570427224
0.16295692499691808	0.16958965048633254
0.1535661869462482	0.1623730696145737
0.16571890677652684	0.17500208614015167
0.1712428703357444	0.1593661609180075
0.1751096448271967	0.1822186670119105
0.1740048521153532	0.1942463017981752
0.1651665104206051	0.16838688700770607
0.15964254686138754	0.15756201570006784
0.15798535779362227	0.16658274178976634
0.15522337601401348	0.17319794092221194
0.16571890677652684	0.1671841235290796
0.16903328491205738	0.1593661609180075
0.16848088855613563	0.16297445135388694
0.15522337601401348	0.16417721483251344
0.16185213228507453	0.1653799783111399
0.1524613942344047	0.17139379570427224
0.15080420516663945	0.16477859657182664
0.15522337601401348	0.17500208614015167
0.14914701609887418	0.1593661609180075
0.15522337601401348	0.1725965591828987
0.15798535779362227	0.15335234352487517
0.14307065618373485	0.14192609047792368
0.15025180881071767	0.14854128961036928
0.1347847108449085	0.15816339743938104
0.1386514853363608	0.1611703061359472
0.14251825982781308	0.1593661609180075
0.14307065618373485	0.15094681656762224
0.12760355821792568	0.1407233269992972
