DKO	Prdm1KO
0.46585535283062546	0.34047952276763055
0.4363708368286871	0.3622122582634367
0.5543089008364404	0.4418989550813928
0.5071336752333391	0.4274104647508553
0.5366181912352774	0.463631690577199
0.3891956112255858	0.4563874454119302
0.4009894176263611	0.36945650342870545
0.5189274816341144	0.3767007485939742
0.5130305784337267	0.4056777292550491
0.4363708368286871	0.4708759357424677
0.5130305784337267	0.5288298970646176
0.43047393362829944	0.3767007485939742
0.542515094435665	0.4708759357424677
0.4481646432294624	0.44914320024666154
0.4186801272275241	0.3477237679328992
0.4540615464298501	0.4926086712382739
0.49533986883256376	0.4853644260730052
0.5012367720329515	0.463631690577199
0.6132779328403171	0.5360741422298864
0.48944296563217604	0.5143414067340801
0.5719996104376033	0.5070971615688113
0.6132779328403171	0.5578068777256925
0.5543089008364404	0.4853644260730052
0.6250717392410923	0.4781201809077365
0.6014841264395416	0.463631690577199
0.5661027072372157	0.463631690577199
0.6132779328403171	0.6157608390478424
0.6250717392410923	0.5867838583867675
0.7135252872469072	0.543318387395155
0.684040771244969	0.5143414067340801
0.63096864244148	0.4998529164035427
0.719422190447295	0.5940281035520362
0.5661027072372157	0.6085165938825737
0.5248243848345021	0.463631690577199
0.63096864244148	0.5288298970646176
0.684040771244969	0.5070971615688113
0.6663500616438061	0.6302493293783799
0.6663500616438061	0.5940281035520362
0.6899376744453566	0.5143414067340801
0.5896903200387663	0.5215856518993489
0.6250717392410923	0.5360741422298864
0.5602058040368281	0.4998529164035427
0.5837934168383787	0.6157608390478424
0.7548036096496209	0.6592263100394549
0.701731480846132	0.6230050842131112
0.6250717392410923	0.4781201809077365
0.5719996104376033	0.5288298970646176
0.5719996104376033	0.5070971615688113
0.684040771244969	0.5288298970646176
0.6250717392410923	0.6085165938825737
0.6250717392410923	0.3622122582634367
0.5189274816341144	0.43465470991612404
0.5837934168383787	0.6230050842131112
0.6132779328403171	0.6085165938825737
0.6545562552430306	0.6302493293783799
0.6604531584434182	0.6592263100394549
0.5543089008364404	0.4781201809077365
0.7724943192507839	0.6374935745436485
0.7960819320523346	0.7389130068574109
0.8196695448538852	0.7534014971879484
0.7430098032488456	0.6592263100394549
0.8196695448538852	0.5578068777256925
0.7607005128500086	0.6882032907005298
0.7783912224511716	0.7823784778490234
0.7076283840465196	0.6809590455352611
0.7665974160503962	0.6374935745436485
0.8078757384531099	0.7099360261963359
0.8432571576554359	0.789622723014292
0.8432571576554359	0.8475766843364418
0.9494014152624138	0.8620651746669794
0.8491540608558236	0.6954475358657984
0.7076283840465196	0.7461572520226797
0.8196695448538852	0.7026917810310672
0.8078757384531099	0.6737148003699922
0.7960819320523346	0.7461572520226797
0.7783912224511716	0.6954475358657984
0.8373602544550482	0.7099360261963359
0.7312159968480703	0.6302493293783799
0.8845354800581495	0.8113554585100982
0.8196695448538852	0.8403324391711732
0.8491540608558236	0.7389130068574109
0.8019788352527222	0.8548209295017106
0.9140199960600878	0.7389130068574109
0.8196695448538852	0.7171802713616047
0.8609478672565989	0.7534014971879484
0.8078757384531099	0.7968669681795608
0.9376076088616385	0.789622723014292
0.9611952216631892	0.8403324391711732
0.8078757384531099	0.7389130068574109
0.7312159968480703	0.6302493293783799
0.6781438680445813	0.7389130068574109
0.7135252872469072	0.6954475358657984
0.7135252872469072	0.6230050842131112
0.6427624488422553	0.4563874454119302
0.9140199960600878	0.6954475358657984
0.737112900048458	0.7244245165268735
0.9729890280639645	0.8620651746669794
0.9199168992604755	0.8837979101627856
0.7135252872469072	0.6954475358657984
0.48944296563217604	0.34047952276763055
0.44226774002907476	0.31874678727182426
0.7960819320523346	0.6374935745436485
0.9611952216631892	0.927263381154398
1.1616899304763697	0.9634846069807417
0.6132779328403171	0.5505626325604238
0.595587223239154	0.6592263100394549
0.6014841264395416	0.5795396132214987
0.7489067064492333	0.6302493293783799
0.737112900048458	0.6374935745436485
0.6663500616438061	0.5795396132214987
0.4717522560310131	0.4708759357424677
0.7960819320523346	0.6882032907005298
0.9729890280639645	0.7316687616921421
0.9494014152624138	0.8041112133448295
0.9729890280639645	0.6592263100394549
0.6781438680445813	0.5867838583867675
0.6604531584434182	0.7026917810310672
0.8373602544550482	0.8041112133448295
0.9788859312643521	0.9852173424765478
0.8845354800581495	0.8837979101627856
0.8078757384531099	0.6374935745436485
0.7312159968480703	0.5505626325604238
0.7842881256515593	0.789622723014292
0.9552983184628016	0.7026917810310672
0.8491540608558236	0.7678899875184858
0.8137726416534976	0.6809590455352611
0.7548036096496209	0.543318387395155
0.8196695448538852	0.6737148003699922
0.684040771244969	0.6954475358657984
0.7665974160503962	0.7244245165268735
0.7430098032488456	0.6374935745436485
0.6781438680445813	0.6954475358657984
0.701731480846132	0.6447378197089174
0.7430098032488456	0.57229536805623
0.8078757384531099	0.6592263100394549
0.737112900048458	0.6230050842131112
0.6722469648441937	0.5578068777256925
0.7548036096496209	0.7244245165268735
0.719422190447295	0.6230050842131112
0.7724943192507839	0.6519820648741861
0.719422190447295	0.601272348717305
0.7076283840465196	0.6374935745436485
0.7430098032488456	0.6447378197089174
0.6958345776457443	0.57229536805623
0.9022261896593126	0.6230050842131112
0.8491540608558236	0.6664705552047235
0.7607005128500086	0.7099360261963359
0.7665974160503962	0.7316687616921421
0.7607005128500086	0.6302493293783799
0.595587223239154	0.6519820648741861
0.648659352042643	0.57229536805623
0.6604531584434182	0.6230050842131112
0.7312159968480703	0.5070971615688113
0.6604531584434182	0.463631690577199
0.6427624488422553	0.6085165938825737
0.6545562552430306	0.6882032907005298
0.595587223239154	0.601272348717305
0.6663500616438061	0.6230050842131112
0.46585535283062546	0.4708759357424677
0.6663500616438061	0.5867838583867675
0.6014841264395416	0.6230050842131112
0.701731480846132	0.6519820648741861
0.63096864244148	0.44914320024666154
0.542515094435665	0.43465470991612404
0.5837934168383787	0.5215856518993489
0.5896903200387663	0.5578068777256925
0.5837934168383787	0.4201662195855866
0.5837934168383787	0.4418989550813928
0.6073810296399293	0.5288298970646176
0.6014841264395416	0.5795396132214987
0.6545562552430306	0.4998529164035427
0.63096864244148	0.57229536805623
0.595587223239154	0.5650511228909613
0.5602058040368281	0.5867838583867675
0.5896903200387663	0.5215856518993489
0.5189274816341144	0.5650511228909613
0.5071336752333391	0.41292197442031786
0.5719996104376033	0.3984334840897804
0.542515094435665	0.33323527760236177
0.5719996104376033	0.5578068777256925
0.48944296563217604	0.3622122582634367
0.5307212880348897	0.4563874454119302
0.5012367720329515	0.4274104647508553
0.4717522560310131	0.44914320024666154
0.577896513637991	0.5650511228909613
0.4540615464298501	0.5143414067340801
0.4363708368286871	0.4563874454119302
0.4009894176263611	0.4853644260730052
0.4481646432294624	0.3115025421065556
0.4835460624317884	0.4998529164035427
0.5071336752333391	0.36945650342870545
0.5661027072372157	0.44914320024666154
0.5248243848345021	0.4056777292550491
0.5248243848345021	0.4853644260730052
0.5602058040368281	0.4201662195855866
0.5071336752333391	0.44914320024666154
0.4776491592314008	0.4781201809077365
0.46585535283062546	0.4274104647508553
0.4481646432294624	0.3622122582634367
0.39509251442597343	0.4056777292550491
