DKO	Prdm1KO
0.462533679508888	0.4489598016348826
0.48537484886735166	0.5752297458446933
0.5367674799238947	0.5541847551430582
0.5310571875842789	0.7014996900545041
0.48537484886735166	0.6243347241485085
0.5196366029050471	0.540154761341968
0.47395426418811987	0.48403478613760775
0.40543075611272905	0.5050797768392429
0.4511130948296563	0.5682147489441483
0.5025057258861994	0.6383647179495986
0.4796645565277357	0.46298979543597263
0.5596086492823584	0.49806477993869785
0.5139263105654313	0.5682147489441483
0.5424777722635107	0.512094773739788
0.4967954335465835	0.6313497210490536
0.48537484886735166	0.5892597396457833
0.4511130948296563	0.526124767540878
0.47395426418811987	0.5471697582425131
0.4568233871692722	0.4910497830381528
0.5710292339615902	0.5822447427452384
0.6281321573577493	0.7365746745572292
0.4967954335465835	0.6313497210490536
0.5481880646031266	0.5050797768392429
0.47395426418811987	0.5471697582425131
0.5538983569427426	0.6103047303474185
0.588160110980438	0.6313497210490536
0.462533679508888	0.5471697582425131
0.6110012803389014	0.4910497830381528
0.5938704033200538	0.5331397644414231
0.7366277118104514	0.7014996900545041
0.6052909879992856	0.7014996900545041
0.43398221781080853	0.5682147489441483
0.5538983569427426	0.540154761341968
0.6167115726785174	0.680454699352869
0.5995806956596696	0.8417996280654049
0.5310571875842789	0.5892597396457833
0.5995806956596696	0.5541847551430582
0.6623939113954447	0.5962747365463283
0.6566836190558287	0.694484693153959
0.6738144960746765	0.7365746745572292
0.7080762501123719	0.6734397024523239
0.5596086492823584	0.6734397024523239
0.5596086492823584	0.5822447427452384
0.5481880646031266	0.708514686955049
0.6338424496973651	0.7014996900545041
0.5139263105654313	0.47000479233651765
0.5653189416219743	0.5471697582425131
0.4796645565277357	0.5611997520436033
0.6224218650181333	0.7856796528610445
0.7194968347916036	0.7295596776566842
0.5995806956596696	0.7225446807561392
0.6167115726785174	0.7365746745572292
0.6338424496973651	0.6523947117506887
0.5424777722635107	0.5962747365463283
0.48537484886735166	0.6874696962534139
0.4910851412069676	0.5822447427452384
0.5310571875842789	0.5611997520436033
0.7823100505273786	0.7856796528610445
0.6281321573577493	0.7365746745572292
0.6338424496973651	0.7716496590599544
0.7080762501123719	0.8488146249659498
0.7194968347916036	0.5962747365463283
0.5767395263012061	0.6243347241485085
0.7309174194708354	0.7646346621594093
0.6852350807539083	0.7997096466621345
0.7880203428669945	0.9610545753746704
0.6281321573577493	0.8067246435626796
0.7309174194708354	0.7295596776566842
0.6738144960746765	0.7997096466621345
0.7194968347916036	0.8558296218664949
0.7480482964896832	0.9119495970708553
0.816571804565074	0.8137396404632247
0.7423380041500673	0.7435896714577743
0.6966556654331401	0.7155296838555941
0.6224218650181333	0.6734397024523239
0.8337026815839217	0.9400095846730353
0.8394129739235375	0.8207546373637696
0.8451232662631535	0.8558296218664949
0.7080762501123719	0.869859615667585
0.6452630343765969	0.6523947117506887
0.8222820969046899	0.9049346001703102
0.816571804565074	0.9820995660763056
0.8337026815839217	0.9400095846730353
0.8051512198858422	0.9540395784741255
0.8337026815839217	0.86284461876704
0.7651791735085308	0.8488146249659498
0.8279923892443058	0.9119495970708553
0.7937306352066104	0.7576196652588643
0.8965158973196966	0.9119495970708553
0.588160110980438	0.5682147489441483
0.5938704033200538	0.7506046683583192
0.6224218650181333	0.6313497210490536
0.5995806956596696	0.8417996280654049
0.8565438509423853	0.8277696342643147
0.639552742036981	0.7576196652588643
0.5710292339615902	0.5752297458446933
0.5995806956596696	0.5611997520436033
0.6338424496973651	0.7225446807561392
0.759468881168915	0.7576196652588643
0.6452630343765969	0.7435896714577743
0.5082160182258153	0.49806477993869785
0.5596086492823584	0.6523947117506887
0.7080762501123719	0.8417996280654049
0.759468881168915	0.6243347241485085
0.6452630343765969	0.5822447427452384
0.6738144960746765	0.6032897334468734
0.5253468952446629	0.5331397644414231
0.6966556654331401	0.7225446807561392
0.5653189416219743	0.7786646559604994
0.7480482964896832	0.7506046683583192
0.702365957772756	0.5682147489441483
0.5710292339615902	0.5822447427452384
0.7080762501123719	0.7435896714577743
0.7423380041500673	0.6664247055517788
0.8451232662631535	0.869859615667585
0.8850953126404648	0.9259795908719453
0.8508335586027694	0.8137396404632247
0.9136467743385444	0.9610545753746704
0.873674727961233	1.024189547479576
0.8337026815839217	0.86284461876704
0.7937306352066104	0.86284461876704
0.8222820969046899	0.9750845691757606
0.8337026815839217	0.9329945877724903
0.759468881168915	0.869859615667585
0.759468881168915	0.9610545753746704
0.8108615122254581	0.8558296218664949
0.7994409275462262	0.8207546373637696
0.6966556654331401	1.003144556777941
0.7480482964896832	0.8488146249659498
0.9136467743385444	0.9961295598773957
0.7137865424519878	0.8277696342643147
0.7252071271312195	0.8347846311648598
0.8622541432820012	0.8347846311648598
0.6338424496973651	0.87687461256813
0.7880203428669945	0.7997096466621345
0.7651791735085308	0.7506046683583192
0.6795247884142923	0.6243347241485085
0.7366277118104514	0.8347846311648598
0.6509733267162128	0.6103047303474185
0.6338424496973651	0.6383647179495986
0.6566836190558287	0.6664247055517788
0.6738144960746765	0.5611997520436033
0.6452630343765969	0.7295596776566842
0.702365957772756	0.7576196652588643
0.7194968347916036	0.7576196652588643
0.702365957772756	0.7646346621594093
0.7423380041500673	0.7295596776566842
0.6795247884142923	0.6664247055517788
0.6281321573577493	0.6453797148501437
0.5424777722635107	0.5752297458446933
0.4796645565277357	0.6032897334468734
0.7252071271312195	0.7225446807561392
0.6281321573577493	0.5541847551430582
0.6052909879992856	0.6664247055517788
0.6224218650181333	0.6173197272479635
0.6509733267162128	0.5191097706403329
0.4796645565277357	0.6734397024523239
0.639552742036981	0.7225446807561392
0.6623939113954447	0.8067246435626796
0.6452630343765969	0.7295596776566842
0.5481880646031266	0.680454699352869
0.4454028024900404	0.49806477993869785
0.5367674799238947	0.5682147489441483
0.6110012803389014	0.7155296838555941
0.6681042037350605	0.7014996900545041
0.7137865424519878	0.5541847551430582
0.6338424496973651	0.5892597396457833
0.7309174194708354	0.7506046683583192
0.5710292339615902	0.6453797148501437
0.6509733267162128	0.6734397024523239
0.588160110980438	0.5892597396457833
0.6509733267162128	0.7506046683583192
0.6623939113954447	0.7646346621594093
0.6281321573577493	0.6523947117506887
0.6681042037350605	0.6664247055517788
0.5424777722635107	0.6453797148501437
0.5653189416219743	0.5541847551430582
0.5025057258861994	0.6103047303474185
0.5767395263012061	0.540154761341968
0.5310571875842789	0.5331397644414231
0.5196366029050471	0.47701978923706273
0.4568233871692722	0.46298979543597263
0.5424777722635107	0.6032897334468734
0.5995806956596696	0.6734397024523239
0.5139263105654313	0.5611997520436033
0.48537484886735166	0.6032897334468734
0.5653189416219743	0.5682147489441483
0.5139263105654313	0.4489598016348826
0.5082160182258153	0.47000479233651765
0.5025057258861994	0.5331397644414231
0.5596086492823584	0.48403478613760775
0.5938704033200538	0.5191097706403329
0.3768792944146495	0.3647798388283421
0.41114104845234495	0.46298979543597263
0.462533679508888	0.5191097706403329
0.5596086492823584	0.5471697582425131
0.4511130948296563	0.41388481713215736
0.4511130948296563	0.3858248295299772
0.42256163313157674	0.39985482333106726
0.37116900207503367	0.540154761341968
