WT	KO
0.21365964689119465	0.23256410500463465
0.2152079052020004	0.22485479765641472
0.19043577222910826	0.21457572119212145
0.20746661364797161	0.21971525942426812
0.21056313026958312	0.21714549030819477
0.2152079052020004	0.24284318146892786
0.1935322888507198	0.2338489895626713
0.20127358040474858	0.20429664472782824
0.2183044218236119	0.23770364323678125
0.24772132972892133	0.22742456677248804
0.22140093844522343	0.2569769116073311
0.23069048831005798	0.25569202704929445
0.23069048831005798	0.23513387412070794
0.21056313026958312	0.23256410500463465
0.23069048831005798	0.2672559880716243
0.2337870049316695	0.26597110351358766
0.24307655479650403	0.24926760425911118
0.22449745506683494	0.25826179616536776
0.2183044218236119	0.23513387412070794
0.2554626212829501	0.24926760425911118
0.25701087959375585	0.23256410500463465
0.24307655479650403	0.22100014398230475
0.25391436297214437	0.27239552630377095
0.22140093844522343	0.22613968221445138
0.24307655479650403	0.2595466807234044
0.22449745506683494	0.2466978351430379
0.22449745506683494	0.26468621895555106
0.2523661046613386	0.2544071424912578
0.26475217114778465	0.2544071424912578
0.2446248131073098	0.26468621895555106
0.2554626212829501	0.2736804108618076
0.23998003817489252	0.24798271970107452
0.2337870049316695	0.2389885277948179
0.2616556545261731	0.26211644983947774
0.2523661046613386	0.2801048336519909
0.287976045809871	0.26211644983947774
0.2446248131073098	0.2672559880716243
0.25855913790456164	0.2608315652814411
0.2523661046613386	0.24541295058500123
0.2446248131073098	0.27496529541984427
0.2632039128369789	0.2544071424912578
0.29881385398551136	0.305802524812724
0.2678486877693962	0.27239552630377095
0.2848795291882595	0.2711106417457343
0.28952430412067676	0.2801048336519909
0.25855913790456164	0.25055248881714787
0.2554626212829501	0.268540872629661
0.32358598695840346	0.3186513703930906
0.3003621122963171	0.31351183216094397
0.2848795291882595	0.2801048336519909
0.2848795291882595	0.3186513703930906
0.2848795291882595	0.2801048336519909
0.2957173373638999	0.2826746027680642
0.275589979323425	0.305802524812724
0.3251342452692092	0.32122113950916387
0.32977902020162647	0.29166879467432083
0.3158446954043747	0.32122113950916387
0.31119992047195744	0.27753506453591764
0.3251342452692092	0.3366397542056037
0.32977902020162647	0.2890990255582475
0.29107256243148255	0.309657178486834
0.29881385398551136	0.3032327556966507
0.29881385398551136	0.30194787113861404
0.3142964370935689	0.3237909086252372
0.3468098616204899	0.3122269476029073
0.3142964370935689	0.3186513703930906
0.3142964370935689	0.31094206304487065
0.3019103706071229	0.31094206304487065
0.3251342452692092	0.31351183216094397
0.3390685700664611	0.3404944078797137
0.35764766979613016	0.3379246387636404
0.3204894703367919	0.32507579318327384
0.36074418641774164	0.3122269476029073
0.30500688722873437	0.2968083329064674
0.33752031175565533	0.36747698359848346
0.3344237951340438	0.3404944078797137
0.33132727851243227	0.3404944078797137
0.332875536823238	0.3327851005314938
0.35145463655290715	0.3366397542056037
0.3468098616204899	0.3160816012770173
0.371581994593382	0.31351183216094397
0.3344237951340438	0.34306417699578706
0.332875536823238	0.3494885997859703
0.36074418641774164	0.346918830669897
0.35764766979613016	0.3366397542056037
0.326682503580015	0.3366397542056037
0.2709452043910077	0.2608315652814411
0.25701087959375585	0.24541295058500123
0.2446248131073098	0.24284318146892786
0.2802347542558422	0.22999433588856133
0.3762267695257993	0.3404944078797137
0.30965166216115164	0.29809321746450407
0.2802347542558422	0.26468621895555106
0.1935322888507198	0.1734594153349485
0.2957173373638999	0.24284318146892786
0.3421650866880726	0.3302153314154205
0.18888751391830252	0.2017268756117549
0.2740417210126192	0.27239552630377095
0.27249346270181346	0.2389885277948179
0.23998003817489252	0.2222850285403414
0.2941690790530941	0.27881994909395424
0.21056313026958312	0.21329083663408482
0.2616556545261731	0.2736804108618076
0.31119992047195744	0.2826746027680642
0.18424273898588522	0.1734594153349485
0.3468098616204899	0.3122269476029073
0.281783012566648	0.29809321746450407
0.23223874662086375	0.19787222193764495
0.2848795291882595	0.2608315652814411
0.2848795291882595	0.28524437188413754
0.32358598695840346	0.3186513703930906
0.2337870049316695	0.22100014398230475
0.21985268013441767	0.22356991309837806
0.25391436297214437	0.24541295058500123
0.29107256243148255	0.29552344834843075
0.3359720534448496	0.3186513703930906
0.32977902020162647	0.3122269476029073
0.3406168283772668	0.3404944078797137
0.34371334499887835	0.3456339461118604
0.34371334499887835	0.3584827916922269
0.332875536823238	0.3520583689020436
0.35145463655290715	0.3443490615538237
0.34990637824210136	0.3520583689020436
0.3669372196609647	0.33920952332167703
0.3220377286475977	0.3494885997859703
0.32977902020162647	0.31736648583505395
0.34990637824210136	0.35077348434400696
0.3189412120259862	0.2968083329064674
0.3359720534448496	0.31736648583505395
0.34371334499887835	0.3327851005314938
0.326682503580015	0.3456339461118604
0.3204894703367919	0.3083722939287973
0.3158446954043747	0.27881994909395424
0.332875536823238	0.3225060240672005
0.3421650866880726	0.3199362549511272
0.32358598695840346	0.3070874093707606
0.3220377286475977	0.3327851005314938
0.3142964370935689	0.3661920990404468
0.3189412120259862	0.2942385637903941
0.3468098616204899	0.29166879467432083
0.3142964370935689	0.2993781020225407
0.31739295371518045	0.3070874093707606
0.30345862891792863	0.27753506453591764
0.3220377286475977	0.2826746027680642
0.3019103706071229	0.309657178486834
0.2926208207422883	0.30451764025468736
0.30655514553954016	0.30194787113861404
0.3003621122963171	0.2993781020225407
0.2709452043910077	0.28781414100021085
0.27868649594503647	0.30451764025468736
0.30965166216115164	0.2634013343975144
0.2864277874990653	0.26597110351358766
0.3081034038503459	0.3225060240672005
0.287976045809871	0.30451764025468736
0.2678486877693962	0.2890990255582475
0.2740417210126192	0.27496529541984427
0.2926208207422883	0.26211644983947774
0.2957173373638999	0.30451764025468736
0.25391436297214437	0.2839594873261009
0.275589979323425	0.25569202704929445
0.23688352155328102	0.24155829691089123
0.26630042945859045	0.2762501799778809
0.2709452043910077	0.28781414100021085
0.2941690790530941	0.28138971821002756
0.2601073962153674	0.29166879467432083
0.2678486877693962	0.25312225793322113
0.25855913790456164	0.2338489895626713
0.2632039128369789	0.23770364323678125
0.26475217114778465	0.2801048336519909
0.2601073962153674	0.2736804108618076
0.25701087959375585	0.24155829691089123
0.24617307141811556	0.27496529541984427
0.2616556545261731	0.25312225793322113
0.2601073962153674	0.2569769116073311
0.22604571337764073	0.24284318146892786
0.22294919675602917	0.25312225793322113
0.23533526324247525	0.26468621895555106
0.23069048831005798	0.2634013343975144
0.22604571337764073	0.26211644983947774
0.23998003817489252	0.28524437188413754
0.2183044218236119	0.22485479765641472
0.21985268013441767	0.21971525942426812
0.24307655479650403	0.22100014398230475
0.23069048831005798	0.23770364323678125
0.18424273898588522	0.21714549030819477
0.2183044218236119	0.2158606057501581
0.24772132972892133	0.26211644983947774
0.23223874662086375	0.2569769116073311
0.24617307141811556	0.22100014398230475
0.1935322888507198	0.22356991309837806
0.20746661364797161	0.22742456677248804
0.23223874662086375	0.22485479765641472
0.24307655479650403	0.21200595207604817
0.22604571337764073	0.22870945133052467
0.23069048831005798	0.24412806602696457
0.20127358040474858	0.23256410500463465
0.19043577222910826	0.20044199105371827
0.20746661364797161	0.22485479765641472
0.2121113885803889	0.22999433588856133
0.22604571337764073	0.25312225793322113
