WT	KO
0.2489530228856963	0.23871826418037778
0.23476399049324728	0.21944952536761186
0.23734381456460166	0.21837903987801377
0.268301703420854	0.25584603201394746
0.27991091174194865	0.26762137239952666
0.2695916154565312	0.2515640900555551
0.25927231917111376	0.25049360456595693
0.26443196731382246	0.2258724383052005
0.2695916154565312	0.2440706916283683
0.2489530228856963	0.26226894495153613
0.25927231917111376	0.2526345755451532
0.27991091174194865	0.26226894495153613
0.27475126359923996	0.24942311907635883
0.26572187934949965	0.24728214809716265
0.2824907358133031	0.2526345755451532
0.3121587126338783	0.2772557418059096
0.29023020802736615	0.26548040142033047
0.2953898561700749	0.27511477082671343
0.27991091174194865	0.2665508869099285
0.29023020802736615	0.26762137239952666
0.3147385367052326	0.2783262272955077
0.2992595922771064	0.28153768376430205
0.3121587126338783	0.2772557418059096
0.29409994413439766	0.2761852563163115
0.3095788885625239	0.28796059670189067
0.3276376570620045	0.26869185788912475
0.2966797682057521	0.26869185788912475
0.28894029599168897	0.26869185788912475
0.3366670413117447	0.2997359370874699
0.3366670413117447	0.3329209872650112
0.3018394163484608	0.3093703064938528
0.331507393169036	0.2644099159307324
0.2876503839560118	0.26762137239952666
0.3095788885625239	0.26762137239952666
0.3431166014901306	0.28153768376430205
0.3327973052047132	0.28260816925390014
0.3263477450263273	0.3190046759002358
0.331507393169036	0.29545399512907744
0.3405367774187763	0.30401787904586225
0.3689148422036743	0.31686370492103955
0.3444065135258078	0.2922425386602831
0.3250578329906501	0.29545399512907744
0.3521459857398709	0.29438350963947935
0.3327973052047132	0.3179341904106377
0.3611753699896112	0.2986654515978717
0.3727845783107058	0.3200751613898339
0.3327973052047132	0.3104407919834509
0.3276376570620045	0.31258176296264717
0.3779442264534146	0.3200751613898339
0.3650451060966427	0.3254275888378244
0.3779442264534146	0.3318505017754131
0.3766543144177374	0.3382734147130017
0.3650451060966427	0.311511277473049
0.3727845783107058	0.30829982100425474
0.38697361070315484	0.3093703064938528
0.3921332588458636	0.3275685598170206
0.3534358977755481	0.32863904530661875
0.3895534347745092	0.3275685598170206
0.3611753699896112	0.3104407919834509
0.3947130829172179	0.341484871181796
0.3727845783107058	0.3500487550985809
0.4437297402729509	0.3543306970569733
0.4089021153096669	0.3596831245049638
0.4050323792026354	0.3586126390153657
0.3714946662750287	0.33506195824420737
0.3934231708815408	0.3393439002025998
0.374074490346383	0.3446963276505904
0.39729290698857234	0.3457668131401884
0.43212053195185623	0.3457668131401884
0.42567097177347035	0.3446963276505904
0.4347003560232106	0.36075360999456196
0.42696088380914754	0.34897826960898276
0.4282507958448247	0.3586126390153657
0.4295407078805019	0.3339914727546093
0.4385700921302421	0.3532602115673752
0.4153516754880529	0.3575421535257676
0.4334104439875334	0.36289458097375815
0.45404903655836837	0.37788137782813164
0.44243982823727374	0.3671765229321506
0.46178850877243144	0.351119240588179
0.41148193938102134	0.38751574723451465
0.388263522738832	0.3500487550985809
0.40245255513128103	0.34255535667139414
0.3779442264534146	0.3050883645354604
0.3095788885625239	0.26762137239952666
0.317318360776587	0.2697623433787229
0.3392468653830991	0.2793967127851058
0.3366670413117447	0.2890310821914888
0.29023020802736615	0.27511477082671343
0.2876503839560118	0.2419297206491721
0.37923413848909177	0.3018769080666661
0.5172547263065503	0.4078549715368786
0.49145648559300664	0.4057140005576824
0.374074490346383	0.33506195824420737
0.24508328677866473	0.2269429237947986
0.32376792095497287	0.29759496610827363
0.494036309664361	0.4271237103496445
0.5791705040190551	0.4827889558087461
0.4050323792026354	0.29545399512907744
0.13673067578178139	0.10811903444940876
0.13286093967474982	0.11454194738699743
0.3624652820252884	0.2901015676810869
0.5765906799477006	0.4838594412983442
0.5211244624135819	0.4207007974120559
0.3663350181323199	0.28046719827470395
0.2721714395278856	0.22801340928439673
0.4218012356664388	0.311511277473049
0.4205113236307616	0.3532602115673752
0.50822534205681	0.43140565230803696
0.3560157218469025	0.2858196257226945
0.2837806478489802	0.23229535124278913
0.2863604719203346	0.2644099159307324
0.3160284487409098	0.3061588500250585
0.3534358977755481	0.30080642257706797
0.317318360776587	0.2644099159307324
0.3444065135258078	0.2633394304411342
0.3405367774187763	0.3222161323690301
0.41664158752373004	0.35540118254657144
0.38310387459612333	0.32649807432742256
0.4063222912383126	0.3800223488073279
0.4630784208081086	0.38751574723451465
0.4295407078805019	0.3800223488073279
0.451469212487014	0.36182409548416006
0.4153516754880529	0.381092834296926
0.4153516754880529	0.3671765229321506
0.4101920273453441	0.3586126390153657
0.4192214115950844	0.36289458097375815
0.423091147702116	0.37574040684893545
0.40245255513128103	0.37788137782813164
0.41277185141669853	0.36075360999456196
0.40245255513128103	0.37038797940094487
0.3985828190242495	0.34897826960898276
0.3482762496328394	0.341484871181796
0.3727845783107058	0.31579321943144145
0.3934231708815408	0.33506195824420737
0.4037424671669582	0.3735994358697392
0.3921332588458636	0.3446963276505904
0.3547258098112253	0.32863904530661875
0.3714946662750287	0.3275685598170206
0.4011626430956039	0.3725289503801411
0.4179314995594072	0.3393439002025998
0.3547258098112253	0.3243571033482263
0.3611753699896112	0.3254275888378244
0.3921332588458636	0.33078001628581494
0.388263522738832	0.2986654515978717
0.38181396256044614	0.34790778411938467
0.37923413848909177	0.3179341904106377
0.3521459857398709	0.3329209872650112
0.3250578329906501	0.30080642257706797
0.33408721724039037	0.3093703064938528
0.3405367774187763	0.3372029292234036
0.3663350181323199	0.3061588500250585
0.3753644023820602	0.3329209872650112
0.3534358977755481	0.2965244806186756
0.3895534347745092	0.3104407919834509
0.3611753699896112	0.33613244373380546
0.3263477450263273	0.2901015676810869
0.3534358977755481	0.3018769080666661
0.3650451060966427	0.30080642257706797
0.33408721724039037	0.311511277473049
0.3534358977755481	0.311511277473049
0.331507393169036	0.31258176296264717
0.3108688005982011	0.29759496610827363
0.30441924041981516	0.2644099159307324
0.3469863375971622	0.30080642257706797
0.3702047542393515	0.2901015676810869
0.3418266894544535	0.2868901112122926
0.3147385367052326	0.28153768376430205
0.3121587126338783	0.2783262272955077
0.3379569533474219	0.3093703064938528
0.2928100320987205	0.2836786547434983
0.3147385367052326	0.311511277473049
0.2837806478489802	0.2868901112122926
0.3289275690976816	0.27511477082671343
0.2773310876705943	0.2793967127851058
0.30441924041981516	0.2719033143579191
0.303129328384138	0.261198459461938
0.317318360776587	0.2740442853371153
0.3018394163484608	0.26869185788912475
0.31860827281226417	0.2868901112122926
0.30570915245549235	0.2772557418059096
0.317318360776587	0.2868901112122926
0.28894029599168897	0.26548040142033047
0.27475126359923996	0.25477554652434936
0.23605390252892447	0.22908389477399485
0.27604117563491715	0.24621166260756455
0.2979696802414293	0.26869185788912475
0.2928100320987205	0.24085923515957403
0.27604117563491715	0.2665508869099285
0.2579824071354366	0.24621166260756455
0.2670117913851769	0.2579870029931437
0.2579824071354366	0.2397887496699759
0.2915201200630433	0.2569165175035456
0.3018394163484608	0.2761852563163115
0.2695916154565312	0.2569165175035456
0.25153284695705064	0.25905748848274185
0.25024293492137345	0.2430002061387702
0.26443196731382246	0.2419297206491721
0.27346135156356277	0.23229535124278913
0.2489530228856963	0.24728214809716265
