WT	KO
0.20689918913615798	0.22893817423614377
0.14942719215389189	0.16216454008393516
0.17241599094679833	0.1860122665668668
0.20689918913615798	0.2146295383463848
0.20115198943793136	0.19555135716003946
0.17816319064502492	0.19078181186345314
0.3160959834024636	0.19078181186345314
0.2701183858166507	0.1812427212702805
0.19540478973970474	0.2623249913122481
0.23563518762729105	0.24324681012590277
0.19540478973970474	0.2480163554224891
0.25287678672197084	0.22893817423614377
0.23563518762729105	0.24324681012590277
0.16092159155034508	0.21939908364297112
0.24138238732551764	0.2718640819054207
0.24138238732551764	0.22416862893955744
0.20115198943793136	0.22416862893955744
0.24712958702374424	0.2480163554224891
0.23563518762729105	0.2337077195327301
0.2701183858166507	0.2337077195327301
0.25287678672197084	0.2527859007190754
0.18965759004147814	0.26709453660883437
0.22988798792906442	0.26709453660883437
0.24138238732551764	0.2861727177951797
0.20115198943793136	0.3004813536849387
0.23563518762729105	0.2480163554224891
0.24712958702374424	0.2861727177951797
0.24138238732551764	0.26709453660883437
0.23563518762729105	0.26709453660883437
0.21839358853261118	0.28140317249859337
0.24712958702374424	0.23847726482931642
0.22988798792906442	0.24324681012590277
0.19540478973970474	0.25755544601566177
0.2643711861184241	0.2480163554224891
0.2758655855148773	0.24324681012590277
0.2873599849113305	0.3100204442781114
0.24138238732551764	0.28140317249859337
0.22988798792906442	0.2527859007190754
0.25862398642019746	0.27663362720200707
0.3046015840060104	0.29571180838835237
0.25862398642019746	0.2909422630917661
0.2701183858166507	0.27663362720200707
0.2701183858166507	0.2623249913122481
0.25862398642019746	0.2861727177951797
0.3333375824971434	0.3004813536849387
0.3160959834024636	0.3004813536849387
0.2816127852131039	0.26709453660883437
0.24138238732551764	0.3243290801678703
0.2873599849113305	0.2480163554224891
0.2643711861184241	0.3290986254644567
0.2701183858166507	0.2480163554224891
0.33908478219537	0.28140317249859337
0.29885438430778377	0.25755544601566177
0.32184318310069016	0.26709453660883437
0.3046015840060104	0.25755544601566177
0.2873599849113305	0.29571180838835237
0.29310718460955715	0.28140317249859337
0.29885438430778377	0.23847726482931642
0.29885438430778377	0.2861727177951797
0.31034878370423696	0.319559534871284
0.32184318310069016	0.27663362720200707
0.32184318310069016	0.28140317249859337
0.2873599849113305	0.27663362720200707
0.2241407882308378	0.22893817423614377
0.24712958702374424	0.2909422630917661
0.3275903827989168	0.362485442540561
0.3160959834024636	0.3243290801678703
0.31034878370423696	0.3100204442781114
0.25287678672197084	0.25755544601566177
0.24138238732551764	0.31478998957469767
0.23563518762729105	0.2861727177951797
0.25862398642019746	0.26709453660883437
0.2758655855148773	0.28140317249859337
0.3046015840060104	0.26709453660883437
0.33908478219537	0.319559534871284
0.3160959834024636	0.3290986254644567
0.33908478219537	0.3100204442781114
0.25287678672197084	0.22416862893955744
0.2873599849113305	0.319559534871284
0.34483198189359665	0.26709453660883437
0.34483198189359665	0.333868170761043
0.3275903827989168	0.3243290801678703
0.2643711861184241	0.2623249913122481
0.2701183858166507	0.2718640819054207
0.22988798792906442	0.26709453660883437
0.25862398642019746	0.2623249913122481
0.29885438430778377	0.2623249913122481
0.29885438430778377	0.23847726482931642
0.2701183858166507	0.26709453660883437
0.29310718460955715	0.26709453660883437
0.2126463888343846	0.2480163554224891
0.20689918913615798	0.24324681012590277
0.25287678672197084	0.2623249913122481
0.2816127852131039	0.24324681012590277
0.2873599849113305	0.25755544601566177
0.17816319064502492	0.2050904477532121
0.2241407882308378	0.17170363067710784
0.1666687912485717	0.12877772300783089
0.33908478219537	0.28140317249859337
0.45977597585812885	0.38633316902349263
0.45977597585812885	0.3577158972439747
0.4195455779705426	0.37679407843032
0.3046015840060104	0.348176806650802
0.18391039034325155	0.17647317597369416
0.25287678672197084	0.20985999304979847
0.2643711861184241	0.24324681012590277
0.2701183858166507	0.27663362720200707
0.2643711861184241	0.2909422630917661
0.25287678672197084	0.2050904477532121
0.20115198943793136	0.22893817423614377
0.18965759004147814	0.1860122665668668
0.24138238732551764	0.2480163554224891
0.24138238732551764	0.2480163554224891
0.2873599849113305	0.31478998957469767
0.24712958702374424	0.2909422630917661
0.20689918913615798	0.27663362720200707
0.29885438430778377	0.28140317249859337
0.2816127852131039	0.3100204442781114
0.3046015840060104	0.305250898981525
0.2758655855148773	0.2909422630917661
0.24712958702374424	0.2718640819054207
0.2241407882308378	0.25755544601566177
0.2701183858166507	0.22893817423614377
0.25862398642019746	0.2623249913122481
0.35632638129004984	0.3004813536849387
0.2701183858166507	0.2480163554224891
0.29885438430778377	0.3386377160576293
0.2873599849113305	0.3290986254644567
0.29885438430778377	0.3004813536849387
0.2758655855148773	0.305250898981525
0.25287678672197084	0.2146295383463848
0.2701183858166507	0.2718640819054207
0.2873599849113305	0.28140317249859337
0.31034878370423696	0.2623249913122481
0.29885438430778377	0.2480163554224891
0.24138238732551764	0.29571180838835237
0.2701183858166507	0.28140317249859337
0.23563518762729105	0.22893817423614377
0.3046015840060104	0.2527859007190754
0.2643711861184241	0.3100204442781114
0.3160959834024636	0.26709453660883437
0.2816127852131039	0.27663362720200707
0.3046015840060104	0.26709453660883437
0.24712958702374424	0.3100204442781114
0.2816127852131039	0.2623249913122481
0.2643711861184241	0.28140317249859337
0.22988798792906442	0.27663362720200707
0.3046015840060104	0.2480163554224891
0.22988798792906442	0.2909422630917661
0.2126463888343846	0.2909422630917661
0.23563518762729105	0.2480163554224891
0.25862398642019746	0.2527859007190754
0.24138238732551764	0.22416862893955744
0.2643711861184241	0.2909422630917661
0.25287678672197084	0.2861727177951797
0.25287678672197084	0.2527859007190754
0.2643711861184241	0.20032090245662582
0.2241407882308378	0.22416862893955744
0.23563518762729105	0.2146295383463848
0.18391039034325155	0.2050904477532121
0.20689918913615798	0.22416862893955744
0.1666687912485717	0.23847726482931642
0.25862398642019746	0.2337077195327301
0.25287678672197084	0.25755544601566177
0.18965759004147814	0.23847726482931642
0.24138238732551764	0.2527859007190754
0.15517439185211848	0.20032090245662582
0.25862398642019746	0.22893817423614377
0.22988798792906442	0.2480163554224891
0.15517439185211848	0.20985999304979847
0.18965759004147814	0.23847726482931642
0.18391039034325155	0.26709453660883437
0.2241407882308378	0.25755544601566177
0.19540478973970474	0.2527859007190754
0.2126463888343846	0.20985999304979847
0.13793279275743864	0.20985999304979847
0.19540478973970474	0.19555135716003946
0.23563518762729105	0.17647317597369416
0.18965759004147814	0.24324681012590277
0.19540478973970474	0.2146295383463848
0.17816319064502492	0.21939908364297112
0.20689918913615798	0.19078181186345314
0.21839358853261118	0.20032090245662582
0.2126463888343846	0.20985999304979847
0.21839358853261118	0.2337077195327301
0.2126463888343846	0.17647317597369416
0.20689918913615798	0.2337077195327301
0.22988798792906442	0.23847726482931642
0.20115198943793136	0.21939908364297112
0.20689918913615798	0.20985999304979847
0.18391039034325155	0.19078181186345314
0.10919679426630559	0.23847726482931642
0.13793279275743864	0.20032090245662582
0.20689918913615798	0.24324681012590277
0.19540478973970474	0.24324681012590277
0.18391039034325155	0.22416862893955744
0.13218559305921204	0.17170363067710784
0.13793279275743864	0.1812427212702805
0.14367999245566526	0.15739499478734884
0.17241599094679833	0.1860122665668668
