WT	KO
0.33602516708263525	0.33066306335259305
0.33602516708263525	0.0
0.6720503341652705	0.6613261267051861
0.6720503341652705	0.9919891900577792
0.0	0.6613261267051861
0.6720503341652705	0.33066306335259305
0.0	0.33066306335259305
0.0	0.33066306335259305
0.0	0.0
0.0	0.33066306335259305
0.33602516708263525	0.33066306335259305
0.33602516708263525	0.0
0.0	0.33066306335259305
0.0	0.0
0.33602516708263525	0.9919891900577792
1.008075501247906	0.6613261267051861
0.0	0.0
0.0	0.0
0.0	0.33066306335259305
0.0	0.0
0.33602516708263525	0.0
0.0	0.33066306335259305
0.33602516708263525	1.6533153167629655
0.0	0.6613261267051861
0.0	0.0
0.0	0.0
0.0	0.0
0.0	0.0
1.008075501247906	1.3226522534103722
1.344100668330541	1.3226522534103722
0.33602516708263525	0.6613261267051861
0.33602516708263525	0.0
0.33602516708263525	0.33066306335259305
0.33602516708263525	0.33066306335259305
0.6720503341652705	0.33066306335259305
0.0	0.6613261267051861
0.0	0.0
0.6720503341652705	0.0
0.6720503341652705	1.3226522534103722
0.33602516708263525	0.6613261267051861
0.0	1.3226522534103722
0.0	0.0
0.0	0.33066306335259305
0.6720503341652705	0.6613261267051861
0.0	0.33066306335259305
0.0	0.6613261267051861
0.6720503341652705	0.33066306335259305
0.0	0.33066306335259305
0.6720503341652705	0.33066306335259305
1.008075501247906	0.6613261267051861
0.33602516708263525	0.33066306335259305
0.0	0.0
0.33602516708263525	0.33066306335259305
0.33602516708263525	0.33066306335259305
0.33602516708263525	0.6613261267051861
1.008075501247906	0.33066306335259305
1.008075501247906	0.6613261267051861
0.0	0.6613261267051861
1.008075501247906	0.9919891900577792
0.33602516708263525	1.3226522534103722
1.008075501247906	0.33066306335259305
0.33602516708263525	0.6613261267051861
0.33602516708263525	0.6613261267051861
0.33602516708263525	0.9919891900577792
0.33602516708263525	0.9919891900577792
0.33602516708263525	0.6613261267051861
0.0	1.3226522534103722
1.008075501247906	1.3226522534103722
0.0	0.33066306335259305
0.6720503341652705	0.9919891900577792
0.6720503341652705	0.0
0.33602516708263525	0.33066306335259305
1.008075501247906	0.9919891900577792
0.33602516708263525	1.3226522534103722
0.33602516708263525	0.33066306335259305
1.008075501247906	0.6613261267051861
0.0	0.0
0.33602516708263525	0.33066306335259305
0.33602516708263525	0.33066306335259305
0.6720503341652705	1.3226522534103722
0.6720503341652705	1.3226522534103722
0.0	0.0
0.33602516708263525	0.33066306335259305
1.344100668330541	0.33066306335259305
0.33602516708263525	0.0
0.33602516708263525	0.9919891900577792
0.0	0.0
0.6720503341652705	0.9919891900577792
0.0	0.33066306335259305
0.33602516708263525	0.0
0.0	0.0
0.33602516708263525	0.9919891900577792
0.0	0.33066306335259305
0.0	0.0
0.0	0.33066306335259305
0.33602516708263525	0.33066306335259305
0.33602516708263525	0.6613261267051861
0.33602516708263525	0.0
1.008075501247906	0.0
0.0	0.33066306335259305
1.344100668330541	0.33066306335259305
0.33602516708263525	0.33066306335259305
0.33602516708263525	0.9919891900577792
0.33602516708263525	0.33066306335259305
0.6720503341652705	0.33066306335259305
0.0	0.33066306335259305
0.6720503341652705	0.6613261267051861
0.33602516708263525	1.3226522534103722
0.33602516708263525	0.9919891900577792
0.0	0.6613261267051861
0.0	0.0
0.33602516708263525	0.6613261267051861
0.33602516708263525	0.6613261267051861
0.0	0.33066306335259305
1.344100668330541	0.9919891900577792
0.6720503341652705	1.9839783801155584
1.008075501247906	0.9919891900577792
0.33602516708263525	0.33066306335259305
0.0	0.6613261267051861
0.0	0.33066306335259305
1.008075501247906	1.9839783801155584
1.008075501247906	1.9839783801155584
0.0	0.33066306335259305
0.0	0.0
0.0	0.6613261267051861
0.33602516708263525	0.9919891900577792
0.6720503341652705	0.9919891900577792
0.0	0.0
0.0	0.0
0.0	0.0
0.33602516708263525	0.33066306335259305
1.008075501247906	0.9919891900577792
0.0	0.0
0.6720503341652705	0.0
0.0	0.0
0.0	0.33066306335259305
0.0	0.9919891900577792
0.33602516708263525	0.33066306335259305
1.008075501247906	0.9919891900577792
1.008075501247906	0.6613261267051861
0.6720503341652705	0.33066306335259305
0.33602516708263525	0.6613261267051861
0.33602516708263525	0.6613261267051861
1.008075501247906	0.9919891900577792
1.008075501247906	0.9919891900577792
0.6720503341652705	0.6613261267051861
0.0	0.33066306335259305
0.0	0.0
0.6720503341652705	0.6613261267051861
0.0	0.0
0.0	0.6613261267051861
0.0	0.0
0.0	0.33066306335259305
0.33602516708263525	0.6613261267051861
0.0	0.33066306335259305
0.33602516708263525	0.33066306335259305
0.0	0.6613261267051861
0.0	0.0
0.0	0.0
0.0	0.0
0.0	0.0
0.0	0.9919891900577792
0.0	0.0
0.0	0.33066306335259305
0.0	0.0
0.0	0.6613261267051861
0.6720503341652705	0.33066306335259305
0.33602516708263525	0.9919891900577792
0.33602516708263525	0.0
0.33602516708263525	0.0
0.0	0.0
0.0	0.6613261267051861
0.0	0.33066306335259305
0.0	0.33066306335259305
0.6720503341652705	1.3226522534103722
0.33602516708263525	1.3226522534103722
0.0	0.0
1.008075501247906	0.0
0.6720503341652705	0.33066306335259305
0.0	0.0
0.0	0.33066306335259305
0.0	0.33066306335259305
0.0	0.33066306335259305
0.33602516708263525	0.33066306335259305
0.0	0.0
0.6720503341652705	0.6613261267051861
0.6720503341652705	0.0
0.33602516708263525	0.33066306335259305
0.0	0.0
0.0	0.33066306335259305
0.33602516708263525	0.0
0.0	0.33066306335259305
1.008075501247906	1.3226522534103722
1.008075501247906	1.6533153167629655
0.0	0.9919891900577792
0.0	0.33066306335259305
0.0	0.0
0.6720503341652705	0.9919891900577792
0.6720503341652705	0.9919891900577792
0.33602516708263525	0.33066306335259305
