WT-Tfh	WT-Th1
0.30434714664940105	0.1845952094323979
0.31037382282067627	0.22889805969617338
0.3515561099910573	0.2732009099599489
0.3354849735343232	0.2633558321235543
0.3515561099910573	0.24858821536896247
0.30434714664940105	0.2362818680734693
0.3525605560196032	0.24120440699166656
0.34050720367705267	0.24612694590986384
0.32744940530595623	0.2116691734824829
0.3194138370775892	0.23135932915527202
0.32644495927741035	0.22151425131887748
0.34854277190541966	0.2756621794190475
0.37968059879034183	0.2633558321235543
0.34352054176269026	0.23874313753256793
0.3605961242479702	0.23382059861437066
0.32242717516322683	0.22643679023707475
0.37164503056197484	0.28304598779634343
0.362605016305062	0.23382059861437066
0.39876507333271355	0.2879685267145407
0.3826939368759795	0.258433293205357
0.3575827861623325	0.2756621794190475
0.3636094623336078	0.22889805969617338
0.3666228004192455	0.24858821536896247
0.41282731773235587	0.2879685267145407
0.46606295724528735	0.292891065632738
0.3736539226190666	0.30027487401003394
0.36561835439069956	0.258433293205357
0.39474728921853003	0.23135932915527202
0.39876507333271355	0.27073964050085025
0.36160057027651604	0.2805847183372448
0.3857072749616171	0.2732009099599489
0.4329162383032734	0.2805847183372448
0.4098139796467182	0.33473264643741485
0.39976951936125943	0.3568840715693026
0.3927383971614383	0.31504249076462576
0.4469784827029157	0.3618066104874999
0.45903183504546624	0.3568840715693026
0.47008074135947087	0.2756621794190475
0.4389429144745487	0.24120440699166656
0.4389429144745487	0.292891065632738
0.40479174950398883	0.2732009099599489
0.44898737476000744	0.2978136045509353
0.4329162383032734	0.31996502968282303
0.419858439932177	0.3298101075192176
0.4650585112167415	0.37165168832389445
0.4580273890169203	0.35442280211020394
0.4620451731311038	0.33473264643741485
0.40880953361817235	0.3101199518464285
0.4238762240463605	0.292891065632738
0.452000712845645	0.2879685267145407
0.46003628107401207	0.33473264643741485
0.461040727102558	0.3027361434691326
0.4640540651881956	0.3125812213055271
0.435929576388911	0.2633558321235543
0.4831385397305673	0.3445777242738094
0.5012185682443931	0.31504249076462576
0.4791207556163838	0.36426787994659854
0.461040727102558	0.37903549670119036
0.46606295724528735	0.3519615326511053
0.47108518738801675	0.292891065632738
0.4449695906458239	0.292891065632738
0.5002141222158473	0.35934534102840127
0.5052363523585766	0.3027361434691326
0.4580273890169203	0.3298101075192176
0.5293430570436777	0.35934534102840127
0.49016966193038847	0.32242629914192167
0.48112964767347555	0.34950026319200667
0.46003628107401207	0.3248875686010203
0.4841429857591132	0.3396551853556121
0.4399473605030945	0.3125812213055271
0.5393875173291365	0.33473264643741485
0.5373786252720447	0.3396551853556121
0.5002141222158473	0.3298101075192176
0.4982052301587555	0.39134184399668354
0.5604808839286	0.34703899373290803
0.5514408696716869	0.3396551853556121
0.5273341649865859	0.31996502968282303
0.5032274603014848	0.3396551853556121
0.4921785539874802	0.3519615326511053
0.5122674745583978	0.31996502968282303
0.5514408696716869	0.34211645481471076
0.5655031140713292	0.3371939158965135
0.5906142647849763	0.3519615326511053
0.5454141935004118	0.35934534102840127
0.5122674745583978	0.3396551853556121
0.5373786252720447	0.3125812213055271
0.54340530144332	0.3888805745375849
0.5564630998144164	0.4651799277696427
0.48112964767347555	0.30765868238732985
0.36561835439069956	0.3248875686010203
0.4499918207885533	0.3371939158965135
0.43090734624618166	0.2805847183372448
0.46003628107401207	0.31504249076462576
0.3826939368759795	0.24858821536896247
0.2521159531650154	0.20182409564608836
0.2742137657930247	0.19690155672789109
0.21696034216590962	0.1279860118731292
0.18280917719534978	0.10583458674124145
0.2460892769937401	0.19444028726879245
0.5454141935004118	0.48487008344243177
0.7111477882104815	0.6128560953155611
0.5343652871864071	0.381496766160289
0.2099292199660885	0.20920790402338427
0.172764716909891	0.12060220349583328
0.2320270325940978	0.16982759267780606
0.33950275764850674	0.23874313753256793
0.31238271487776803	0.19444028726879245
0.3746583686476125	0.30027487401003394
0.5142763666154896	0.36426787994659854
0.4449695906458239	0.34703899373290803
0.4670674032738332	0.3839580356193876
0.378676152761796	0.32734883806011894
0.5233163808724024	0.3618066104874999
0.5293430570436777	0.3667291494056972
0.5293430570436777	0.381496766160289
0.5604808839286	0.4011869218330781
0.5464186395289576	0.3371939158965135
0.5936276028706139	0.3765742272420917
0.5906142647849763	0.4110319996694726
0.5454141935004118	0.3568840715693026
0.5213074888153106	0.32734883806011894
0.5253252729294942	0.3175037602237244
0.5052363523585766	0.36426787994659854
0.502223014272939	0.30027487401003394
0.5042319063300308	0.3371939158965135
0.47108518738801675	0.2510494848280611
0.5112630285298518	0.3248875686010203
0.5303475030722236	0.34950026319200667
0.5303475030722236	0.3125812213055271
0.52632971895804	0.3175037602237244
0.4801252016449297	0.3667291494056972
0.4891652159018426	0.4331834248013604
0.5112630285298518	0.32734883806011894
0.48514743178765907	0.34211645481471076
0.5032274603014848	0.28304598779634343
0.5072452444156683	0.32734883806011894
0.4720896334165626	0.3691904188647958
0.5152808126440354	0.3667291494056972
0.5042319063300308	0.40610946075127535
0.4951918920731178	0.40610946075127535
0.43793846844600276	0.3125812213055271
0.4570229429883745	0.2978136045509353
0.4509962668170992	0.3051974129282312
0.4570229429883745	0.34211645481471076
0.4871563238447508	0.3445777242738094
0.42789400816054396	0.29042979617363934
0.435929576388911	0.3125812213055271
0.4730940794451085	0.34211645481471076
0.45903183504546624	0.3322713769783162
0.469076295330925	0.39134184399668354
0.477111863559292	0.3667291494056972
0.4108184256752641	0.31504249076462576
0.4248806700749064	0.3125812213055271
0.4319117922747275	0.3371939158965135
0.4329162383032734	0.31996502968282303
0.4449695906458239	0.31504249076462576
0.42789400816054396	0.3248875686010203
0.40579619553253465	0.26827837104175156
0.39374284318998415	0.2978136045509353
0.4138317637609017	0.3125812213055271
0.42588511610345225	0.3298101075192176
0.42688956213199813	0.33473264643741485
0.38771616701870887	0.2879685267145407
0.378676152761796	0.2879685267145407
0.39976951936125943	0.3248875686010203
0.4228717780178146	0.30765868238732985
0.41182287170380993	0.3322713769783162
0.36561835439069956	0.2732009099599489
0.4078050875896264	0.35934534102840127
0.4007739653898053	0.3051974129282312
0.3666228004192455	0.27812344887814616
0.3696361385048831	0.258433293205357
0.37064058453342896	0.3051974129282312
0.3676272464477913	0.3027361434691326
0.3696361385048831	0.3322713769783162
0.3887206130472548	0.2879685267145407
0.38771616701870887	0.2879685267145407
0.36160057027651604	0.33473264643741485
0.3857072749616171	0.32242629914192167
0.3344805275057774	0.29535233509183667
0.3565783401337867	0.2732009099599489
0.3445249877912362	0.22643679023707475
0.378676152761796	0.29535233509183667
0.34352054176269026	0.2732009099599489
0.3676272464477913	0.3396551853556121
0.3515561099910573	0.32242629914192167
0.3234316211917727	0.2978136045509353
0.3384983116199609	0.2658171015826529
0.32744940530595623	0.26827837104175156
0.3475383258768738	0.3248875686010203
0.34854277190541966	0.3248875686010203
0.34854277190541966	0.27812344887814616
0.35858723219087846	0.31504249076462576
0.35858723219087846	0.29535233509183667
0.3143916069348598	0.23382059861437066
0.329458297363048	0.2510494848280611
0.3505516639625114	0.27073964050085025
0.3595916782194243	0.3125812213055271
0.3384983116199609	0.2879685267145407
0.31640049899195155	0.24858821536896247
