WT	KO
0.28895265291885375	0.2818040070825712
0.3169383820151108	0.3425721697472962
0.3099419497410465	0.2991663392724926
0.361715548569122	0.34457551576921025
0.3190373116973301	0.32053536350624207
0.2994473013299502	0.2911529551848366
0.33163088979064576	0.32520983755737476
0.26726371286925454	0.27980066106065715
0.3050444471492016	0.32988431160850745
0.33163088979064576	0.29515964722866456
0.3204365981521429	0.29783077525788326
0.33163088979064576	0.3058441593455393
0.3169383820151108	0.31986758149893746
0.35192054338543205	0.3345587856596402
0.3365283923824907	0.35392446387147564
0.33233053301805215	0.30985085138936735
0.3498216137032128	0.31919979949163274
0.3302316033358329	0.3165286714624141
0.3176380252425172	0.359266719929913
0.3239348142891751	0.34924998982034294
0.29734837164773087	0.3018374673017113
0.3092423065136401	0.35058555383495227
0.33792767883730357	0.3439077337619056
0.3400266085195228	0.33589434967424947
0.33233053301805215	0.3786323981417485
0.37570841311725056	0.34924998982034294
0.3547191162950578	0.3519211178495616
0.35681804597727707	0.36260562996643636
0.3533198298402449	0.35659559190069434
0.3491219704758064	0.3606022839445224
0.3931994938024112	0.37195457806870175
0.399496282849069	0.3913202562805372
0.3736094834350313	0.4093503704777633
0.3806059157090955	0.3859780002220999
0.3659134079335606	0.3759612701125298
0.31973695492473647	0.35258889985686626
0.3883019912105662	0.4026725504047166
0.3736094834350313	0.361270065951827
0.39739735316684976	0.3439077337619056
0.34842232724839994	0.36460897598835035
0.3526201866128385	0.3772968341271391
0.4316798713097646	0.38531021821479516
0.40579307189572683	0.41469262653620065
0.36731269438837344	0.36260562996643636
0.3820052021639084	0.37395792409061573
0.4064927151231333	0.35058555383495227
0.42048557967126177	0.4133570625215914
0.39599806671203686	0.39666251233897454
0.39110056412019195	0.4006692043828026
0.3987966396216626	0.40667924244854464
0.4029944989861012	0.42470935664577075
0.4218848661260747	0.40534367843393526
0.4155880770794168	0.40868258847045863
0.38550341830094054	0.4033403324120213
0.38340448861872123	0.4013369863901073
0.41488843385201035	0.38130352617096713
0.40159521253128827	0.40868258847045863
0.4029944989861012	0.4434072528503015
0.45546774104158305	0.4006692043828026
0.4246834390357003	0.44006834281377816
0.4449730926304867	0.42938383069690345
0.47365846495415015	0.42203822861655205
0.43657737390160956	0.42470935664577075
0.42118522289866817	0.38864912825131853
0.4386763035838288	0.4267127026676848
0.44147487649345457	0.45008507292334826
0.4344784442193903	0.43005161270420816
0.41418879062460395	0.46410849507674634
0.4624641733156473	0.3919880382878419
0.4253830822631068	0.3866457822294045
0.4638634597704602	0.4420716888356922
0.4246834390357003	0.4420716888356922
0.4099909312601654	0.4193671005873334
0.4785559675459951	0.41469262653620065
0.5009445508230007	0.49749759544197986
0.4834534701378401	0.48881642934701913
0.4267823687179196	0.48881642934701913
0.4561673842689895	0.4580984570110043
0.4526691681319574	0.4280482666822941
0.4631638165430537	0.4360616507699502
0.47925561077340156	0.4614373670475277
0.4561673842689895	0.4520884189452623
0.4568670274963959	0.46277293106213696
0.44987059522233164	0.4166959725581147
0.39249985057500475	0.37061901405409237
0.432379514537171	0.3919880382878419
0.41488843385201035	0.4026725504047166
0.4344784442193903	0.4721218791644024
0.46176453008824087	0.45475954697448095
0.5107395560066907	0.4934909033981518
0.5044427669600329	0.4714540971570977
0.25606942123075177	0.30384081332362534
0.6163856833450609	0.6176983567568207
0.5534177928784827	0.5355611698583461
0.4624641733156473	0.42270601062385676
0.2994473013299502	0.31252197941858606
0.3680123376157799	0.35859893792260833
0.5828028084295525	0.5649435781797516
0.6331771208028151	0.6337251249321327
0.3358287491550843	0.3485822078130382
0.2189883301782112	0.18965009007452657
0.22108725986043049	0.19766347416218263
0.37710769957206336	0.4033403324120213
0.5904988839310232	0.5782992183258451
0.6023928187969324	0.5709536162454937
0.44847130876751884	0.412021498506982
0.26726371286925454	0.2510860347465563
0.4631638165430537	0.4560951109890903
0.5513188631962634	0.5582657581067049
0.6016931755695261	0.6050104986180319
0.30644373360401445	0.30050190328710197
0.4638634597704602	0.4514206369379576
0.550619219968857	0.5429067719386975
0.4568670274963959	0.4527562009525669
0.4827538269104336	0.4434072528503015
0.43587773067420316	0.4253771386530754
0.42118522289866817	0.3772968341271391
0.37640805634465696	0.3338910036523355
0.4001959260764754	0.3746257060979204
0.45826631395120876	0.4694507511351837
0.4624641733156473	0.4434072528503015
0.46876096236230513	0.42404157463846603
0.4813545404556208	0.43940056080647355
0.4848527565926529	0.4734574431790117
0.5184356315081613	0.5008365054785033
0.4638634597704602	0.4767963532155351
0.4589659571786152	0.43873277879916883
0.45476809781417665	0.4273804846749894
0.46106488686083447	0.4560951109890903
0.43307915776457745	0.44741394489412956
0.4631638165430537	0.44541059887221557
0.4540684545867702	0.44140390682838754
0.4134891473971975	0.37796461613444376
0.437277017129016	0.43205495872612215
0.4218848661260747	0.39666251233897454
0.4099909312601654	0.3846424362074905
0.39739735316684976	0.4213704466092474
0.4218848661260747	0.3913202562805372
0.39809699639425616	0.37061901405409237
0.38900163443797264	0.4093503704777633
0.43517808744679676	0.43071939471151277
0.4379766603564224	0.4273804846749894
0.3876023479831598	0.3846424362074905
0.3736094834350313	0.3606022839445224
0.3848037750735341	0.39933364036819324
0.38970127766537904	0.3986658583608886
0.43307915776457745	0.3859780002220999
0.3533198298402449	0.33856547770346823
0.4232841525808875	0.34924998982034294
0.34212553820174213	0.3185320174843281
0.36521376470615413	0.37662905211983444
0.33792767883730357	0.40534367843393526
0.3827048453913148	0.3913202562805372
0.3827048453913148	0.34924998982034294
0.39809699639425616	0.3906524742732325
0.3442244678839614	0.408014806463154
0.3680123376157799	0.3519211178495616
0.3687119808431863	0.38531021821479516
0.3610159053417156	0.34457551576921025
0.42048557967126177	0.3712867960613971
0.3526201866128385	0.3746257060979204
0.31344016587807866	0.3579311559153036
0.3547191162950578	0.35993450193721765
0.3680123376157799	0.3545922458787803
0.40579307189572683	0.3913202562805372
0.41978593644385537	0.3712867960613971
0.34492411111136784	0.38130352617096713
0.3624151917965285	0.35526002788608496
0.343524824656555	0.365276757995655
0.3603162621143092	0.3479144258057336
0.3603162621143092	0.36594454000295973
0.3680123376157799	0.34323995175460087
0.3204365981521429	0.3439077337619056
0.3743091266624377	0.35526002788608496
0.33233053301805215	0.36594454000295973
0.3190373116973301	0.31452532544050005
0.30714337683142084	0.3318876576304215
0.3295319601084265	0.3305520936158121
0.35192054338543205	0.2958274292359692
0.3589169756594963	0.34657886179112424
0.2966487284203244	0.3078475053674533
0.295949085192918	0.2744584050022198
0.33303017624545855	0.31385754343319533
0.3120408794232658	0.31385754343319533
0.2868537232366345	0.3258776195646795
0.2770587180529445	0.2884818271556178
0.2966487284203244	0.2911529551848366
0.3281326736536136	0.3171964534697187
0.2756594315981317	0.34323995175460087
0.3092423065136401	0.361270065951827
0.258168350912971	0.2737906229949151
0.2805569341899767	0.24707934270272827
0.2840551503270088	0.29048517317753186
0.2924508690558859	0.28714626314100855
0.29454979873810516	0.30985085138936735
0.28195622064478953	0.3258776195646795
0.3092423065136401	0.3232064915354607
0.343524824656555	0.33522656766694486
0.31344016587807866	0.3345587856596402
0.258168350912971	0.2717872769730011
