WT	KO
0.36392825993184685	0.3664757160917151
0.38539191877448525	0.4028956630325067
0.3877767697570006	0.4024404136957468
0.4068555776171236	0.3965221723178681
0.39779314388356524	0.39606692298110824
0.3763294850409268	0.3487209919580792
0.4054246670276144	0.40653765772658584
0.4068555776171236	0.3992536683384275
0.40494769683111137	0.39561167364434835
0.3982701140800683	0.36374422007115575
0.38729979956049754	0.4115454004309447
0.41114830938565133	0.4069929070633457
0.4044707266346083	0.4051719097163061
0.3896846505430129	0.3833199415518312
0.3939773823115406	0.3828646922150713
0.39302344191853444	0.396977421654628
0.41925680272620364	0.41200064976770456
0.40351678624160214	0.4115454004309447
0.41496407095767596	0.41200064976770456
0.4173489219401913	0.4197398884926227
0.3925464717220314	0.42383713252346183
0.41448710076117284	0.44477860201441693
0.4488289549093943	0.4593465807907336
0.41687195174368824	0.4347631166056993
0.44549016353387283	0.45206259140257526
0.43070408744227745	0.418829389819103
0.4335659086212959	0.4252028805337415
0.4311810576387805	0.4429576046673774
0.43881258078282975	0.42702387788078106
0.45836835883945587	0.4547940874231346
0.47983201768209427	0.47209356222001064
0.45836835883945587	0.470727814209731
0.4535986568744251	0.46936206619945126
0.4807859580751004	0.45798083278045393
0.4502598654989035	0.4429576046673774
0.44453622314086666	0.4406813579835779
0.4597992694289651	0.4739145595670502
0.46456897139399583	0.47209356222001064
0.497002944756205	0.4971322757418048
0.4731544349310512	0.4516073420658154
0.4512138058919097	0.4511520927290555
0.47363140512755425	0.4702725648729711
0.4755392859135666	0.47619080625084964
0.4898483918086588	0.4953112783947653
0.4731544349310512	0.496221777068285
0.49318718318418037	0.4616228274745331
0.4865096004331373	0.4821090476287283
0.4726774647345481	0.47619080625084964
0.5041574977037511	0.5062372624770027
0.522282365170868	0.5162527478857204
0.5098811400617881	0.522170989263599
0.5265750969393957	0.4948560290580054
0.5055884082932603	0.5126107531916413
0.5132199314373096	0.48393004497576786
0.48746354082614346	0.487572039669847
0.5332526796904388	0.5066925118137626
0.5318217691009296	0.5194394932430396
0.5375454114589664	0.535373220029636
0.5280060075289049	0.513976501201921
0.5198975141883526	0.5444782067648338
0.5580551299085987	0.522170989263599
0.5551933087295802	0.5394704640604749
0.5461308749960218	0.5262682332944381
0.5065423486862665	0.5030505171196835
0.4993877957387204	0.4934902810477257
0.5098811400617881	0.5244472359473985
0.5432690538170033	0.5294549786517573
0.5299138883149173	0.5367389680399156
0.5117890208478003	0.496221777068285
0.5404072326379848	0.5499411988059526
0.5613939212841202	0.5376494667134355
0.5437460240135064	0.5494859494691927
0.535637530672954	0.5622329308984697
0.5637787722666356	0.5422019600810344
0.5399302624414818	0.5321864746723167
0.5561472491225864	0.5294549786517573
0.5485157259785371	0.5426572094177944
0.5637787722666356	0.5681511722763484
0.553762398140071	0.5458439547751136
0.5761799973757155	0.5335522226825964
0.5609169510876172	0.5198947425797995
0.5675945338386602	0.5249024852841584
0.5556702789260833	0.535373220029636
0.5575781597120956	0.5494859494691927
0.5618708914806233	0.5399257133972348
0.5804727291442432	0.5854506470732245
0.61719943427498	0.5645091775822692
0.591920013860317	0.5772561590115463
0.6186303448644892	0.5745246629909869
0.6524952288162077	0.6469093075358101
0.6343703613490908	0.5863611457467441
0.3877767697570006	0.3983431696649077
0.7316722814357183	0.742511668255388
0.7459813873308105	0.7188387027438734
0.5704563550176787	0.5462992041118735
0.35772764737730683	0.3628337213976359
0.5332526796904388	0.5294549786517573
0.7979711387496458	0.7857603552475779
0.8900263866747394	0.871802479895198
0.553762398140071	0.5563146895205912
0.3448494520717238	0.3405265038964011
0.3677440215038714	0.3432579999169605
0.516081752616328	0.5444782067648338
0.8738093999936348	0.8312852889235673
0.7946323473741242	0.7748343711653405
0.5690254444281695	0.5645091775822692
0.3491421838402515	0.3464447452742797
0.5437460240135064	0.5194394932430396
0.7288104602566998	0.7256674427952718
0.7435965363482951	0.7302199361628708
0.4287962066562651	0.4024404136957468
0.6281697487945508	0.6022948725333405
0.6334164209560846	0.6250573393713351
0.5833345503232616	0.5472097027853932
0.571887265607188	0.5472097027853932
0.5766569675722186	0.5626881802352296
0.5895351628778016	0.5941003844716624
0.5528084577470649	0.5194394932430396
0.5375454114589664	0.5385599653869553
0.5761799973757155	0.5554041908470714
0.5504236067645495	0.5303654773252772
0.5423151134239972	0.5276339813047178
0.5342066200834449	0.5344627213561162
0.5675945338386602	0.5590461855411505
0.5628248318736294	0.5658749255925489
0.5423151134239972	0.5494859494691927
0.5695024146246725	0.5535831935000317
0.5451769346030156	0.5622329308984697
0.5237132757603773	0.548120201458913
0.5437460240135064	0.5066925118137626
0.5189435737953465	0.5089687584975621
0.5370684412624633	0.522626238600359
0.521805394974365	0.5171632465592402
0.5318217691009296	0.531275975998797
0.5208514545813587	0.4825642969654882
0.5251441863498865	0.4948560290580054
0.5146508420268188	0.5189842439062797
0.5370684412624633	0.5003190210991241
0.5046344679002542	0.4866615409963273
0.49080233220166497	0.5003190210991241
0.5260981267428926	0.5071477611505225
0.5179896334023403	0.5126107531916413
0.49795688514921116	0.5089687584975621
0.4698156435555296	0.48575104232280747
0.4826938388611127	0.4625333261480528
0.5122659910443034	0.4984980237520845
0.48221686866460967	0.46936206619945126
0.4507368356954066	0.4502415940555357
0.4960490043631988	0.4757355569140898
0.4569374482499466	0.470727814209731
0.5046344679002542	0.4702725648729711
0.44739804431988506	0.48347479563900797
0.4850786898436281	0.47254881155677053
0.4745853455205604	0.47892230227140903
0.4903253620051619	0.4648095728318523
0.45646047805344353	0.44978634471877577
0.4502598654989035	0.45206259140257526
0.4459671337303759	0.4702725648729711
0.459322299232462	0.4593465807907336
0.4865096004331373	0.4757355569140898
0.4502598654989035	0.47163831288325075
0.41257921997516056	0.43612886461597894
0.45789138864295276	0.45433883808637476
0.4187798325297005	0.45889133145397365
0.4359507596038113	0.4438681033408972
0.43261196822828973	0.39515642430758846
0.3925464717220314	0.4083586550736254
0.43070408744227745	0.4438681033408972
0.4440592529443636	0.4279343765543009
0.415441041154179	0.41928463915586284
0.4082864882066329	0.405627159053066
0.39779314388356524	0.4092691537471452
0.415441041154179	0.41518739512502384
0.4140101305646698	0.396977421654628
0.41210224977865745	0.3978879203281478
0.41830286233319747	0.38832768425619
0.3915925313290252	0.37876744818423225
0.39302344191853444	0.38195419354155147
0.39540829290104984	0.37057296012255414
0.4068555776171236	0.3833199415518312
0.37299069366540527	0.4010746656854671
0.36631311091436225	0.3774017001739526
0.38825373995350365	0.3851409388988708
0.40637860742062054	0.39014868160322963
0.3920695015255283	0.38969343226646974
0.40494769683111137	0.39470117497082857
0.36917493209338065	0.3596469760403167
0.3801452466129514	0.3692072121122745
0.3701288724863868	0.3833199415518312
0.358681587770313	0.3578259786932771
0.35677370698430066	0.36374422007115575
0.35677370698430066	0.3437132492537204
0.3629743195388407	0.34507899726400004
0.3605894685563253	0.34781049328455943
0.3500961242332576	0.3833199415518312
0.35343491560877915	0.36374422007115575
0.3677440215038714	0.34553424660075993
0.35677370698430066	0.3509972386418787
0.35152703482276687	0.36784146410199475
0.3372179289276746	0.3660204667549552
