WT	KO
0.43915475081336813	0.45311999875777337
0.43161920694812445	0.4742975648372813
0.43496833755489944	0.4535195754762547
0.4328751309256651	0.46630603046765573
0.4504580666112336	0.47989163889601927
0.452551273240468	0.4826886759253882
0.4575749691506305	0.49028063357653257
0.4630173063866398	0.49627428435375176
0.4542258385438555	0.47469714155576265
0.472227415555271	0.46630603046765573
0.4697155676001898	0.4635089934382867
0.485205296656524	0.5098598927821154
0.4956713298026958	0.5014687816940084
0.4864612206340646	0.5170522737147785
0.49525268847684895	0.5470205276008746
0.4994391017353176	0.5114581996560406
0.5170220374208863	0.5298387287061794
0.488554427263299	0.5122573530930031
0.48897306858914585	0.5158535435593347
0.5149288307916519	0.5322361890170672
0.546745571556014	0.5426251836975805
0.543815082275086	0.5586082524368318
0.533767690454761	0.5394285699497303
0.5128356241624176	0.5326357657355485
0.5312558424996798	0.5586082524368318
0.5224643746568955	0.5606061360292381
0.5383727450390767	0.5769887814869706
0.5346049731064547	0.5642023264955697
0.5295812771962923	0.5602065593107568
0.5513506261403297	0.587377776167484
0.5835860082305387	0.6121515327133236
0.5509319848144828	0.5630035963401259
0.5362795384098423	0.564601903214051
0.5295812771962923	0.5757900513315268
0.5408845929941579	0.5677985169619013
0.5927961173991699	0.6181451834905427
0.5701894858034389	0.5781875116424146
0.5877724214890075	0.6013629613143289
0.5496760608369422	0.6033608449067354
0.5630725832640421	0.5941705803816658
0.579818236297917	0.6133502628687674
0.5693522031517452	0.5989655010034411
0.5777250296686826	0.602961268188254
0.5852605735339262	0.6261367178601683
0.589446986792395	0.646914707221195
0.6459635657817225	0.6557053950277832
0.5969825306576386	0.6477138606581575
0.6304738367253884	0.6465151305027137
0.6375907392647853	0.6397223262885319
0.6292179127478478	0.6529083579984142
0.6296365540736947	0.6541070881538581
0.6082858464555042	0.6549062415908207
0.6430330765007946	0.6708893103300719
0.6367534566130914	0.6668935431452591
0.6409398698715602	0.6624981992419651
0.6493126963884976	0.6676926965822217
0.6660583494223725	0.6477138606581575
0.6685701973774537	0.6605003156495586
0.6292179127478478	0.6748850775148847
0.6815480784787067	0.7160414795184568
0.6790362305236255	0.6788808446996976
0.6493126963884976	0.6644960828343714
0.6744311759393098	0.7120457123336439
0.6614532948380568	0.6832761886029916
0.6857344917371754	0.7196376699847883
0.6895022636697973	0.7440118498121464
0.677361665220238	0.7204368234217507
0.6819667198045536	0.7168406329554193
0.6924327529507254	0.7132444424890878
0.7183885151532313	0.7567983048035475
0.7443442773557374	0.7691851830764672
0.709597047310447	0.753202114337216
0.7079224820070595	0.7336228551316332
0.6861531330630223	0.7296270879468203
0.72927318962525	0.7200372467032696
0.7246681350409344	0.7540012677741785
0.7288545482994032	0.7583966116774726
0.7426697120523499	0.7991534369625634
0.739320581445575	0.7679864529210233
0.7405765054231156	0.7855678285341997
0.7535543865243686	0.7743796804167238
0.7602526477379185	0.7931597861853441
0.7221562870858532	0.7563987280850661
0.7380646574680344	0.7707834899503924
0.755647593153603	0.8035487808658573
0.7313663962544844	0.7372190455979646
0.6702447626808411	0.6585024320571522
0.6195891622533697	0.6253375644232059
0.5802368776237637	0.6281346014525747
0.5488387781852485	0.5614052894662008
0.6329856846804696	0.6728871939224783
0.7405765054231156	0.775977987290649
0.7121088952655282	0.7280287810728951
0.5233016573085894	0.544623067289987
0.35458920299230007	0.3899868772377309
0.5881910628148544	0.5777879349239333
0.6020062265678011	0.6325299453558688
0.6689888387033005	0.669690580174628
0.6551736749503538	0.6788808446996976
0.4697155676001898	0.47110095108943106
0.4789256767688209	0.4882827499841262
0.4044075207680778	0.4591136495349926
0.4726460568811178	0.47909248545905675
0.6367534566130914	0.678081691262735
0.6840599264337879	0.6509104744060079
0.6124722597139729	0.6620986225234837
0.5911215520957824	0.605758305217623
0.38598730243081547	0.41516021050205165
0.5450710062526266	0.5626040196216446
0.680710795827013	0.7555995746481037
0.7481120492883592	0.7599949185513977
0.6308924780512353	0.6561049717462646
0.5325117664772204	0.5230459244919977
0.5860978561856199	0.574591321176083
0.5869351388373137	0.641320633162457
0.6710820453325349	0.6760838076703286
0.7301104722769438	0.7827707915048309
0.7656949849739279	0.7867665586896436
0.7472747666366655	0.7919610560299002
0.7142021018947627	0.7516038074632908
0.7066665580295189	0.77318095026128
0.7665322676256217	0.8299208442856221
0.7723932461874777	0.7979547068071196
0.761927213041306	0.7871661354081249
0.7644390609963873	0.7751788338536865
0.7167139498498439	0.750405077307847
0.7234122110633938	0.7388173524718898
0.7116902539396813	0.7380181990349273
0.7376460161421875	0.74201396621974
0.6966191662091941	0.7160414795184568
0.6970378075350409	0.7240330138880824
0.7288545482994032	0.7468088868415155
0.6945259595799597	0.7388173524718898
0.6890836223439504	0.7300266646653016
0.7045733514002847	0.7084495218673125
0.6748498172651568	0.6956630668759114
0.664383784118985	0.706451638274906
0.687409057040563	0.7176397863923819
0.6639651427931381	0.7276292043544139
0.680710795827013	0.7012571409346493
0.6149841076690542	0.6748850775148847
0.6191705209275228	0.6668935431452591
0.6200078035792166	0.6589020087756334
0.6484754137368038	0.6712888870485533
0.641777152523254	0.6824770351660291
0.6493126963884976	0.69526349015743
0.582748725578845	0.6193439136459865
0.5953079653542511	0.631331215200425
0.6442890004783351	0.6796799981366601
0.6003316612644136	0.622940104112318
0.6195891622533697	0.6217413739568742
0.5835860082305387	0.622940104112318
0.6061926398262698	0.636925289259163
0.6162400316465948	0.6333290987928314
0.5940520413767105	0.6421197865994197
0.5819114429271512	0.6373248659776443
0.5978198133093323	0.6193439136459865
0.5605607353089608	0.6081557655285107
0.5806555189496106	0.6117519559948422
0.5781436709945295	0.6197434903644679
0.573119975084367	0.6105532258393983
0.5442337236009328	0.592971850226222
0.5630725832640421	0.6009633845958476
0.5739572577360608	0.611352379276361
0.5819114429271512	0.6093544956839545
0.5848419322080793	0.6121515327133236
0.5785623123203764	0.6133502628687674
0.5622353006123484	0.59856592428496
0.5752131817136014	0.5997646544404038
0.5387913863649235	0.5614052894662008
0.5383727450390767	0.5733925910206391
0.5664217138708171	0.5897752364783717
0.5329304078030673	0.574591321176083
0.5379541037132298	0.5474201043193558
0.5136729068141113	0.5302383054246608
0.5182779613984269	0.5426251836975805
0.5572116047021859	0.5737921677391205
0.5542811154212578	0.585779469293559
0.5312558424996798	0.5685976703988638
0.5107424175331832	0.5270416916768105
0.5090678522297957	0.527840845113773
0.504881438971327	0.5114581996560406
0.5237202986344363	0.5502171413487248
0.5082305695781019	0.5238450779289603
0.48897306858914585	0.5154539668408533
0.4847866553306771	0.519050157307185
0.5153474721174988	0.5258429615213667
0.5002763843870114	0.5062637023157839
0.45506312119554926	0.5114581996560406
0.46050545843155855	0.4898810568580513
0.46050545843155855	0.4603123796904365
0.49064763389253335	0.5258429615213667
0.48729850328575836	0.5198493107441474
0.4755765461620459	0.4998704748200834
0.4542258385438555	0.4998704748200834
0.45966817577986485	0.46630603046765573
0.4705528502518835	0.47070137437094983
0.4646918716900273	0.4786929087405754
0.4542258385438555	0.4535195754762547
0.4399920334650619	0.4615111098458803
