WT	KO
0.8048647849230364	0.7934437662946326
0.8170366531260312	0.8094179258539846
0.7873677243812313	0.8043352387214636
0.7936438439234005	0.7952590116991044
0.8343435282271646	0.836646606921062
0.8430920584980672	0.815771284769636
0.8404294623286621	0.8339237388143542
0.8179875803293903	0.8224876927661817
0.8303496339730569	0.826662757196467
0.8535522577350159	0.8469935057265513
0.8537424431756878	0.8684134014993188
0.8541228140570313	0.8399140486491112
0.8567854102264364	0.8515316192377309
0.8678161657854006	0.8618785180432202
0.8744726562089133	0.8773081039812307
0.8725708018021955	0.8638752879881393
0.8605891190398723	0.8711362696060265
0.8837917428018314	0.8729515150104984
0.8999575052589339	0.904536785048308
0.9113686316992415	0.9029030641842835
0.8940617565981083	0.8983649506731038
0.8856935972085492	0.8950975089450546
0.9144115987499903	0.9237783863357094
0.9271540232750006	0.9288610734682304
0.9408473750033698	0.9212370427694487
0.908135479207821	0.9176065519605051
0.917454565800739	0.9255936317401812
0.9421786730880723	0.9335807115198572
0.9661420386127186	0.9858597791686455
0.9393258914779955	0.9444721839466881
0.9467431236641956	0.9319469906558325
0.9313381029697801	0.9270458280637587
0.9505468324776314	0.9499179201601036
0.9682340784601083	0.9697040950688464
0.9640499987653288	0.9715193404733181
0.9781237213750417	0.987311975492223
0.9819274301884775	0.9764205030653921
0.9956207819168468	0.9894902699775892
1.0049398685097648	1.0159928528828779
0.9929581857474417	0.9889456963562476
1.0060809811537954	0.983318435602385
0.977743350493698	0.9934838098674273
1.0091239482045442	1.0096394939672264
1.0188234056788057	1.0248875553647896
1.0220565581702263	1.0002002178639728
1.0142589551026826	1.0130884602357229
1.0165411803907443	1.0163559019637722
1.0290934194750827	1.021257064555846
1.0619955007113033	1.0395910431410114
1.0616151298299596	1.0522977609723143
1.034228426373221	1.042132386707272
1.0289032340344109	1.0274288989310503
1.0323265719665031	1.0094579694267791
1.0469708508982314	1.0395910431410114
1.0473512217795748	1.0228907854198708
1.0555291957284623	1.0457628775162158
1.0610445735079441	1.043221533949955
1.050204003389652	1.0468520247588986
1.0600936463045851	1.0826123592269936
1.1064988938285034	1.080978638362969
1.0796827466937802	1.0771666230135781
1.1167689076247802	1.1220031845040321
1.0804434884564673	1.0771666230135781
1.1390206041833801	1.1034876813784196
1.0966092509135699	1.0974973715436624
1.077020150524375	1.065186003344064
1.0975601781169289	1.0748068039877647
1.1064988938285034	1.0871504727381731
1.0941368401848366	1.0768035739326838
1.0924251712187902	1.0866058991168315
1.1099222317605957	1.1147422028861447
1.1468182072509236	1.1156498255883807
1.17819880496177	1.161030960700176
1.1662171221994468	1.1691995650202995
1.1658367513181034	1.1750083503146092
1.2131929260453802	1.1790018902044472
1.2069168065032112	1.1900748871717253
1.2238433107230007	1.1984250160322958
1.2253647942483752	1.2127654547276232
1.2183279329435186	1.189893362631278
1.2067266210625391	1.2165774700770138
1.2213708999942674	1.1868074454436761
1.1097320463199238	1.0996756660290286
1.0406947313560622	1.0165374265042193
0.8721904309208518	0.9030845887247305
0.8006807052282569	0.8034276160192276
0.7898401351099646	0.8050613368832522
0.8577363374297954	0.8669612051757414
0.890638418666016	0.9143391102324558
0.8611596753618876	0.8751298094958646
0.742103589501344	0.7500594011277562
1.0469708508982314	1.0457628775162158
1.2150947804520982	1.2060490467310774
1.3444208801089188	1.341284829364228
1.054007712203088	1.026339751688367
0.7457171128741082	0.7600432508523511
0.8809389611917543	0.8887441500294031
1.05952308998257	1.0778927211753668
1.1338855972852417	1.1140161047243562
0.7434348875860466	0.7469734839401541
0.4817397212216567	0.48848253834336686
0.7405821059759697	0.7565942845838547
1.1232352126076213	1.1272673961770003
1.062185686151975	1.027973472552392
0.8778959941410057	0.8943714107832658
0.7445760002300773	0.7457028121570237
1.0148295114246981	1.0234353590412124
1.3111384279913547	1.3006233323040592
1.2057756938591802	1.190619460793067
1.0306149030004572	1.0325115860635714
0.7354470990778312	0.7384418305391365
0.8657241259380108	0.8542544873444387
0.8758039542936159	0.8780342021430194
0.8508896615656107	0.8627861407454562
0.7942144002454159	0.7832783920295905
0.8035334868383339	0.8021569442360974
0.8900678623440006	0.8900148218125334
0.9920072585440827	0.9925761871651914
1.0977503635576007	1.075169853068659
1.1721128708602726	1.169925663182088
1.2472361199256314	1.2280135161251864
1.245904821840929	1.226561319801609
1.2367759206886828	1.214580700132095
1.2204199727909084	1.194794525223352
1.2025425413677597	1.18462915095831
1.2185181183841904	1.1958836724660353
1.2227021980789698	1.1764605466381866
1.1958860509442468	1.192616230737986
1.1500513597423443	1.1494133901115566
1.1357874516919597	1.1196433654782187
1.1101124172012673	1.0985865187863457
1.0920448003374468	1.0806155892820746
1.1163885367434365	1.0993126169481342
1.112394642489329	1.1127454329412259
1.1190511329128416	1.1000387151099231
1.104787224862457	1.0855167518741486
1.071504772744893	1.0837015064696767
1.1025049995743956	1.0788003438776028
1.0909036876934162	1.0811601629034162
1.0560997520504778	1.068998018693455
1.0608543880672725	1.0524792855127614
1.0581917918978672	1.0343268314680432
1.0576212355758519	1.05320538367455
1.0524862286777135	1.0403171413028
1.008363206441857	1.011273214831251
1.026050452424334	1.0167189510446666
1.0330873137291905	1.0316039633613354
1.0226271144922416	1.0328746351444655
1.0119767298146212	0.9956621043527935
0.981547059307134	0.9869489264113287
0.9950502255948314	1.0031046105111279
1.0231976708142572	1.0007447914853145
1.011215988051934	0.9898533190584835
1.007412279238498	1.0083688221840963
0.9883937351713186	0.9767835521462865
1.0144491405433544	0.9858597791686455
0.980596132103775	0.9604463435060401
0.9583444355451749	0.9511885919432338
0.9781237213750417	0.9689779969070577
0.9623383297992827	0.9609909171273816
0.9950502255948314	0.9867674018708815
1.0003754179336417	0.9784172730103111
0.951878130562334	0.9491918219983149
0.9359025535459031	0.9435645612444522
0.9454118255794929	0.9401155949759558
0.9684242639007801	0.9455613311893711
0.9676635221380929	0.9526407882668113
0.9320988447324673	0.9401155949759558
0.9454118255794929	0.9426569385422163
0.9431296002914314	0.9446537084871353
0.9511173887996468	0.9444721839466881
0.9370436661899338	0.9428384630826634
0.9252521688682827	0.9235968617952621
0.9166938240380518	0.8967312298090792
0.8742824707682416	0.8827538401946462
0.8921599021913903	0.8742221867936287
0.890638418666016	0.8729515150104984
0.8944421274794518	0.8794863984665969
0.8843622991238468	0.8912854935956638
0.880368404869739	0.8573404045320407
0.8689572784294313	0.8455413094029739
0.8624909734465903	0.8611524198814315
0.8714296891581647	0.8593371744769597
0.8602087481585288	0.8322900179503296
0.8335827864644775	0.8359205087592732
0.8198894347361082	0.8123223185011396
0.8174170240073749	0.8190387264976854
0.8132329443125954	0.8210354964426043
0.823693143549544	0.8094179258539846
0.8039138577196774	0.8063320086663825
0.7999199634655697	0.7932622417541855
0.7831836446864519	0.7765619840330447
0.7867971680592158	0.798707977967601
0.7742449289748774	0.7803739993824356
0.771962703686816	0.7613139226354815
0.7704412201614416	0.760950873554587
0.7664473259073338	0.7676672815511327
0.7807112339577185	0.7867273582980869
0.7653062132633031	0.7667596588488969
0.7550361994670262	0.7576834318265377
