WT-Tfh	WT-Th1
0.25800099637974866	0.2517627757055286
0.2702867581121176	0.25047168454806434
0.2739724866318283	0.22981422602863635
0.24325808230090587	0.2259409525562436
0.2739724866318283	0.2633825961227068
0.26414387724593313	0.23756077297342187
0.2788867913247759	0.27887569001227785
0.2678296057656438	0.2737113253824208
0.2248294397023524	0.21432113213906537
0.25185811551356413	0.25821823149284984
0.2715153342853545	0.25950932265031407
0.2874868245374342	0.2814578723272063
0.2739724866318283	0.26983805191002813
0.24694381082061653	0.22852313487117212
0.2838010960177235	0.27112914306749236
0.2764296389783021	0.2930776927443846
0.24571523464737965	0.2620915049652426
0.26660102959240695	0.2724202342249566
0.2616867248994593	0.22852313487117212
0.2862582483641973	0.25821823149284984
0.29362970540361866	0.2491805933906001
0.2825725198444866	0.2737113253824208
0.32680126208101495	0.3137351512638125
0.25800099637974866	0.2737113253824208
0.2715153342853545	0.26854696075256385
0.27520106280506523	0.2659647784376354
0.2813439436712497	0.28533114579959906
0.2997725862698032	0.2892044192719918
0.32311553356130424	0.2917866015869203
0.2948582815768556	0.28274896348467055
0.2924011292303818	0.2879133281145276
0.2887154007106711	0.27887569001227785
0.3476870570260422	0.26854696075256385
0.3243441097345411	0.29565987505931307
0.2948582815768556	0.2517627757055286
0.3317155667739625	0.2904955104294561
0.32680126208101495	0.2672558695950996
0.3427727523330946	0.3434302478854903
0.3120583480021722	0.32148169820859807
0.3206583812148305	0.2801667811697421
0.32680126208101495	0.27112914306749236
0.31697265269511976	0.2892044192719918
0.38331576604991224	0.33697479209816905
0.33294414294719943	0.3485946125153473
0.3489156331992791	0.3305193363108478
0.33294414294719943	0.3150262424212768
0.36242997110488495	0.34730352135788306
0.3489156331992791	0.32148169820859807
0.36242997110488495	0.34472133904295454
0.36488712345135876	0.3305193363108478
0.37103000431754324	0.34472133904295454
0.37348715666401705	0.3434302478854903
0.3636585472781219	0.34472133904295454
0.3587442425851743	0.35246788598774004
0.3513727855457529	0.3589233417750613
0.3304869906007256	0.35505006830266855
0.3366298714669101	0.35246788598774004
0.3808586137034385	0.34601243020041883
0.36242997110488495	0.3899095295542032
0.38577291839638606	0.3821629826094178
0.3280298382542518	0.3498857036728116
0.31697265269511976	0.3188995158936696
0.3083726194824615	0.3124440601063483
0.3894586469160968	0.3485946125153473
0.39560152778228125	0.35505006830266855
0.3550585140654636	0.3421391567280261
0.33785844764014705	0.3331015186257763
0.350144209372516	0.3253549716809908
0.3415441761598577	0.30340642200409856
0.32557268590777805	0.32148169820859807
0.38823007074285987	0.2995331485317058
0.3489156331992791	0.3137351512638125
0.3403155999866208	0.3305193363108478
0.3415441761598577	0.3059886043190271
0.3673442757978326	0.2930776927443846
0.3194298050415935	0.3253549716809908
0.3636585472781219	0.30857078663395554
0.32557268590777805	0.331810427468312
0.37471573283725396	0.32019060705113384
0.33540129529367324	0.3072796954764913
0.3550585140654636	0.32793715399591933
0.3403155999866208	0.331810427468312
0.32311553356130424	0.29565987505931307
0.3403155999866208	0.3331015186257763
0.3280298382542518	0.3124440601063483
0.3083726194824615	0.2879133281145276
0.3280298382542518	0.2672558695950996
0.4386016938455727	0.41185807923109546
0.46563036965678445	0.4002382588139173
0.2948582815768556	0.25821823149284984
0.22114371118264167	0.21690331445399386
0.26660102959240695	0.2207765879263866
0.47423040286944274	0.45704626974234425
0.56637361586221	0.5280562834028779
0.37717288518372777	0.37183425334970377
0.3612013949316481	0.32019060705113384
0.22237228735587858	0.2569271403353856
0.4128015942075978	0.435097720065452
0.46685894583002135	0.47899481941923644
0.30591546713598766	0.29436878390184884
0.25800099637974866	0.22464986139877938
0.2887154007106711	0.23626968181595762
0.5098591118933128	0.4828680928916292
0.47423040286944274	0.47512154594684375
0.3010011624430401	0.3137351512638125
0.38208718987667534	0.3666698887198468
0.4558017602708892	0.4002382588139173
0.567602192035447	0.5358028303476635
0.4914304692947593	0.4583373608998085
0.2616867248994593	0.2633825961227068
0.25554384403327485	0.2491805933906001
0.31082977182893523	0.2995331485317058
0.48651616460181174	0.4338066289079877
0.4300016606329144	0.4325155377505235
0.31820122886835667	0.2866222369570633
0.3206583812148305	0.331810427468312
0.3587442425851743	0.2995331485317058
0.3894586469160968	0.35246788598774004
0.3489156331992791	0.3511767948302758
0.37103000431754324	0.37312534450716806
0.38208718987667534	0.36150552408998976
0.37717288518372777	0.36021443293252553
0.33417271912043633	0.3511767948302758
0.34645848085280534	0.37312534450716806
0.33785844764014705	0.30857078663395554
0.39314437543580744	0.3757075268220965
0.3796300375302016	0.3421391567280261
0.3562870902387005	0.37312534450716806
0.33417271912043633	0.3434302478854903
0.33417271912043633	0.3176084247362053
0.35382993789222666	0.3331015186257763
0.37348715666401705	0.34601243020041883
0.3575156664119374	0.33697479209816905
0.3575156664119374	0.37054316219223954
0.3784014613569647	0.34084806557056174
0.36242997110488495	0.34084806557056174
0.3476870570260422	0.37828970913702503
0.3784014613569647	0.3679609798773111
0.3390870238133839	0.3640877064049183
0.3526013617189898	0.3498857036728116
0.4017444086484657	0.3640877064049183
0.3390870238133839	0.34730352135788306
0.3612013949316481	0.3860362560818105
0.37103000431754324	0.357632250617597
0.3575156664119374	0.3421391567280261
0.30222973861627694	0.33697479209816905
0.3452299046795684	0.3395569744130975
0.32925841442748877	0.33697479209816905
0.3317155667739625	0.2892044192719918
0.31697265269511976	0.32148169820859807
0.3304869906007256	0.3059886043190271
0.2874868245374342	0.3227727893660623
0.32557268590777805	0.3563411594601328
0.29608685775009247	0.3176084247362053
0.3120583480021722	0.3305193363108478
0.32680126208101495	0.33697479209816905
0.3083726194824615	0.3227727893660623
0.34645848085280534	0.35505006830266855
0.32311553356130424	0.3072796954764913
0.32557268590777805	0.3072796954764913
0.33540129529367324	0.3072796954764913
0.32557268590777805	0.3240638805235266
0.3120583480021722	0.3098618777914198
0.30714404330922457	0.31115296894888406
0.2997725862698032	0.28274896348467055
0.277658215151539	0.31115296894888406
0.2862582483641973	0.2866222369570633
0.31697265269511976	0.30211533084663433
0.3194298050415935	0.2917866015869203
0.2985440100965663	0.30082423968917005
0.3280298382542518	0.2892044192719918
0.28502967219096037	0.25950932265031407
0.29362970540361866	0.32019060705113384
0.3206583812148305	0.32793715399591933
0.3010011624430401	0.3434302478854903
0.32188695738806733	0.2995331485317058
0.289943976883908	0.2866222369570633
0.3194298050415935	0.32922824515338356
0.3317155667739625	0.3511767948302758
0.32311553356130424	0.32922824515338356
0.3034583147895139	0.31115296894888406
0.2764296389783021	0.2879133281145276
0.2825725198444866	0.2879133281145276
0.33294414294719943	0.3395569744130975
0.3096011956556984	0.3072796954764913
0.31082977182893523	0.3059886043190271
0.2678296057656438	0.29436878390184884
0.26414387724593313	0.27758459885481357
0.3034583147895139	0.3072796954764913
0.32925841442748877	0.31115296894888406
0.31574407652188285	0.3137351512638125
0.2874868245374342	0.2982420573742416
0.31082977182893523	0.3150262424212768
0.2702867581121176	0.3150262424212768
0.3034583147895139	0.29695096621677736
0.26660102959240695	0.2672558695950996
0.26291530107269623	0.2917866015869203
0.2997725862698032	0.3098618777914198
0.2727439104585914	0.29695096621677736
0.2715153342853545	0.2930776927443846
