WT-Tfh	WT-Th1
0.30131699808741547	0.3011232129703525
0.3308655037063104	0.33380958615573675
0.32581115406097305	0.2986717349814487
0.32114560054220015	0.29948889431108333
0.31298088188434764	0.3007146333055352
0.3160912508968629	0.31256344358523697
0.33436466884539	0.3101119655963332
0.30209459034054426	0.29417735866845834
0.3308655037063104	0.3240036742001215
0.3417517952501138	0.3301323691723811
0.3160912508968629	0.32073503688158306
0.34136299912354934	0.31869213855749656
0.32814393082035953	0.3129720232500543
0.32969911532661716	0.3231865148704869
0.34486216426262906	0.3268637318538426
0.34058540687042055	0.3468841354298905
0.33436466884539	0.362410162692948
0.33786383398446973	0.34075544045763095
0.34797253327514427	0.339529701463179
0.3491389216548375	0.33789538280390985
0.3464173487688867	0.34402407777616933
0.3390302223641629	0.33462674548537136
0.3518604945407884	0.3644530610170345
0.34447336813606466	0.33912112179836174
0.3538044751736104	0.35505572872623653
0.32969911532661716	0.32073503688158306
0.32814393082035953	0.33094952850201564
0.332420688212568	0.326046572524208
0.3390302223641629	0.3244122538649388
0.34019661074385615	0.3468841354298905
0.3592476209455121	0.32727231151865993
0.3732442815018307	0.3227779352056696
0.36080280545176974	0.34484123710580394
0.35808123256581886	0.3526042507373327
0.3670235434768003	0.3660873796763037
0.374410669881524	0.35628146772068847
0.4086247290191918	0.37507613230228437
0.3977384374753884	0.35464714906141925
0.3775210388940392	0.3763018712967363
0.38296418466594095	0.35464714906141925
0.38374177691906974	0.3534214100669673
0.3899625149441003	0.3763018712967363
0.38646334980502056	0.362410162692948
0.3891849226909714	0.36690453900593833
0.38024261177999	0.394687956213515
0.38296418466594095	0.379979088280092
0.42145500119581725	0.40245096984504375
0.37363307762839515	0.38243056626899585
0.3856857575518918	0.35955010503922685
0.4082359328926274	0.38038766794490936
0.41406787479109347	0.3873335222468035
0.4031815832472901	0.38161340693936124
0.4261205547145901	0.40898824448212057
0.3934616800831799	0.3877421019116208
0.39074010719722907	0.3873335222468035
0.3903513110706647	0.38161340693936124
0.41678944767704434	0.3975480138672361
0.42184379732238164	0.4138912004599282
0.3977384374753884	0.40531102749876485
0.4051255638801121	0.3938707968838804
0.4148454670442223	0.4020423901802264
0.42223259344894604	0.421654214091457
0.42573175858802564	0.39346221721906305
0.42923092372710536	0.4008166511857745
0.43739564238495793	0.4130740411302936
0.44050601139747314	0.42410569208036075
0.4377844385115223	0.4093968241469379
0.43739564238495793	0.44494325498604326
0.4377844385115223	0.43963171934341827
0.44050601139747314	0.4400402990082356
0.4261205547145901	0.42042847509700504
0.44011721527090875	0.42001989543218776
0.42378777795520367	0.4102139834765725
0.4280645353474122	0.4171598377784666
0.434674069499007	0.452706268617572
0.443227584283424	0.44330893632677404
0.46227859448507996	0.475586729847341
0.4358404578787003	0.42941722772298574
0.42417657408176807	0.4224713734210916
0.4381732346380867	0.402859549509861
0.4548914680803562	0.4343201837007934
0.4591682254725647	0.4629207602380046
0.44750434167563247	0.44576041431567787
0.4548914680803562	0.4384059803489664
0.44750434167563247	0.41920273610255315
0.46772174025698166	0.43023438705262035
0.49377108073679693	0.46700655688617765
0.5046573722806003	0.4604692822491008
0.4381732346380867	0.4098054038117552
0.3946280684628731	0.3726246543133806
0.34330697975637137	0.3195092978871311
0.29937301745459344	0.2974459959869967
0.25971581254502385	0.2516850735274588
0.23016730692612897	0.23411614794031477
0.37985381565342563	0.34279833878171745
0.3985160297285172	0.3885592612412554
0.3347534649719544	0.3256379928593907
0.37829863114716805	0.3526042507373327
0.32347837730158663	0.31256344358523697
0.2367768410777239	0.21859012067725725
0.2115050928510374	0.21041852738091119
0.24027600621680356	0.25617944984044916
0.3856857575518918	0.34075544045763095
0.4233989818286392	0.3848820442578996
0.3487501255282731	0.303166111294439
0.39151769945035786	0.3856992035875343
0.38451936917219853	0.3444326574409866
0.25621664740594424	0.2279874529680552
0.24921831712778492	0.25250223285709344
0.3164800470234273	0.3007146333055352
0.35302688292048157	0.3387125421335444
0.44128360365060193	0.3861077832523516
0.47899682792734943	0.41920273610255315
0.47860803180078504	0.4604692822491008
0.4591682254725647	0.416342678448832
0.4650001673710308	0.43472876336561067
0.4595570215991291	0.44943763129903364
0.46772174025698166	0.44412609565640865
0.45566906033348503	0.44943763129903364
0.4700545170163681	0.4310515463822549
0.4743312744085766	0.4604692822491008
0.4774416434210918	0.4490290516342163
0.4560578564600494	0.416342678448832
0.4513923029412766	0.4633293399028219
0.4467267494225037	0.4277829090637165
0.4494483223084545	0.4306429667174376
0.42923092372710536	0.4375888210193318
0.4510035068147122	0.4388145600137837
0.4366180501318291	0.4306429667174376
0.45255869132096976	0.4326858650415241
0.4572242448397426	0.4171598377784666
0.4377844385115223	0.4077625054876686
0.4156230592973511	0.412256881800659
0.4342852733724426	0.4098054038117552
0.4490595261818901	0.42287995308590887
0.44517156491624604	0.412256881800659
0.4358404578787003	0.4245142717451781
0.40590315613324096	0.38978500023570734
0.3880185343112782	0.3763018712967363
0.3919064955769223	0.37793618995600553
0.40084880648790366	0.3754847119671017
0.4206774089426884	0.4159340987840147
0.41951102056299516	0.4159340987840147
0.3872409420581494	0.3975480138672361
0.3996824181082104	0.37425897297264976
0.3957944568425663	0.3959136952079669
0.4051255638801121	0.37752761029118825
0.39696084522225955	0.39795659353205337
0.3876297381847138	0.37017317632447677
0.39423927233630873	0.3693560169948421
0.36313558221115616	0.3485184540891597
0.3709115047424443	0.35955010503922685
0.38102020403311887	0.38120482727454397
0.38335298079250535	0.3763018712967363
0.36741233960336467	0.35955010503922685
0.353415679047046	0.3656788000114864
0.3946280684628731	0.3754847119671017
0.3996824181082104	0.38120482727454397
0.36663474735023577	0.36118442369849607
0.374410669881524	0.36118442369849607
0.3506941061610951	0.3481098744243424
0.3654683589705426	0.3673131186707556
0.3475837371485799	0.35587288805587114
0.374410669881524	0.3599586847040442
0.3716890969955731	0.35464714906141925
0.36313558221115616	0.35750720671514036
0.355359659679868	0.3403468607928136
0.3615803977048985	0.34729271509470777
0.3654683589705426	0.3301323691723811
0.35730364031269	0.3387125421335444
0.35847002869238326	0.3526042507373327
0.34486216426262906	0.35669004738550575
0.34369577588293576	0.3293152098427464
0.3491389216548375	0.34729271509470777
0.33553105722508325	0.33176668783165025
0.35885882481894765	0.3468841354298905
0.3464173487688867	0.33299242682610214
0.36041400932520534	0.34116402012244823
0.3370862417313409	0.3297237895075637
0.32581115406097305	0.33789538280390985
0.3545820674267392	0.31991787755194845
0.3386414262375985	0.3497441930836116
0.34291818362980697	0.3403468607928136
0.33786383398446973	0.3505613524132462
0.355359659679868	0.3403468607928136
0.3261999501875375	0.34075544045763095
0.33319828046569683	0.33912112179836174
0.33319828046569683	0.3092948062666986
0.3001506097077222	0.3007146333055352
0.32308958117502223	0.30888622660188125
0.33630864947821204	0.3146063419093235
0.32969911532661716	0.33299242682610214
0.3390302223641629	0.31256344358523697
0.3149248625171697	0.3256379928593907
0.3265887463141019	0.3101119655963332
0.3122032896312188	0.29213446034437185
0.3269775424406663	0.299080314646266
0.31259208575778324	0.3129720232500543
0.31259208575778324	0.29622025699254484
0.31959041603594257	0.3035746909592563
