WT-Tfh	WT-Th1
0.5545243499972823	0.6129438488114068
0.5483253989302395	0.6336714185779763
0.5798836952715483	0.6360402836941556
0.5883368103629703	0.6662433139254422
0.5759389082288847	0.6496612581121869
0.597353466460487	0.6721654767158907
0.5686128751496523	0.6591367185769043
0.6176409426798998	0.6508456906702765
0.6153867786555206	0.7059218046214465
0.6125690736250466	0.6810487209015632
0.5967899254543921	0.6543989883445456
0.614259696643331	0.6733499092739804
0.614259696643331	0.685786451133922
0.6046794995397194	0.6715732604368458
0.6266575987774166	0.6869708836920116
0.6131326146311413	0.6591367185769043
0.5950993024361078	0.6680199627625769
0.6244034347530374	0.6976307767148187
0.6576523541126305	0.7266493743880158
0.6644148461857682	0.6828253697386978
0.6120055326189519	0.6863786674129667
0.605806581551909	0.707698453458581
0.6745585842954746	0.7124361836909396
0.6954096015209821	0.776987758106827
0.6446909109724502	0.7337559697365538
0.6232763527408478	0.7153972650861639
0.6362377958810281	0.699999641830998
0.6497627800273034	0.7230960767137468
0.6604700591431045	0.7456002953174505
0.6632877641735785	0.7527068906659885
0.6858294044173705	0.7467847278755403
0.648072157009019	0.7461925115964954
0.681321076368612	0.7615901348516612
0.6745585842954746	0.7651434325259301
0.7252772748440065	0.7698811627582889
0.6615971411552941	0.7491535929917196
0.6542711080760617	0.7450080790384057
0.7083710446611624	0.7763955418277821
0.7168241597525844	0.8060063557800239
0.7506366201182724	0.8326560883370416
0.675685666307664	0.7538913232240783
0.7044262576184989	0.7681045139211543
0.70104501158193	0.7900165162458134
0.7224595698135324	0.8225884115932794
0.7218960288074376	0.7923853813619928
0.6886471094478445	0.7781721906649166
0.6976637655453612	0.7686967302001992
0.734857471947618	0.8077830046171586
0.7523272431365569	0.8516070092664764
0.7917751135631927	0.8658201999635526
0.7974105236241408	0.8296950069418175
0.7523272431365569	0.8409471162436695
0.7731782603620644	0.8397626836855797
0.7619074402401683	0.8545680906617006
0.7156970777403948	0.8214039790351897
0.7697970143254955	0.8551603069407455
0.7562720301792203	0.8640435511264181
0.7788136704230123	0.8693734976378217
0.7821949164595812	0.8628591185683284
0.7450012100573244	0.8699657139168664
0.8013553106668042	0.8693734976378217
0.8148802948130794	0.8871399860091668
0.8092448847521315	0.9019453929852878
0.8064271797216576	0.8877322022882115
0.7759959653925383	0.8877322022882115
0.7861397035022447	0.8634513348473732
0.7991011466424252	0.8924699325205702
0.8131896717947951	0.8960232301948393
0.7855761624961499	0.8741112278701804
0.8092448847521315	0.882402255776808
0.8041730156972783	0.885955553451077
0.8582729522823791	0.9410316674022469
0.8605271163067582	0.9451771813555608
0.8453115091421987	0.9291873418213502
0.8233334099045014	0.9434005325184263
0.8334771480142078	0.9191196650775879
0.8785604285017917	1.009728755771448
0.9106822658491953	0.9925544836791478
0.8661625263677062	0.9315562069375295
0.8695437724042749	0.9463616139136505
0.8458750501482935	0.9084597720547809
0.7681063913072111	0.8338405208951313
0.737675176978092	0.827918358104683
0.7247137338379116	0.7621823511307061
0.7100616676794468	0.7609979185726163
0.6249669757591322	0.6946696953195945
0.6232763527408478	0.6467001767169627
0.5742482852106002	0.598138441835286
0.49760670838170756	0.5347712999774884
0.49986087240608684	0.5365479488146229
0.6948460605148873	0.7491535929917196
0.9016656097516785	0.9439927487974711
0.7709240963376851	0.9173430162404534
0.6604700591431045	0.7379014836898676
0.6841387813990861	0.7047373720633567
0.650889862039493	0.6715732604368458
0.9180082989284277	0.9647203185640405
0.9642186614282012	1.0239419464685242
0.7218960288074376	0.7467847278755403
0.4288547056381421	0.4554143185854801
0.27219030594378796	0.29670035580146364
0.4243463775893837	0.4844329162586771
0.6892106504539393	0.7497458092707644
0.9833790556354245	0.9972922139115065
0.9067374788065318	0.9659047511221301
0.6858294044173705	0.6917086139243703
0.6768127483198537	0.6875630999710565
0.7094981266733521	0.7432314302012711
0.8143167538069847	0.8646357674054629
0.877996887495697	0.9179352325194983
0.6807575353625174	0.7793566232230063
0.5263472996925423	0.52884913718704
0.49929733139999194	0.5460234092793403
0.5652316291130834	0.5898474139286582
0.6351107138688386	0.6620977999721285
0.6413096649358814	0.7213194278766122
0.6615971411552941	0.7527068906659885
0.7528907841426515	0.8225884115932794
0.7596532762157893	0.8060063557800239
0.7782501294169175	0.8249572767094587
0.8932124946602565	0.9611670208897714
0.897720822709015	0.9807101580982511
0.8565823292640946	0.966496967401175
0.866726067373801	0.9386628022860676
0.8858864615810241	0.9848556720515649
0.8678531493859906	0.9599825883316818
0.8960301996907306	0.9676813999592646
0.8532010832275257	0.9576137232155024
0.849819837190957	0.9368861534489331
0.8548917062458102	0.9220807464728121
0.830095901977639	0.9327406394956193
0.8030459336850887	0.8972076627529291
0.7816313754534863	0.8492381441502971
0.760216817221884	0.8486459278712524
0.7788136704230123	0.8415393325227142
0.7979740646302355	0.9137897185661844
0.8086813437460366	0.9031298255433773
0.7731782603620644	0.8699657139168664
0.7512001611243672	0.8320638720579968
0.7748688833803488	0.8587136046150146
0.7557084891731256	0.8456848464760282
0.7230231108196272	0.7923853813619928
0.7202054057891533	0.8107440860123827
0.6869564864295601	0.7894242999667686
0.6796304533503277	0.7604057022935714
0.7202054057891533	0.7846865697344099
0.6779398303320433	0.8000841929895757
0.6965366835331717	0.7781721906649166
0.6863929454234652	0.7675122976421096
0.6841387813990861	0.7835021371763201
0.7111887496916365	0.7763955418277821
0.6694867152406213	0.7734344604325579
0.6971002245392665	0.7645512162468854
0.6570888131065358	0.6846020185758322
0.6632877641735785	0.7704733790373337
0.6683596332284316	0.7681045139211543
0.6553981900882514	0.7325715371784641
0.6570888131065358	0.7230960767137468
0.6322930088383646	0.7183583464813881
0.6909012734722236	0.7207272115975674
0.6796304533503277	0.7361248348527332
0.6165138606677102	0.7082906697376258
0.6559617310943461	0.7106595348538052
0.6644148461857682	0.7456002953174505
0.6858294044173705	0.765735648804975
0.6317294678322698	0.71125175113285
0.6452544519785449	0.7290182395041951
0.628348221795701	0.6899319650872358
0.5793201542654535	0.6697966115997114
0.6384919599054073	0.7213194278766122
0.6373648778932178	0.7242805092718363
0.6475086160029241	0.725464941829926
0.631165926826175	0.6828253697386978
0.591718056399539	0.6792720720644287
0.6266575987774166	0.6828253697386978
0.5849555643264015	0.6804565046225184
0.5838284823142119	0.685786451133922
0.5939722204239183	0.6336714185779763
0.580447236277643	0.6508456906702765
0.5703034981679367	0.6591367185769043
0.583264941308117	0.6751265581111149
0.5821378592959275	0.6538067720655006
0.5550878910033772	0.6348558511360659
0.5894638923751598	0.601691739509555
0.5629774650887043	0.623603741834214
0.5635410060947991	0.5957695767191067
0.5590326780460406	0.5939929278819721
0.5629774650887043	0.598138441835286
0.566358711125273	0.598138441835286
0.5443806118875759	0.6153127139275862
0.5753753672227898	0.6070216860209586
0.5567785140216616	0.6194582278809002
0.5398722838388175	0.6005073069514654
0.5590326780460406	0.6159049302066311
0.5308556277413007	0.572080925557313
0.5376181198144383	0.5566833023021474
0.5257837586864476	0.6194582278809002
0.5111316925279827	0.5744497906734924
0.5505795629546187	0.5993228743933757
0.5173306435950256	0.5519455720697887
