WT-Tfh	WT-Th1
0.2872399743594397	0.2722622022818951
0.2883664056314375	0.2734459509874686
0.2827342492714485	0.2746296996930421
0.26809064273547706	0.23911723852583833
0.3018835808954112	0.3065909147435254
0.2996307183514155	0.2923859302766439
0.2928721307194287	0.28646718674877664
0.29625142453542214	0.2746296996930421
0.28160781799945067	0.2568734691094402
0.2782285241834573	0.2829159406320563
0.3525729881353123	0.31961215050483344
0.30751573725540016	0.28765093545435005
0.29174569944743095	0.2912021815710705
0.2996307183514155	0.2746296996930421
0.29850428707941773	0.28765093545435005
0.30301001216740897	0.29356967898221736
0.3536994194073101	0.28528343804320316
0.2883664056314375	0.31250965827139265
0.3007571496234133	0.27818094580976244
0.3277915001513606	0.30422341733237845
0.29625142453542214	0.3006721712156581
0.2883664056314375	0.28765093545435005
0.2849871118154441	0.2888346841599236
0.3154007561593848	0.2923859302766439
0.2883664056314375	0.2923859302766439
0.3570787132233035	0.3468383707330229
0.31089503107139355	0.30185591992123156
0.3277915001513606	0.290018432865497
0.3052628747114045	0.2734459509874686
0.3131478936153892	0.31014216086024576
0.29625142453542214	0.26989470487074824
0.31202146234339134	0.30185591992123156
0.3413086754153343	0.3077746634490988
0.30413644343940677	0.29475342768779084
0.3187800499753782	0.31842840179925996
0.30413644343940677	0.2983046738045112
0.33229722523935185	0.31842840179925996
0.31089503107139355	0.28765093545435005
0.33342365651134964	0.28528343804320316
0.29625142453542214	0.3065909147435254
0.3210329125193738	0.2888346841599236
0.3232857750633694	0.3231633966215538
0.331170793967354	0.2805484432209094
0.3435615379593298	0.3456546220274495
0.31089503107139355	0.2923859302766439
0.33680295032734303	0.34328712461630256
0.2996307183514155	0.33381713497171495
0.34581440050332546	0.3065909147435254
0.33342365651134964	0.31250965827139265
0.34468796923132766	0.3290821401494211
0.3097685997993958	0.316060904388113
0.3300443626953562	0.3290821401494211
0.3480672630473211	0.32671464273827416
0.3131478936153892	0.31842840179925996
0.32891793142335846	0.30895841215467235
0.30301001216740897	0.29593717639336425
0.3390558128713386	0.35985960649433096
0.3221593437913716	0.3148771556825396
0.3536994194073101	0.3290821401494211
0.3683430259432815	0.3610433551999044
0.3401822441433365	0.3456546220274495
0.3784809073912618	0.331449637560568
0.3705958884872771	0.38590207801694704
0.34581440050332546	0.3136934069769662
0.3536994194073101	0.33381713497171495
0.36158443831129466	0.32553089403270075
0.38523949502324856	0.34447087332187604
0.4122738455511958	0.3231633966215538
0.3705958884872771	0.3811670831946532
0.3514465568633145	0.3409196272051556
0.3525729881353123	0.3409196272051556
0.3570787132233035	0.31842840179925996
0.3221593437913716	0.31724465309368655
0.36271086958329246	0.3385521297940087
0.34581440050332546	0.3551246116720371
0.3660901633992859	0.3231633966215538
0.3965038077432266	0.3468383707330229
0.319906481247376	0.331449637560568
0.38523949502324856	0.3492058681441699
0.4190324331831826	0.3870858267225205
0.4190324331831826	0.3811670831946532
0.38861878883924195	0.35157336555531676
0.36158443831129466	0.3302658888549945
0.33455008778334744	0.3492058681441699
0.3965038077432266	0.36932959613891864
0.4494460775271233	0.3799833344890797
0.3401822441433365	0.3492058681441699
0.37510161357526833	0.3373683810884353
0.319906481247376	0.28765093545435005
0.2849871118154441	0.25213847428714636
0.38636592629524635	0.3409196272051556
0.3965038077432266	0.3397358784995822
0.3525729881353123	0.3219796479159804
0.3018835808954112	0.2888346841599236
0.3165271874313826	0.28646718674877664
0.2872399743594397	0.27936469451533585
0.21402194167958252	0.20005353124191425
0.21064264786358913	0.23083099758682413
0.3638373008552903	0.316060904388113
0.314274324887387	0.28528343804320316
0.4077681204632046	0.3823508319002267
0.4550782338871123	0.4320682775343119
0.3413086754153343	0.2971209250989378
0.3401822441433365	0.3136934069769662
0.21740123549557594	0.18466479806945932
0.21402194167958252	0.18584854677503276
0.33455008778334744	0.27936469451533585
0.3266650688793628	0.305407166037952
0.32441220633536716	0.30895841215467235
0.3480672630473211	0.34328712461630256
0.38298663247925296	0.3373683810884353
0.3796073386632596	0.35867585778875755
0.3131478936153892	0.31014216086024576
0.32441220633536716	0.26160846393173404
0.35032012559131664	0.32671464273827416
0.3773544761192639	0.39418831895596124
0.4190324331831826	0.40957705212841616
0.38411306375125076	0.38471832931137356
0.3514465568633145	0.35157336555531676
0.3277915001513606	0.3136934069769662
0.331170793967354	0.34328712461630256
0.3784809073912618	0.36814584743334516
0.38861878883924195	0.3645946013166248
0.342435106687332	0.31961215050483344
0.3660901633992859	0.3243471453271272
0.3536994194073101	0.35157336555531676
0.3694694572152793	0.3799833344890797
0.3649637321272881	0.3740645909612125
0.36271086958329246	0.31961215050483344
0.3401822441433365	0.2983046738045112
0.33229722523935185	0.31724465309368655
0.3480672630473211	0.3136934069769662
0.3582051444953013	0.33381713497171495
0.36158443831129466	0.3610433551999044
0.34581440050332546	0.31961215050483344
0.35482585067930783	0.3574921090831841
0.3672165946712837	0.3385521297940087
0.3514465568633145	0.35038961684974335
0.3413086754153343	0.31961215050483344
0.3536994194073101	0.31014216086024576
0.331170793967354	0.30895841215467235
0.3807337699352573	0.3634108526110513
0.3908716513832376	0.3456546220274495
0.3705958884872771	0.32079589921040685
0.319906481247376	0.33381713497171495
0.319906481247376	0.2746296996930421
0.3435615379593298	0.31961215050483344
0.3593315757672991	0.3527571142608902
0.31089503107139355	0.3243471453271272
0.3390558128713386	0.33500088367728836
0.26471134891948367	0.30895841215467235
0.2782285241834573	0.2923859302766439
0.30301001216740897	0.2971209250989378
0.3210329125193738	0.34210337591072915
0.331170793967354	0.36696209872777175
0.35032012559131664	0.3136934069769662
0.3559522819513057	0.3527571142608902
0.3187800499753782	0.2912021815710705
0.3007571496234133	0.30303966862680504
0.29625142453542214	0.31250965827139265
0.2894928369034353	0.2663434587540279
0.3390558128713386	0.2994884225100847
0.2759756616394617	0.2687109561651748
0.31202146234339134	0.32789839144384764
0.34468796923132766	0.33381713497171495
0.3277915001513606	0.3231633966215538
0.3413086754153343	0.3065909147435254
0.2996307183514155	0.2994884225100847
0.29850428707941773	0.3065909147435254
0.29625142453542214	0.28765093545435005
0.2613320551034902	0.2450359820537056
0.2759756616394617	0.2746296996930421
0.2725963678234683	0.2580572178150137
0.32441220633536716	0.33618463238286184
0.3435615379593298	0.30185591992123156
0.3221593437913716	0.2817321919264828
0.2759756616394617	0.28528343804320316
0.26809064273547706	0.2450359820537056
0.30751573725540016	0.305407166037952
0.29625142453542214	0.31132590956581924
0.33229722523935185	0.2888346841599236
0.3097685997993958	0.28528343804320316
0.30413644343940677	0.29356967898221736
0.2635849176474859	0.2734459509874686
0.2771020929114595	0.2758134483986155
0.3007571496234133	0.290018432865497
0.3097685997993958	0.30185591992123156
0.314274324887387	0.2829159406320563
0.28611354308744186	0.27818094580976244
0.3018835808954112	0.2746296996930421
0.2827342492714485	0.2651597100484544
0.26921707400747485	0.27936469451533585
0.28160781799945067	0.2758134483986155
0.2849871118154441	0.2888346841599236
0.2804813867274529	0.2758134483986155
0.2433091547515254	0.2545059716982933
0.2748492303674639	0.2971209250989378
0.2759756616394617	0.2675272074596013
0.2748492303674639	0.2817321919264828
0.24781487983951664	0.2687109561651748
