WT	KO
0.3287881719044967	0.36497663314620865
0.493182257856745	0.7299532662924173
0.493182257856745	0.6082943885770145
0.4109852148806209	0.7299532662924173
0.6575763438089934	0.4866355108616116
0.5753793008328691	0.36497663314620865
0.493182257856745	0.7299532662924173
0.6575763438089934	0.8516121440078203
0.5753793008328691	0.9732710217232232
0.493182257856745	0.1216588777154029
0.493182257856745	0.6082943885770145
0.6575763438089934	1.094929899438626
0.98636451571349	2.068200921161849
0.904167472737366	0.7299532662924173
0.8219704297612418	0.6082943885770145
0.6575763438089934	0.6082943885770145
0.4109852148806209	0.8516121440078203
0.493182257856745	0.36497663314620865
0.4109852148806209	0.7299532662924173
0.493182257856745	0.6082943885770145
0.8219704297612418	0.4866355108616116
0.3287881719044967	0.6082943885770145
0.5753793008328691	0.7299532662924173
0.8219704297612418	1.216588777154029
0.904167472737366	1.094929899438626
1.1507586016657383	0.8516121440078203
0.6575763438089934	1.338247654869432
0.493182257856745	0.7299532662924173
0.98636451571349	1.094929899438626
0.904167472737366	1.216588777154029
0.7397733867851176	0.8516121440078203
0.6575763438089934	0.6082943885770145
0.98636451571349	0.7299532662924173
1.2329556446418626	0.9732710217232232
1.0685615586896142	1.216588777154029
1.3151526876179869	1.094929899438626
1.6439408595224836	1.5815654103002377
1.808334945474732	1.216588777154029
1.1507586016657383	1.338247654869432
0.98636451571349	0.9732710217232232
0.6575763438089934	0.6082943885770145
0.8219704297612418	0.7299532662924173
1.3151526876179869	1.5815654103002377
0.98636451571349	1.338247654869432
0.904167472737366	1.216588777154029
0.4109852148806209	0.1216588777154029
0.7397733867851176	0.7299532662924173
0.904167472737366	0.7299532662924173
1.2329556446418626	1.094929899438626
0.904167472737366	0.7299532662924173
0.5753793008328691	0.2433177554308058
0.8219704297612418	0.6082943885770145
1.1507586016657383	1.338247654869432
0.7397733867851176	1.338247654869432
0.904167472737366	0.8516121440078203
0.7397733867851176	0.7299532662924173
1.5617438165463593	1.5815654103002377
1.6439408595224836	1.5815654103002377
1.3151526876179869	1.5815654103002377
0.8219704297612418	1.094929899438626
0.98636451571349	1.216588777154029
0.7397733867851176	1.216588777154029
1.1507586016657383	1.4599065325848346
1.3151526876179869	1.216588777154029
0.904167472737366	0.4866355108616116
0.493182257856745	0.36497663314620865
0.16439408595224836	0.4866355108616116
0.98636451571349	1.094929899438626
1.5617438165463593	1.338247654869432
1.4795467735702352	1.216588777154029
1.1507586016657383	1.094929899438626
0.8219704297612418	0.8516121440078203
0.7397733867851176	0.9732710217232232
0.4109852148806209	0.7299532662924173
0.98636451571349	0.9732710217232232
0.5753793008328691	1.094929899438626
0.7397733867851176	0.4866355108616116
0.2465911289283725	0.4866355108616116
1.6439408595224836	0.9732710217232232
1.397349730594111	1.338247654869432
1.1507586016657383	0.9732710217232232
0.8219704297612418	0.4866355108616116
0.3287881719044967	0.2433177554308058
0.08219704297612418	0.4866355108616116
0.5753793008328691	1.338247654869432
0.6575763438089934	0.6082943885770145
0.6575763438089934	0.6082943885770145
0.7397733867851176	1.338247654869432
0.493182257856745	0.36497663314620865
1.0685615586896142	1.4599065325848346
0.7397733867851176	0.7299532662924173
1.2329556446418626	1.5815654103002377
0.7397733867851176	0.8516121440078203
0.5753793008328691	0.7299532662924173
0.16439408595224836	0.2433177554308058
0.3287881719044967	0.36497663314620865
0.6575763438089934	0.9732710217232232
0.8219704297612418	1.338247654869432
0.904167472737366	0.7299532662924173
0.2465911289283725	0.2433177554308058
0.0	0.0
0.6575763438089934	0.7299532662924173
0.7397733867851176	0.7299532662924173
0.6575763438089934	0.6082943885770145
0.7397733867851176	0.7299532662924173
0.6575763438089934	0.8516121440078203
1.3151526876179869	1.094929899438626
1.3151526876179869	1.216588777154029
1.0685615586896142	0.9732710217232232
0.7397733867851176	0.9732710217232232
0.4109852148806209	0.36497663314620865
0.2465911289283725	0.2433177554308058
0.3287881719044967	0.6082943885770145
0.6575763438089934	0.4866355108616116
0.8219704297612418	0.9732710217232232
0.4109852148806209	0.4866355108616116
0.7397733867851176	0.7299532662924173
1.0685615586896142	1.216588777154029
0.8219704297612418	1.5815654103002377
1.5617438165463593	1.338247654869432
0.8219704297612418	1.216588777154029
1.0685615586896142	1.094929899438626
0.493182257856745	0.4866355108616116
0.5753793008328691	0.6082943885770145
0.98636451571349	0.9732710217232232
1.2329556446418626	1.338247654869432
1.397349730594111	1.094929899438626
0.8219704297612418	0.8516121440078203
0.7397733867851176	0.6082943885770145
0.904167472737366	0.9732710217232232
1.0685615586896142	0.9732710217232232
1.0685615586896142	1.094929899438626
0.6575763438089934	0.6082943885770145
0.904167472737366	0.7299532662924173
0.904167472737366	0.8516121440078203
1.4795467735702352	1.8248831657310434
1.808334945474732	2.189859798877252
1.2329556446418626	1.8248831657310434
1.1507586016657383	1.094929899438626
1.1507586016657383	0.6082943885770145
0.6575763438089934	0.7299532662924173
1.1507586016657383	1.4599065325848346
0.98636451571349	1.216588777154029
1.3151526876179869	0.9732710217232232
0.904167472737366	1.094929899438626
0.904167472737366	0.6082943885770145
0.6575763438089934	1.7032242880156405
1.1507586016657383	0.9732710217232232
1.3151526876179869	1.4599065325848346
1.397349730594111	1.8248831657310434
1.0685615586896142	2.3115186765926548
1.0685615586896142	0.9732710217232232
0.7397733867851176	0.4866355108616116
0.8219704297612418	0.7299532662924173
0.904167472737366	1.094929899438626
0.904167472737366	0.9732710217232232
0.904167472737366	1.094929899438626
0.4109852148806209	0.4866355108616116
0.6575763438089934	0.6082943885770145
1.0685615586896142	1.338247654869432
0.904167472737366	1.094929899438626
0.8219704297612418	1.094929899438626
0.8219704297612418	0.8516121440078203
1.0685615586896142	0.6082943885770145
0.6575763438089934	0.7299532662924173
1.0685615586896142	0.9732710217232232
1.0685615586896142	1.216588777154029
1.3151526876179869	0.9732710217232232
0.8219704297612418	1.094929899438626
0.98636451571349	1.216588777154029
1.3151526876179869	1.094929899438626
1.0685615586896142	1.216588777154029
1.3151526876179869	0.7299532662924173
0.98636451571349	1.5815654103002377
0.8219704297612418	1.216588777154029
0.7397733867851176	0.6082943885770145
1.3151526876179869	0.9732710217232232
1.2329556446418626	1.5815654103002377
1.0685615586896142	1.216588777154029
0.4109852148806209	0.8516121440078203
1.2329556446418626	1.338247654869432
1.2329556446418626	1.5815654103002377
1.4795467735702352	1.8248831657310434
1.0685615586896142	1.8248831657310434
0.8219704297612418	1.216588777154029
0.8219704297612418	0.6082943885770145
0.493182257856745	0.7299532662924173
0.8219704297612418	1.338247654869432
1.5617438165463593	1.338247654869432
1.4795467735702352	1.7032242880156405
0.8219704297612418	0.8516121440078203
0.8219704297612418	0.7299532662924173
1.1507586016657383	0.4866355108616116
0.904167472737366	1.4599065325848346
1.2329556446418626	1.094929899438626
1.0685615586896142	1.094929899438626
0.493182257856745	0.8516121440078203
0.7397733867851176	0.6082943885770145
0.904167472737366	0.9732710217232232
0.98636451571349	1.216588777154029
