WT-Tfh	WT-Th1
0.35388852239739593	0.5629953663326039
0.47185136319652793	0.6527482508204104
0.46253850734396484	0.7221027524700789
0.3818270899550851	0.6609076039556655
0.3663056635341467	0.6976246930643136
0.3849313752392728	0.6323498679822726
0.39113994580764816	0.5833937491707418
0.4345999397862757	0.6731466336585482
0.40666137222858656	0.6527482508204104
0.4439127956388388	0.6935450164966861
0.4190785133653373	0.5793140726031142
0.42839136921790033	0.5793140726031142
0.39113994580764816	0.656827927388038
0.3942442310918358	0.6486685742527827
0.4097656575127742	0.7180230759024514
0.4190785133653373	0.6445888976851551
0.42218279864952496	0.628270191414645
0.3973485163760235	0.6405092211175276
0.4345999397862757	0.7017043696319412
0.4563299367755895	0.664987280523293
0.44080851035465113	0.7180230759024514
0.43149565450208804	0.6853856633614308
0.4563299367755895	0.7384214587405893
0.4439127956388388	0.7425011353082168
0.48116421904909096	0.7914572541197475
0.4439127956388388	0.815935313525513
0.4377042250704634	0.5874734257383694
0.4004528016602112	0.7221027524700789
0.4097656575127742	0.7792182244168648
0.49978993075421707	0.7221027524700789
0.44080851035465113	0.6690669570909206
0.4128699427969619	0.6731466336585482
0.43149565450208804	0.7057840461995687
0.4749556484807156	0.7832979009844925
0.5246242130277184	0.7996166072550026
0.5059985013225925	0.7343417821729616
0.43149565450208804	0.7751385478492373
0.48116421904909096	0.78737757755212
0.42839136921790033	0.7628995181463546
0.44701708092302644	0.7547401650110994
0.490477074901654	0.824094666660768
0.5091027866067801	0.8648914323370437
0.5153113571751554	0.8648914323370437
0.5153113571751554	0.9138475511485745
0.5122070718909678	0.8730507854722989
0.4439127956388388	0.815935313525513
0.4377042250704634	0.7465808118758444
0.5463542100170323	0.8036962838226301
0.4656427926281525	0.730262105605334
0.4563299367755895	0.7792182244168648
0.4749556484807156	0.8608117557694162
0.49358136018584164	0.8934491683104367
0.5339370688802816	0.8608117557694162
0.4532256514914018	0.824094666660768
0.5028942160384048	0.7996166072550026
0.5494584953012199	0.8322540197960232
0.490477074901654	0.8648914323370437
0.4501213662072141	0.8404133729312783
0.5898142039956599	0.9056881980133193
0.5277284983119063	0.9016085214456918
0.4842685043332786	0.8812101386075539
0.5432499247328446	0.8975288448780643
0.5091027866067801	0.9383256105543399
0.5432499247328446	0.975042699662988
0.6177527715533491	0.9505646402572225
0.5525627805854076	0.824094666660768
0.5122070718909678	0.7465808118758444
0.5711884922905338	0.9220069042838296
0.5836056334272844	0.9016085214456918
0.5867099187114723	0.9995207590687533
0.5805013481430968	0.9220069042838296
0.6270656274059121	1.0362378481774015
0.6736299066687274	1.0647955841507943
0.6270656274059121	0.9668833465277328
0.5991270598482229	0.9668833465277328
0.6146484862691614	0.8608117557694162
0.6301699126900998	0.9424052871219675
0.6177527715533491	0.9668833465277328
0.5867099187114723	0.8771304620399264
0.6208570568375368	1.0036004356363808
0.6177527715533491	0.8771304620399264
0.5991270598482229	0.8771304620399264
0.5929184892798476	0.946484963689595
0.5680842070063461	0.8363336963636507
0.5184156424593431	0.9301662574190848
0.530832783596094	0.8934491683104367
0.47185136319652793	0.7955369306873751
0.490477074901654	0.7710588712816098
0.49978993075421707	0.8730507854722989
0.6550041949636013	0.9791223762306156
0.6084399157007859	0.8648914323370437
0.8288441708781116	1.264699735964545
0.5370413541644693	0.8975288448780643
0.6425870538268504	1.0566362310155393
0.5680842070063461	0.7710588712816098
0.9592241528139942	1.2320623234235246
1.1237512728759416	1.6726673927273015
1.0244141437819356	1.6441096567539084
0.5711884922905338	0.8689711089046713
0.2266128257457009	0.4038879801951289
0.2483428227350147	0.4528440990066597
0.5805013481430968	0.9342459339867124
0.9281812999721174	1.554356772266102
1.2044626902648212	1.6849064224301842
0.9871627203716833	1.489081947184061
0.5898142039956599	0.9220069042838296
0.7264027564999179	1.0443972013126566
0.5867099187114723	1.0239988184745188
0.8133227444571731	1.199424910882504
0.4966856454700294	0.7180230759024514
0.4749556484807156	0.7832979009844925
0.4563299367755895	0.8689711089046713
0.4966856454700294	0.8771304620399264
0.530832783596094	0.8608117557694162
0.42839136921790033	0.730262105605334
0.46874707791234027	0.9097678745809469
0.5059985013225925	0.8444930494989058
0.5649799217221584	1.0811142904213047
0.5773970628589091	1.0566362310155393
0.6394827685426628	1.0362378481774015
0.5525627805854076	1.0076801122040084
0.5805013481430968	0.9872817293658707
0.5463542100170323	0.9709630230953604
0.6115442009849736	0.9832020527982431
0.5867099187114723	1.0076801122040084
0.5339370688802816	0.9260865808514571
0.5246242130277184	0.8608117557694162
0.5773970628589091	0.9342459339867124
0.5401456394486569	0.9016085214456918
0.6177527715533491	0.9587239933924777
0.5153113571751554	0.824094666660768
0.6084399157007859	0.8077759603902578
0.5742927775747214	0.9220069042838296
0.5711884922905338	0.917927227716202
0.6550041949636013	1.011759788771636
0.6053356304165983	0.9587239933924777
0.5773970628589091	1.0362378481774015
0.6394827685426628	0.9342459339867124
0.5370413541644693	0.9342459339867124
0.6146484862691614	0.8281743432283957
0.6270656274059121	0.8526524026341611
0.6208570568375368	0.9424052871219675
0.5805013481430968	0.9056881980133193
0.5525627805854076	0.8975288448780643
0.5742927775747214	0.8934491683104367
0.6332741979742874	0.8771304620399264
0.5711884922905338	0.9668833465277328
0.5494584953012199	0.8608117557694162
0.5805013481430968	0.8200149900931405
0.5277284983119063	0.7792182244168648
0.5091027866067801	0.9628036699601052
0.5587713511537831	0.8730507854722989
0.5215199277435308	0.9220069042838296
0.5836056334272844	0.9383256105543399
0.4656427926281525	0.7955369306873751
0.5122070718909678	0.8200149900931405
0.5618756364379708	0.78737757755212
0.5370413541644693	0.8363336963636507
0.5680842070063461	0.8404133729312783
0.5059985013225925	0.8648914323370437
0.46253850734396484	0.824094666660768
0.490477074901654	0.6853856633614308
0.49358136018584164	0.8118556369578854
0.5680842070063461	0.824094666660768
0.4563299367755895	0.8200149900931405
0.4842685043332786	0.758819841578727
0.5587713511537831	0.8608117557694162
0.4749556484807156	0.7343417821729616
0.44080851035465113	0.664987280523293
0.5215199277435308	0.7996166072550026
0.4842685043332786	0.7506604884434719
0.48116421904909096	0.7180230759024514
0.5153113571751554	0.8118556369578854
0.5215199277435308	0.8812101386075539
0.4097656575127742	0.8200149900931405
0.44701708092302644	0.7628995181463546
0.41597422808114964	0.628270191414645
0.4749556484807156	0.7017043696319412
0.4780599337649033	0.6690669570909206
0.4656427926281525	0.6976246930643136
0.4345999397862757	0.7384214587405893
0.4842685043332786	0.7628995181463546
0.4966856454700294	0.6853856633614308
0.3849313752392728	0.6813059867938033
0.43149565450208804	0.599712455441252
0.4252870839337126	0.628270191414645
0.42218279864952496	0.6364295445499001
0.44080851035465113	0.6894653399290583
0.4656427926281525	0.6853856633614308
0.4532256514914018	0.7180230759024514
0.41597422808114964	0.6364295445499001
0.4377042250704634	0.6609076039556655
0.39113994580764816	0.6813059867938033
0.43149565450208804	0.6445888976851551
0.44701708092302644	0.7221027524700789
0.4377042250704634	0.6201108382793898
0.46874707791234027	0.6078718085765071
0.45943422205977713	0.599712455441252
0.42839136921790033	0.6241905148470174
0.46874707791234027	0.664987280523293
