WT-Tfh	WT-Th1
0.476859610121684	0.3974148933744932
0.1977222773675275	0.48912602261476085
0.27913733275415653	0.443270457994627
0.30239877715033625	0.443270457994627
0.395444554735055	0.5655519636483172
0.5117517767159536	0.5349815872348946
0.2558758883579768	0.48912602261476085
0.395444554735055	0.6266927164751622
0.3838138325369652	0.33627414054764804
0.5350132211121332	0.5961223400617398
0.4535981657255043	0.611407528268451
0.40707527693314494	0.5961223400617398
0.5001210545178638	0.611407528268451
0.24424516615988698	0.3057037641342255
0.3256602215465159	0.3974148933744932
0.37218311033887536	0.5349815872348946
0.4535981657255043	0.7489742221288525
0.3838138325369652	0.5808371518550285
0.5117517767159536	0.4585556462013383
0.3605523881407855	0.3515593287543593
0.37218311033887536	0.5196963990281833
0.37218311033887536	0.3821297051677819
0.5233824989140434	0.5808371518550285
0.476859610121684	0.443270457994627
0.476859610121684	0.4127000815812044
0.40707527693314494	0.42798526978791573
0.43033672132932466	0.5196963990281833
0.2558758883579768	0.3821297051677819
0.5117517767159536	0.6419779046818737
0.5699053877064029	0.6419779046818737
0.34892166594269564	0.3974148933744932
0.27913733275415653	0.5044112108214721
0.40707527693314494	0.48912602261476085
0.43033672132932466	0.5961223400617398
0.5466439433102231	0.6266927164751622
0.4652288879235942	0.5196963990281833
0.4535981657255043	0.5044112108214721
0.43033672132932466	0.5044112108214721
0.4419674435274145	0.4585556462013383
0.6164282764987623	0.6572630928885849
0.5350132211121332	0.6572630928885849
0.3372909437446058	0.443270457994627
0.37218311033887536	0.4738408344080495
0.5350132211121332	0.6572630928885849
0.5117517767159536	0.5961223400617398
0.5350132211121332	0.6878334693020074
0.4419674435274145	0.5808371518550285
0.4652288879235942	0.5196963990281833
0.3256602215465159	0.3515593287543593
0.43033672132932466	0.5502667754416058
0.41870599913123474	0.7336890339221412
0.5001210545178638	0.5655519636483172
0.476859610121684	0.5502667754416058
0.41870599913123474	0.5196963990281833
0.43033672132932466	0.6419779046818737
0.4535981657255043	0.48912602261476085
0.5001210545178638	0.5196963990281833
0.5466439433102231	0.6419779046818737
0.5931668321025826	0.6572630928885849
0.5350132211121332	0.6266927164751622
0.5466439433102231	0.611407528268451
0.7443662206777507	0.7795445985422751
0.5233824989140434	0.7489742221288525
0.6047975543006725	0.4738408344080495
0.7327354984796608	0.7336890339221412
0.6047975543006725	0.6572630928885849
0.476859610121684	0.7031186575087186
0.476859610121684	0.5044112108214721
0.5699053877064029	0.48912602261476085
0.5582746655083131	0.5961223400617398
0.5699053877064029	0.5044112108214721
0.5466439433102231	0.5655519636483172
0.3256602215465159	0.611407528268451
0.4419674435274145	0.5655519636483172
0.5699053877064029	0.6266927164751622
0.6745818874892116	0.7489742221288525
0.4419674435274145	0.5808371518550285
0.395444554735055	0.5655519636483172
0.5117517767159536	0.3974148933744932
0.5233824989140434	0.3974148933744932
0.5350132211121332	0.5349815872348946
0.48849033231977396	0.48912602261476085
0.5699053877064029	0.3668445169610706
0.43033672132932466	0.5808371518550285
0.5001210545178638	0.5808371518550285
0.41870599913123474	0.443270457994627
0.476859610121684	0.5655519636483172
0.48849033231977396	0.4127000815812044
0.3605523881407855	0.443270457994627
0.395444554735055	0.3057037641342255
0.476859610121684	0.3974148933744932
0.3838138325369652	0.4585556462013383
0.37218311033887536	0.443270457994627
0.6396897208949419	0.611407528268451
0.4535981657255043	0.48912602261476085
0.34892166594269564	0.21399263489395787
0.29076805495224634	0.1834222584805353
0.2675066105560666	0.32098895234093683
0.5582746655083131	0.6266927164751622
0.6047975543006725	0.71840384571543
0.79088910947011	0.8406853513691201
0.6862126096873014	0.6725482810952961
0.5117517767159536	0.4738408344080495
0.40707527693314494	0.16813707027382402
0.4419674435274145	0.4585556462013383
0.4535981657255043	0.4127000815812044
0.3838138325369652	0.42798526978791573
0.3838138325369652	0.4127000815812044
0.43033672132932466	0.4585556462013383
0.5699053877064029	0.5502667754416058
0.5350132211121332	0.5961223400617398
0.40707527693314494	0.5044112108214721
0.43033672132932466	0.4738408344080495
0.43033672132932466	0.3668445169610706
0.5233824989140434	0.5044112108214721
0.5815361099044927	0.4127000815812044
0.41870599913123474	0.443270457994627
0.5117517767159536	0.5349815872348946
0.40707527693314494	0.48912602261476085
0.3605523881407855	0.71840384571543
0.5350132211121332	0.611407528268451
0.395444554735055	0.3974148933744932
0.41870599913123474	0.48912602261476085
0.4419674435274145	0.5196963990281833
0.3838138325369652	0.5502667754416058
0.41870599913123474	0.5808371518550285
0.48849033231977396	0.5349815872348946
0.6280589986968521	0.6266927164751622
0.5117517767159536	0.5044112108214721
0.43033672132932466	0.5349815872348946
0.5233824989140434	0.48912602261476085
0.476859610121684	0.5044112108214721
0.6047975543006725	0.7489742221288525
0.476859610121684	0.611407528268451
0.476859610121684	0.443270457994627
0.43033672132932466	0.3821297051677819
0.5582746655083131	0.5196963990281833
0.5815361099044927	0.6725482810952961
0.6629511652911217	0.611407528268451
0.5117517767159536	0.6572630928885849
0.5350132211121332	0.3668445169610706
0.5582746655083131	0.5961223400617398
0.7327354984796608	0.8559705395758315
0.5931668321025826	0.7336890339221412
0.48849033231977396	0.6419779046818737
0.5466439433102231	0.4738408344080495
0.4652288879235942	0.4585556462013383
0.5001210545178638	0.48912602261476085
0.41870599913123474	0.5196963990281833
0.3838138325369652	0.3974148933744932
0.5117517767159536	0.6266927164751622
0.48849033231977396	0.443270457994627
0.4535981657255043	0.5808371518550285
0.6280589986968521	0.6725482810952961
0.5233824989140434	0.4585556462013383
0.34892166594269564	0.42798526978791573
0.37218311033887536	0.4127000815812044
0.30239877715033625	0.4738408344080495
0.4535981657255043	0.5655519636483172
0.43033672132932466	0.3057037641342255
0.3605523881407855	0.3974148933744932
0.48849033231977396	0.4585556462013383
0.31402949934842606	0.48912602261476085
0.476859610121684	0.48912602261476085
0.395444554735055	0.42798526978791573
0.5815361099044927	0.4127000815812044
0.4535981657255043	0.4127000815812044
0.3256602215465159	0.29041857592751424
0.395444554735055	0.48912602261476085
0.31402949934842606	0.3057037641342255
0.5001210545178638	0.4585556462013383
0.48849033231977396	0.48912602261476085
0.3372909437446058	0.32098895234093683
0.4419674435274145	0.4127000815812044
0.4535981657255043	0.5808371518550285
0.48849033231977396	0.5349815872348946
0.4652288879235942	0.4585556462013383
0.40707527693314494	0.5502667754416058
0.30239877715033625	0.4585556462013383
0.4419674435274145	0.611407528268451
0.31402949934842606	0.4738408344080495
0.5001210545178638	0.3668445169610706
0.41870599913123474	0.3974148933744932
0.43033672132932466	0.3821297051677819
0.37218311033887536	0.5044112108214721
0.3605523881407855	0.29041857592751424
0.41870599913123474	0.4127000815812044
0.395444554735055	0.3974148933744932
0.48849033231977396	0.3974148933744932
0.5233824989140434	0.4585556462013383
0.41870599913123474	0.5044112108214721
0.4652288879235942	0.3974148933744932
0.34892166594269564	0.443270457994627
0.3256602215465159	0.5044112108214721
0.4652288879235942	0.5502667754416058
0.41870599913123474	0.5502667754416058
0.40707527693314494	0.48912602261476085
0.27913733275415653	0.4585556462013383
0.41870599913123474	0.4585556462013383
0.40707527693314494	0.3515593287543593
