condition1	condition1
0.11171938971256973	0.11514006912814131
0.13152419061616163	0.1319313292093286
0.13203200602394605	0.12041732229651445
0.1289851135772396	0.110822316535836
0.11476628215927617	0.10266656163925934
0.11882880542155144	0.10074756048712365
0.11781317460598263	0.12089707258454838
0.1284772981694552	0.12233632344865016
0.1162897283826294	0.12521482517685367
0.11375065134370736	0.11609956970420916
0.12339914409161111	0.1127413176879717
0.11832099001376703	0.12857307719309113
0.1366023446940057	0.13960733381787133
0.13964923714071217	0.1300123280571929
0.12746166735388637	0.12617432575292153
0.12390695949939552	0.12089707258454838
0.12441477490717992	0.11753882056831091
0.11984443623712025	0.1319313292093286
0.1360945292862213	0.13624908180163386
0.11679754379041381	0.12713382632898937
0.12949292898502401	0.1276135766170233
0.11679754379041381	0.12953257776915897
0.1350788984706525	0.12809332690505723
0.13304763683951487	0.12713382632898937
0.15031336070418472	0.14920233957854978
0.13304763683951487	0.1434453361221427
0.12289132868382671	0.14104658468197312
0.1360945292862213	0.1324110794973625
0.1564071455975976	0.13960733381787133
0.14777428366526268	0.15543909332299077
0.1355867138784369	0.13528958122556606
0.14675865284969386	0.14680358813838018
0.13761797550957455	0.14632383785034625
0.1350788984706525	0.13720858237770173
0.1350788984706525	0.13768833266573563
0.13863360632514335	0.13912758352983742
0.15031336070418472	0.1453643372742784
0.14320394499520303	0.14488458698624448
0.13863360632514335	0.13720858237770173
0.13812579091735894	0.13385033036146426
0.14066486795628097	0.1367288320896678
0.14371176040298742	0.1520808413067533
0.14015705254849656	0.14488458698624448
0.14015705254849656	0.13960733381787133
0.15132899151975354	0.15495934303495684
0.13761797550957455	0.14824283900248195
0.13457108306286808	0.1434453361221427
0.1360945292862213	0.14680358813838018
0.15183680692753793	0.15256059159478724
0.14777428366526268	0.12905282748112504
0.14066486795628097	0.14152633497000702
0.12543040572274874	0.13480983093753213
0.14015705254849656	0.14440483669821055
0.14421957581077183	0.15927709562726214
0.1487899144808315	0.14920233957854978
0.1533602531508912	0.15927709562726214
0.14421957581077183	0.14584408756231232
0.14269612958741862	0.13624908180163386
0.15031336070418472	0.14152633497000702
0.14726646825747827	0.1626353476434996
0.13101637520837722	0.1276135766170233
0.14371176040298742	0.14200608525804095
0.14523520662634065	0.13720858237770173
0.1553915147820288	0.14104658468197312
0.16504000752993256	0.14872258929051588
0.1498055452964003	0.16023659620333
0.15386806855867557	0.153999842458889
0.1487899144808315	0.13768833266573563
0.14320394499520303	0.13720858237770173
0.1614852996754417	0.1583175950511943
0.14523520662634065	0.15735809447512644
0.1533602531508912	0.14872258929051588
0.15691496100538202	0.14248583554607488
0.1558993301898132	0.15112134073068545
0.14929772988861592	0.15639859389905864
0.16046966885987288	0.1453643372742784
0.15437588396646	0.15352009217085508
0.14421957581077183	0.14104658468197312
0.14523520662634065	0.14680358813838018
0.16351656130657935	0.15112134073068545
0.16300874589879494	0.1568783441870925
0.14625083744190945	0.15016184015461762
0.14421957581077183	0.14488458698624448
0.15234462233532234	0.14440483669821055
0.1553915147820288	0.1626353476434996
0.15996185345208846	0.14584408756231232
0.17214942323891425	0.17175060311614412
0.15234462233532234	0.1496820898665837
0.1498055452964003	0.14584408756231232
0.1498055452964003	0.13624908180163386
0.12238351327604229	0.10746406451959856
0.11527409756706058	0.12377557431275191
0.12695385194610198	0.13528958122556606
0.17062597701556104	0.15639859389905864
0.12187569786825789	0.12377557431275191
0.08785206554670257	0.08683480213413991
0.08785206554670257	0.0911525547264452
0.19500111658921263	0.1823051094528904
0.21937625616286419	0.203414122126383
0.16707126916107018	0.16599359965973706
0.14269612958741862	0.13816808295376956
0.12593822113053316	0.13576933151359996
0.15742277641316643	0.16839235109990666
0.20515742474490078	0.21732688047936674
0.17519631568562072	0.17366960426827982
0.0898833271778402	0.09259180559054696
0.10308652778023479	0.0954703073187505
0.12593822113053316	0.12665407604095544
0.1807822851712492	0.16743285052383883
0.12492259031496433	0.13385033036146426
0.12086006705268908	0.11130206682386994
0.11375065134370736	0.11945782172044661
0.14117268336406538	0.15927709562726214
0.16402437671436373	0.15304034188282115
0.14777428366526268	0.14728333842641408
0.1553915147820288	0.15256059159478724
0.1609774842676573	0.14584408756231232
0.16402437671436373	0.13960733381787133
0.15183680692753793	0.15927709562726214
0.15945403804430408	0.14008708410590526
0.15437588396646	0.1429655858341088
0.14726646825747827	0.1669531002358049
0.1366023446940057	0.15016184015461762
0.14726646825747827	0.13576933151359996
0.13964923714071217	0.13960733381787133
0.14472739121855624	0.14920233957854978
0.13964923714071217	0.1520808413067533
0.13711016010179014	0.1434453361221427
0.1487899144808315	0.1367288320896678
0.15843840722873526	0.14392508641017662
0.14574302203412504	0.14584408756231232
0.1558993301898132	0.15735809447512644
0.1553915147820288	0.16119609677939783
0.13761797550957455	0.13816808295376956
0.15082117611196913	0.15256059159478724
0.1553915147820288	0.15160109101871938
0.15386806855867557	0.15735809447512644
0.13711016010179014	0.12521482517685367
0.13253982143173046	0.13145157892129467
0.1498055452964003	0.15256059159478724
0.14015705254849656	0.153999842458889
0.15285243774310678	0.13816808295376956
0.14320394499520303	0.1319313292093286
0.15437588396646	0.1453643372742784
0.14777428366526268	0.16023659620333
0.1350788984706525	0.1276135766170233
0.13863360632514335	0.12713382632898937
0.13253982143173046	0.14488458698624448
0.14269612958741862	0.13960733381787133
0.14574302203412504	0.15016184015461762
0.14015705254849656	0.1434453361221427
0.14117268336406538	0.12905282748112504
0.12593822113053316	0.14248583554607488
0.13152419061616163	0.1386478332418035
0.14218831417963418	0.12809332690505723
0.13406326765508367	0.1496820898665837
0.13101637520837722	0.14248583554607488
0.13355545224729928	0.1405668343939392
0.1366023446940057	0.1319313292093286
0.12644603653831754	0.1304920783452268
0.14015705254849656	0.12857307719309113
0.12339914409161111	0.14104658468197312
0.12593822113053316	0.1405668343939392
0.12035225164490466	0.12521482517685367
0.1289851135772396	0.1300123280571929
0.12593822113053316	0.1343300806494982
0.1300007443928084	0.12329582402471799
0.14472739121855624	0.13097182863326073
0.11781317460598263	0.12041732229651445
0.13457108306286808	0.11801857085634485
0.12339914409161111	0.11561981941617523
0.12136788246047348	0.12521482517685367
0.11933662082933584	0.11418056855207347
0.12238351327604229	0.11753882056831091
0.12593822113053316	0.14872258929051588
0.1289851135772396	0.11561981941617523
0.13253982143173046	0.12953257776915897
0.11425846675149176	0.11849832114437876
0.1162897283826294	0.11514006912814131
0.1162897283826294	0.11945782172044661
0.10664123563472565	0.12953257776915897
0.12187569786825789	0.1256945754648876
0.12035225164490466	0.12089707258454838
0.11933662082933584	0.11370081826403954
0.1162897283826294	0.12617432575292153
0.10714905104251005	0.12233632344865016
0.11476628215927617	0.117059070280277
0.11121157430478532	0.12425532460078584
0.12086006705268908	0.10746406451959856
0.10207089696466597	0.10314631192729325
0.09851618911017512	0.12617432575292153
0.12543040572274874	0.11849832114437876
0.1360945292862213	0.12809332690505723
0.1305085598005928	0.12377557431275191
0.1173053591981982	0.10554506336746287
0.10816468185807887	0.1256945754648876
0.11476628215927617	0.11514006912814131
0.1173053591981982	0.12041732229651445
0.12492259031496433	0.11993757200848054
0.12339914409161111	0.11418056855207347
