condition1	condition1
0.12332305632240922	0.13538595725457175
0.12617775670024278	0.1138105058992615
0.13359997768261	0.12783454928021315
0.1284615170025096	0.1138105058992615
0.13131621738034316	0.10841664306043394
0.12332305632240922	0.1321496395512752
0.11932647579344227	0.10571971164102018
0.13131621738034316	0.1321496395512752
0.11704271549117543	0.12459823157691663
0.13588373798487682	0.13161025326739245
0.13017433722920974	0.13268902583515796
0.15301194025187811	0.13862227495786827
0.1273196368513762	0.14563429664834412
0.12275211624684253	0.12136191387362008
0.1273196368513762	0.11812559617032356
0.1153298952644753	0.1310708669835097
0.1273196368513762	0.1359253435384545
0.13873843836271038	0.12999209441574416
0.12275211624684253	0.12675577671244764
0.14159313874054394	0.13754350239010277
0.12275211624684253	0.13646472982233726
0.12560681662467607	0.14239797894504758
0.13873843836271038	0.12298007272526834
0.15415382040301154	0.13538595725457175
0.1353127979093101	0.15480386347435096
0.15301194025187811	0.14887061435164065
0.14958629979847787	0.13862227495786827
0.14330595896724405	0.14239797894504758
0.14330595896724405	0.1445555240805786
0.1393093784382771	0.1445555240805786
0.14159313874054394	0.14509491036446134
0.1455897192695109	0.1521069320549372
0.16443074176321232	0.1542644771904682
0.1330290376070433	0.14563429664834412
0.14102219866497723	0.13862227495786827
0.14673159942064432	0.14347675151281308
0.1478734795717777	0.1542644771904682
0.16157604138537876	0.15318570462270267
0.15643758070527838	0.14077982009339932
0.14673159942064432	0.14293736522893033
0.15187006010074472	0.15642202232599922
0.14901535972291116	0.15588263604211647
0.13702561813601027	0.13700411610622001
0.15129912002517798	0.15318570462270267
0.14159313874054394	0.14725245549999239
0.15586664062971167	0.15696140860988197
0.14216407881611065	0.1515675457710544
0.15529570055414493	0.1515675457710544
0.1478734795717777	0.13808288867398552
0.1455897192695109	0.14347675151281308
0.1284615170025096	0.14887061435164065
0.14501877919394418	0.15534324975823371
0.1478734795717777	0.14293736522893033
0.14958629979847787	0.15642202232599922
0.14958629979847787	0.16613097543588884
0.13417091775817672	0.14617368293222685
0.15072817994961127	0.14077982009339932
0.16614356198991242	0.15804018117764748
0.1581504009319785	0.15534324975823371
0.14159313874054394	0.14725245549999239
0.16043416123424534	0.1494100006355234
0.15187006010074472	0.14024043380951653
0.1632888616120789	0.16397343030035783
0.15986322115867863	0.13754350239010277
0.1570085207808451	0.14994938691940615
0.1587213410075452	0.17314299712636466
0.15187006010074472	0.15318570462270267
0.15586664062971167	0.15264631833881995
0.14673159942064432	0.14563429664834412
0.15986322115867863	0.14779184178387514
0.1889811650125808	0.15696140860988197
0.15187006010074472	0.1521069320549372
0.17128202267001283	0.15857956746153024
0.16728544214104585	0.1445555240805786
0.16443074176321232	0.14077982009339932
0.14673159942064432	0.1494100006355234
0.14216407881611065	0.14131920637728207
0.147302539496211	0.1494100006355234
0.15415382040301154	0.1467130692161096
0.1581504009319785	0.15750079489376476
0.17984612380351345	0.17422176969413017
0.16671450206547916	0.1483312280677579
0.14673159942064432	0.15911895374541302
0.13759655821157696	0.1601977263131785
0.15358288032744483	0.14077982009339932
0.1587213410075452	0.15804018117764748
0.13588373798487682	0.1467130692161096
0.17356578297227965	0.15588263604211647
0.15072817994961127	0.14563429664834412
0.1284615170025096	0.1310708669835097
0.12617775670024278	0.1262163904285649
0.09991451322417413	0.10356216650548913
0.13588373798487682	0.12999209441574416
0.15472476047857822	0.16235527144870956
0.1478734795717777	0.14293736522893033
0.11133331473550832	0.112731733331496
0.10733673420654136	0.10949541562819945
0.1153298952644753	0.10140462136995812
0.1764204833501132	0.16720974800365435
0.2129606481863826	0.2082031055787438
0.18498458448361382	0.17206422455859913
0.16956920244331267	0.15750079489376476
0.18669740471031399	0.19148213077837836
0.14958629979847787	0.16720974800365435
0.11190425481107505	0.11920436873808907
0.11190425481107505	0.10518032535713741
0.1221811761712758	0.11327111961537875
0.14501877919394418	0.14887061435164065
0.1353127979093101	0.1310708669835097
0.14045125858941052	0.13538595725457175
0.10619485405540795	0.10140462136995812
0.11475895518890858	0.11488927846702703
0.13702561813601027	0.1332284121190407
0.15529570055414493	0.16181588516482678
0.1632888616120789	0.15696140860988197
0.165001681838779	0.14293736522893033
0.1570085207808451	0.15642202232599922
0.16100510130981205	0.15102815948717166
0.15301194025187811	0.13646472982233726
0.13645467806044353	0.15372509090658545
0.16214698146094544	0.15534324975823371
0.1655726219143457	0.16343404401647504
0.15529570055414493	0.1521069320549372
0.1455897192695109	0.1483312280677579
0.1524410001763114	0.15048877320328893
0.1273196368513762	0.14024043380951653
0.1461606593450776	0.13970104752563378
0.14958629979847787	0.1542644771904682
0.14673159942064432	0.1483312280677579
0.1455897192695109	0.15048877320328893
0.16785638221661256	0.15048877320328893
0.15129912002517798	0.14401613779669584
0.1655726219143457	0.15804018117764748
0.16956920244331267	0.16397343030035783
0.1353127979093101	0.1283739355640959
0.16043416123424534	0.15588263604211647
0.15986322115867863	0.15264631833881995
0.13017433722920974	0.15480386347435096
0.165001681838779	0.1445555240805786
0.15301194025187811	0.1467130692161096
0.1741367230478464	0.16720974800365435
0.16614356198991242	0.1650522028681233
0.16271792153651216	0.15534324975823371
0.16614356198991242	0.15857956746153024
0.14501877919394418	0.14725245549999239
0.14330595896724405	0.1483312280677579
0.15529570055414493	0.14887061435164065
0.14045125858941052	0.1359253435384545
0.1393093784382771	0.1521069320549372
0.15472476047857822	0.15857956746153024
0.1581504009319785	0.1494100006355234
0.14045125858941052	0.14725245549999239
0.1461606593450776	0.14725245549999239
0.13873843836271038	0.15264631833881995
0.14673159942064432	0.16397343030035783
0.15187006010074472	0.1445555240805786
0.14330595896724405	0.1542644771904682
0.13131621738034316	0.1359253435384545
0.14216407881611065	0.14239797894504758
0.14216407881611065	0.13268902583515796
0.1290324570780763	0.1359253435384545
0.13759655821157696	0.1445555240805786
0.14330595896724405	0.14779184178387514
0.14387689904281076	0.14563429664834412
0.14216407881611065	0.14401613779669584
0.1330290376070433	0.14563429664834412
0.14901535972291116	0.13484657097068897
0.13188715745590987	0.13700411610622001
0.15358288032744483	0.13700411610622001
0.12103929602014239	0.12513761786079936
0.14102219866497723	0.12567700414468214
0.13474185783374343	0.14131920637728207
0.13645467806044353	0.13430718468680625
0.13417091775817672	0.13862227495786827
0.12560681662467607	0.13538595725457175
0.1461606593450776	0.14293736522893033
0.1284615170025096	0.12459823157691663
0.1290324570780763	0.12783454928021315
0.13988031851384378	0.1337677984029235
0.1221811761712758	0.13430718468680625
0.14045125858941052	0.13970104752563378
0.11475895518890858	0.12513761786079936
0.11133331473550832	0.12567700414468214
0.13588373798487682	0.12945270813186144
0.13702561813601027	0.11057418819596497
0.13417091775817672	0.13161025326739245
0.12617775670024278	0.13916166124175103
0.1290324570780763	0.12459823157691663
0.11704271549117543	0.11219234704761324
0.11875553571787555	0.13754350239010277
0.12789057692694292	0.1337677984029235
0.12960339715364305	0.13430718468680625
0.13588373798487682	0.14024043380951653
0.13588373798487682	0.13484657097068897
0.1393093784382771	0.14024043380951653
0.1273196368513762	0.12513761786079936
0.1216102360957091	0.12891332184797868
0.11818459564230883	0.12783454928021315
0.11247519488664175	0.12082252758973734
0.11875553571787555	0.11974375502197183
