WT	KO
0.5277735051548291	0.5032935480951721
0.41049050400931153	0.6217155594116832
0.7623395074458642	0.7105320678990665
0.35184900343655273	0.5328990509242999
0.5864150057275879	0.5032935480951721
0.35184900343655273	0.5921100565825554
0.7036980068731055	0.769743073557322
0.46913200458207027	0.5032935480951721
0.9382640091641405	0.35526603394953327
0.5864150057275879	0.7105320678990665
0.8209810080186231	0.7105320678990665
0.5277735051548291	0.6513210622408109
0.6450565063003466	0.7105320678990665
0.5864150057275879	0.5625045537534276
0.5864150057275879	0.6217155594116832
0.46913200458207027	0.9177705877029609
1.0555470103096583	0.9473760905320886
0.7036980068731055	0.6809265650699388
0.5277735051548291	0.4440825424369166
0.46913200458207027	0.5328990509242999
0.5277735051548291	0.9473760905320886
1.2314715120279345	1.1546146103359831
0.8796225085913818	0.9769815933612165
0.9382640091641405	0.6217155594116832
0.5864150057275879	0.6809265650699388
0.5864150057275879	0.6513210622408109
0.46913200458207027	0.5328990509242999
0.8796225085913818	0.8881650848738332
0.5277735051548291	0.6513210622408109
0.7036980068731055	0.5921100565825554
0.9969055097368994	0.9177705877029609
0.6450565063003466	0.5625045537534276
0.9969055097368994	0.8585595820447053
0.5864150057275879	0.7401375707281943
0.46913200458207027	0.769743073557322
0.46913200458207027	0.6513210622408109
0.46913200458207027	0.5328990509242999
0.41049050400931153	0.7401375707281943
1.0555470103096583	1.0954036046777276
0.8796225085913818	0.769743073557322
0.9382640091641405	0.9473760905320886
0.7036980068731055	0.6217155594116832
0.8796225085913818	0.7401375707281943
1.5246790148917284	1.0657981018485998
1.0555470103096583	1.0657981018485998
0.8796225085913818	0.6217155594116832
0.7036980068731055	0.8289540792155776
1.114188510882417	0.7993485763864498
0.8209810080186231	0.8289540792155776
0.9969055097368994	1.0657981018485998
0.7036980068731055	0.6809265650699388
1.114188510882417	0.769743073557322
0.5277735051548291	0.7401375707281943
0.8796225085913818	0.9177705877029609
0.8796225085913818	0.7401375707281943
0.7623395074458642	0.9177705877029609
0.8796225085913818	0.8289540792155776
0.7623395074458642	0.8289540792155776
0.5864150057275879	0.7105320678990665
0.8209810080186231	0.8585595820447053
1.114188510882417	0.7401375707281943
0.7623395074458642	0.9177705877029609
0.5864150057275879	0.5921100565825554
0.46913200458207027	0.7105320678990665
0.9382640091641405	0.7105320678990665
1.0555470103096583	0.9769815933612165
0.8796225085913818	0.9473760905320886
0.8796225085913818	0.6513210622408109
0.35184900343655273	0.769743073557322
0.7623395074458642	0.6513210622408109
0.9382640091641405	0.9473760905320886
1.114188510882417	1.2138256159942384
1.0555470103096583	0.8585595820447053
0.41049050400931153	0.8585595820447053
0.5864150057275879	0.7401375707281943
0.46913200458207027	0.5625045537534276
0.6450565063003466	0.5921100565825554
0.9969055097368994	0.7401375707281943
0.8796225085913818	0.7105320678990665
1.0555470103096583	0.8881650848738332
0.8796225085913818	0.6809265650699388
1.114188510882417	0.9769815933612165
1.0555470103096583	1.1250091075068551
1.1728300114551757	0.9177705877029609
0.9382640091641405	0.7993485763864498
0.8209810080186231	0.7401375707281943
0.9382640091641405	0.9177705877029609
0.8796225085913818	1.3322476273107497
0.5277735051548291	0.6513210622408109
0.7036980068731055	0.6513210622408109
0.23456600229103514	0.4736880452660443
0.8796225085913818	0.7105320678990665
0.9382640091641405	0.7993485763864498
0.7036980068731055	0.7401375707281943
0.5277735051548291	0.7401375707281943
0.6450565063003466	0.7105320678990665
0.8209810080186231	0.6513210622408109
0.46913200458207027	0.5625045537534276
0.9969055097368994	1.2138256159942384
1.1728300114551757	1.3322476273107497
1.5246790148917284	1.3322476273107497
0.9382640091641405	0.9473760905320886
0.9382640091641405	0.6217155594116832
0.23456600229103514	0.384871536778661
0.9382640091641405	0.769743073557322
0.9382640091641405	0.769743073557322
0.7623395074458642	0.5921100565825554
0.35184900343655273	0.5032935480951721
0.8209810080186231	0.6809265650699388
0.6450565063003466	0.6513210622408109
0.6450565063003466	0.6217155594116832
0.41049050400931153	0.6809265650699388
0.6450565063003466	0.769743073557322
1.114188510882417	0.9769815933612165
0.41049050400931153	0.9473760905320886
0.17592450171827637	0.6513210622408109
0.8796225085913818	0.8881650848738332
0.5864150057275879	0.4440825424369166
1.3487545131734522	1.0657981018485998
0.9969055097368994	0.8881650848738332
0.7036980068731055	0.9177705877029609
0.9382640091641405	0.9177705877029609
1.0555470103096583	0.9473760905320886
0.9382640091641405	0.7105320678990665
0.7036980068731055	0.8881650848738332
0.8209810080186231	0.384871536778661
0.8209810080186231	0.6217155594116832
0.6450565063003466	0.9473760905320886
0.7623395074458642	0.7401375707281943
0.6450565063003466	0.8289540792155776
1.0555470103096583	0.769743073557322
0.8796225085913818	0.6513210622408109
0.8796225085913818	0.9177705877029609
0.8796225085913818	0.8289540792155776
0.5277735051548291	0.5921100565825554
0.6450565063003466	0.7401375707281943
0.7623395074458642	0.6513210622408109
0.9382640091641405	0.6513210622408109
0.9969055097368994	0.769743073557322
1.0555470103096583	0.9177705877029609
1.0555470103096583	0.7401375707281943
1.2901130126006932	0.8289540792155776
0.5864150057275879	0.7401375707281943
0.7623395074458642	0.769743073557322
1.2901130126006932	1.0954036046777276
1.114188510882417	0.8881650848738332
0.8209810080186231	0.9177705877029609
1.0555470103096583	0.9473760905320886
0.9969055097368994	0.9473760905320886
0.9969055097368994	0.6809265650699388
0.5277735051548291	0.9473760905320886
0.7036980068731055	0.7401375707281943
0.5864150057275879	0.769743073557322
0.8209810080186231	0.9473760905320886
0.9969055097368994	0.9769815933612165
0.7036980068731055	0.8289540792155776
0.9382640091641405	0.7105320678990665
1.0555470103096583	0.7993485763864498
0.8209810080186231	0.769743073557322
0.8796225085913818	0.8289540792155776
1.0555470103096583	0.7993485763864498
0.9382640091641405	0.7993485763864498
0.5277735051548291	0.384871536778661
0.8209810080186231	0.7401375707281943
0.8796225085913818	0.7993485763864498
1.0555470103096583	0.8289540792155776
0.46913200458207027	0.6513210622408109
1.0555470103096583	0.8881650848738332
0.7036980068731055	0.5032935480951721
0.5864150057275879	0.5625045537534276
0.6450565063003466	0.769743073557322
0.41049050400931153	0.7105320678990665
0.8209810080186231	0.7105320678990665
0.8209810080186231	0.6513210622408109
0.7623395074458642	0.8289540792155776
0.5277735051548291	0.6809265650699388
0.7036980068731055	0.769743073557322
0.29320750286379393	0.4144770396077888
0.29320750286379393	0.5032935480951721
0.5277735051548291	0.5328990509242999
1.114188510882417	0.7401375707281943
0.8796225085913818	0.8289540792155776
0.23456600229103514	0.4736880452660443
0.6450565063003466	0.5032935480951721
0.7623395074458642	0.769743073557322
0.6450565063003466	0.6217155594116832
0.46913200458207027	0.7105320678990665
0.5864150057275879	0.6513210622408109
0.35184900343655273	0.5625045537534276
0.6450565063003466	0.4144770396077888
0.5864150057275879	0.6809265650699388
0.9382640091641405	0.8289540792155776
0.6450565063003466	0.8289540792155776
0.5277735051548291	0.4736880452660443
0.35184900343655273	0.5032935480951721
0.41049050400931153	0.5328990509242999
0.35184900343655273	0.5032935480951721
0.5864150057275879	0.7401375707281943
0.5277735051548291	0.6809265650699388
0.23456600229103514	0.384871536778661
