WT	KO
0.7660509948238869	0.6565676070459728
0.445378485362725	0.5036683012955409
0.40974820653370697	0.5036683012955409
0.33848764887567095	0.6745557606636707
0.49882390360625195	0.5306505317220876
0.48100876419174293	0.7734906055610091
0.6235298795078149	0.6295853766194259
0.53445418243527	0.6115972230017281
0.39193306711919795	0.7105320678990665
0.4631936247772339	0.7465083751344623
0.605714740093306	0.6655616838548217
0.5700844612642879	0.6295853766194259
0.587899600678797	0.6475735302371238
0.4631936247772339	0.5936090693840302
0.40974820653370697	0.5936090693840302
0.587899600678797	0.7015379910902175
0.6413450189223239	0.6475735302371238
0.6235298795078149	0.5576327621486344
0.53445418243527	0.5126623781043897
0.6413450189223239	0.6115972230017281
0.7838661342383959	0.6835498374725196
0.694790437165851	0.7105320678990665
0.516639043020761	0.6475735302371238
0.6769752977513419	0.7015379910902175
0.7838661342383959	0.6475735302371238
0.659160158336833	0.6745557606636707
0.53445418243527	0.6115972230017281
0.49882390360625195	0.6026031461928791
0.6235298795078149	0.6475735302371238
0.7660509948238869	0.8184609896052537
0.801681273652905	0.620591299810577
0.49882390360625195	0.6475735302371238
0.605714740093306	0.7644965287521601
0.552269321849779	0.7914787591787069
0.801681273652905	0.8184609896052537
0.552269321849779	0.5756209157663323
0.552269321849779	0.5756209157663323
0.694790437165851	0.6026031461928791
0.6235298795078149	0.7015379910902175
0.605714740093306	0.5666268389574834
0.659160158336833	0.6385794534282749
0.587899600678797	0.6835498374725196
0.6769752977513419	0.7015379910902175
0.71260557658036	0.6925439142813686
0.587899600678797	0.7824846823698581
0.694790437165851	0.6835498374725196
0.48100876419174293	0.6925439142813686
0.587899600678797	0.7375142983256133
0.659160158336833	0.5846149925751813
0.659160158336833	0.7644965287521601
0.694790437165851	0.6745557606636707
0.659160158336833	0.7105320678990665
0.4631936247772339	0.6295853766194259
0.6235298795078149	0.7555024519433111
0.7482358554093779	0.7285202215167643
0.801681273652905	0.7015379910902175
0.6413450189223239	0.7644965287521601
0.605714740093306	0.6295853766194259
0.7660509948238869	0.5666268389574834
0.659160158336833	0.7824846823698581
0.694790437165851	0.7195261447079155
0.9085721101399589	0.9084017576937432
0.9085721101399589	0.7644965287521601
0.71260557658036	0.6745557606636707
0.5700844612642879	0.7465083751344623
0.855126691896432	0.6925439142813686
0.7482358554093779	0.8364491432229517
0.48100876419174293	0.7734906055610091
0.6413450189223239	0.6385794534282749
0.8194964130674139	0.7914787591787069
0.801681273652905	0.93538398812029
0.7482358554093779	0.7555024519433111
0.9263872495544678	0.8634313736494985
0.8194964130674139	0.6565676070459728
0.801681273652905	0.8544372968406495
0.8373115524819229	0.8364491432229517
0.7482358554093779	0.8274550664141027
0.8373115524819229	0.7015379910902175
0.855126691896432	0.5936090693840302
1.104538643699558	0.8904136040760454
0.9798326677979949	0.9084017576937432
0.9085721101399589	0.7375142983256133
0.9263872495544678	0.8094669127964049
0.605714740093306	0.6475735302371238
0.7304207159948689	0.7734906055610091
0.694790437165851	0.93538398812029
0.7660509948238869	0.7285202215167643
0.7482358554093779	0.7644965287521601
0.48100876419174293	0.5846149925751813
0.6235298795078149	0.7015379910902175
0.5700844612642879	0.7105320678990665
0.6235298795078149	0.6026031461928791
0.33848764887567095	0.4586979172512961
0.37411792770468894	0.43171568682474926
0.445378485362725	0.6026031461928791
0.53445418243527	0.5576327621486344
0.5700844612642879	0.476686070868994
0.53445418243527	0.7644965287521601
0.267227091217635	0.5036683012955409
0.213781672974108	0.39573937958935346
0.23159681238861696	0.33278084192741086
0.213781672974108	0.2788163810743172
0.37411792770468894	0.476686070868994
0.35630278829018	0.5666268389574834
0.445378485362725	0.6115972230017281
0.587899600678797	0.7555024519433111
0.40974820653370697	0.6745557606636707
0.39193306711919795	0.40473345639820246
0.48100876419174293	0.4946742244866919
0.49882390360625195	0.5306505317220876
0.6235298795078149	0.6026031461928791
0.4631936247772339	0.5306505317220876
0.587899600678797	0.5306505317220876
0.694790437165851	0.6475735302371238
0.7838661342383959	0.7105320678990665
0.71260557658036	0.8274550664141027
0.6769752977513419	0.8094669127964049
0.659160158336833	0.7644965287521601
0.855126691896432	0.8184609896052537
0.7304207159948689	0.6026031461928791
0.7482358554093779	0.7555024519433111
0.9976478072125039	0.8634313736494985
0.89075697072545	0.7465083751344623
0.9620175283834859	0.8994076808848943
0.7304207159948689	0.7195261447079155
0.89075697072545	0.7465083751344623
0.71260557658036	0.6655616838548217
0.9976478072125039	0.8004728359875559
0.801681273652905	0.8544372968406495
0.9263872495544678	0.7734906055610091
0.8194964130674139	0.7734906055610091
0.7838661342383959	0.8274550664141027
0.7482358554093779	0.6385794534282749
0.8373115524819229	0.7914787591787069
0.6769752977513419	0.7465083751344623
0.5700844612642879	0.6565676070459728
0.7482358554093779	0.7644965287521601
0.8729418313109409	0.7375142983256133
0.5700844612642879	0.6835498374725196
0.6235298795078149	0.7285202215167643
0.5700844612642879	0.6925439142813686
0.49882390360625195	0.7644965287521601
0.6413450189223239	0.7734906055610091
0.552269321849779	0.6655616838548217
0.8194964130674139	0.8094669127964049
0.71260557658036	0.5846149925751813
0.7838661342383959	0.7465083751344623
0.53445418243527	0.6385794534282749
0.5700844612642879	0.6745557606636707
0.605714740093306	0.7644965287521601
0.4631936247772339	0.5576327621486344
0.6769752977513419	0.6475735302371238
0.7304207159948689	0.6295853766194259
0.6769752977513419	0.7734906055610091
0.659160158336833	0.7285202215167643
0.6769752977513419	0.6565676070459728
0.587899600678797	0.6385794534282749
0.7838661342383959	0.7105320678990665
0.7838661342383959	0.7465083751344623
0.7482358554093779	0.7375142983256133
0.6413450189223239	0.7644965287521601
0.71260557658036	0.7015379910902175
0.659160158336833	0.7644965287521601
0.605714740093306	0.6475735302371238
0.6413450189223239	0.5666268389574834
0.659160158336833	0.6745557606636707
0.48100876419174293	0.6565676070459728
0.8194964130674139	0.6925439142813686
0.587899600678797	0.6026031461928791
0.516639043020761	0.5486386853397855
0.552269321849779	0.6745557606636707
0.587899600678797	0.5216564549132388
0.427563345948216	0.5846149925751813
0.49882390360625195	0.5486386853397855
0.6413450189223239	0.7195261447079155
0.71260557658036	0.6026031461928791
0.6769752977513419	0.5936090693840302
0.49882390360625195	0.6115972230017281
0.5700844612642879	0.6655616838548217
0.6769752977513419	0.6745557606636707
0.6769752977513419	0.6385794534282749
0.6413450189223239	0.6565676070459728
0.40974820653370697	0.5036683012955409
0.7482358554093779	0.6295853766194259
0.445378485362725	0.6026031461928791
0.427563345948216	0.5486386853397855
0.40974820653370697	0.39573937958935346
0.40974820653370697	0.4227216100159003
0.4631936247772339	0.467691994060145
0.37411792770468894	0.3237867651185619
0.39193306711919795	0.4946742244866919
0.24941195180312598	0.43171568682474926
0.35630278829018	0.40473345639820246
0.659160158336833	0.6565676070459728
0.48100876419174293	0.43171568682474926
0.427563345948216	0.476686070868994
0.48100876419174293	0.6026031461928791
0.33848764887567095	0.4407097636335982
0.427563345948216	0.4227216100159003
0.35630278829018	0.4407097636335982
