WT	KO
0.4871755432198422	0.5465631291531281
0.32478369547989483	0.5465631291531281
0.7036980068731055	0.6832039114414101
0.270653079566579	0.4372505033225025
0.541306159133158	0.5465631291531281
0.32478369547989483	0.5465631291531281
0.7036980068731055	0.7378602243567229
0.43304492730652644	0.5192349726954716
0.8660898546130529	0.32793787749187686
0.43304492730652644	0.6012194420684409
0.8660898546130529	0.7105320678990665
0.3789143113932106	0.6012194420684409
0.6495673909597897	0.7105320678990665
0.5954367750464739	0.5465631291531281
0.541306159133158	0.6832039114414101
0.541306159133158	0.7925165372720357
1.0284817023530002	0.874501006645005
0.6495673909597897	0.6832039114414101
0.541306159133158	0.4645786597801589
0.43304492730652644	0.5465631291531281
0.5954367750464739	0.819844693729692
1.2450041660062634	1.0657981018485998
0.8660898546130529	0.9564854760179742
0.8660898546130529	0.5738912856107845
0.541306159133158	0.6285475985260972
0.5954367750464739	0.6558757549837537
0.43304492730652644	0.5192349726954716
0.811959238699737	0.819844693729692
0.4871755432198422	0.6012194420684409
0.6495673909597897	0.6558757549837537
1.0284817023530002	0.9564854760179742
0.5954367750464739	0.6285475985260972
0.9202204705263687	0.8471728501873484
0.5954367750464739	0.7925165372720357
0.541306159133158	0.819844693729692
0.4871755432198422	0.7378602243567229
0.5954367750464739	0.6285475985260972
0.3789143113932106	0.6832039114414101
1.082612318266316	1.0384699453909432
0.811959238699737	0.6832039114414101
0.811959238699737	0.7925165372720357
0.5954367750464739	0.5192349726954716
0.7036980068731055	0.7925165372720357
1.5156572455728423	1.0657981018485998
1.0284817023530002	1.0657981018485998
0.7036980068731055	0.6012194420684409
0.5954367750464739	0.6832039114414101
1.0284817023530002	0.7925165372720357
0.7578286227864212	0.7925165372720357
0.9202204705263687	1.0931262583062562
0.5954367750464739	0.6012194420684409
0.9743510864396844	0.6558757549837537
0.541306159133158	0.6832039114414101
0.9743510864396844	0.874501006645005
0.8660898546130529	0.819844693729692
0.7036980068731055	0.874501006645005
0.7036980068731055	0.7378602243567229
0.8660898546130529	0.874501006645005
0.5954367750464739	0.7925165372720357
0.7578286227864212	0.819844693729692
0.9202204705263687	0.7378602243567229
0.5954367750464739	0.7925165372720357
0.541306159133158	0.6012194420684409
0.43304492730652644	0.6832039114414101
0.811959238699737	0.7651883808143792
0.8660898546130529	0.874501006645005
0.811959238699737	0.874501006645005
0.7578286227864212	0.6558757549837537
0.3789143113932106	0.819844693729692
0.811959238699737	0.6558757549837537
0.8660898546130529	0.9291573195603178
1.1367429341796318	1.1204544147639126
1.0284817023530002	0.9018291631026613
0.541306159133158	0.819844693729692
0.4871755432198422	0.6285475985260972
0.43304492730652644	0.49190681623781524
0.541306159133158	0.5465631291531281
1.082612318266316	0.9018291631026613
0.8660898546130529	0.6558757549837537
0.9743510864396844	0.7925165372720357
0.811959238699737	0.6558757549837537
1.0284817023530002	0.9291573195603178
0.9743510864396844	0.9838136324756305
1.1367429341796318	0.9291573195603178
0.9743510864396844	0.8471728501873484
0.811959238699737	0.7105320678990665
0.9743510864396844	0.8471728501873484
0.8660898546130529	1.3117515099675074
0.5954367750464739	0.7105320678990665
0.6495673909597897	0.6285475985260972
0.21652246365326322	0.5192349726954716
0.7578286227864212	0.6558757549837537
0.811959238699737	0.7651883808143792
0.6495673909597897	0.6558757549837537
0.4871755432198422	0.7105320678990665
0.5954367750464739	0.6558757549837537
0.7578286227864212	0.6558757549837537
0.4871755432198422	0.5192349726954716
0.9202204705263687	1.147782571221569
1.1908735500929477	1.2570951970521944
1.353265397832895	1.1751107276792252
0.8660898546130529	0.9291573195603178
0.8660898546130529	0.6012194420684409
0.21652246365326322	0.32793787749187686
0.8660898546130529	0.7378602243567229
0.8660898546130529	0.7105320678990665
0.7036980068731055	0.5738912856107845
0.32478369547989483	0.49190681623781524
0.811959238699737	0.6832039114414101
0.5954367750464739	0.6285475985260972
0.541306159133158	0.5192349726954716
0.3789143113932106	0.6832039114414101
0.541306159133158	0.6832039114414101
0.8660898546130529	0.9018291631026613
0.32478369547989483	0.9018291631026613
0.21652246365326322	0.6832039114414101
0.8660898546130529	0.874501006645005
0.541306159133158	0.49190681623781524
1.1367429341796318	0.9291573195603178
0.7036980068731055	0.819844693729692
0.5954367750464739	0.7651883808143792
0.7578286227864212	0.7925165372720357
0.9743510864396844	0.819844693729692
0.8660898546130529	0.6285475985260972
0.7036980068731055	0.7651883808143792
0.6495673909597897	0.409922346864846
0.811959238699737	0.6012194420684409
0.6495673909597897	0.9018291631026613
0.7578286227864212	0.6832039114414101
0.5954367750464739	0.819844693729692
0.9202204705263687	0.7378602243567229
0.8660898546130529	0.6012194420684409
0.8660898546130529	0.8471728501873484
0.8660898546130529	0.7378602243567229
0.541306159133158	0.5738912856107845
0.5954367750464739	0.6832039114414101
0.7036980068731055	0.7105320678990665
0.811959238699737	0.5738912856107845
0.9202204705263687	0.6285475985260972
0.9202204705263687	0.819844693729692
0.8660898546130529	0.7378602243567229
1.1367429341796318	0.819844693729692
0.541306159133158	0.7105320678990665
0.7578286227864212	0.7378602243567229
1.2450041660062634	1.011141788933287
0.9202204705263687	0.7925165372720357
0.8660898546130529	0.9018291631026613
0.9743510864396844	0.874501006645005
0.9743510864396844	0.874501006645005
1.0284817023530002	0.6832039114414101
0.541306159133158	0.9018291631026613
0.6495673909597897	0.7105320678990665
0.4871755432198422	0.7378602243567229
0.811959238699737	0.9564854760179742
0.9743510864396844	0.9018291631026613
0.6495673909597897	0.7651883808143792
0.8660898546130529	0.6832039114414101
1.082612318266316	0.7378602243567229
0.811959238699737	0.7925165372720357
0.811959238699737	0.874501006645005
0.811959238699737	0.7651883808143792
0.811959238699737	0.7105320678990665
0.5954367750464739	0.409922346864846
0.7578286227864212	0.6832039114414101
0.811959238699737	0.7925165372720357
0.9743510864396844	0.7378602243567229
0.4871755432198422	0.6012194420684409
0.9743510864396844	0.7925165372720357
0.6495673909597897	0.4645786597801589
0.541306159133158	0.5465631291531281
0.541306159133158	0.6285475985260972
0.3789143113932106	0.6558757549837537
0.7036980068731055	0.6558757549837537
0.7036980068731055	0.5738912856107845
0.7036980068731055	0.7925165372720357
0.4871755432198422	0.6285475985260972
0.6495673909597897	0.7378602243567229
0.32478369547989483	0.409922346864846
0.32478369547989483	0.409922346864846
0.4871755432198422	0.5192349726954716
0.9202204705263687	0.6285475985260972
0.811959238699737	0.7105320678990665
0.21652246365326322	0.409922346864846
0.5954367750464739	0.49190681623781524
0.541306159133158	0.7105320678990665
0.43304492730652644	0.5465631291531281
0.3789143113932106	0.5738912856107845
0.541306159133158	0.5738912856107845
0.43304492730652644	0.5738912856107845
0.4871755432198422	0.32793787749187686
0.3789143113932106	0.6012194420684409
0.7036980068731055	0.6012194420684409
0.6495673909597897	0.7925165372720357
0.541306159133158	0.4372505033225025
0.270653079566579	0.4372505033225025
0.32478369547989483	0.4645786597801589
0.270653079566579	0.409922346864846
0.4871755432198422	0.7105320678990665
0.4871755432198422	0.6012194420684409
0.270653079566579	0.409922346864846
