WT	KO
0.6294432702073767	0.0
2.5177730808295067	0.7943527616639214
0.0	0.0
0.6294432702073767	0.3971763808319607
0.0	0.3971763808319607
0.0	0.3971763808319607
0.6294432702073767	0.0
0.0	0.0
0.6294432702073767	0.0
0.0	0.3971763808319607
0.0	0.0
0.6294432702073767	0.3971763808319607
0.0	0.0
0.6294432702073767	0.3971763808319607
0.0	0.3971763808319607
0.0	0.3971763808319607
0.0	0.0
0.0	0.7943527616639214
1.2588865404147533	0.0
0.0	0.0
0.0	0.3971763808319607
0.0	0.0
0.0	0.0
0.6294432702073767	0.0
0.0	0.0
0.0	0.0
0.0	0.0
1.2588865404147533	0.3971763808319607
1.2588865404147533	0.3971763808319607
1.88832981062213	2.383058284991764
1.88832981062213	0.3971763808319607
0.6294432702073767	1.191529142495882
0.0	0.0
0.6294432702073767	0.0
0.0	0.0
1.88832981062213	1.191529142495882
3.1472163510368834	2.383058284991764
0.0	0.7943527616639214
0.0	0.3971763808319607
0.6294432702073767	0.0
0.6294432702073767	0.3971763808319607
0.6294432702073767	2.383058284991764
0.0	0.3971763808319607
0.0	0.3971763808319607
1.2588865404147533	0.3971763808319607
0.0	0.0
0.6294432702073767	0.3971763808319607
0.0	0.3971763808319607
1.2588865404147533	0.3971763808319607
1.2588865404147533	0.0
0.6294432702073767	1.9858819041598035
0.0	0.0
0.0	1.191529142495882
0.0	0.7943527616639214
0.0	0.3971763808319607
0.0	0.3971763808319607
1.2588865404147533	0.3971763808319607
1.88832981062213	1.5887055233278429
1.88832981062213	1.9858819041598035
1.2588865404147533	1.5887055233278429
0.0	0.0
2.5177730808295067	0.7943527616639214
1.2588865404147533	1.191529142495882
1.2588865404147533	0.7943527616639214
0.0	0.3971763808319607
0.0	0.0
0.0	0.0
1.88832981062213	1.191529142495882
1.88832981062213	1.191529142495882
0.0	0.3971763808319607
0.6294432702073767	0.3971763808319607
0.0	0.0
0.0	0.3971763808319607
0.6294432702073767	0.7943527616639214
0.6294432702073767	0.0
0.6294432702073767	1.191529142495882
0.0	0.7943527616639214
0.6294432702073767	0.3971763808319607
1.88832981062213	1.9858819041598035
0.6294432702073767	0.7943527616639214
0.6294432702073767	0.3971763808319607
0.6294432702073767	0.3971763808319607
0.6294432702073767	0.3971763808319607
0.0	0.0
1.2588865404147533	1.191529142495882
0.0	0.0
1.88832981062213	1.191529142495882
2.5177730808295067	2.383058284991764
2.5177730808295067	1.191529142495882
3.1472163510368834	2.383058284991764
3.1472163510368834	1.191529142495882
0.0	0.0
0.6294432702073767	1.5887055233278429
0.6294432702073767	1.191529142495882
1.88832981062213	1.5887055233278429
0.0	0.3971763808319607
1.2588865404147533	0.0
2.5177730808295067	2.383058284991764
1.2588865404147533	1.9858819041598035
0.0	0.3971763808319607
2.5177730808295067	1.191529142495882
0.6294432702073767	0.3971763808319607
0.6294432702073767	0.3971763808319607
1.2588865404147533	0.7943527616639214
0.6294432702073767	0.0
0.6294432702073767	0.7943527616639214
1.88832981062213	1.191529142495882
0.6294432702073767	1.5887055233278429
0.0	0.3971763808319607
0.0	0.0
0.0	0.0
0.6294432702073767	0.3971763808319607
0.0	0.3971763808319607
0.6294432702073767	0.0
0.6294432702073767	1.191529142495882
1.88832981062213	1.9858819041598035
1.88832981062213	1.9858819041598035
1.2588865404147533	0.3971763808319607
1.2588865404147533	0.3971763808319607
1.88832981062213	0.7943527616639214
1.2588865404147533	0.7943527616639214
3.77665962124426	1.9858819041598035
2.5177730808295067	1.9858819041598035
1.88832981062213	1.9858819041598035
0.0	0.0
0.6294432702073767	0.7943527616639214
0.6294432702073767	0.7943527616639214
3.77665962124426	0.7943527616639214
0.0	1.191529142495882
0.6294432702073767	0.7943527616639214
2.5177730808295067	0.7943527616639214
1.2588865404147533	0.7943527616639214
0.0	0.0
0.0	1.191529142495882
1.2588865404147533	1.5887055233278429
3.77665962124426	1.191529142495882
0.6294432702073767	0.3971763808319607
1.2588865404147533	0.7943527616639214
1.2588865404147533	1.191529142495882
0.6294432702073767	1.191529142495882
1.2588865404147533	0.7943527616639214
0.6294432702073767	0.7943527616639214
2.5177730808295067	1.191529142495882
2.5177730808295067	1.191529142495882
3.1472163510368834	1.5887055233278429
2.5177730808295067	2.383058284991764
3.77665962124426	3.1774110466556857
1.88832981062213	0.7943527616639214
1.2588865404147533	1.191529142495882
1.2588865404147533	0.7943527616639214
0.6294432702073767	1.5887055233278429
1.88832981062213	2.7802346658237247
1.88832981062213	2.7802346658237247
0.0	0.7943527616639214
3.77665962124426	1.9858819041598035
1.88832981062213	0.7943527616639214
1.88832981062213	1.191529142495882
2.5177730808295067	1.191529142495882
0.6294432702073767	0.0
1.2588865404147533	0.7943527616639214
0.6294432702073767	1.5887055233278429
1.88832981062213	1.9858819041598035
2.5177730808295067	2.383058284991764
0.0	0.0
1.2588865404147533	0.7943527616639214
1.88832981062213	1.191529142495882
2.5177730808295067	1.5887055233278429
1.2588865404147533	1.191529142495882
1.2588865404147533	0.7943527616639214
0.0	0.0
1.88832981062213	1.5887055233278429
3.77665962124426	2.7802346658237247
5.035546161659013	3.5745874274876464
3.1472163510368834	1.9858819041598035
1.2588865404147533	1.5887055233278429
0.6294432702073767	0.3971763808319607
0.0	0.3971763808319607
0.0	0.3971763808319607
1.88832981062213	1.191529142495882
1.2588865404147533	1.5887055233278429
1.2588865404147533	1.191529142495882
0.0	1.191529142495882
1.88832981062213	0.7943527616639214
3.77665962124426	1.191529142495882
1.88832981062213	1.9858819041598035
2.5177730808295067	1.5887055233278429
0.0	0.7943527616639214
0.6294432702073767	0.3971763808319607
0.6294432702073767	1.191529142495882
1.2588865404147533	0.7943527616639214
1.2588865404147533	1.9858819041598035
1.88832981062213	1.191529142495882
0.0	0.0
0.0	0.3971763808319607
0.6294432702073767	0.3971763808319607
1.2588865404147533	0.0
0.6294432702073767	0.3971763808319607
1.88832981062213	0.3971763808319607
3.77665962124426	2.383058284991764
1.2588865404147533	1.5887055233278429
