WT	KO
0.0	0.0
1.2588865404147533	0.7943527616639214
1.2588865404147533	2.383058284991764
0.0	0.7943527616639214
0.0	0.7943527616639214
0.0	0.0
1.2588865404147533	0.0
0.0	1.5887055233278429
2.5177730808295067	0.7943527616639214
5.035546161659013	2.383058284991764
0.0	0.0
0.0	0.0
0.0	0.0
1.2588865404147533	0.0
0.0	0.0
0.0	0.7943527616639214
0.0	0.7943527616639214
0.0	0.0
0.0	0.0
0.0	0.0
2.5177730808295067	0.7943527616639214
1.2588865404147533	0.7943527616639214
1.2588865404147533	0.7943527616639214
0.0	0.7943527616639214
3.77665962124426	0.7943527616639214
1.2588865404147533	2.383058284991764
2.5177730808295067	1.5887055233278429
0.0	0.0
1.2588865404147533	0.7943527616639214
1.2588865404147533	1.5887055233278429
0.0	0.0
1.2588865404147533	1.5887055233278429
2.5177730808295067	0.0
1.2588865404147533	0.0
1.2588865404147533	2.383058284991764
1.2588865404147533	1.5887055233278429
2.5177730808295067	1.5887055233278429
2.5177730808295067	2.383058284991764
2.5177730808295067	1.5887055233278429
1.2588865404147533	1.5887055233278429
1.2588865404147533	0.7943527616639214
3.77665962124426	2.383058284991764
3.77665962124426	1.5887055233278429
3.77665962124426	3.1774110466556857
3.77665962124426	2.383058284991764
0.0	2.383058284991764
1.2588865404147533	1.5887055233278429
1.2588865404147533	0.0
2.5177730808295067	1.5887055233278429
0.0	0.0
2.5177730808295067	3.971763808319607
1.2588865404147533	3.1774110466556857
2.5177730808295067	2.383058284991764
2.5177730808295067	2.383058284991764
1.2588865404147533	0.7943527616639214
1.2588865404147533	0.7943527616639214
3.77665962124426	2.383058284991764
1.2588865404147533	1.5887055233278429
6.294432702073767	3.1774110466556857
0.0	0.0
2.5177730808295067	0.7943527616639214
2.5177730808295067	0.7943527616639214
5.035546161659013	1.5887055233278429
3.77665962124426	3.1774110466556857
2.5177730808295067	2.383058284991764
0.0	0.0
1.2588865404147533	0.7943527616639214
2.5177730808295067	1.5887055233278429
0.0	0.0
0.0	0.0
3.77665962124426	0.7943527616639214
0.0	0.7943527616639214
0.0	0.0
0.0	3.1774110466556857
1.2588865404147533	1.5887055233278429
1.2588865404147533	0.0
3.77665962124426	1.5887055233278429
1.2588865404147533	0.7943527616639214
2.5177730808295067	1.5887055233278429
0.0	0.0
1.2588865404147533	2.383058284991764
2.5177730808295067	1.5887055233278429
0.0	0.0
0.0	0.0
0.0	0.0
1.2588865404147533	0.0
0.0	0.0
0.0	0.0
1.2588865404147533	2.383058284991764
3.77665962124426	2.383058284991764
2.5177730808295067	1.5887055233278429
3.77665962124426	1.5887055233278429
2.5177730808295067	0.7943527616639214
0.0	2.383058284991764
2.5177730808295067	0.7943527616639214
0.0	0.7943527616639214
0.0	0.0
0.0	0.0
0.0	0.7943527616639214
1.2588865404147533	2.383058284991764
3.77665962124426	1.5887055233278429
0.0	0.0
0.0	0.7943527616639214
0.0	2.383058284991764
3.77665962124426	2.383058284991764
3.77665962124426	2.383058284991764
0.0	0.7943527616639214
2.5177730808295067	3.1774110466556857
3.77665962124426	2.383058284991764
5.035546161659013	3.1774110466556857
3.77665962124426	1.5887055233278429
0.0	0.0
0.0	0.0
3.77665962124426	0.0
1.2588865404147533	2.383058284991764
1.2588865404147533	3.1774110466556857
2.5177730808295067	2.383058284991764
1.2588865404147533	2.383058284991764
1.2588865404147533	1.5887055233278429
3.77665962124426	4.766116569983528
3.77665962124426	2.383058284991764
1.2588865404147533	2.383058284991764
3.77665962124426	2.383058284991764
0.0	0.7943527616639214
3.77665962124426	2.383058284991764
2.5177730808295067	1.5887055233278429
3.77665962124426	2.383058284991764
2.5177730808295067	0.7943527616639214
0.0	0.0
5.035546161659013	0.7943527616639214
3.77665962124426	3.971763808319607
1.2588865404147533	3.971763808319607
1.2588865404147533	2.383058284991764
0.0	0.0
0.0	0.0
2.5177730808295067	2.383058284991764
5.035546161659013	3.1774110466556857
7.55331924248852	3.1774110466556857
1.2588865404147533	2.383058284991764
0.0	0.0
0.0	1.5887055233278429
0.0	0.7943527616639214
1.2588865404147533	0.7943527616639214
1.2588865404147533	2.383058284991764
1.2588865404147533	1.5887055233278429
0.0	0.0
1.2588865404147533	0.0
2.5177730808295067	2.383058284991764
3.77665962124426	3.971763808319607
0.0	0.0
0.0	0.7943527616639214
0.0	0.7943527616639214
0.0	0.0
3.77665962124426	2.383058284991764
3.77665962124426	3.971763808319607
3.77665962124426	1.5887055233278429
0.0	1.5887055233278429
0.0	1.5887055233278429
0.0	1.5887055233278429
3.77665962124426	2.383058284991764
0.0	1.5887055233278429
0.0	0.0
0.0	0.7943527616639214
0.0	0.7943527616639214
3.77665962124426	1.5887055233278429
2.5177730808295067	1.5887055233278429
2.5177730808295067	2.383058284991764
2.5177730808295067	3.1774110466556857
0.0	2.383058284991764
3.77665962124426	1.5887055233278429
2.5177730808295067	3.1774110466556857
3.77665962124426	3.971763808319607
2.5177730808295067	1.5887055233278429
1.2588865404147533	0.0
2.5177730808295067	2.383058284991764
2.5177730808295067	3.1774110466556857
0.0	1.5887055233278429
0.0	0.7943527616639214
0.0	0.7943527616639214
0.0	1.5887055233278429
3.77665962124426	2.383058284991764
3.77665962124426	3.1774110466556857
0.0	0.7943527616639214
2.5177730808295067	2.383058284991764
0.0	1.5887055233278429
3.77665962124426	1.5887055233278429
0.0	1.5887055233278429
2.5177730808295067	2.383058284991764
0.0	0.0
0.0	0.7943527616639214
0.0	0.7943527616639214
0.0	0.0
2.5177730808295067	2.383058284991764
0.0	1.5887055233278429
1.2588865404147533	1.5887055233278429
0.0	0.7943527616639214
0.0	0.7943527616639214
3.77665962124426	2.383058284991764
1.2588865404147533	0.7943527616639214
0.0	0.7943527616639214
