DKO	Bcl6KO
0.4447426504843319	0.4904234947119002
0.3838831298917391	0.3705421960045468
0.3698386251396023	0.42503369541698016
0.39792763464387587	0.5667115938893069
0.4119721393960127	0.4904234947119002
0.3885646314757847	0.5558132940068202
0.4260166441481495	0.3814404958870335
0.3089791045470095	0.32694899647460013
0.37920162830769355	0.5667115938893069
0.4260166441481495	0.4686268949469269
0.33706811405128306	0.5558132940068202
0.4026091362279215	0.4904234947119002
0.4634686568205143	0.5013217945943869
0.4447426504843319	0.5558132940068202
0.4213351425641039	0.42503369541698016
0.5290096789971527	0.4904234947119002
0.4213351425641039	0.6103047934192536
0.5570986885014262	0.5449149941243335
0.49155766632478787	0.5776098937717935
0.4072906378119671	0.45772859506444014
0.49155766632478787	0.4359319952994668
0.4587871552364686	0.4686268949469269
0.4587871552364686	0.4686268949469269
0.47751316157265106	0.6756945927141735
0.4494241520683775	0.5449149941243335
0.47751316157265106	0.7192877922441202
0.5102836726609703	0.5667115938893069
0.43069814573219506	0.5122200944768734
0.5664616916695174	0.6103047934192536
0.5336911805811982	0.5013217945943869
0.5290096789971527	0.5885081936542802
0.4072906378119671	0.5885081936542802
0.44006114890028625	0.5013217945943869
0.547735685333335	0.6103047934192536
0.4821946631566967	0.4686268949469269
0.45410565365242306	0.664796292831687
0.5898691995897455	0.5776098937717935
0.5617801900854719	0.5340166942418468
0.49623916790883343	0.4795251948294135
0.4821946631566967	0.5558132940068202
0.5851876980056999	0.6429996930667136
0.5570986885014262	0.6865928925966602
0.6039137043418822	0.5885081936542802
0.5056021710769247	0.7083894923616336
0.4587871552364686	0.5558132940068202
0.5430541837492895	0.6538979929492003
0.5570986885014262	0.6103047934192536
0.594550701173791	0.730186092126607
0.4353796473162407	0.4032370956520068
0.5805061964216542	0.5885081936542802
0.5992322027578366	0.730186092126607
0.5009206694928791	0.5558132940068202
0.5383726821652438	0.5449149941243335
0.547735685333335	0.6212030933017403
0.5383726821652438	0.762880991774067
0.5617801900854719	0.7737792916565536
0.6039137043418822	0.632101393184227
0.5430541837492895	0.5449149941243335
0.5196466758290614	0.5558132940068202
0.5524171869173806	0.730186092126607
0.6085952059259279	0.6865928925966602
0.6226397106780646	0.730186092126607
0.4447426504843319	0.5122200944768734
0.5243281774131071	0.4904234947119002
0.5664616916695174	0.730186092126607
0.5617801900854719	0.7083894923616336
0.6226397106780646	0.6538979929492003
0.5009206694928791	0.5885081936542802
0.5524171869173806	0.6212030933017403
0.6226397106780646	0.6974911924791469
0.5149651742450159	0.6103047934192536
0.6694547265185206	0.6865928925966602
0.6085952059259279	0.44683029518195355
0.6226397106780646	0.7410843920090936
0.6600917233504294	0.7519826918915803
0.6460472185982926	0.5885081936542802
0.5805061964216542	0.6538979929492003
0.5851876980056999	0.6103047934192536
0.5805061964216542	0.632101393184227
0.6132767075099734	0.632101393184227
0.5898691995897455	0.6212030933017403
0.5898691995897455	0.6103047934192536
0.6366842154302014	0.5340166942418468
0.594550701173791	0.6429996930667136
0.5430541837492895	0.664796292831687
0.5524171869173806	0.7083894923616336
0.49623916790883343	0.5885081936542802
0.39792763464387587	0.5013217945943869
0.4494241520683775	0.5340166942418468
0.5992322027578366	0.4795251948294135
0.5664616916695174	0.6756945927141735
0.7256327455270678	0.762880991774067
0.617958209094019	0.6538979929492003
0.6085952059259279	0.6212030933017403
0.5102836726609703	0.5449149941243335
0.8098997740398887	0.8500673908339603
1.1282418817549893	1.1988129870735338
0.9971598374017124	1.0026435891887737
0.6273212122621102	0.7519826918915803
0.26216408870655356	0.25066089729719343
0.28089009504273593	0.3051523967096268
0.6928622344387486	0.6756945927141735
0.9269373136410286	1.1334231877786138
1.086108367498579	1.2859993861334271
0.9503448215612565	1.0789316883661804
0.5851876980056999	0.7083894923616336
0.734995748695159	0.7846775915390403
0.5664616916695174	0.730186092126607
0.688180732854703	0.9372537898938538
0.5290096789971527	0.5994064935367669
0.5524171869173806	0.5558132940068202
0.6085952059259279	0.6538979929492003
0.5196466758290614	0.44683029518195355
0.4587871552364686	0.4795251948294135
0.4213351425641039	0.5122200944768734
0.547735685333335	0.4795251948294135
0.3698386251396023	0.5558132940068202
0.5805061964216542	0.6538979929492003
0.594550701173791	0.5994064935367669
0.617958209094019	0.7410843920090936
0.6320027138461558	0.6974911924791469
0.6273212122621102	0.7955758914215271
0.6085952059259279	0.6212030933017403
0.547735685333335	0.5340166942418468
0.5102836726609703	0.4795251948294135
0.5336911805811982	0.5558132940068202
0.5805061964216542	0.4686268949469269
0.5149651742450159	0.5122200944768734
0.45410565365242306	0.4795251948294135
0.6460472185982926	0.7410843920090936
0.6834992312706575	0.8827622904814204
0.6694547265185206	0.8936605903639071
0.5570986885014262	0.5994064935367669
0.5290096789971527	0.44683029518195355
0.6507287201823382	0.6865928925966602
0.6320027138461558	0.8391690909514737
0.7256327455270678	0.7519826918915803
0.6273212122621102	0.4795251948294135
0.41665364098005825	0.41413539553449347
0.5758246948376087	0.5231183943593603
0.5898691995897455	0.5558132940068202
0.5383726821652438	0.5449149941243335
0.5196466758290614	0.5667115938893069
0.4260166441481495	0.41413539553449347
0.49623916790883343	0.5885081936542802
0.6039137043418822	0.7737792916565536
0.5805061964216542	0.5231183943593603
0.5430541837492895	0.5340166942418468
0.49623916790883343	0.5994064935367669
0.46815015840455987	0.6212030933017403
0.547735685333335	0.5013217945943869
0.4821946631566967	0.5122200944768734
0.4494241520683775	0.44683029518195355
0.547735685333335	0.6756945927141735
0.6039137043418822	0.7737792916565536
0.5056021710769247	0.5340166942418468
0.4026091362279215	0.5558132940068202
0.4728316599886055	0.5558132940068202
0.47751316157265106	0.5449149941243335
0.4868761647407423	0.4795251948294135
0.5898691995897455	0.6538979929492003
0.4353796473162407	0.5122200944768734
0.43069814573219506	0.3596438961220601
0.47751316157265106	0.5340166942418468
0.5196466758290614	0.4686268949469269
0.4260166441481495	0.3814404958870335
0.4587871552364686	0.5885081936542802
0.5290096789971527	0.5558132940068202
0.4353796473162407	0.42503369541698016
0.3323866124672375	0.3596438961220601
0.39324613305983025	0.3705421960045468
0.47751316157265106	0.4359319952994668
0.4494241520683775	0.3051523967096268
0.47751316157265106	0.45772859506444014
0.5102836726609703	0.5558132940068202
0.5243281774131071	0.44683029518195355
0.3604756219715111	0.41413539553449347
0.3698386251396023	0.5122200944768734
0.4494241520683775	0.5122200944768734
0.4821946631566967	0.5558132940068202
0.5149651742450159	0.5994064935367669
0.4072906378119671	0.44683029518195355
0.5102836726609703	0.45772859506444014
0.594550701173791	0.4686268949469269
0.47751316157265106	0.4904234947119002
0.5149651742450159	0.6212030933017403
0.4447426504843319	0.4795251948294135
0.4494241520683775	0.39233879576952013
0.37920162830769355	0.3705421960045468
0.4353796473162407	0.33784729635708677
0.46815015840455987	0.5122200944768734
0.46815015840455987	0.5558132940068202
0.5056021710769247	0.5122200944768734
0.5524171869173806	0.5340166942418468
0.49155766632478787	0.6212030933017403
0.4353796473162407	0.3814404958870335
0.4447426504843319	0.4359319952994668
0.4213351425641039	0.42503369541698016
0.49155766632478787	0.3814404958870335
0.4072906378119671	0.41413539553449347
