DKO	Bcl6KO
0.4019024944793863	0.484597359554596
0.4616726090429873	0.5565672644389419
0.4575505321765321	0.5517692707799855
0.4410622247107111	0.5613652580978983
0.3936583407464758	0.5277793024852035
0.39778041761293104	0.4797993658956396
0.38953626388002055	0.508587327849378
0.41632976351197964	0.5037893341904216
0.4616726090429873	0.5757592390747676
0.39778041761293104	0.5613652580978983
0.38541418701356533	0.4462134102829448
0.44724534001039395	0.5949512137105931
0.4451843015771663	0.5997492073695495
0.48228299337526354	0.5997492073695495
0.43487910941102825	0.5133853215083344
0.37717003328065485	0.4893953532135524
0.4534284553100768	0.5181833151672908
0.4513674168768492	0.580557232733724
0.48640507024171875	0.6333351629822443
0.4451843015771663	0.5565672644389419
0.3957193791797034	0.5325772961441599
0.3874752254467929	0.4893953532135524
0.39778041761293104	0.4893953532135524
0.4699167627758978	0.6189411820053751
0.4760998780755807	0.5421732834620727
0.39984145604615867	0.49419334687250877
0.4925881855414017	0.5997492073695495
0.5111375314404503	0.6573251312770263
0.44724534001039395	0.6045472010285059
0.4760998780755807	0.5757592390747676
0.4534284553100768	0.5661632517568547
0.48434403180849117	0.5901532200516367
0.4719778012091254	0.6045472010285059
0.47816091650880826	0.6141431883464187
0.4575505321765321	0.6093451946874623
0.49671026240785693	0.5949512137105931
0.5028933777075398	0.5853552263926803
0.5441141463720922	0.6285371693232878
0.5812128381701894	0.6717191122538955
0.5709076460040513	0.6477291439591135
0.5523583001050028	0.6093451946874623
0.5338089542059541	0.6525271376180699
0.5173206467401331	0.6813150995718082
0.5173206467401331	0.5853552263926803
0.5070154545739951	0.6141431883464187
0.5028933777075398	0.6141431883464187
0.490527147108174	0.5949512137105931
0.4513674168768492	0.6477291439591135
0.4410622247107111	0.6477291439591135
0.4451843015771663	0.6429311503001571
0.4493063784436216	0.6093451946874623
0.5255648004730437	0.6621231249359827
0.5070154545739951	0.6573251312770263
0.5956401072027828	0.6093451946874623
0.5482362232385475	0.7292950361613721
0.4884661086749464	0.5277793024852035
0.5008323392743121	0.6381331566412007
0.5173206467401331	0.7005070742076338
0.48640507024171875	0.6717191122538955
0.47403883964235305	0.5901532200516367
0.539992069505637	0.6621231249359827
0.49671026240785693	0.6141431883464187
0.48640507024171875	0.6141431883464187
0.5688466075708237	0.7101030615255466
0.599762184069238	0.7196990488434594
0.572968684437279	0.6477291439591135
0.599762184069238	0.6813150995718082
0.5420531079388646	0.6669211185949391
0.6080063378021485	0.7820729664098925
0.583273876603417	0.7244970425024158
0.6121284146686038	0.7532850044561542
0.5956401072027828	0.690911086889721
0.6018232225024657	0.762880991774067
0.6038842609356933	0.7436890171382414
0.5441141463720922	0.738891023479285
0.5853349150366447	0.7101030615255466
0.5193816851733608	0.6525271376180699
0.5420531079388646	0.5853552263926803
0.5750297228705066	0.690911086889721
0.5626634922711409	0.6477291439591135
0.6141894531018314	0.7532850044561542
0.5296868773394989	0.6477291439591135
0.5070154545739951	0.5901532200516367
0.43487910941102825	0.4893953532135524
0.3915973023132482	0.43661742296503203
0.3936583407464758	0.49899134053146516
0.45548949374330444	0.5901532200516367
0.4760998780755807	0.5133853215083344
0.46579468590944256	0.5181833151672908
0.4410622247107111	0.49419334687250877
0.4183908019452073	0.5373752898031163
0.49877130084108456	0.7820729664098925
0.5894569919031	0.8300529029994564
0.5296868773394989	0.7053050678665902
0.5626634922711409	0.6381331566412007
0.48640507024171875	0.6429311503001571
0.4760998780755807	0.5469712771210291
0.5008323392743121	0.5901532200516367
0.42663495567811777	0.5757592390747676
0.3957193791797034	0.4893953532135524
0.4039635329126139	0.5661632517568547
0.49877130084108456	0.6573251312770263
0.5049544161407674	0.6573251312770263
0.42869599411134535	0.5229813088262472
0.45548949374330444	0.6333351629822443
0.5894569919031	0.6957090805486774
0.5626634922711409	0.6381331566412007
0.5873959534698723	0.690911086889721
0.4678557243426702	0.47500137223668315
0.4101466482122968	0.4510114039419012
0.4575505321765321	0.5277793024852035
0.43900118627748347	0.460607391259814
0.5070154545739951	0.5613652580978983
0.4451843015771663	0.5565672644389419
0.40808560977906916	0.4558093976008576
0.45548949374330444	0.5997492073695495
0.4616726090429873	0.6813150995718082
0.5647245307043685	0.714901055184503
0.5894569919031	0.7868709600688489
0.6615933370660667	0.762880991774067
0.5894569919031	0.7676789854330234
0.5420531079388646	0.6525271376180699
0.566785569137596	0.7005070742076338
0.5379310310724094	0.6237391756643315
0.5276258389062712	0.7532850044561542
0.566785569137596	0.690911086889721
0.5956401072027828	0.738891023479285
0.5276258389062712	0.6765171059128519
0.5358699926391818	0.6333351629822443
0.48434403180849117	0.5757592390747676
0.5152596083069055	0.6429311503001571
0.47816091650880826	0.5613652580978983
0.539992069505637	0.5853552263926803
0.4534284553100768	0.5421732834620727
0.43900118627748347	0.6189411820053751
0.5544193385382303	0.5517692707799855
0.5152596083069055	0.5757592390747676
0.6203725684015142	0.6717191122538955
0.5255648004730437	0.5949512137105931
0.513198569873678	0.5373752898031163
0.45548949374330444	0.5037893341904216
0.48434403180849117	0.6189411820053751
0.513198569873678	0.5757592390747676
0.5544193385382303	0.6333351629822443
0.572968684437279	0.6141431883464187
0.5214427236065884	0.6861130932307646
0.5379310310724094	0.6381331566412007
0.5214427236065884	0.5757592390747676
0.49671026240785693	0.6093451946874623
0.4699167627758978	0.5421732834620727
0.48228299337526354	0.5901532200516367
0.4637336474762149	0.5949512137105931
0.4802219549420359	0.5709612454158111
0.48640507024171875	0.6093451946874623
0.4410622247107111	0.5997492073695495
0.48228299337526354	0.6189411820053751
0.5152596083069055	0.5565672644389419
0.5028933777075398	0.5613652580978983
0.5626634922711409	0.580557232733724
0.5276258389062712	0.5613652580978983
0.44312326314393874	0.47500137223668315
0.49464922397462935	0.43661742296503203
0.4616726090429873	0.5709612454158111
0.4616726090429873	0.5133853215083344
0.4616726090429873	0.5229813088262472
0.48228299337526354	0.5373752898031163
0.4534284553100768	0.4893953532135524
0.46579468590944256	0.5037893341904216
0.4699167627758978	0.5181833151672908
0.47403883964235305	0.4558093976008576
0.4802219549420359	0.5373752898031163
0.3915973023132482	0.46540538491877037
0.4637336474762149	0.5277793024852035
0.4802219549420359	0.6237391756643315
0.5070154545739951	0.6429311503001571
0.48640507024171875	0.6045472010285059
0.4616726090429873	0.5469712771210291
0.45548949374330444	0.5373752898031163
0.4719778012091254	0.508587327849378
0.45548949374330444	0.5661632517568547
0.4802219549420359	0.49419334687250877
0.49464922397462935	0.5757592390747676
0.5090764930072227	0.5853552263926803
0.4637336474762149	0.5421732834620727
0.42663495567811777	0.46540538491877037
0.4183908019452073	0.484597359554596
0.48640507024171875	0.5181833151672908
0.4328180709778006	0.5757592390747676
0.4493063784436216	0.5469712771210291
0.3936583407464758	0.5325772961441599
0.414268725078752	0.5277793024852035
0.4719778012091254	0.4893953532135524
0.4616726090429873	0.5661632517568547
0.4760998780755807	0.43661742296503203
0.4451843015771663	0.47500137223668315
0.49671026240785693	0.5709612454158111
0.46579468590944256	0.5373752898031163
0.44724534001039395	0.4462134102829448
0.3648038026812891	0.4558093976008576
0.37098691798097194	0.4893953532135524
