DKO	Bcl6KO
0.39324613305983025	0.38339660099414646
0.33946888409438347	0.4068698622795024
0.39324613305983025	0.32080123756653073
0.33610780603404294	0.3520989192803386
0.4268569136632346	0.39904544185105045
0.4806341626286814	0.3755721805656945
0.4806341626286814	0.3912210214225984
0.4167736794822133	0.39904544185105045
0.43694014784425583	0.3755721805656945
0.3730796646977877	0.4225187031364063
0.36299643051676644	0.39904544185105045
0.46382877232697933	0.46164080527866613
0.3999682891805112	0.2895035558527228
0.3730796646977877	0.3912210214225984
0.43694014784425583	0.33645007842343466
0.406690445301192	0.38339660099414646
0.44030122590459625	0.49293848699247406
0.430217991723575	0.48511406656402206
0.3999682891805112	0.34427449885188666
0.5041617090510645	0.3755721805656945
0.4470233820252772	0.47728964613557007
0.430217991723575	0.46946522570711813
0.42349583560289417	0.4068698622795024
0.43694014784425583	0.39904544185105045
0.36299643051676644	0.4381675439933102
0.4470233820252772	0.41469428270795433
0.46718985038731975	0.500762907420926
0.3193024157323408	0.33645007842343466
0.3293856499133621	0.250381453710463
0.36299643051676644	0.28167913542427087
0.4436623039649368	0.38339660099414646
0.477273084568341	0.508587327849378
0.46718985038731975	0.39904544185105045
0.5310503335337879	0.36774776013724253
0.5276892554734475	0.4538163848502142
0.4268569136632346	0.3755721805656945
0.5310503335337879	0.4381675439933102
0.507522787111405	0.48511406656402206
0.45710661620629844	0.43034312356485827
0.5142449432320858	0.5790071117054456
0.4436623039649368	0.47728964613557007
0.47055092844766017	0.4225187031364063
0.44030122590459625	0.46946522570711813
0.47055092844766017	0.3755721805656945
0.500800630990724	0.41469428270795433
0.5310503335337879	0.3520989192803386
0.5344114115941283	0.5320605891347339
0.5411335677148091	0.5320605891347339
0.5041617090510645	0.47728964613557007
0.500800630990724	0.49293848699247406
0.4470233820252772	0.3755721805656945
0.5176060212924262	0.36774776013724253
0.45710661620629844	0.46164080527866613
0.4940784748700432	0.5320605891347339
0.571383270257873	0.44599196442176225
0.5982718947405965	0.5320605891347339
0.5814665044388944	0.36774776013724253
0.5478557238354901	0.46946522570711813
0.5344114115941283	0.47728964613557007
0.5881886605595752	0.4068698622795024
0.5814665044388944	0.43034312356485827
0.571383270257873	0.35992333970879054
0.48735631874936236	0.4225187031364063
0.5579389580165114	0.3912210214225984
0.5176060212924262	0.39904544185105045
0.4806341626286814	0.43034312356485827
0.5747443483182135	0.47728964613557007
0.5646611141371922	0.49293848699247406
0.5982718947405965	0.4538163848502142
0.5344114115941283	0.46946522570711813
0.6049940508612774	0.46946522570711813
0.6184383631026391	0.49293848699247406
0.6117162069819583	0.508587327849378
0.6554102217663839	0.48511406656402206
0.5814665044388944	0.5320605891347339
0.4974395529303836	0.3755721805656945
0.5781054263785539	0.4538163848502142
0.5108838651717453	0.4068698622795024
0.6217994411629795	0.5477094299916379
0.6184383631026391	0.48511406656402206
0.6755766901284264	0.5320605891347339
0.6688545340077455	0.5242361687062819
0.6285215972836604	0.5868315321338977
0.6150772850422986	0.508587327849378
0.5545778799561709	0.500762907420926
0.5646611141371922	0.500762907420926
0.571383270257873	0.500762907420926
0.48735631874936236	0.48511406656402206
0.48735631874936236	0.49293848699247406
0.4940784748700432	0.44599196442176225
0.44030122590459625	0.3286256579949827
0.6117162069819583	0.5555338504200897
0.46718985038731975	0.3755721805656945
0.3461910402150643	0.3286256579949827
0.3697185866374473	0.2895035558527228
0.2151089958617875	0.2738547149958189
0.33610780603404294	0.2738547149958189
0.30921918155131956	0.26603029456736693
0.6016329728009369	0.5868315321338977
0.5344114115941283	0.44599196442176225
0.36635750857710686	0.3286256579949827
0.4470233820252772	0.4068698622795024
0.36299643051676644	0.34427449885188666
0.30921918155131956	0.258205874138915
0.39324613305983025	0.31297681713807873
0.2722473228875748	0.250381453710463
0.3999682891805112	0.2973279762811748
0.4470233820252772	0.35992333970879054
0.47055092844766017	0.4068698622795024
0.5881886605595752	0.51641174827783
0.3764407427581281	0.3051523967096268
0.4974395529303836	0.39904544185105045
0.477273084568341	0.3755721805656945
0.5814665044388944	0.43034312356485827
0.6587712998267242	0.46946522570711813
0.6352437534043412	0.5868315321338977
0.5781054263785539	0.46946522570711813
0.5041617090510645	0.4068698622795024
0.477273084568341	0.2895035558527228
0.5108838651717453	0.35992333970879054
0.5276892554734475	0.41469428270795433
0.6352437534043412	0.5320605891347339
0.5781054263785539	0.5398850095631859
0.5747443483182135	0.47728964613557007
0.5344114115941283	0.5320605891347339
0.5411335677148091	0.3286256579949827
0.5579389580165114	0.5320605891347339
0.5613000360768517	0.4381675439933102
0.4907173968097028	0.41469428270795433
0.571383270257873	0.44599196442176225
0.5478557238354901	0.44599196442176225
0.5781054263785539	0.4538163848502142
0.5276892554734475	0.31297681713807873
0.43694014784425583	0.38339660099414646
0.5209670993527666	0.41469428270795433
0.6049940508612774	0.44599196442176225
0.5680221921975327	0.48511406656402206
0.6150772850422986	0.5320605891347339
0.6453269875853626	0.4225187031364063
0.5344114115941283	0.38339660099414646
0.5108838651717453	0.3286256579949827
0.5747443483182135	0.41469428270795433
0.5108838651717453	0.41469428270795433
0.43694014784425583	0.38339660099414646
0.5646611141371922	0.3520989192803386
0.5176060212924262	0.5242361687062819
0.43694014784425583	0.34427449885188666
0.5646611141371922	0.3520989192803386
0.5579389580165114	0.41469428270795433
0.5276892554734475	0.43034312356485827
0.477273084568341	0.44599196442176225
0.453745538145958	0.33645007842343466
0.5142449432320858	0.38339660099414646
0.46046769426663886	0.36774776013724253
0.42013475754255375	0.35992333970879054
0.46046769426663886	0.3286256579949827
0.4974395529303836	0.41469428270795433
0.5579389580165114	0.4381675439933102
0.500800630990724	0.49293848699247406
0.507522787111405	0.4538163848502142
0.46382877232697933	0.48511406656402206
0.4503844600856176	0.3520989192803386
0.43694014784425583	0.41469428270795433
0.46718985038731975	0.35992333970879054
0.42013475754255375	0.3051523967096268
0.3999682891805112	0.3051523967096268
0.4436623039649368	0.2738547149958189
0.4739120065080006	0.44599196442176225
0.4907173968097028	0.4538163848502142
0.5545778799561709	0.4225187031364063
0.5108838651717453	0.46164080527866613
0.4335790697839154	0.2738547149958189
0.406690445301192	0.33645007842343466
0.430217991723575	0.41469428270795433
0.48735631874936236	0.36774776013724253
0.4806341626286814	0.32080123756653073
0.43694014784425583	0.32080123756653073
0.3428299621547239	0.250381453710463
0.3730796646977877	0.24255703328201103
0.3428299621547239	0.26603029456736693
0.48399524068902194	0.31297681713807873
0.47055092844766017	0.3051523967096268
0.3730796646977877	0.33645007842343466
0.4335790697839154	0.32080123756653073
0.4033293672408516	0.3912210214225984
0.39324613305983025	0.35992333970879054
0.453745538145958	0.34427449885188666
0.36299643051676644	0.35992333970879054
0.3798018208184686	0.32080123756653073
0.43694014784425583	0.4225187031364063
0.44030122590459625	0.34427449885188666
0.38988505499948983	0.2895035558527228
0.4033293672408516	0.34427449885188666
0.3999682891805112	0.3286256579949827
0.406690445301192	0.35992333970879054
0.4436623039649368	0.32080123756653073
0.4167736794822133	0.3286256579949827
0.3999682891805112	0.33645007842343466
0.3327467279737025	0.2973279762811748
0.42013475754255375	0.2973279762811748
