DKO	Prdm1KO
0.445383977319415	0.46253293053429284
0.42803135482645077	0.6295587110050097
0.4511681848170697	0.591014300127152
0.4395997698217602	0.4496847935750069
0.4916576373006528	0.5396217522900083
0.4395997698217602	0.48822920445286466
0.5842049572631287	0.6809512588421534
0.555283919774855	0.5524698892492942
0.4685208073100339	0.43683665661572096
0.5437155047795454	0.6167105740457237
0.4627365998123792	0.4496847935750069
0.5205786747889266	0.5010773414121505
0.509010259793617	0.591014300127152
0.5842049572631287	0.5524698892492942
0.6015575797560929	0.6295587110050097
0.5032260522959623	0.6424068479642956
0.5726365422678192	0.6552549849235815
0.4916576373006528	0.4111403826971492
0.5321470897842361	0.6295587110050097
0.5899891647607834	0.5653180262085801
0.4685208073100339	0.5653180262085801
0.5899891647607834	0.48822920445286466
0.4627365998123792	0.4111403826971492
0.4685208073100339	0.5139254783714365
0.5610681272725097	0.591014300127152
0.5263628822865812	0.5010773414121505
0.48587342980299814	0.6167105740457237
0.4916576373006528	0.6038624370864378
0.5437155047795454	0.5524698892492942
0.6189102022490571	0.6167105740457237
0.4800892223053434	0.5267736153307223
0.4974418447983076	0.6167105740457237
0.5494997122772003	0.6424068479642956
0.6304786172443666	0.43683665661572096
0.48587342980299814	0.6552549849235815
0.7519469746951161	0.6552549849235815
0.7114575222115329	0.591014300127152
0.555283919774855	0.591014300127152
0.5668523347701645	0.5010773414121505
0.5957733722584382	0.6424068479642956
0.5668523347701645	0.4496847935750069
0.5205786747889266	0.5781661631678661
0.578420749765474	0.6552549849235815
0.578420749765474	0.5653180262085801
0.6015575797560929	0.7451919436385829
0.6073417872537477	0.7451919436385829
0.6420470322396761	0.7708882175571548
0.6362628247420213	0.6424068479642956
0.5494997122772003	0.5267736153307223
0.6536154472349855	0.6809512588421534
0.5205786747889266	0.6552549849235815
0.6304786172443666	0.5524698892492942
0.6651838622302951	0.7194956697200111
0.7288101447044972	0.9636102719464434
0.6015575797560929	0.7708882175571548
0.6189102022490571	0.6937993958014392
0.4916576373006528	0.5653180262085801
0.6420470322396761	0.8222807653942984
0.6998891072162235	0.8222807653942984
0.6362628247420213	0.8479770393128703
0.6478312397373308	0.7066475327607251
0.6073417872537477	0.6809512588421534
0.6478312397373308	0.591014300127152
0.6709680697279498	0.8479770393128703
0.6362628247420213	0.6937993958014392
0.7519469746951161	0.860825176272156
0.7172417297091876	0.8351289023535842
0.734594352202152	0.7066475327607251
0.7230259372068425	0.6937993958014392
0.8040048421740088	0.7580400805978688
0.7461627671974613	0.7066475327607251
0.7230259372068425	0.7837363545164406
0.7692995971880804	0.7580400805978688
0.6478312397373308	0.5653180262085801
0.7114575222115329	0.6552549849235815
0.7056733147138782	0.6681031218828675
0.7114575222115329	0.6295587110050097
0.6998891072162235	0.7965844914757265
0.7114575222115329	0.732343806679297
0.7288101447044972	0.6038624370864378
0.6767522772256045	0.6552549849235815
0.5899891647607834	0.5139254783714365
0.5842049572631287	0.7066475327607251
0.6304786172443666	0.6295587110050097
0.4974418447983076	0.591014300127152
0.509010259793617	0.4496847935750069
0.578420749765474	0.6295587110050097
0.6536154472349855	0.7580400805978688
0.6131259947514024	0.6552549849235815
0.5842049572631287	0.7194956697200111
0.6015575797560929	0.5653180262085801
0.8155732571693183	0.7451919436385829
0.7056733147138782	0.8865214501907279
0.6941048997185688	0.8351289023535842
0.5494997122772003	0.43683665661572096
0.7519469746951161	0.8094326284350125
1.0527257645731625	1.015002819783587
1.00066789709427	1.2719655589693053
0.6767522772256045	0.6552549849235815
0.3817576948452128	0.39829224573786326
0.31813141237101067	0.33405156094143373
0.8271416721646279	0.7965844914757265
1.0816468020614363	1.2462692850507333
1.11056783954971	1.0792435045800166
0.8271416721646279	0.7580400805978688
0.5205786747889266	0.6681031218828675
0.7288101447044972	0.8094326284350125
0.8155732571693183	0.8479770393128703
0.9833152746013056	1.027850956742873
0.5668523347701645	0.591014300127152
0.42803135482645077	0.4111403826971492
0.5379312972818908	0.4111403826971492
0.6362628247420213	0.6937993958014392
0.7750838046857351	0.6167105740457237
0.6767522772256045	0.6295587110050097
0.5610681272725097	0.6038624370864378
0.6246944097467119	0.5781661631678661
0.6825364847232592	0.5139254783714365
0.7056733147138782	0.6552549849235815
0.6825364847232592	0.7837363545164406
0.6131259947514024	0.7451919436385829
0.6998891072162235	0.7194956697200111
0.6709680697279498	0.6937993958014392
0.6998891072162235	0.8351289023535842
0.6767522772256045	0.6295587110050097
0.7461627671974613	0.6038624370864378
0.6651838622302951	0.6038624370864378
0.5899891647607834	0.6167105740457237
0.6536154472349855	0.7837363545164406
0.7461627671974613	0.7580400805978688
0.6651838622302951	0.591014300127152
0.7692995971880804	0.7451919436385829
0.7172417297091876	0.7965844914757265
0.6998891072162235	0.6937993958014392
0.6478312397373308	0.6038624370864378
0.6420470322396761	0.6424068479642956
0.7750838046857351	0.7837363545164406
0.7577311821927709	0.7708882175571548
0.7114575222115329	0.7965844914757265
0.6362628247420213	0.6424068479642956
0.5842049572631287	0.5524698892492942
0.5263628822865812	0.5653180262085801
0.6362628247420213	0.6937993958014392
0.7114575222115329	0.6424068479642956
0.6651838622302951	0.6424068479642956
0.6304786172443666	0.7066475327607251
0.509010259793617	0.5524698892492942
0.6131259947514024	0.5781661631678661
0.5842049572631287	0.6809512588421534
0.6998891072162235	0.6937993958014392
0.7692995971880804	0.7580400805978688
0.6709680697279498	0.5781661631678661
0.6767522772256045	0.7708882175571548
0.5437155047795454	0.591014300127152
0.6536154472349855	0.5653180262085801
0.6536154472349855	0.6167105740457237
0.6709680697279498	0.7066475327607251
0.5437155047795454	0.591014300127152
0.6073417872537477	0.5781661631678661
0.5957733722584382	0.6295587110050097
0.5379312972818908	0.4496847935750069
0.5726365422678192	0.7837363545164406
0.6593996547326403	0.6552549849235815
0.5899891647607834	0.5396217522900083
0.5610681272725097	0.5010773414121505
0.4974418447983076	0.4753810674935788
0.4974418447983076	0.5653180262085801
0.5957733722584382	0.5267736153307223
0.5147944672912719	0.46253293053429284
0.578420749765474	0.6295587110050097
0.5668523347701645	0.5396217522900083
0.5437155047795454	0.5267736153307223
0.6825364847232592	0.42398851965643514
0.5668523347701645	0.6038624370864378
0.5610681272725097	0.5781661631678661
0.5726365422678192	0.46253293053429284
0.445383977319415	0.5524698892492942
0.6362628247420213	0.6552549849235815
0.509010259793617	0.5267736153307223
0.6362628247420213	0.6937993958014392
0.6131259947514024	0.7194956697200111
0.6073417872537477	0.6038624370864378
0.5032260522959623	0.5267736153307223
0.4511681848170697	0.35974783486000556
0.4569523923147244	0.5139254783714365
0.4395997698217602	0.46253293053429284
0.5032260522959623	0.3854441087785774
0.509010259793617	0.4753810674935788
0.5379312972818908	0.5010773414121505
0.5437155047795454	0.5524698892492942
0.4800892223053434	0.5781661631678661
0.4743050148076886	0.5396217522900083
0.4685208073100339	0.5010773414121505
0.4800892223053434	0.39829224573786326
0.48587342980299814	0.5653180262085801
0.42803135482645077	0.6038624370864378
0.6304786172443666	0.5781661631678661
0.5263628822865812	0.6681031218828675
0.5032260522959623	0.37259597181929144
0.4569523923147244	0.39829224573786326
