DKO	Prdm1KO
0.8894227901044915	0.5545614464287129
0.5773446181380033	0.8318421696430692
0.4213055321547592	0.3812609944197401
0.53053289234303	0.6585417176340965
0.5929485267363277	0.2079605424107673
0.639760252531301	0.48524126562512376
0.6241563439329766	0.623881627232302
0.6085524353346521	0.5545614464287129
0.7177797955229229	0.623881627232302
0.5929485267363277	0.27728072321435643
0.5929485267363277	0.4505811752233292
0.49932507514638125	0.24262063281256188
0.3744938063597859	0.3466009040179455
0.5929485267363277	0.4159210848215346
0.5461368009413545	0.4505811752233292
0.5617407095396789	0.6585417176340965
0.3276820805648127	0.27728072321435643
0.39009771495811035	0.3466009040179455
0.40570162355643474	0.5892215368305074
0.53053289234303	0.3466009040179455
0.49932507514638125	0.7278618984376856
0.40570162355643474	0.48524126562512376
0.6241563439329766	0.6585417176340965
0.6709680697279498	0.5892215368305074
0.639760252531301	0.623881627232302
0.6709680697279498	0.5199013560269183
0.4837211665480568	0.3812609944197401
0.4837211665480568	0.311940813616151
0.4837211665480568	0.5199013560269183
0.45251334935140797	0.693201808035891
0.6241563439329766	0.48524126562512376
0.53053289234303	0.3466009040179455
0.53053289234303	0.4505811752233292
0.6865719783262743	0.5892215368305074
0.6709680697279498	0.9011623504466584
0.7177797955229229	0.5545614464287129
0.6085524353346521	0.4505811752233292
0.39009771495811035	0.4505811752233292
0.4213055321547592	0.4505811752233292
0.7333837041212474	0.7625219888394802
0.7645915213178963	0.5545614464287129
0.639760252531301	0.7625219888394802
0.7801954299162207	0.7278618984376856
0.639760252531301	0.5199013560269183
0.7021758869245986	0.623881627232302
0.6553641611296254	0.311940813616151
0.7801954299162207	0.5199013560269183
0.6085524353346521	0.4505811752233292
0.7021758869245986	0.7278618984376856
0.7489876127195718	0.7971820792412746
0.9518384244977893	0.7278618984376856
0.6709680697279498	0.311940813616151
0.53053289234303	0.5892215368305074
0.7021758869245986	0.693201808035891
0.7333837041212474	0.48524126562512376
0.7333837041212474	0.5199013560269183
0.8114032471128695	0.6585417176340965
0.639760252531301	0.5892215368305074
0.7177797955229229	0.7278618984376856
0.7957993385145452	0.48524126562512376
0.639760252531301	0.5892215368305074
0.7021758869245986	0.7971820792412746
0.5149289837447056	0.5545614464287129
0.5773446181380033	0.7625219888394802
0.7489876127195718	0.7278618984376856
0.5461368009413545	0.7278618984376856
0.639760252531301	0.5892215368305074
0.639760252531301	0.311940813616151
0.6709680697279498	0.5892215368305074
0.7333837041212474	0.623881627232302
0.5773446181380033	0.48524126562512376
0.6865719783262743	0.4505811752233292
0.43690944075308363	0.6585417176340965
0.639760252531301	0.7971820792412746
0.8114032471128695	0.623881627232302
0.7021758869245986	0.5545614464287129
0.6709680697279498	0.5545614464287129
0.6865719783262743	0.4159210848215346
0.5617407095396789	0.5892215368305074
0.7489876127195718	0.7278618984376856
0.8582149729078428	0.9011623504466584
0.6865719783262743	0.7278618984376856
0.7489876127195718	0.4505811752233292
0.6085524353346521	0.5545614464287129
0.5773446181380033	0.5545614464287129
0.6553641611296254	0.623881627232302
0.7177797955229229	0.5199013560269183
0.5617407095396789	0.7625219888394802
0.5461368009413545	0.5892215368305074
0.5461368009413545	0.3466009040179455
0.35888989776146146	0.3812609944197401
0.6553641611296254	0.623881627232302
0.639760252531301	0.4159210848215346
0.8426110643095184	0.7278618984376856
0.39009771495811035	0.3466009040179455
0.43690944075308363	0.24262063281256188
0.3744938063597859	0.27728072321435643
0.6865719783262743	0.6585417176340965
0.7801954299162207	0.5199013560269183
0.7333837041212474	0.5199013560269183
0.7021758869245986	0.693201808035891
0.6553641611296254	0.5199013560269183
0.5773446181380033	0.4159210848215346
0.4681172579497324	0.27728072321435643
0.4681172579497324	0.2079605424107673
0.40570162355643474	0.311940813616151
0.49932507514638125	0.6585417176340965
0.7177797955229229	0.9011623504466584
0.7333837041212474	0.693201808035891
0.5773446181380033	0.4505811752233292
0.7957993385145452	0.9011623504466584
0.5773446181380033	0.3466009040179455
0.5149289837447056	0.5892215368305074
0.6865719783262743	0.5892215368305074
0.7021758869245986	0.6585417176340965
0.6709680697279498	0.5545614464287129
0.6709680697279498	0.5545614464287129
0.8426110643095184	0.693201808035891
0.8114032471128695	0.9358224408484529
0.7333837041212474	0.623881627232302
0.5929485267363277	0.6585417176340965
0.5773446181380033	0.48524126562512376
0.6865719783262743	0.4159210848215346
0.6085524353346521	0.3466009040179455
0.5617407095396789	0.8665022600448639
0.7801954299162207	0.6585417176340965
0.7801954299162207	0.7971820792412746
0.7177797955229229	0.8665022600448639
0.5149289837447056	0.7278618984376856
0.5461368009413545	0.5545614464287129
0.5929485267363277	0.4505811752233292
0.6241563439329766	0.48524126562512376
0.5929485267363277	0.48524126562512376
0.6085524353346521	0.5199013560269183
0.5461368009413545	0.7278618984376856
0.8582149729078428	0.6585417176340965
0.6553641611296254	0.5199013560269183
0.6865719783262743	0.4159210848215346
0.7021758869245986	0.693201808035891
0.4213055321547592	0.693201808035891
0.7021758869245986	0.5545614464287129
0.9206306073011404	0.48524126562512376
0.7333837041212474	0.8665022600448639
0.7645915213178963	0.5892215368305074
0.6553641611296254	0.3466009040179455
0.53053289234303	0.48524126562512376
0.6709680697279498	0.6585417176340965
0.7801954299162207	0.8665022600448639
0.7957993385145452	0.623881627232302
0.9674423330961136	0.9704825312502475
0.9362345158994648	0.6585417176340965
0.6553641611296254	0.48524126562512376
0.4681172579497324	0.3812609944197401
0.5929485267363277	0.5199013560269183
0.5617407095396789	0.4159210848215346
0.49932507514638125	0.5199013560269183
0.5773446181380033	0.5545614464287129
0.5461368009413545	0.5892215368305074
0.7333837041212474	0.48524126562512376
0.5929485267363277	0.5199013560269183
0.5929485267363277	0.623881627232302
0.5929485267363277	0.6585417176340965
0.639760252531301	0.5199013560269183
0.45251334935140797	0.4159210848215346
0.5773446181380033	0.48524126562512376
0.53053289234303	0.623881627232302
0.5461368009413545	0.7278618984376856
0.6085524353346521	0.6585417176340965
0.4681172579497324	0.48524126562512376
0.34328598916313713	0.4159210848215346
0.35888989776146146	0.48524126562512376
0.43690944075308363	0.48524126562512376
0.6241563439329766	0.48524126562512376
0.5929485267363277	0.623881627232302
0.4213055321547592	0.48524126562512376
0.4837211665480568	0.5199013560269183
0.8114032471128695	0.7971820792412746
0.6553641611296254	0.4159210848215346
0.4213055321547592	0.4159210848215346
0.4681172579497324	0.311940813616151
0.3744938063597859	0.5545614464287129
0.6085524353346521	0.48524126562512376
0.7333837041212474	0.693201808035891
0.5773446181380033	0.5199013560269183
0.5617407095396789	0.623881627232302
0.4837211665480568	0.4505811752233292
0.5773446181380033	0.5545614464287129
0.6553641611296254	0.623881627232302
0.4837211665480568	0.5892215368305074
0.4213055321547592	0.5199013560269183
0.4681172579497324	0.623881627232302
0.45251334935140797	0.5199013560269183
0.45251334935140797	0.5545614464287129
0.6241563439329766	0.7278618984376856
0.53053289234303	0.4159210848215346
0.49932507514638125	0.4159210848215346
0.45251334935140797	0.48524126562512376
0.3120781719664883	0.24262063281256188
0.4837211665480568	0.4505811752233292
0.34328598916313713	0.3466009040179455
