WT	KO
0.245876273694775	0.1976402220193026
0.22245948572384402	0.3952804440386052
0.18733430376744759	0.22587453945063155
0.18733430376744759	0.22587453945063155
0.30441824362210235	0.2541088568819605
0.21075109173837855	0.1976402220193026
0.22245948572384402	0.2541088568819605
0.26929306166570594	0.2541088568819605
0.16391751579651664	0.22587453945063155
0.26929306166570594	0.2541088568819605
0.23416787970930952	0.16940590458797367
0.22245948572384402	0.11293726972531577
0.22245948572384402	0.1411715871566447
0.22245948572384402	0.1976402220193026
0.18733430376744759	0.1976402220193026
0.245876273694775	0.3952804440386052
0.1405007278255857	0.2541088568819605
0.19904269775291308	0.16940590458797367
0.16391751579651664	0.16940590458797367
0.26929306166570594	0.2541088568819605
0.26929306166570594	0.1976402220193026
0.30441824362210235	0.11293726972531577
0.19904269775291308	0.22587453945063155
0.22245948572384402	0.1411715871566447
0.3161266376075678	0.16940590458797367
0.33954342557849876	0.22587453945063155
0.19904269775291308	0.2541088568819605
0.18733430376744759	0.1411715871566447
0.23416787970930952	0.1411715871566447
0.2810014556511714	0.3952804440386052
0.44491897144768805	0.479983396332592
0.33954342557849876	0.2823431743132894
0.3161266376075678	0.33881180917594733
0.26929306166570594	0.1411715871566447
0.19904269775291308	0.3952804440386052
0.35125181956396423	0.1411715871566447
0.2810014556511714	0.22587453945063155
0.245876273694775	0.3105774917446184
0.19904269775291308	0.3105774917446184
0.30441824362210235	0.2541088568819605
0.37466860753489517	0.3105774917446184
0.3629602135494297	0.3105774917446184
0.37466860753489517	0.2823431743132894
0.245876273694775	0.1411715871566447
0.22245948572384402	0.3952804440386052
0.16391751579651664	0.3105774917446184
0.37466860753489517	0.4235147614699341
0.30441824362210235	0.4517490789012631
0.37466860753489517	0.3105774917446184
0.37466860753489517	0.3105774917446184
0.33954342557849876	0.3952804440386052
0.35125181956396423	0.479983396332592
0.33954342557849876	0.22587453945063155
0.2810014556511714	0.3105774917446184
0.23416787970930952	0.22587453945063155
0.37466860753489517	0.4517490789012631
0.37466860753489517	0.1411715871566447
0.3629602135494297	0.4517490789012631
0.3629602135494297	0.2541088568819605
0.4215021834767571	0.3952804440386052
0.2810014556511714	0.3952804440386052
0.30441824362210235	0.36704612660727626
0.26929306166570594	0.2541088568819605
0.3161266376075678	0.3105774917446184
0.35125181956396423	0.33881180917594733
0.25758466768024046	0.2823431743132894
0.26929306166570594	0.3952804440386052
0.25758466768024046	0.4235147614699341
0.37466860753489517	0.3105774917446184
0.2927098496366369	0.4517490789012631
0.3278350315930333	0.2823431743132894
0.3629602135494297	0.33881180917594733
0.40979378949129164	0.4235147614699341
0.40979378949129164	0.33881180917594733
0.3278350315930333	0.16940590458797367
0.22245948572384402	0.22587453945063155
0.19904269775291308	0.056468634862657886
0.245876273694775	0.36704612660727626
0.4332105774622226	0.3105774917446184
0.33954342557849876	0.22587453945063155
0.39808539550582617	0.4235147614699341
0.3278350315930333	0.36704612660727626
0.3278350315930333	0.33881180917594733
0.3278350315930333	0.3105774917446184
0.3629602135494297	0.3105774917446184
0.3161266376075678	0.2823431743132894
0.35125181956396423	0.16940590458797367
0.3629602135494297	0.33881180917594733
0.3629602135494297	0.4235147614699341
0.19904269775291308	0.2823431743132894
0.19904269775291308	0.11293726972531577
0.18733430376744759	0.08470295229398683
0.3161266376075678	0.4517490789012631
0.4215021834767571	0.5929206660579078
0.3278350315930333	0.3952804440386052
0.37466860753489517	0.33881180917594733
0.16391751579651664	0.16940590458797367
0.3863770015203607	0.4235147614699341
0.4332105774622226	0.5646863486265788
0.21075109173837855	0.16940590458797367
0.23416787970930952	0.1976402220193026
0.18733430376744759	0.08470295229398683
0.39808539550582617	0.479983396332592
0.4332105774622226	0.3952804440386052
0.23416787970930952	0.2541088568819605
0.3278350315930333	0.2823431743132894
0.5034609413750155	0.2541088568819605
0.46833575941861905	0.6493893009205657
0.35125181956396423	0.4235147614699341
0.25758466768024046	0.2541088568819605
0.18733430376744759	0.2541088568819605
0.26929306166570594	0.1976402220193026
0.3278350315930333	0.3105774917446184
0.3161266376075678	0.33881180917594733
0.3629602135494297	0.22587453945063155
0.33954342557849876	0.36704612660727626
0.2927098496366369	0.53645203119525
0.21075109173837855	0.3105774917446184
0.18733430376744759	0.33881180917594733
0.26929306166570594	0.36704612660727626
0.35125181956396423	0.22587453945063155
0.245876273694775	0.3105774917446184
0.26929306166570594	0.2541088568819605
0.21075109173837855	0.16940590458797367
0.23416787970930952	0.22587453945063155
0.30441824362210235	0.33881180917594733
0.35125181956396423	0.2541088568819605
0.3863770015203607	0.22587453945063155
0.3863770015203607	0.3105774917446184
0.33954342557849876	0.33881180917594733
0.33954342557849876	0.1976402220193026
0.26929306166570594	0.2541088568819605
0.35125181956396423	0.22587453945063155
0.3278350315930333	0.2541088568819605
0.2810014556511714	0.1976402220193026
0.44491897144768805	0.2823431743132894
0.33954342557849876	0.2823431743132894
0.35125181956396423	0.4235147614699341
0.22245948572384402	0.22587453945063155
0.15220912181105117	0.33881180917594733
0.30441824362210235	0.3105774917446184
0.21075109173837855	0.33881180917594733
0.30441824362210235	0.22587453945063155
0.17562590978198211	0.16940590458797367
0.22245948572384402	0.1976402220193026
0.2927098496366369	0.2541088568819605
0.21075109173837855	0.2823431743132894
0.33954342557849876	0.2541088568819605
0.26929306166570594	0.16940590458797367
0.21075109173837855	0.22587453945063155
0.26929306166570594	0.5646863486265788
0.26929306166570594	0.22587453945063155
0.22245948572384402	0.3105774917446184
0.245876273694775	0.11293726972531577
0.16391751579651664	0.2541088568819605
0.26929306166570594	0.16940590458797367
0.2810014556511714	0.479983396332592
0.3278350315930333	0.1976402220193026
0.2927098496366369	0.22587453945063155
0.2927098496366369	0.1976402220193026
0.2810014556511714	0.3952804440386052
0.2927098496366369	0.33881180917594733
0.2927098496366369	0.33881180917594733
0.2810014556511714	0.1976402220193026
0.3278350315930333	0.2541088568819605
0.2927098496366369	0.3952804440386052
0.2927098496366369	0.2823431743132894
0.25758466768024046	0.2823431743132894
0.19904269775291308	0.1976402220193026
0.15220912181105117	0.11293726972531577
0.26929306166570594	0.16940590458797367
0.25758466768024046	0.3105774917446184
0.35125181956396423	0.4235147614699341
0.30441824362210235	0.16940590458797367
0.17562590978198211	0.16940590458797367
0.30441824362210235	0.3105774917446184
0.25758466768024046	0.2541088568819605
0.35125181956396423	0.1411715871566447
0.2927098496366369	0.4235147614699341
0.26929306166570594	0.2541088568819605
0.19904269775291308	0.1976402220193026
0.245876273694775	0.08470295229398683
0.18733430376744759	0.11293726972531577
0.245876273694775	0.16940590458797367
0.2927098496366369	0.2541088568819605
0.2810014556511714	0.1976402220193026
0.21075109173837855	0.1976402220193026
0.15220912181105117	0.11293726972531577
0.245876273694775	0.2541088568819605
0.3161266376075678	0.4235147614699341
0.2810014556511714	0.3105774917446184
0.18733430376744759	0.2823431743132894
0.2810014556511714	0.36704612660727626
0.18733430376744759	0.16940590458797367
0.30441824362210235	0.1976402220193026
0.25758466768024046	0.1976402220193026
0.17562590978198211	0.1411715871566447
0.16391751579651664	0.11293726972531577
0.19904269775291308	0.1411715871566447
0.21075109173837855	0.1976402220193026
