WT	KO
0.3126750301320838	0.2782630706382419
0.2531178815354964	0.26928684255313734
0.20100537651348244	0.20645324595740527
0.19356073293890902	0.14361964936167324
0.2828964558337901	0.21542947404250984
0.14889287149146846	0.19747701787230068
0.17494912400247545	0.22440570212761446
0.20472769830076915	0.2423581582978236
0.2977857429829369	0.11669096510635951
0.23450627259906284	0.3590491234041831
0.22333930723720272	0.2782630706382419
0.24939555974820968	0.33212043914886935
0.1823937675770489	0.18850078978719612
0.219616985449916	0.1615721055318824
0.20472769830076915	0.18850078978719612
0.26428484689735654	0.14361964936167324
0.23822859438634955	0.2423581582978236
0.23822859438634955	0.18850078978719612
0.2828964558337901	0.3231442110637648
0.2531178815354964	0.3141679829786602
0.2531178815354964	0.35007289531907854
0.2121723418753426	0.19747701787230068
0.1600598368533286	0.22440570212761446
0.24567323796092297	0.11669096510635951
0.19356073293890902	0.18850078978719612
0.23078395081177613	0.23338193021271902
0.219616985449916	0.21542947404250984
0.26056252511006983	0.19747701787230068
0.22333930723720272	0.22440570212761446
0.2531178815354964	0.08976228085104578
0.219616985449916	0.17054833361698699
0.24567323796092297	0.19747701787230068
0.3089527083447971	0.20645324595740527
0.30523038655751034	0.22440570212761446
0.2158946636626293	0.1615721055318824
0.1898384111516223	0.30519175489355566
0.20472769830076915	0.20645324595740527
0.22706162902448943	0.23338193021271902
0.3126750301320838	0.25133438638292815
0.22706162902448943	0.18850078978719612
0.3461759262176642	0.30519175489355566
0.23822859438634955	0.1615721055318824
0.27545181225921667	0.18850078978719612
0.3424536044303775	0.3141679829786602
0.23450627259906284	0.4218827199999151
0.3461759262176642	0.26928684255313734
0.38712146587781804	0.4218827199999151
0.24195091617363626	0.35007289531907854
0.2531178815354964	0.2423581582978236
0.2531178815354964	0.10771473702125492
0.26056252511006983	0.23338193021271902
0.39084378766510475	0.33212043914886935
0.2940634211956502	0.37700157957439223
0.413177718388825	0.4577876323403335
0.33500896085580406	0.3141679829786602
0.3685098569413845	0.36802535148928767
0.413177718388825	0.3231442110637648
0.24567323796092297	0.30519175489355566
0.32756431728123064	0.34109666723397397
0.27172949047192996	0.39495403574460136
0.4169000401761117	0.4847163165956472
0.413177718388825	0.39495403574460136
0.4057330748142516	0.2603106144680327
0.413177718388825	0.36802535148928767
0.3126750301320838	0.34109666723397397
0.3089527083447971	0.2603106144680327
0.33128663906851735	0.2603106144680327
0.3461759262176642	0.3141679829786602
0.45784557983626556	0.3231442110637648
0.3796768223032446	0.3859778076594968
0.4206223619633984	0.4757400885105426
0.39084378766510475	0.41290649191481055
0.3424536044303775	0.25133438638292815
0.32384199549394393	0.34109666723397397
0.39456610945239146	0.37700157957439223
0.361065213366811	0.37700157957439223
0.32756431728123064	0.36802535148928767
0.39084378766510475	0.2603106144680327
0.3201196737066572	0.36802535148928767
0.413177718388825	0.37700157957439223
0.32384199549394393	0.36802535148928767
0.2977857429829369	0.20645324595740527
0.3201196737066572	0.19747701787230068
0.3536205697922376	0.3231442110637648
0.32756431728123064	0.3141679829786602
0.3089527083447971	0.33212043914886935
0.32384199549394393	0.3141679829786602
0.3461759262176642	0.35007289531907854
0.39456610945239146	0.4757400885105426
0.4169000401761117	0.29621552680845104
0.1861160893643356	0.2423581582978236
0.42806700553797183	0.5385736851062747
0.38712146587781804	0.39495403574460136
0.3759545005159579	0.4757400885105426
0.23822859438634955	0.1615721055318824
0.2828964558337901	0.26928684255313734
0.4243446837506852	0.43983517617012435
0.465290223410839	0.39495403574460136
0.2828964558337901	0.23338193021271902
0.19356073293890902	0.10771473702125492
0.2158946636626293	0.12566719319146408
0.26800716868464325	0.17054833361698699
0.5620705898802935	0.5565261412764838
0.3759545005159579	0.4936925446807518
0.3647875351540978	0.22440570212761446
0.219616985449916	0.13464342127656867
0.3722321787286712	0.28723929872334647
0.4839018323472725	0.4218827199999151
0.3573428915795243	0.37700157957439223
0.2568402033227831	0.21542947404250984
0.33500896085580406	0.36802535148928767
0.4057330748142516	0.28723929872334647
0.2791741340465034	0.2423581582978236
0.33500896085580406	0.3859778076594968
0.3201196737066572	0.3590491234041831
0.33873128264309077	0.29621552680845104
0.2531178815354964	0.22440570212761446
0.2531178815354964	0.17952456170209155
0.24567323796092297	0.2603106144680327
0.27545181225921667	0.1615721055318824
0.39084378766510475	0.35007289531907854
0.3647875351540978	0.4488114042552289
0.39828843123967816	0.41290649191481055
0.33500896085580406	0.4936925446807518
0.3759545005159579	0.37700157957439223
0.3461759262176642	0.28723929872334647
0.361065213366811	0.36802535148928767
0.38712146587781804	0.35007289531907854
0.3722321787286712	0.35007289531907854
0.3163973519193705	0.30519175489355566
0.2828964558337901	0.3859778076594968
0.2828964558337901	0.4308589480850197
0.39828843123967816	0.35007289531907854
0.3015080647702236	0.3231442110637648
0.38339914409053133	0.36802535148928767
0.33128663906851735	0.37700157957439223
0.3126750301320838	0.39495403574460136
0.361065213366811	0.30519175489355566
0.3201196737066572	0.2603106144680327
0.3796768223032446	0.3590491234041831
0.2940634211956502	0.26928684255313734
0.27172949047192996	0.22440570212761446
0.32384199549394393	0.25133438638292815
0.3759545005159579	0.21542947404250984
0.3201196737066572	0.25133438638292815
0.33873128264309077	0.39495403574460136
0.24195091617363626	0.23338193021271902
0.3424536044303775	0.37700157957439223
0.23822859438634955	0.25133438638292815
0.3424536044303775	0.37700157957439223
0.38339914409053133	0.3141679829786602
0.24195091617363626	0.18850078978719612
0.3647875351540978	0.29621552680845104
0.3163973519193705	0.17054833361698699
0.33500896085580406	0.22440570212761446
0.33128663906851735	0.33212043914886935
0.38339914409053133	0.2603106144680327
0.4020107530269649	0.20645324595740527
0.219616985449916	0.17952456170209155
0.1898384111516223	0.26928684255313734
0.361065213366811	0.15259587744677783
0.32756431728123064	0.18850078978719612
0.3201196737066572	0.3231442110637648
0.413177718388825	0.25133438638292815
0.27545181225921667	0.22440570212761446
0.3498982480049509	0.39495403574460136
0.2903410994083635	0.3590491234041831
0.1823937675770489	0.2782630706382419
0.3201196737066572	0.41290649191481055
0.2121723418753426	0.17952456170209155
0.24939555974820968	0.2603106144680327
0.24939555974820968	0.26928684255313734
0.22333930723720272	0.12566719319146408
0.24939555974820968	0.17054833361698699
0.23450627259906284	0.23338193021271902
0.2568402033227831	0.2603106144680327
0.27545181225921667	0.41290649191481055
0.2568402033227831	0.26928684255313734
0.27172949047192996	0.29621552680845104
0.2568402033227831	0.19747701787230068
0.24567323796092297	0.3231442110637648
0.2903410994083635	0.30519175489355566
0.23450627259906284	0.2782630706382419
0.20845002008805585	0.19747701787230068
0.23078395081177613	0.19747701787230068
0.1563375150660419	0.21542947404250984
0.27172949047192996	0.23338193021271902
0.26428484689735654	0.18850078978719612
0.20100537651348244	0.12566719319146408
0.24195091617363626	0.23338193021271902
0.24939555974820968	0.19747701787230068
0.22333930723720272	0.11669096510635951
0.27545181225921667	0.22440570212761446
0.2158946636626293	0.0807860527659412
0.19728305472619573	0.2782630706382419
0.23450627259906284	0.2603106144680327
0.27172949047192996	0.17054833361698699
0.26056252511006983	0.1615721055318824
0.19356073293890902	0.2603106144680327
0.19356073293890902	0.06283359659573204
