WT	KO
0.3984544592631875	0.3970550752111412
0.3873744422141577	0.3904301295735804
0.3899313692254722	0.4200215534213518
0.397602150259416	0.4058883360612222
0.3878005967160434	0.4098633034437586
0.4022898497801593	0.4005883795511736
0.4022898497801593	0.4425463685890584
0.4061252402971312	0.42134654254886394
0.4197621843574756	0.4301798033989449
0.43084220140650537	0.46021289028922036
0.44831453598382165	0.4372464120790097
0.4270068108895336	0.4522629555241474
0.4295637379008481	0.44696299901409886
0.45300223550456503	0.43106312948395303
0.469196106576224	0.46727949896928517
0.469196106576224	0.4557962598641799
0.4227452658706759	0.4518212924816434
0.4270068108895336	0.4253215099314004
0.4568376260215369	0.44784632509910693
0.47942381462148226	0.47920440111689455
0.45300223550456503	0.46551284679926896
0.4568376260215369	0.46904615113930137
0.45896839853096566	0.4743461076493499
0.4815545871309111	0.4557962598641799
0.494339222187484	0.4981959119445687
0.4862422866516545	0.4977542489020646
0.47388380609696734	0.48052939024440666
0.48965152266674056	0.4796460641593986
0.4785715056177107	0.4964292597745525
0.4973223037006843	0.49422094456203225
0.5020100032214276	0.5021708793271051
0.48240689613468263	0.4867126728394634
0.4777191966139392	0.5074708358371538
0.5062715482402853	0.5079124988796578
0.5054192392365138	0.510120814092178
0.5177777197912008	0.52778733579234
0.49135614067428357	0.5012875532420971
0.4926346041799409	0.4933376184770241
0.49348691318371246	0.49554593368954436
0.5164992562855436	0.5149791075597225
0.5199084923006297	0.5074708358371538
0.5152207927798863	0.5132124553897064
0.5169254107874293	0.5224873792822914
0.5224654193119442	0.5132124553897064
0.5164992562855436	0.5251373575373157
0.5194823377987439	0.5282289988348441
0.5433469899043466	0.5286706618773481
0.5471823804213185	0.5503121509600466
0.5701947235231496	0.5763702704677857
0.5723254960325783	0.5794619117653139
0.5395115993873747	0.5613537270226479
0.5164992562855436	0.5379455857699332
0.5258746553270303	0.5529621292150709
0.5420685263986893	0.536178933599917
0.5620977879873201	0.544570531407494
0.5557054704590336	0.5653286944051843
0.5493131529307472	0.5489871618325344
0.544199298908118	0.5264623466648279
0.5510177709382903	0.5525204661725668
0.5791439680627506	0.5847618682753626
0.5838316675834939	0.5781369226378017
0.5893716761080089	0.5763702704677857
0.6047132381758963	0.6041950421455408
0.6025824656664676	0.5617953900651519
0.5834055130816083	0.6028700530180287
0.6021563111645817	0.6077283464855732
0.576587041051436	0.5697453248302249
0.5791439680627506	0.5719536400427451
0.6123840192098401	0.6187699225481744
0.6098270921985255	0.632019813823296
0.610679401202297	0.6139116290806298
0.5953378391344095	0.6346697920783203
0.5991732296513814	0.6178865964631663
0.5787178135608647	0.6130283029956218
0.585536285591037	0.6094949986555893
0.6004516931570386	0.6147949551656379
0.6111055557041827	0.6165616073356541
0.600025538655153	0.5900618247854111
0.601730156662696	0.6019867269330205
0.6648010229417887	0.6518946507359782
0.6417886798399576	0.6523363137784822
0.6153671007230404	0.6598445855010511
0.6413625253380718	0.6192115855906785
0.6422148343418433	0.6457113681409214
0.6490333063720155	0.6037533791030367
0.6503117698776728	0.6276031833982554
0.5740301140401214	0.5874118465303868
0.5799962770665221	0.5768119335102896
0.5275792733345733	0.5436872053224858
0.501583848719542	0.4778794119893824
0.6064178561834394	0.6094949986555893
0.673324112979504	0.6739778028611807
0.6362486713154427	0.6103783247405975
0.4478883814819359	0.46374619462925276
0.338366674497295	0.31402242322037976
0.5250223463232587	0.5260206836223238
0.567637796511835	0.5458955205350061
0.600025538655153	0.6200949116756865
0.5672116420099492	0.5852035313178666
0.40825601280656	0.41251328169878293
0.40825601280656	0.4107466295287667
0.41251755782541766	0.3970550752111412
0.41379602133107496	0.4323881186114652
0.5991732296513814	0.5556121074700953
0.6153671007230404	0.6077283464855732
0.5616716334854344	0.5428038792374777
0.5020100032214276	0.5551704444275911
0.35754362708215437	0.3564220753007686
0.4845376686441114	0.48141271632941474
0.6541471603946447	0.6708861615636523
0.6673579499531033	0.6567529442035227
0.5761608865495503	0.5785785856803058
0.46024686203662296	0.4575629120341961
0.5126638657685717	0.48847932500947955
0.5361023633722887	0.5511954770450548
0.5880932126023516	0.5719536400427451
0.606844010685325	0.6011034008480124
0.6362486713154427	0.649686335523458
0.6494594608739013	0.6748611289461888
0.6145147917192688	0.6077283464855732
0.6332655898022425	0.6165616073356541
0.6260209632701844	0.6134699660381258
0.6102532467004111	0.6117033138681096
0.6004516931570386	0.6033117160605326
0.5799962770665221	0.6117033138681096
0.6025824656664676	0.6355531181633283
0.6047132381758963	0.632903139908304
0.6298563537871563	0.6382030964183526
0.5834055130816083	0.6298114986107756
0.585536285591037	0.6125866399531177
0.5859624400929228	0.6183282595056703
0.6132363282136115	0.6245115421007271
0.5731778050363499	0.6059616943155569
0.6277255812777274	0.6183282595056703
0.601730156662696	0.6165616073356541
0.5727516505344642	0.5754869443827775
0.5689162600174923	0.5785785856803058
0.5782916590589791	0.5953617812954598
0.606844010685325	0.6112616508256056
0.5812747405721793	0.6037533791030367
0.5484608439269757	0.5746036182977694
0.5292838913421164	0.5754869443827775
0.5505916164364044	0.5348539444724048
0.5667854875080635	0.5900618247854111
0.5774393500552075	0.5993367486779961
0.5723254960325783	0.5693036617877207
0.5433469899043466	0.5242540314523076
0.5339715908628598	0.5494288248750385
0.5356762088704028	0.5609120639801438
0.5314146638515452	0.5352956075149089
0.5190561832968582	0.5423622161949736
0.5156469472817721	0.5242540314523076
0.5233177283157157	0.5313206401323725
0.5245961918213731	0.56267871615016
0.5390854448854889	0.5401539009824534
0.5211869558062869	0.5441288683649899
0.49135614067428357	0.5233707053672995
0.5352500543685171	0.5282289988348441
0.5109592477610286	0.52778733579234
0.4998792307119989	0.5383872488124373
0.4730314970931958	0.5087958249646659
0.49860076720634156	0.4875959989244715
0.49774845820257	0.5136541184322104
0.508402320749714	0.5264623466648279
0.4841115141422257	0.4628628685442447
0.4598207075347372	0.48185437937191883
0.4866684411535402	0.48627100979695936
0.48240689613468263	0.49907923802957677
0.5199084923006297	0.5216040531972833
0.4900776771686263	0.45712124899169204
0.45896839853096566	0.47876273807439046
0.45044530849325043	0.47920440111689455
0.47175303358753856	0.4593295642042122
0.46365609805170904	0.4827377054569269
0.4640822525535948	0.474787770691854
0.45896839853096566	0.4725794554793338
0.45385454450833657	0.4756710967768621
0.4598207075347372	0.46816282505429324
0.46067301653850873	0.46418785767175685
0.4534283900064508	0.46551284679926896
0.4253021928819905	0.44607967292909073
0.44192221845553525	0.4429880316315624
0.442348372957421	0.45137962943913934
0.44703607247816435	0.46374619462925276
0.4150744848367322	0.43680474903650574
0.42444988387821897	0.4292964773139369
0.4508714629951362	0.45712124899169204
0.45896839853096566	0.45005464031162723
0.42317142037256167	0.44387135771657055
0.442348372957421	0.43680474903650574
0.4129437123273034	0.4182549012513356
0.42998989240273383	0.42664649905891255
0.41763141184804675	0.41339660778379106
0.39078367822924376	0.4151632599538072
0.42018833885936135	0.42841315122892876
0.41635294834238945	0.39970505346616547
0.43126835590839113	0.42443818384639226
0.39674984125564444	0.42841315122892876
0.3690497986330699	0.3701136296183941
0.3946190687462156	0.40412168389120595
