WT	KO
0.24637405305713334	0.26864767981201226
0.2632270013118558	0.2719745860635542
0.2704496934210226	0.2561717813687299
0.2848950776393562	0.27363803918932517
0.27446230014833745	0.2952629298243478
0.28810516302120803	0.2960946563872333
0.2704496934210226	0.2786283985666381
0.26483204400278176	0.2611621407460428
0.27526482149380044	0.2728063126264397
0.31298332473056023	0.3085705548305156
0.2712522147664856	0.28278703138106553
0.28810516302120803	0.25450832824295894
0.2873026416757451	0.27946012512952356
0.3274287089488938	0.27363803918932517
0.2961303764758378	0.2703111329377832
0.3161934101124122	0.2769649454408671
0.27446230014833745	0.314392640770714
0.3121808033850973	0.314392640770714
0.3097732393487084	0.31855127358514146
0.3025505472395416	0.29027257044703486
0.321811059530653	0.2711428595006687
0.31940349549426406	0.28944084388414937
0.3242186235670419	0.28611393763260745
0.3242186235670419	0.3277002657768818
0.2865001203302821	0.3277002657768818
0.3153908887669492	0.3385127110943931
0.37477746833120934	0.3218781798366834
0.3089707180032454	0.30441192201608813
0.3266261876034308	0.34017616422016406
0.3177984528033381	0.2969263829501188
0.3177984528033381	0.31272918764494306
0.3089707180032454	0.314392640770714
0.3258236662579678	0.345166523597477
0.353911913349172	0.3509886095376754
0.32903375163981974	0.31189746108205757
0.32903375163981974	0.31356091420782856
0.32261358087611597	0.3443347970345915
0.32261358087611597	0.283618757943951
0.3105757606941713	0.28029185169240906
0.32100853818519004	0.31272918764494306
0.35952956276741277	0.33019544546553825
0.33545392240352356	0.316056093896485
0.3186009741488011	0.316056093896485
0.33625644374898656	0.33435407827996566
0.33545392240352356	0.314392640770714
0.3322438370216717	0.32270990639956887
0.3306387943307457	0.34183961734593504
0.3266261876034308	0.3601376017294158
0.33625644374898656	0.3110657345191721
0.32823123029435675	0.3476617032861335
0.30576063262139347	0.3019167423274317
0.3314413156762087	0.3027484688903172
0.3306387943307457	0.348493429849019
0.36434469084019067	0.37261350017269806
0.40206319407695046	0.36762314079538516
0.3563194773855609	0.3152243673335995
0.33625644374898656	0.31272918764494306
0.3795925964039872	0.3551472423521028
0.3507018279673201	0.3551472423521028
0.40527327945880237	0.3992287501850337
0.36514721218565366	0.36263278141807226
0.354714434694635	0.33601753140573665
0.35150434931278307	0.32270990639956887
0.40045815138602453	0.31771954702225597
0.3723699042948204	0.38009903923866745
0.39484050196778375	0.38675285174175134
0.3828026817858391	0.33269062515419473
0.34668922124000523	0.32686853921399633
0.36514721218565366	0.36180105485518677
0.3795925964039872	0.36180105485518677
0.39243293793139483	0.3825942189273239
0.36273964814926474	0.379267312675782
0.40366823676787644	0.38758457830463683
0.35792452007648684	0.33102717202842374
0.353911913349172	0.3609693282923013
0.3988531086950986	0.3518203361005609
0.39243293793139483	0.3476617032861335
0.36434469084019067	0.3443347970345915
0.34989930662185714	0.3285319923397673
0.37798755371306125	0.36346450798095775
0.384407724476765	0.4042191095623466
0.3507018279673201	0.3443347970345915
0.3474917425854682	0.33019544546553825
0.36514721218565366	0.3435030704717061
0.385210245822228	0.346829976723248
0.3763825110221353	0.3202147267109124
0.33304635836713464	0.346829976723248
0.36594973353111665	0.3459982501603625
0.33625644374898656	0.3243733595253398
0.3105757606941713	0.3110657345191721
0.2792774282211153	0.28278703138106553
0.2279160621114849	0.23205171104505082
0.29051272705759695	0.28944084388414937
0.3691598189129685	0.35431551578921733
0.353911913349172	0.33684925796862214
0.2600169159300039	0.2395372501110202
0.24637405305713334	0.23621034385947826
0.2519917024753741	0.2653207735604703
0.40607580080426536	0.38508939861598035
0.46144977364121065	0.46327169552721614
0.40768084349519135	0.38675285174175134
0.4261388344408398	0.4000604767479191
0.4526220388411179	0.3892480314304078
0.3571219987310239	0.345166523597477
0.2672396080391707	0.2719745860635542
0.2632270013118558	0.2461910626141041
0.23594127556611466	0.24951796886564603
0.32823123029435675	0.3052436485789736
0.3242186235670419	0.3426713439088206
0.36273964814926474	0.32354163296245436
0.23594127556611466	0.23537861729659276
0.2856975989848191	0.2952629298243478
0.32020601683972705	0.2960946563872333
0.34989930662185714	0.3476617032861335
0.37798755371306125	0.348493429849019
0.3964455446587097	0.3651279611067287
0.36434469084019067	0.3568106954778738
0.3763825110221353	0.36346450798095775
0.37317242564028336	0.35431551578921733
0.32903375163981974	0.3576424220407593
0.38922285254954286	0.3501568829747899
0.3314413156762087	0.31189746108205757
0.35230687065824606	0.3551472423521028
0.36193712680380175	0.33102717202842374
0.3394665291308384	0.31771954702225597
0.33384887971259763	0.32936371890265276
0.34909678527639415	0.3102340079562866
0.37397494698574635	0.33684925796862214
0.36273964814926474	0.36845486735827065
0.33384887971259763	0.3493251564119044
0.354714434694635	0.316056093896485
0.34187409316722733	0.33269062515419473
0.3474917425854682	0.32936371890265276
0.3434791358581533	0.345166523597477
0.32341610222157896	0.3218781798366834
0.3386640077853755	0.3551472423521028
0.34829426393093116	0.3526520626634464
0.34829426393093116	0.3576424220407593
0.354714434694635	0.33684925796862214
0.3242186235670419	0.346829976723248
0.36514721218565366	0.346829976723248
0.39484050196778375	0.3443347970345915
0.354714434694635	0.3210464532737979
0.3402690504763014	0.3493251564119044
0.3346514010580606	0.3493251564119044
0.35792452007648684	0.3476617032861335
0.36594973353111665	0.3501568829747899
0.36033208411287576	0.3642962345438432
0.3378614864399125	0.36180105485518677
0.3611346054583388	0.3443347970345915
0.3555169560400979	0.32270990639956887
0.3153908887669492	0.33684925796862214
0.3346514010580606	0.3385127110943931
0.3161934101124122	0.3277002657768818
0.33304635836713464	0.3476617032861335
0.32903375163981974	0.3168878204593705
0.3153908887669492	0.314392640770714
0.3137858460760232	0.3426713439088206
0.2993404618576897	0.31771954702225597
0.3250211449125049	0.29942156263877523
0.3105757606941713	0.3218781798366834
0.321811059530653	0.3218781798366834
0.32983627298528273	0.33019544546553825
0.33625644374898656	0.3102340079562866
0.3081681966577824	0.3252050860882253
0.30656315396685646	0.31771954702225597
0.32903375163981974	0.2985898360758898
0.29051272705759695	0.32354163296245436
0.31940349549426406	0.3152243673335995
0.3025505472395416	0.30441192201608813
0.3266261876034308	0.3168878204593705
0.3161934101124122	0.3210464532737979
0.32020601683972705	0.28777739075837844
0.3346514010580606	0.2960946563872333
0.3306387943307457	0.31272918764494306
0.3081681966577824	0.33269062515419473
0.3274287089488938	0.2944312032614623
0.2824875136029672	0.2944312032614623
0.34187409316722733	0.3035801954532027
0.29211776974852294	0.29193602357280585
0.3137858460760232	0.33102717202842374
0.29051272705759695	0.2761332188779816
0.28810516302120803	0.28860911732126393
0.3017480258940786	0.28445048450683647
0.32100853818519004	0.2977581095130043
0.30495811127593053	0.3060753751418591
0.2840925562938932	0.32270990639956887
0.2816849922575042	0.26781595324912677
0.27767238553018936	0.2777966720037526
0.30656315396685646	0.2977581095130043
0.27446230014833745	0.28528221106972196
0.2977354191667637	0.3069071017047446
0.2945253337849118	0.29027257044703486
0.3322438370216717	0.2969263829501188
0.2865001203302821	0.29276775013569134
0.24878161709352226	0.25949868762027184
0.2824875136029672	0.26033041418315733
0.28088247091204127	0.2786283985666381
0.26402952265731877	0.2753014923150961
0.288907684366671	0.2694794063748977
