WT-Tfh	WT-Th1
0.557560448379319	0.6409004104582773
0.735979791860701	0.7079713836457714
0.7731504884193224	0.7713161916561826
0.587297005626216	0.6297219149270282
0.5724287270027675	0.6595312363436924
0.5724287270027675	0.6930667229374394
0.6839408166786313	0.6297219149270282
0.6765066773669071	0.6967928881145223
0.587297005626216	0.6744358970520243
0.6095994235613887	0.7303283747082695
0.6542042594317343	0.6558050711666094
0.6021652842496645	0.6856143925832734
0.6393359808082858	0.6744358970520243
0.6393359808082858	0.6707097318749413
0.6095994235613887	0.7042452184686884
0.6616383987434585	0.6781620622291074
0.6095994235613887	0.7079713836457714
0.5426921697558704	0.6967928881145223
0.64677012012001	0.7005190532916054
0.8623601601600134	0.7564115309478505
0.6913749559903556	0.7862208523645146
0.7731504884193224	0.7787685220103486
0.557560448379319	0.7452330354166015
0.5426921697558704	0.7303283747082695
0.6988090953020798	0.8011255130728466
0.8326236029131163	0.8793749817915898
0.8326236029131163	0.6781620622291074
0.6170335628731131	0.7526853657707675
0.7582822097958738	0.8644703210832577
0.9441356925889801	0.8607441559061747
0.7582822097958738	0.7973993478957636
0.6913749559903556	0.7452330354166015
0.7136773739255283	0.7601376961249335
0.7954529063544951	0.8197563389582617
0.8995308567186346	0.8458394951978426
0.8177553242896679	0.8532918255520087
0.6690725380551827	0.8123040086040957
0.884662578095186	0.8272086693124278
0.7136773739255283	0.7787685220103486
0.7508480704841496	0.8085778434270127
0.7954529063544951	0.8346609996665936
0.7954529063544951	0.8756488166145068
0.8400577422248405	0.8905534773228387
0.8251894636013921	0.9278151290936689
0.8697942994717377	0.9278151290936689
0.8400577422248405	0.961350615687416
0.7805846277310466	0.7936731827186806
0.9813063891476015	0.8532918255520087
0.7954529063544951	0.7750423568332656
0.8920967174069103	0.8905534773228387
0.9887405284593256	0.9911599371040799
0.9367015532772558	0.968802946041582
0.9738722498358772	0.9091843032082538
0.8549260208482891	0.8980058076770048
0.8697942994717377	0.8607441559061747
0.8697942994717377	0.9166366335624199
0.8995308567186346	0.9389936246249179
0.9143991353420832	0.9427197898020009
1.0928184788234652	0.9948861022811629
0.9441356925889801	0.9948861022811629
0.8772284387834619	0.9166366335624199
0.884662578095186	0.957624450510333
0.8326236029131163	0.9538982853332499
0.7136773739255283	0.9315412942707519
0.966438110524153	0.8831011469686728
0.884662578095186	0.935267459447835
0.884662578095186	0.8793749817915898
0.9515698319007044	1.0209692585207442
1.0630819215765681	0.968802946041582
1.0482136429531197	1.095492562062404
1.0333453643296713	1.043326249583242
0.9813063891476015	1.043326249583242
1.144857454005535	1.0731355709999062
1.0853843395117408	1.0768617361769892
1.0184770857062226	1.0321477540519932
1.0779502002000168	0.9874337719269969
0.9738722498358772	1.0246954236978272
1.0705160608882924	1.1141233879478192
1.0630819215765681	0.9389936246249179
1.025911225017947	1.091766396885321
0.8697942994717377	0.935267459447835
0.9218332746538075	0.9278151290936689
0.9590039712124286	0.9799814415728311
0.9590039712124286	0.9501721201561669
0.8920967174069103	0.976255276395748
0.8326236029131163	0.9054581380311708
0.8326236029131163	0.7973993478957636
0.8995308567186346	0.8868273121457557
1.0036088070827742	0.9315412942707519
0.9515698319007044	0.935267459447835
0.8474918815365649	0.8458394951978426
1.2415012650579502	1.2221821780832265
0.8920967174069103	0.8421133300207596
1.115120896758638	1.1103972227707362
0.8697942994717377	0.7862208523645146
1.3901840512924353	1.2594438298540565
1.7247203203200268	1.6767743296873532
1.6503789272027842	1.6879528252186025
0.9218332746538075	0.968802946041582
0.4534824980151794	0.42850899536454584
0.39400938352138537	0.480675307843708
0.884662578095186	1.039600084406159
1.5165644195917476	1.6208818520311081
1.9254420817365816	1.7438453028748475
1.5165644195917476	1.442025923531124
0.8623601601600134	0.9017319728540878
1.2117647078110532	1.1178495531249022
1.0110429463944985	1.0209692585207442
1.3158426581751927	1.1811943611353135
0.7954529063544951	0.8346609996665936
0.7805846277310466	0.8495656603749256
0.7657163491075981	0.9203627987395029
0.7434139311724253	0.8719226514374238
0.8103211849779436	0.8234825041353447
0.7211115132372526	0.7564115309478505
0.8400577422248405	0.9278151290936689
0.884662578095186	0.9538982853332499
0.9292674139655317	1.0619570754686571
0.8400577422248405	1.002338432635329
0.966438110524153	0.9837076067499141
0.9367015532772558	1.0284215888749102
1.1820281505641563	1.099218727239487
1.1225550360703622	1.054504745114491
1.0482136429531197	0.9538982853332499
1.0110429463944985	1.039600084406159
0.9143991353420832	0.9315412942707519
0.884662578095186	0.9054581380311708
0.9887405284593256	1.050778579937408
0.8326236029131163	0.9874337719269969
1.0407795036413954	1.0358739192290762
0.9292674139655317	0.8868273121457557
1.0333453643296713	0.9389936246249179
1.0036088070827742	0.9799814415728311
0.9590039712124286	0.9427197898020009
1.1374233146938106	1.050778579937408
1.0407795036413954	0.9799814415728311
1.0036088070827742	1.054504745114491
1.0705160608882924	1.0135169281665781
0.8623601601600134	1.043326249583242
0.8177553242896679	0.8868273121457557
0.9367015532772558	0.8942796424999218
0.9887405284593256	0.9538982853332499
0.9218332746538075	0.972529111218665
0.7880187670427707	0.9054581380311708
0.8028870456662194	0.8607441559061747
1.0333453643296713	0.9240889639165859
0.9367015532772558	1.0172430933436611
0.9441356925889801	0.9017319728540878
0.7508480704841496	0.8421133300207596
0.8103211849779436	0.8234825041353447
0.8474918815365649	0.968802946041582
0.8400577422248405	0.8905534773228387
1.0333453643296713	0.968802946041582
0.9590039712124286	1.0209692585207442
0.7805846277310466	0.9389936246249179
0.7880187670427707	0.8570179907290917
0.8549260208482891	0.7750423568332656
0.8474918815365649	0.8495656603749256
0.9515698319007044	0.8570179907290917
0.8920967174069103	0.8905534773228387
0.7211115132372526	0.8793749817915898
0.8623601601600134	0.7303283747082695
0.8028870456662194	0.8570179907290917
0.8772284387834619	0.8644703210832577
0.7805846277310466	0.8793749817915898
0.8251894636013921	0.8346609996665936
0.7880187670427707	0.8309348344895108
0.8177553242896679	0.7415068702395184
0.8549260208482891	0.7713161916561826
0.8028870456662194	0.7973993478957636
0.6988090953020798	0.7228760443541035
0.6839408166786313	0.7005190532916054
0.8028870456662194	0.8309348344895108
0.7731504884193224	0.8532918255520087
0.5501263090675947	0.7973993478957636
0.7434139311724253	0.7862208523645146
0.5352580304441462	0.6632574015207754
0.735979791860701	0.7787685220103486
0.64677012012001	0.7377807050624354
0.7211115132372526	0.7638638613020166
0.7434139311724253	0.7526853657707675
0.7285456525489769	0.7862208523645146
0.7657163491075981	0.7601376961249335
0.706243234613804	0.7228760443541035
0.6393359808082858	0.6371742452811943
0.7582822097958738	0.7042452184686884
0.6542042594317343	0.6856143925832734
0.7657163491075981	0.7228760443541035
0.6319018414965615	0.6967928881145223
0.7582822097958738	0.7340545398853524
0.6095994235613887	0.6632574015207754
0.706243234613804	0.7116975488228544
0.527823891132422	0.7377807050624354
0.6244677021848373	0.6520789059895263
0.7508480704841496	0.7042452184686884
0.557560448379319	0.6595312363436924
0.6839408166786313	0.6409004104582773
0.706243234613804	0.6371742452811943
0.64677012012001	0.6744358970520243
0.6542042594317343	0.6707097318749413
