WT-Tfh	WT-Th1
0.7243520355013374	0.6172058216399033
0.7605696372764044	0.8168900580528131
1.0865280532520063	0.9439618448610285
0.8330048408265381	0.7624307208492923
0.43461122130080254	0.5627464844363824
0.5432640266260031	0.3267560232211253
0.3621760177506687	0.38121536042464615
0.57948162840107	0.4175215852269934
0.9054400443766719	0.4538278100293407
0.7243520355013374	0.7987369456516396
0.7605696372764044	0.8168900580528131
0.7967872390514712	0.5990527092387297
0.6156992301761369	0.6535120464422506
0.7243520355013374	0.5445933720352089
0.57948162840107	0.6898182712445978
0.7243520355013374	0.6535120464422506
0.6881344337262706	0.6172058216399033
0.57948162840107	0.5082871472328615
0.9778752479268056	0.6353589340410769
0.7605696372764044	0.580899596837556
0.5432640266260031	0.7079713836457714
0.3621760177506687	0.7079713836457714
0.8692224426016051	0.726124496046945
1.1951808585772068	0.6898182712445978
1.0140928497018724	0.8895025076575077
0.9778752479268056	0.8713493952563341
0.6156992301761369	1.016574294465723
0.43461122130080254	0.7987369456516396
0.9416576461517386	0.9621149572622022
1.2676160621273407	0.7079713836457714
0.9778752479268056	1.016574294465723
1.0140928497018724	0.7442776084481187
0.6881344337262706	0.6353589340410769
0.3259584159756019	0.4356746976281671
0.18108800887533436	0.6535120464422506
0.6519168319512038	0.8531962828551604
1.15896325680214	0.9439618448610285
1.0503104514769395	0.726124496046945
0.7605696372764044	0.6716651588434241
0.7243520355013374	0.9076556200586814
0.8330048408265381	0.8713493952563341
0.9416576461517386	0.8713493952563341
0.9054400443766719	0.6898182712445978
0.4708288230758693	0.8895025076575077
0.7243520355013374	0.5627464844363824
0.8330048408265381	0.7987369456516396
0.7243520355013374	0.6716651588434241
0.9778752479268056	0.8168900580528131
0.7605696372764044	0.580899596837556
0.5070464248509362	0.7442776084481187
0.5070464248509362	0.6172058216399033
0.5070464248509362	0.4538278100293407
0.7243520355013374	0.8895025076575077
0.6519168319512038	0.8168900580528131
0.9778752479268056	0.8350431704539868
0.9416576461517386	0.6898182712445978
0.3621760177506687	0.580899596837556
0.289740814200535	0.8350431704539868
1.3400512656774743	1.1254929688727648
0.9778752479268056	0.7987369456516396
0.6156992301761369	0.7624307208492923
1.1951808585772068	0.726124496046945
0.7967872390514712	0.780583833250466
1.0140928497018724	0.7987369456516396
0.9054400443766719	0.8350431704539868
0.6156992301761369	0.780583833250466
0.6881344337262706	0.8168900580528131
0.6519168319512038	0.5627464844363824
0.9778752479268056	0.9076556200586814
1.0865280532520063	0.9439618448610285
0.4708288230758693	0.3993684728258198
0.5070464248509362	0.6716651588434241
0.6156992301761369	0.6353589340410769
1.0503104514769395	1.0528805192680704
0.8692224426016051	0.780583833250466
0.9416576461517386	0.726124496046945
1.0503104514769395	0.7079713836457714
0.8692224426016051	0.5082871472328615
0.289740814200535	0.5627464844363824
0.57948162840107	0.6172058216399033
1.0503104514769395	1.0347274068668966
1.412486469227608	0.7624307208492923
1.0140928497018724	1.0528805192680704
0.5432640266260031	0.8168900580528131
0.4708288230758693	0.3993684728258198
0.57948162840107	0.6716651588434241
0.9054400443766719	0.7987369456516396
0.7605696372764044	0.6535120464422506
1.0140928497018724	0.8531962828551604
0.5432640266260031	0.5082871472328615
0.57948162840107	0.5445933720352089
1.2676160621273407	1.470402104495064
1.5573568763278758	1.2707178680821538
0.7605696372764044	0.8895025076575077
0.3259584159756019	0.5627464844363824
0.5432640266260031	0.5990527092387297
0.9054400443766719	1.0347274068668966
1.484921672777742	1.3251772052856747
0.57948162840107	0.23599046121525713
0.3621760177506687	0.145224899209389
0.2535232124254681	0.30860291081995167
0.3621760177506687	0.580899596837556
0.9416576461517386	1.2707178680821538
0.9778752479268056	0.7987369456516396
0.7967872390514712	0.8350431704539868
0.6156992301761369	0.38121536042464615
1.1227456550270731	0.7987369456516396
1.5935744781029424	1.1799523060762858
0.9778752479268056	0.8168900580528131
0.43461122130080254	0.6172058216399033
0.5432640266260031	0.6353589340410769
1.0140928497018724	1.016574294465723
0.9054400443766719	0.8713493952563341
0.7605696372764044	0.7624307208492923
0.9416576461517386	0.5445933720352089
0.7967872390514712	0.4356746976281671
0.7605696372764044	0.5990527092387297
0.9416576461517386	0.6898182712445978
0.6519168319512038	0.9984211820645496
1.0140928497018724	0.6353589340410769
0.9778752479268056	0.9439618448610285
0.7605696372764044	0.7624307208492923
0.8330048408265381	0.8531962828551604
0.7967872390514712	0.5990527092387297
0.6156992301761369	0.6535120464422506
1.0140928497018724	0.780583833250466
0.5070464248509362	0.6353589340410769
0.8330048408265381	0.6716651588434241
0.6881344337262706	0.7624307208492923
0.8692224426016051	0.6353589340410769
0.8330048408265381	0.925808732459855
0.7243520355013374	0.9076556200586814
1.2313984603522738	1.071033631669244
0.7243520355013374	0.8168900580528131
0.7967872390514712	0.580899596837556
0.7243520355013374	0.580899596837556
0.5070464248509362	0.6172058216399033
0.8330048408265381	0.8350431704539868
0.4708288230758693	0.6898182712445978
0.9778752479268056	0.6353589340410769
0.9416576461517386	0.8713493952563341
0.8330048408265381	0.3993684728258198
0.57948162840107	0.6172058216399033
0.6881344337262706	0.8531962828551604
1.1227456550270731	0.8350431704539868
0.7967872390514712	0.9984211820645496
0.4708288230758693	0.726124496046945
0.2535232124254681	0.3449091356222989
0.7243520355013374	0.7079713836457714
0.9416576461517386	0.7624307208492923
0.9778752479268056	0.9439618448610285
0.6156992301761369	0.7442776084481187
0.10865280532520064	0.21783734881408354
0.10865280532520064	0.30860291081995167
0.5070464248509362	0.5082871472328615
0.8330048408265381	1.0528805192680704
0.7605696372764044	0.8168900580528131
0.4708288230758693	0.726124496046945
0.6881344337262706	0.47198092243051426
0.43461122130080254	0.3993684728258198
0.3621760177506687	0.4175215852269934
0.7605696372764044	0.4175215852269934
0.6156992301761369	0.6716651588434241
0.6156992301761369	0.780583833250466
0.57948162840107	0.7079713836457714
0.57948162840107	0.5627464844363824
0.21730561065040127	0.5082871472328615
0.8692224426016051	0.5627464844363824
0.5432640266260031	0.5627464844363824
0.8692224426016051	0.6172058216399033
0.7605696372764044	0.6535120464422506
0.6881344337262706	0.7987369456516396
0.3621760177506687	0.6898182712445978
0.7967872390514712	0.4901340348316879
0.6881344337262706	0.726124496046945
0.7243520355013374	0.5082871472328615
0.9416576461517386	0.7079713836457714
0.9416576461517386	0.7442776084481187
1.0140928497018724	0.9802680696633758
0.4708288230758693	0.6535120464422506
0.9054400443766719	0.3993684728258198
0.7243520355013374	0.7624307208492923
1.0503104514769395	0.780583833250466
1.0140928497018724	0.9984211820645496
0.7605696372764044	0.5264402596340352
0.7967872390514712	0.5445933720352089
0.5432640266260031	0.5990527092387297
0.5070464248509362	0.4901340348316879
1.0140928497018724	0.7987369456516396
0.7605696372764044	0.7079713836457714
1.15896325680214	0.8168900580528131
0.8330048408265381	0.4901340348316879
0.2535232124254681	0.6535120464422506
0.6881344337262706	0.5445933720352089
0.6156992301761369	0.5627464844363824
0.6881344337262706	0.7442776084481187
0.7243520355013374	0.7079713836457714
0.6519168319512038	0.6353589340410769
0.7243520355013374	0.4901340348316879
0.7243520355013374	0.4356746976281671
