WT-Tfh	WT-Th1
0.7086536210800628	0.6523968381718713
0.6700874376199233	0.6258177077278321
0.5543888872395049	0.5823245851830406
0.7086536210800628	0.6185688539703669
0.756861350405237	0.7079713836457714
0.8050690797304115	0.6475642690002278
0.7616821233377545	0.683808537787554
0.8050690797304115	0.6693108302726235
0.7616821233377545	0.741799367847276
0.7375782586751674	0.6862248223733757
0.8243521714604812	0.741799367847276
0.877380673718173	0.7176365219890584
0.8243521714604812	0.7297179449181671
0.7809652150678242	0.7901250595637107
0.8388144902580335	0.741799367847276
0.8532768090555858	0.758713359948028
0.8580975819881033	0.6765596840300887
0.800248306797894	0.749048221604741
0.8725599007856555	0.8094553362502847
0.8725599007856555	0.778043636634602
0.7954275338653767	0.741799367847276
0.7665028962702719	0.7273016603323453
0.8918429925157252	0.7828762058062455
0.8677391278531381	0.8094553362502847
0.9545130406384518	0.7973739133211761
0.8291729443929986	0.712803952817415
0.6990120752150278	0.7732110674629586
0.8436352631905509	0.8142879054219282
0.9159468571783124	0.8046227670786413
0.8195313985279638	0.722469091160702
0.8339937173255161	0.7369667986756323
0.8147106255954464	0.768378498291315
0.8484560361230684	0.8384507512801458
1.0027207699636262	0.9351021347130156
1.0027207699636262	0.8312018975226804
0.9641545865034868	0.8142879054219282
0.8050690797304115	0.8070390516644631
0.90148453838076	0.8118716208361064
0.9641545865034868	0.9012741505115112
0.9400507218408997	0.826369328351037
0.9111260842457951	0.8553647433808979
0.9111260842457951	0.8819438738249372
1.022003861693696	0.9133555734406199
0.9593338135709694	0.9061067196831545
0.7857859880003416	0.8312018975226804
0.9545130406384518	0.7852924903920674
0.9786169053010391	0.8312018975226804
0.9882584511660739	0.862613597138363
0.9882584511660739	0.9133555734406199
0.9882584511660739	0.9085230042689764
1.0943154556814574	0.9012741505115112
1.1087777744790097	0.9544324113995896
0.8725599007856555	0.9278532809555502
0.9737961323685217	0.8891927275824024
0.9978999970311088	0.9133555734406199
1.0461077263562832	0.9785952572578068
1.0075415428961436	0.8988578659256894
1.123240093276562	0.9592649805712329
1.022003861693696	0.8771113046532937
0.9978999970311088	0.9133555734406199
0.9978999970311088	0.9230207117839069
0.92076763011083	0.9061067196831545
1.055749272221318	0.9785952572578068
1.0027207699636262	0.9085230042689764
0.9593338135709694	0.9302695655413721
1.0461077263562832	0.9930929647727375
1.1859101413992887	0.997925533944381
1.0846739098164226	1.0390023719033505
1.0509284992888006	1.0390023719033505
1.0750323639513877	1.007590672287668
1.2100140060618758	1.0559163640041027
1.1666270496692188	1.1042420557205377
1.156985503804184	1.1284049015787552
1.2582217353870502	1.0969932019630724
1.2100140060618758	1.1235723324071116
1.2292970977919455	1.0994094865488941
1.1762685955342538	1.111490909478003
1.123240093276562	1.082495494448142
1.1714478226017364	1.0849117790339637
1.3353541023073292	1.1404863245078638
1.1666270496692188	1.0897443482056073
1.132881639141597	0.9665138343286983
1.0123623158286612	0.9423509884704808
0.8629183549206206	0.8022064824928195
0.7616821233377545	0.7901250595637107
0.7809652150678242	0.741799367847276
0.7665028962702719	0.8142879054219282
0.9159468571783124	0.8312018975226804
1.0027207699636262	0.9568486959854111
0.723115939877615	0.732134229503989
0.7954275338653767	0.7176365219890584
0.8436352631905509	0.768378498291315
1.0702115910188703	1.0027581031160244
1.0798531368839053	0.9471835576421241
1.099136228613975	1.0196720952167766
0.8147106255954464	0.7466319370189193
0.90148453838076	0.826369328351037
0.9930792240985914	0.9206044271980851
1.0075415428961436	0.862613597138363
0.8822014466506903	0.7925413441495325
0.7182951669450977	0.7079713836457714
0.8098898526629289	0.8070390516644631
0.9641545865034868	0.8988578659256894
0.7327574857426499	0.8408670358659673
0.9352299489083821	0.836034466694324
1.1859101413992887	1.0220883798025984
1.055749272221318	0.9737626880861635
1.1714478226017364	1.0124232414593113
0.7906067609328591	0.8239530437652152
0.8098898526629289	0.7925413441495325
0.9159468571783124	0.8577810279667197
1.0605700451538354	0.8795275892391154
0.7906067609328591	0.7901250595637107
0.8098898526629289	0.7973739133211761
0.9352299489083821	0.7659622137054934
0.8918429925157252	0.862613597138363
0.9689753594360042	0.8529484587950761
0.9304091759758648	0.9471835576421241
1.0461077263562832	0.9858441110152723
1.132881639141597	1.0728303561048549
1.156985503804184	1.1404863245078638
1.1280608662090794	1.0969932019630724
1.2148347789943934	1.0969932019630724
1.1666270496692188	1.092160632791429
1.2678632812520851	1.138070039922042
1.2292970977919455	1.1211560478212899
1.0605700451538354	0.9834278264294505
0.9834376782335565	0.8964415813398675
1.1377024120741144	1.007590672287668
1.1714478226017364	1.0293372335600637
1.123240093276562	1.0510837948324594
1.200372460196841	0.9810115418436286
0.9496922677059345	0.9955092493585592
1.0268246346262135	1.0124232414593113
1.0461077263562832	0.9834278264294505
1.055749272221318	1.0414186564891723
1.0702115910188703	0.9713464035003417
0.9882584511660739	0.8867764429965805
0.9496922677059345	0.9326858501271938
0.8822014466506903	0.9834278264294505
1.0461077263562832	0.9520161268137678
1.0605700451538354	0.8529484587950761
0.8725599007856555	0.8553647433808979
0.8918429925157252	0.8746950200674718
0.9545130406384518	0.8988578659256894
0.92076763011083	0.9157718580264415
1.0123623158286612	0.9085230042689764
0.9063053113132775	0.9181881426122632
0.9593338135709694	0.845699605037611
0.8822014466506903	0.8142879054219282
0.8436352631905509	0.8916090121682242
0.9352299489083821	0.9206044271980851
0.9593338135709694	1.0196720952167766
0.9689753594360042	0.9109392888547981
0.800248306797894	0.836034466694324
0.8966637654482427	0.8408670358659673
0.877380673718173	0.8432833204517891
0.9786169053010391	0.8891927275824024
0.8870222195832078	0.8650298817241848
0.90148453838076	0.862613597138363
0.9882584511660739	0.8553647433808979
0.7906067609328591	0.7079713836457714
0.9496922677059345	0.7901250595637107
0.9111260842457951	0.8553647433808979
0.9545130406384518	0.8215367591793934
0.9786169053010391	0.8674461663100067
0.8918429925157252	0.8529484587950761
0.8436352631905509	0.8046227670786413
0.7713236692027894	0.8142879054219282
0.7616821233377545	0.703138814474128
0.9304091759758648	0.8940252967540457
0.7423990316076848	0.8215367591793934
0.7954275338653767	0.7297179449181671
0.7665028962702719	0.7997901979069977
0.7761444421353068	0.7973739133211761
0.756861350405237	0.7538807907763847
0.8918429925157252	0.7393830832614541
0.7616821233377545	0.749048221604741
0.8050690797304115	0.7756273520487804
0.7038328481475453	0.693473676130841
0.7038328481475453	0.6789759686159105
0.6797289834849581	0.6910573915450192
0.800248306797894	0.7442156524330977
0.9545130406384518	0.7901250595637107
0.9255884030433472	0.7538807907763847
0.800248306797894	0.6886411069591974
0.7713236692027894	0.741799367847276
0.7327574857426499	0.7538807907763847
0.8532768090555858	0.8118716208361064
0.756861350405237	0.7611296445338498
0.7713236692027894	0.7925413441495325
0.6797289834849581	0.6475642690002278
0.723115939877615	0.683808537787554
0.7086536210800628	0.7152202374032366
0.8195313985279638	0.6813922532017322
0.8966637654482427	0.7176365219890584
0.6990120752150278	0.7393830832614541
0.723115939877615	0.6668945456868017
0.8629183549206206	0.6209851385561885
0.723115939877615	0.6813922532017322
