WT-Tfh	WT-Th1
0.5367448583064911	0.6560534821784149
0.6685769287677344	0.66077329140272
0.6591603523062172	0.66077329140272
0.7344929639983563	0.6466138637298046
0.7439095404598736	0.6466138637298046
0.6026608935371128	0.6277346268325841
0.6497437758446998	0.6466138637298046
0.6497437758446998	0.6560534821784149
0.7250763875368388	0.6985317651971612
0.7344929639983563	0.7079713836457714
0.7909924227674606	0.6513336729541097
0.7156598110753215	0.6890921467485509
0.6309106229216649	0.6890921467485509
0.6497437758446998	0.6796525282999406
0.7627426933829085	0.7362902389916023
0.6874100816907693	0.6182950083839737
0.8192421521520127	0.7740487127860434
0.5461614347680085	0.6843723375242458
0.6591603523062172	0.8070873773561794
0.6591603523062172	0.7126911928700765
0.5461614347680085	0.6513336729541097
0.706243234613804	0.6324544360568891
0.6026608935371128	0.66077329140272
0.6497437758446998	0.8259666142534
0.6497437758446998	0.7079713836457714
0.7344929639983563	0.7315704297672972
0.9039913403056692	0.7410100482159074
0.7815758463059431	0.8448458511506206
0.8004089992289779	0.8023675681318743
0.8569084579980822	0.8070873773561794
0.7250763875368388	0.8165269958047897
0.8192421521520127	0.8165269958047897
0.922824493228704	0.9345222264124183
0.875741610921117	0.8967637526179771
0.875741610921117	0.7882081404589588
0.7439095404598736	0.9014835618422824
0.9699073755362909	0.887324134169367
0.9887405284593256	0.9722807002068594
0.7250763875368388	0.7929279496832641
0.7815758463059431	0.8165269958047897
0.8380753050750476	0.7740487127860434
0.8851581873826344	0.925082607963808
0.8945747638441518	0.9156429895151976
0.7721592698444257	0.8542854695992309
0.8380753050750476	0.7882081404589588
0.9793239519978083	0.8778845157207565
0.922824493228704	0.7882081404589588
0.8569084579980822	0.8401260419263155
0.8663250344595995	0.7929279496832641
0.8569084579980822	0.7976477589075692
0.9887405284593256	0.8448458511506206
0.8945747638441518	0.9345222264124183
0.9510742226132561	0.8731647064964515
0.9322410696902214	0.8354062327020102
0.8569084579980822	0.8590052788235361
0.9322410696902214	0.9109231802908926
0.8851581873826344	0.9156429895151976
0.9134079167671865	0.892043943393672
1.0640731401514647	0.9203627987395029
0.7627426933829085	0.8495656603749256
0.8945747638441518	0.892043943393672
0.9604907990747735	0.8684448972721462
0.8474918815365649	0.7646090943374332
0.9793239519978083	0.9958797463283852
1.1017394459975343	0.8967637526179771
0.9134079167671865	0.9156429895151976
0.8851581873826344	0.7787685220103486
1.092322869536017	0.9675608909825543
1.1582389047666386	1.019478792449911
1.1488223283051213	1.057237266244352
1.0734897166129822	1.0761165031415727
0.9887405284593256	0.9864401278797749
1.0546565636899474	1.0525174570200468
1.0829062930744997	1.0289184108985212
1.2618212458433298	1.128034404608929
0.9416576461517386	1.0005995555526903
1.0546565636899474	1.118594786160319
0.9793239519978083	1.1705126876276755
1.2524046693818125	0.9770005094311645
1.167655481228156	1.085556121590183
1.214738363535743	1.0289184108985212
0.9322410696902214	0.9486816540853338
1.0829062930744997	1.0383580293471313
0.9604907990747735	0.8826043249450617
0.7627426933829085	0.8637250880478411
0.8569084579980822	0.8590052788235361
0.9134079167671865	0.8448458511506206
1.0075736813823606	1.0005995555526903
0.9699073755362909	0.8967637526179771
0.8474918815365649	0.7598892851131279
0.9322410696902214	0.8448458511506206
1.2524046693818125	1.349865438151271
1.0075736813823606	1.0336382201228262
1.0640731401514647	1.0666768846929622
0.6403271993831823	0.5710969161409223
1.0075736813823606	0.9298024171881131
1.3465704339969864	1.349865438151271
1.4784025044582298	1.4961795241047302
1.0075736813823606	0.9298024171881131
0.38607963492221287	0.40590359329024234
0.3295801761531086	0.36814511949580114
0.8851581873826344	0.9298024171881131
1.3277372810739516	1.5056191425533405
1.6573174572270601	1.491459714880425
1.167655481228156	1.090275930814488
0.6403271993831823	0.7882081404589588
1.1959052106127082	1.094995740038793
1.092322869536017	0.9675608909825543
1.3465704339969864	1.1752324968519805
0.8380753050750476	0.8637250880478411
0.6214940464601476	0.7693289035617383
0.6214940464601476	0.8401260419263155
0.8004089992289779	0.8306864234777052
0.9416576461517386	0.8354062327020102
0.9510742226132561	0.9109231802908926
0.922824493228704	0.8590052788235361
0.922824493228704	0.887324134169367
1.0546565636899474	1.0761165031415727
0.8192421521520127	1.0997155492630983
1.092322869536017	1.1044353584874034
0.9981571049208431	1.0525174570200468
1.0264068343053951	1.1138749769360137
1.120572598920569	0.9864401278797749
1.1017394459975343	1.118594786160319
1.0546565636899474	1.1610730691790652
1.1017394459975343	1.0147589832256056
0.8851581873826344	0.9486816540853338
0.922824493228704	0.925082607963808
0.7721592698444257	0.9014835618422824
0.9604907990747735	1.0336382201228262
1.0640731401514647	0.925082607963808
1.04523998722843	1.0761165031415727
1.1582389047666386	1.0666768846929622
0.8286587286135301	0.9062033710665874
1.0358234107669126	1.0147589832256056
0.9039913403056692	0.8731647064964515
1.04523998722843	1.0430778385714365
1.1770720576896734	1.0713966939172674
1.0546565636899474	0.9628410817582492
0.8192421521520127	0.9203627987395029
0.8851581873826344	0.8778845157207565
0.9793239519978083	0.958121272533944
0.9416576461517386	1.085556121590183
0.8474918815365649	1.0289184108985212
0.7344929639983563	0.9439618448610285
0.8945747638441518	0.9014835618422824
0.8004089992289779	0.887324134169367
0.922824493228704	0.9203627987395029
0.9887405284593256	1.0053193647769954
0.9793239519978083	0.9817203186554697
0.8945747638441518	0.9958797463283852
0.8945747638441518	1.0005995555526903
1.120572598920569	0.958121272533944
0.8380753050750476	0.9911599371040799
1.0075736813823606	0.9675608909825543
0.9887405284593256	0.9486816540853338
0.8192421521520127	0.8731647064964515
0.8569084579980822	0.9062033710665874
0.9604907990747735	0.8023675681318743
0.9604907990747735	0.9345222264124183
0.875741610921117	0.9675608909825543
1.0169902578438779	0.8354062327020102
0.875741610921117	0.8448458511506206
0.8004089992289779	0.8967637526179771
0.875741610921117	0.8967637526179771
0.8945747638441518	0.8826043249450617
0.8192421521520127	0.8212468050290949
0.7439095404598736	0.7882081404589588
0.8474918815365649	0.7410100482159074
0.7156598110753215	0.7929279496832641
0.8380753050750476	0.8542854695992309
0.922824493228704	0.7551694758888229
0.7909924227674606	0.8826043249450617
0.922824493228704	0.8684448972721462
0.706243234613804	0.8023675681318743
0.9134079167671865	0.8259666142534
0.5932443170755953	0.6938119559728559
0.6591603523062172	0.7598892851131279
0.6497437758446998	0.7315704297672972
0.9322410696902214	0.8495656603749256
0.6309106229216649	0.8306864234777052
0.7250763875368388	0.7504496666645177
0.6214940464601476	0.7126911928700765
0.6685769287677344	0.7079713836457714
0.6497437758446998	0.7598892851131279
0.6874100816907693	0.7174110020943818
0.7250763875368388	0.7410100482159074
0.7909924227674606	0.7504496666645177
0.7627426933829085	0.8165269958047897
0.7721592698444257	0.7787685220103486
0.8004089992289779	0.8826043249450617
1.04523998722843	0.8637250880478411
0.6120774699986302	0.7598892851131279
0.6026608935371128	0.5333384423464811
0.5744111641525607	0.7079713836457714
0.48024539953738676	0.7315704297672972
0.8192421521520127	0.7410100482159074
0.6685769287677344	0.6749327190756355
0.5555780112295258	0.6466138637298046
0.6309106229216649	0.6041355807110583
