WT	KO
0.4055488011464298	0.5479543314985305
0.2703658674309532	0.06849429143731631
0.3154268453361121	0.4794600400612142
0.4055488011464298	0.890425788685112
0.5407317348619064	0.6164486229358468
0.4506097790515887	0.7534372058104795
0.7660366243877007	0.6164486229358468
0.5407317348619064	0.27397716574926523
0.5407317348619064	0.6849429143731631
0.7209756464825419	0.5479543314985305
0.5857927127670652	0.6849429143731631
0.4506097790515887	0.27397716574926523
0.22530488952579436	0.34247145718658156
0.22530488952579436	0.27397716574926523
0.6308536906722242	0.6849429143731631
0.7209756464825419	0.6849429143731631
0.4956707569567476	0.6164486229358468
0.4506097790515887	0.4794600400612142
0.22530488952579436	0.41096574862389784
0.3154268453361121	0.20548287431194892
0.4055488011464298	0.27397716574926523
0.5857927127670652	0.6164486229358468
0.4055488011464298	0.27397716574926523
0.3154268453361121	0.41096574862389784
0.4055488011464298	0.41096574862389784
0.4055488011464298	0.9589200801224284
0.4055488011464298	0.6164486229358468
0.6308536906722242	0.27397716574926523
0.5407317348619064	0.7534372058104795
0.4506097790515887	0.6849429143731631
0.9462805360083363	0.9589200801224284
0.7660366243877007	0.7534372058104795
0.6308536906722242	0.6164486229358468
0.5857927127670652	0.5479543314985305
0.5407317348619064	0.34247145718658156
0.8110976022928597	0.9589200801224284
0.6308536906722242	0.41096574862389784
0.7209756464825419	0.6849429143731631
0.7660366243877007	1.0274143715597448
0.9462805360083363	0.6849429143731631
1.0364024918186538	0.6849429143731631
0.9012195581031774	1.0274143715597448
0.8561585801980185	0.890425788685112
0.6308536906722242	0.7534372058104795
0.5857927127670652	0.8219314972477957
0.4055488011464298	0.6164486229358468
0.4506097790515887	0.34247145718658156
0.5407317348619064	0.20548287431194892
0.5407317348619064	0.5479543314985305
0.7209756464825419	0.7534372058104795
0.5857927127670652	0.4794600400612142
0.4055488011464298	0.20548287431194892
0.8110976022928597	0.4794600400612142
0.675914668577383	0.6849429143731631
0.9012195581031774	1.095908662997061
0.9913415139134952	0.890425788685112
0.4956707569567476	0.4794600400612142
0.6308536906722242	0.7534372058104795
1.0814634697238128	0.8219314972477957
1.0364024918186538	0.890425788685112
1.1265244476289717	1.1644029544343772
0.7209756464825419	0.41096574862389784
0.4055488011464298	0.6164486229358468
0.4956707569567476	0.5479543314985305
0.7209756464825419	0.9589200801224284
0.7660366243877007	0.5479543314985305
0.4506097790515887	0.41096574862389784
0.22530488952579436	0.13698858287463261
0.5407317348619064	0.34247145718658156
0.8110976022928597	0.9589200801224284
0.8561585801980185	1.0274143715597448
1.0814634697238128	1.30139153730901
1.2617073813444484	1.30139153730901
0.7660366243877007	0.6164486229358468
0.5857927127670652	0.5479543314985305
0.675914668577383	0.7534372058104795
0.9012195581031774	0.6849429143731631
0.5857927127670652	0.7534372058104795
0.4956707569567476	0.27397716574926523
0.2703658674309532	0.4794600400612142
0.7209756464825419	0.4794600400612142
0.9462805360083363	0.8219314972477957
0.8110976022928597	0.6849429143731631
0.7660366243877007	0.4794600400612142
0.4055488011464298	0.34247145718658156
0.4506097790515887	0.6164486229358468
0.6308536906722242	0.6164486229358468
0.4956707569567476	0.9589200801224284
0.7209756464825419	0.34247145718658156
0.5857927127670652	0.6849429143731631
0.2703658674309532	0.13698858287463261
0.6308536906722242	0.7534372058104795
0.4506097790515887	0.6849429143731631
1.0814634697238128	0.9589200801224284
1.1715854255341305	1.30139153730901
0.8561585801980185	0.7534372058104795
0.2703658674309532	0.13698858287463261
0.04506097790515887	0.06849429143731631
0.4055488011464298	0.5479543314985305
0.9012195581031774	0.6164486229358468
0.8110976022928597	0.6164486229358468
0.22530488952579436	0.20548287431194892
0.09012195581031773	0.0
0.2703658674309532	0.27397716574926523
0.7660366243877007	0.7534372058104795
0.9462805360083363	0.8219314972477957
0.7660366243877007	0.6164486229358468
0.4506097790515887	0.41096574862389784
0.675914668577383	0.6164486229358468
0.7209756464825419	0.6849429143731631
0.9913415139134952	0.9589200801224284
0.5407317348619064	0.6164486229358468
0.6308536906722242	0.20548287431194892
0.36048782324127093	0.41096574862389784
0.4055488011464298	0.34247145718658156
0.3154268453361121	0.6849429143731631
0.675914668577383	0.6849429143731631
0.3154268453361121	0.27397716574926523
0.5857927127670652	0.4794600400612142
0.675914668577383	0.890425788685112
0.6308536906722242	1.095908662997061
1.1265244476289717	1.0274143715597448
0.7209756464825419	0.9589200801224284
0.9462805360083363	0.5479543314985305
0.4506097790515887	0.6164486229358468
1.0364024918186538	0.8219314972477957
0.7209756464825419	1.1644029544343772
0.6308536906722242	0.890425788685112
0.9462805360083363	0.9589200801224284
0.5407317348619064	0.27397716574926523
0.7209756464825419	0.41096574862389784
0.7660366243877007	0.7534372058104795
0.9462805360083363	1.0274143715597448
0.8110976022928597	0.9589200801224284
0.675914668577383	0.6164486229358468
0.4506097790515887	0.34247145718658156
0.7660366243877007	0.8219314972477957
1.0364024918186538	1.095908662997061
1.0364024918186538	1.0274143715597448
0.7660366243877007	0.6164486229358468
0.7209756464825419	0.41096574862389784
0.6308536906722242	0.34247145718658156
0.5407317348619064	0.6849429143731631
0.8561585801980185	0.890425788685112
0.7209756464825419	0.6849429143731631
0.6308536906722242	0.34247145718658156
0.6308536906722242	0.6164486229358468
0.675914668577383	0.4794600400612142
0.4055488011464298	1.1644029544343772
0.5857927127670652	0.4794600400612142
1.0814634697238128	0.6164486229358468
1.0814634697238128	1.4383801201836426
0.5857927127670652	1.30139153730901
1.0364024918186538	0.5479543314985305
0.22530488952579436	0.5479543314985305
0.7660366243877007	0.890425788685112
0.9012195581031774	1.095908662997061
0.8110976022928597	0.6164486229358468
0.5857927127670652	0.6849429143731631
0.36048782324127093	0.34247145718658156
0.5407317348619064	0.34247145718658156
0.8110976022928597	1.0274143715597448
0.5857927127670652	0.5479543314985305
0.5857927127670652	0.7534372058104795
0.5407317348619064	0.890425788685112
0.8110976022928597	0.4794600400612142
0.6308536906722242	0.7534372058104795
0.5857927127670652	0.7534372058104795
0.6308536906722242	0.6849429143731631
0.675914668577383	0.6849429143731631
0.4506097790515887	0.890425788685112
0.7209756464825419	0.8219314972477957
0.7660366243877007	0.6849429143731631
0.7660366243877007	1.0274143715597448
0.8561585801980185	0.6164486229358468
0.7209756464825419	1.095908662997061
0.675914668577383	1.095908662997061
0.7660366243877007	0.6849429143731631
0.8110976022928597	0.5479543314985305
0.36048782324127093	0.7534372058104795
0.4506097790515887	0.27397716574926523
0.36048782324127093	0.34247145718658156
0.8110976022928597	0.7534372058104795
0.8110976022928597	0.9589200801224284
0.8110976022928597	1.0274143715597448
0.7209756464825419	1.2328972458716936
0.8561585801980185	1.30139153730901
0.7660366243877007	0.6849429143731631
0.36048782324127093	0.6849429143731631
0.4956707569567476	0.6849429143731631
1.0364024918186538	0.890425788685112
0.9462805360083363	1.095908662997061
0.6308536906722242	0.5479543314985305
0.4506097790515887	0.41096574862389784
0.5407317348619064	0.20548287431194892
0.7209756464825419	1.095908662997061
0.7660366243877007	1.0274143715597448
0.9462805360083363	0.7534372058104795
0.5857927127670652	0.6849429143731631
0.5857927127670652	0.5479543314985305
