WT	KO
0.0	0.7909341289314192
0.0	2.372802386794258
0.0	0.0
0.0	0.0
0.0	0.0
0.0	0.0
0.0	0.7909341289314192
0.0	0.0
1.2643277909261996	0.0
0.0	0.0
0.0	1.5818682578628385
0.0	2.372802386794258
0.0	0.7909341289314192
0.0	1.5818682578628385
0.0	0.0
0.0	0.0
0.0	0.0
0.0	0.0
0.0	0.0
0.0	0.0
0.0	0.7909341289314192
0.0	0.7909341289314192
0.0	0.0
0.0	0.0
0.0	0.0
0.0	0.0
0.0	0.0
0.0	0.0
0.0	0.0
0.0	0.0
0.0	0.0
0.0	0.0
0.0	0.0
1.2643277909261996	0.0
0.0	0.0
0.0	0.7909341289314192
0.0	0.0
0.0	0.0
0.0	0.0
0.0	0.7909341289314192
0.0	1.5818682578628385
0.0	0.7909341289314192
0.0	0.0
0.0	0.0
0.0	0.0
0.0	0.0
0.0	0.0
0.0	0.7909341289314192
0.0	0.7909341289314192
1.2643277909261996	0.7909341289314192
2.5286555818523992	2.372802386794258
0.0	1.5818682578628385
0.0	2.372802386794258
0.0	1.5818682578628385
0.0	0.7909341289314192
0.0	0.0
0.0	0.0
0.0	0.0
0.0	0.0
0.0	0.0
1.2643277909261996	0.0
0.0	0.0
1.2643277909261996	0.0
1.2643277909261996	0.0
0.0	1.5818682578628385
0.0	1.5818682578628385
0.0	0.0
0.0	2.372802386794258
0.0	0.0
0.0	0.0
0.0	0.0
0.0	0.0
0.0	0.0
0.0	0.0
0.0	0.0
0.0	0.0
0.0	0.0
1.2643277909261996	0.0
0.0	0.0
0.0	0.7909341289314192
0.0	0.0
2.5286555818523992	2.372802386794258
0.0	0.0
0.0	0.0
0.0	0.0
0.0	0.0
0.0	0.0
0.0	0.0
0.0	0.0
0.0	0.0
0.0	0.0
1.2643277909261996	0.7909341289314192
1.2643277909261996	0.0
0.0	0.0
0.0	0.0
0.0	1.5818682578628385
0.0	0.7909341289314192
0.0	0.7909341289314192
0.0	0.7909341289314192
0.0	0.0
0.0	0.7909341289314192
0.0	0.0
0.0	0.0
0.0	0.0
0.0	0.0
0.0	0.0
0.0	0.0
1.2643277909261996	0.0
0.0	0.0
1.2643277909261996	1.5818682578628385
0.0	0.7909341289314192
0.0	0.0
0.0	0.0
0.0	0.0
0.0	0.0
1.2643277909261996	0.0
0.0	0.0
0.0	0.0
0.0	0.0
0.0	0.0
0.0	0.0
0.0	0.0
0.0	0.0
0.0	0.0
0.0	0.0
0.0	0.0
0.0	0.0
0.0	0.0
0.0	0.0
0.0	0.0
0.0	0.0
0.0	0.0
0.0	0.0
0.0	0.7909341289314192
0.0	0.7909341289314192
0.0	0.0
0.0	0.7909341289314192
0.0	0.0
0.0	0.0
0.0	0.0
0.0	0.7909341289314192
2.5286555818523992	0.7909341289314192
1.2643277909261996	1.5818682578628385
0.0	0.0
0.0	0.0
0.0	0.0
0.0	0.0
0.0	0.7909341289314192
1.2643277909261996	0.0
0.0	0.7909341289314192
0.0	0.0
0.0	0.0
0.0	0.0
0.0	0.0
1.2643277909261996	0.0
0.0	0.0
0.0	0.0
0.0	0.0
0.0	0.0
1.2643277909261996	2.372802386794258
0.0	1.5818682578628385
0.0	0.0
0.0	0.7909341289314192
0.0	0.7909341289314192
0.0	0.7909341289314192
0.0	0.0
0.0	0.0
1.2643277909261996	0.7909341289314192
1.2643277909261996	1.5818682578628385
0.0	0.0
0.0	0.0
0.0	0.0
0.0	0.0
0.0	0.0
1.2643277909261996	0.0
1.2643277909261996	0.7909341289314192
0.0	0.0
0.0	0.0
0.0	0.0
0.0	0.0
0.0	0.0
0.0	0.0
0.0	0.0
0.0	0.0
0.0	0.0
1.2643277909261996	0.0
0.0	0.7909341289314192
0.0	0.0
0.0	0.7909341289314192
0.0	0.0
0.0	0.0
0.0	0.7909341289314192
0.0	0.0
0.0	0.7909341289314192
0.0	0.0
0.0	0.0
0.0	0.0
0.0	2.372802386794258
0.0	0.7909341289314192
0.0	0.0
