WT-Tfh	WT-Th1
0.538657345586743	0.49175825568175363
0.538657345586743	0.5881814430703328
0.700254549262766	0.6171083992869065
0.5027468558809601	0.5688968055926169
0.43092587646939434	0.46283129946517987
0.5925230801454173	0.44354666198746406
0.3770601419107201	0.30855419964345326
0.5745678352925259	0.337481155860027
0.6463888147040916	0.4146197057708903
0.43092587646939434	0.6171083992869065
0.5566125904396344	0.6171083992869065
0.6104783249983087	0.4821159369428958
0.44888112132228586	0.5688968055926169
0.5027468558809601	0.4724736182040378
0.41297063161650294	0.5014005744206116
0.46683636617517726	0.4339043432486061
0.48479161102806867	0.5206852118983274
0.5745678352925259	0.4821159369428958
0.6822993044098744	0.5303275306371853
0.700254549262766	0.5785391243314749
0.44888112132228586	0.6460353555034802
0.41297063161650294	0.5496121681149011
0.5745678352925259	0.6171083992869065
0.7900307735272231	0.5978237618091907
0.8618517529387887	0.7135315866754857
0.7900307735272231	0.6942469491977699
0.43092587646939434	0.7424585428920594
0.30523916249915434	0.6074660805480486
0.7541202838214403	0.5881814430703328
0.7900307735272231	0.5014005744206116
0.5925230801454173	0.7521008616309174
0.7541202838214403	0.5014005744206116
0.5207021007338516	0.5399698493760432
0.41297063161650294	0.42426202450974826
0.43092587646939434	0.7328162241532015
0.5027468558809601	0.6363930367646224
0.7720755286743316	0.7810278178474912
0.7361650389685488	0.6074660805480486
0.7361650389685488	0.5785391243314749
0.5745678352925259	0.684604630458912
0.5925230801454173	0.6556776742423382
0.9157174874974631	0.6363930367646224
0.8438965080858974	0.684604630458912
0.5566125904396344	0.6556776742423382
0.8079860183801144	0.5303275306371853
0.6463888147040916	0.6942469491977699
0.6643440595569831	0.6363930367646224
0.7900307735272231	0.7135315866754857
0.6822993044098744	0.6074660805480486
0.6104783249983087	0.6460353555034802
0.44888112132228586	0.5303275306371853
0.5027468558809601	0.5206852118983274
0.5207021007338516	0.674962311720054
0.6822993044098744	0.6267507180257644
0.8798069977916803	0.8099547740640649
0.7361650389685488	0.6460353555034802
0.3770601419107201	0.5785391243314749
0.46683636617517726	0.790670136586349
0.8977622426445717	0.8678086864972122
0.8798069977916803	0.684604630458912
0.6463888147040916	0.684604630458912
0.8618517529387887	0.5881814430703328
0.5207021007338516	0.6942469491977699
0.7900307735272231	0.6363930367646224
0.6822993044098744	0.6171083992869065
0.5566125904396344	0.7521008616309174
0.6643440595569831	0.684604630458912
0.7361650389685488	0.5688968055926169
0.7361650389685488	0.7038892679366278
0.7541202838214403	0.684604630458912
0.43092587646939434	0.5881814430703328
0.5207021007338516	0.5688968055926169
0.48479161102806867	0.5881814430703328
0.6104783249983087	0.9256625989303597
0.7900307735272231	0.6267507180257644
0.8977622426445717	0.6556776742423382
0.9875384669090288	0.8774510052360702
0.8259412632330059	0.6267507180257644
0.6643440595569831	0.6171083992869065
0.6643440595569831	0.6460353555034802
0.9875384669090288	0.7713854991086332
1.0414042014677032	0.7617431803697753
0.6463888147040916	0.8003124553252069
0.44888112132228586	0.5688968055926169
0.28728391764626293	0.3278388371211691
0.5745678352925259	0.5785391243314749
0.7720755286743316	0.7231739054143436
0.7361650389685488	0.6363930367646224
0.9336727323503545	0.7617431803697753
0.5925230801454173	0.5496121681149011
0.8079860183801144	0.4724736182040378
0.9336727323503545	1.10886665496866
1.077314691173486	0.9835165113635073
0.5925230801454173	0.7135315866754857
0.3411496522049372	0.4724736182040378
0.5207021007338516	0.6942469491977699
0.7720755286743316	0.7810278178474912
1.1850461602908346	1.012443467580081
0.46683636617517726	0.3760504308154587
0.2693286727933715	0.17356173729944246
0.21546293823469717	0.36640811207660073
0.5207021007338516	0.42426202450974826
0.8438965080858974	0.9256625989303597
0.8079860183801144	0.8870933239749281
0.6463888147040916	0.7135315866754857
0.48479161102806867	0.44354666198746406
0.8618517529387887	0.6556776742423382
1.1311804257321603	0.9931588301023653
0.9875384669090288	0.7038892679366278
0.3231944073520458	0.5014005744206116
0.6463888147040916	0.6653199929811962
0.8079860183801144	0.9449472364080757
0.7720755286743316	0.7328162241532015
0.6284335698512001	0.7424585428920594
0.5745678352925259	0.40497738703203245
0.5566125904396344	0.3278388371211691
0.7361650389685488	0.5881814430703328
0.8259412632330059	0.5496121681149011
0.7182097941156573	0.7424585428920594
0.700254549262766	0.49175825568175363
0.6284335698512001	0.674962311720054
0.6822993044098744	0.790670136586349
0.700254549262766	0.7328162241532015
0.5745678352925259	0.6074660805480486
0.6284335698512001	0.5688968055926169
0.8618517529387887	0.6556776742423382
0.48479161102806867	0.5688968055926169
0.6822993044098744	0.6556776742423382
0.5027468558809601	0.5496121681149011
0.5207021007338516	0.44354666198746406
0.538657345586743	0.6942469491977699
0.700254549262766	0.6653199929811962
0.8618517529387887	0.8003124553252069
0.5027468558809601	0.684604630458912
0.5566125904396344	0.5496121681149011
0.538657345586743	0.5399698493760432
0.46683636617517726	0.6267507180257644
0.5745678352925259	0.6556776742423382
0.30523916249915434	0.4724736182040378
0.5745678352925259	0.46283129946517987
0.5566125904396344	0.6460353555034802
0.5925230801454173	0.44354666198746406
0.5925230801454173	0.4821159369428958
0.7720755286743316	0.7328162241532015
0.8618517529387887	0.5978237618091907
0.5027468558809601	0.790670136586349
0.41297063161650294	0.6074660805480486
0.5207021007338516	0.34712347459888493
0.6463888147040916	0.7231739054143436
0.6104783249983087	0.5688968055926169
0.6643440595569831	0.8388817302806385
0.5745678352925259	0.5688968055926169
0.23341818308758863	0.27962724342687956
0.3770601419107201	0.34712347459888493
0.48479161102806867	0.5496121681149011
0.5745678352925259	0.8099547740640649
0.5566125904396344	0.7135315866754857
0.48479161102806867	0.5592544868537591
0.538657345586743	0.49175825568175363
0.3770601419107201	0.3953350682931745
0.30523916249915434	0.34712347459888493
0.6104783249983087	0.36640811207660073
0.7541202838214403	0.5978237618091907
0.5566125904396344	0.6074660805480486
0.6463888147040916	0.6556776742423382
0.46683636617517726	0.5110428931594695
0.17955244852891433	0.3760504308154587
0.5566125904396344	0.44354666198746406
0.44888112132228586	0.49175825568175363
0.8798069977916803	0.6171083992869065
0.6463888147040916	0.6363930367646224
0.5566125904396344	0.5206852118983274
0.3770601419107201	0.5014005744206116
0.44888112132228586	0.35676579333774283
0.39501538676361153	0.5399698493760432
0.5207021007338516	0.5110428931594695
0.5925230801454173	0.5303275306371853
0.5925230801454173	0.5881814430703328
0.700254549262766	0.684604630458912
0.48479161102806867	0.5785391243314749
0.7182097941156573	0.4724736182040378
0.5925230801454173	0.5978237618091907
0.6822993044098744	0.6942469491977699
0.6104783249983087	0.684604630458912
0.538657345586743	0.40497738703203245
0.5745678352925259	0.3953350682931745
0.3770601419107201	0.5303275306371853
0.28728391764626293	0.453188980726322
0.5925230801454173	0.6460353555034802
0.5027468558809601	0.5399698493760432
0.7720755286743316	0.5496121681149011
0.6463888147040916	0.34712347459888493
0.3770601419107201	0.5206852118983274
0.44888112132228586	0.44354666198746406
0.41297063161650294	0.44354666198746406
0.39501538676361153	0.4724736182040378
0.5566125904396344	0.5978237618091907
0.538657345586743	0.6267507180257644
0.538657345586743	0.40497738703203245
0.5745678352925259	0.3856927495543166
