WT-Tfh	WT-Th1
0.45724770138462795	0.5563264528911739
0.6358600847379982	0.5946937944698756
0.45724770138462795	0.5946937944698756
0.5429816453942456	0.6138774652592264
0.5929931127331893	0.5985305286277457
0.528692654725976	0.6484080726800578
0.5858486173990545	0.6522448068379281
0.5001146733894367	0.7097958192059804
0.5929931127331893	0.6867754142587595
0.5858486173990545	0.69828561673237
0.4286697200480887	0.5716733895226546
0.5001146733894367	0.583183591996265
0.5501261407283804	0.6330611360485772
0.6215710940697285	0.6829386801008893
0.714449533413481	0.7174692875217208
0.6215710940697285	0.744326426626812
0.5572706360625153	0.6791019459430192
0.5358371500601109	0.6867754142587595
0.6930160474110767	0.6791019459430192
0.528692654725976	0.6791019459430192
0.6001376080673242	0.6560815409957982
0.5787041220649197	0.6791019459430192
0.5644151313966501	0.6599182751536683
0.5001146733894367	0.7021223508902401
0.6787270567428071	0.7059590850481103
0.6001376080673242	0.6522448068379281
0.528692654725976	0.7711835657319032
0.6858715520769418	0.7289794899953314
0.6644380660745375	0.7059590850481103
0.6787270567428071	0.7404896924689418
0.5858486173990545	0.6330611360485772
0.6358600847379982	0.7596733632582927
0.4858256827211671	0.6215509335749667
0.5787041220649197	0.6714284776272789
0.5787041220649197	0.744326426626812
0.6787270567428071	0.7059590850481103
0.6787270567428071	0.7174692875217208
0.6787270567428071	0.7865305023633838
0.5429816453942456	0.813387641468475
0.6930160474110767	0.8747753879943976
0.6930160474110767	0.744326426626812
0.6858715520769418	0.790367236521254
0.6644380660745375	0.7826937682055137
0.6287155894038634	0.8555917172050468
0.6644380660745375	0.8786121221522678
0.6144265987355937	0.8210611097842153
0.6930160474110767	0.8057141731527346
0.5858486173990545	0.7635100974161628
0.6858715520769418	0.8287345780999557
0.5858486173990545	0.813387641468475
0.75731650541829	0.8287345780999557
0.75731650541829	0.9131427295730994
0.5715596267307849	0.8901223246258783
0.6858715520769418	0.790367236521254
0.6644380660745375	0.8594284513629169
0.6787270567428071	0.8517549830471767
0.6572935707404026	0.8747753879943976
0.6072821034014589	0.8095509073106049
0.8001834774230988	0.7942039706791242
0.8073279727572337	0.8555917172050468
0.6930160474110767	0.8555917172050468
0.7930389820889641	0.8747753879943976
0.7430275147500204	0.8939590587837484
0.75731650541829	0.8786121221522678
0.75731650541829	0.909305995415229
0.7358830194158855	0.8709386538365275
0.8144724680913684	0.8671019196786574
0.7073050380793463	0.9246529320467097
0.6715825614086722	0.8248978439420854
0.871628430764447	0.9208161978888396
0.7644610007524247	0.9208161978888396
0.7358830194158855	0.909305995415229
0.7644610007524247	0.9131427295730994
0.7358830194158855	0.9054692612573589
0.6930160474110767	0.9054692612573589
0.6644380660745375	0.909305995415229
0.7716054960865596	0.882448856310138
0.8216169634255033	0.9630202736254115
0.7287385240817508	0.8440815147314363
0.6930160474110767	0.8095509073106049
0.6787270567428071	0.721306021679591
0.7001605427452114	0.9054692612573589
0.8001834774230988	0.9591835394675412
0.6930160474110767	0.9553468053096711
0.8216169634255033	0.9361631345203203
0.7644610007524247	0.8901223246258783
0.7358830194158855	0.7980407048369943
0.6144265987355937	0.7404896924689418
0.7287385240817508	0.8671019196786574
0.7287385240817508	0.7942039706791242
0.7930389820889641	0.8325713122578259
0.6572935707404026	0.8402447805735661
0.8144724680913684	0.9284896662045798
0.7001605427452114	0.9323264003624502
0.9359288887716603	0.9361631345203203
0.7644610007524247	1.0359182226249446
0.6572935707404026	0.7980407048369943
0.9859403561106039	1.093469234992997
1.0145183374471431	1.135673310729569
0.7644610007524247	0.8786121221522678
0.4786811873870323	0.6330611360485772
0.6858715520769418	0.8057141731527346
1.021662832781278	0.9822039444147623
0.871628430764447	1.0896325008351269
0.6572935707404026	0.8325713122578259
0.9359288887716603	0.997550881046243
0.9716513654423342	1.0742855642036462
0.7287385240817508	0.882448856310138
0.714449533413481	0.8709386538365275
0.6858715520769418	0.8248978439420854
0.8501949447620426	0.9399998686781904
0.6501490754062678	0.8210611097842153
0.7073050380793463	0.767346831574033
0.5501261407283804	0.7558366291004225
0.6644380660745375	0.8057141731527346
0.8359059540937729	0.9169794637309695
0.8359059540937729	1.0397549567828148
0.6930160474110767	0.8977957929416187
0.643004580072133	0.7366529583110717
0.6644380660745375	0.7711835657319032
0.7215940287476158	0.8095509073106049
0.7644610007524247	0.9399998686781904
0.7287385240817508	0.9399998686781904
0.6930160474110767	0.7826937682055137
0.7215940287476158	0.8172243756263452
0.7430275147500204	0.9706937419411518
0.7215940287476158	0.8517549830471767
0.7716054960865596	0.882448856310138
0.7430275147500204	0.882448856310138
0.8216169634255033	0.9054692612573589
0.75731650541829	0.9016325270994888
0.7644610007524247	0.8709386538365275
0.7358830194158855	0.813387641468475
0.5787041220649197	0.7980407048369943
0.6644380660745375	0.813387641468475
0.6287155894038634	0.7826937682055137
0.7930389820889641	0.8325713122578259
0.6644380660745375	0.8248978439420854
0.6072821034014589	0.8248978439420854
0.7001605427452114	0.9323264003624502
0.8001834774230988	0.8210611097842153
0.7073050380793463	0.7558366291004225
0.828761458759638	0.8632651855207872
0.8359059540937729	0.8402447805735661
0.6072821034014589	0.7635100974161628
0.6072821034014589	0.7635100974161628
0.5929931127331893	0.7097958192059804
0.643004580072133	0.7251427558374611
0.7358830194158855	0.7404896924689418
0.5429816453942456	0.7635100974161628
0.6001376080673242	0.7711835657319032
0.6644380660745375	0.813387641468475
0.7644610007524247	0.790367236521254
0.643004580072133	0.721306021679591
0.6858715520769418	0.7366529583110717
0.6930160474110767	0.6944488825744999
0.6358600847379982	0.8325713122578259
0.714449533413481	0.7865305023633838
0.7430275147500204	0.8287345780999557
0.6572935707404026	0.8172243756263452
0.6287155894038634	0.7366529583110717
0.6001376080673242	0.7558366291004225
0.5644151313966501	0.7788570340476435
0.6287155894038634	0.7788570340476435
0.5072591687235716	0.629224401890707
0.4858256827211671	0.6445713385221877
0.5644151313966501	0.7174692875217208
0.6144265987355937	0.7097958192059804
0.5858486173990545	0.7942039706791242
0.6858715520769418	0.767346831574033
0.6144265987355937	0.6560815409957982
0.5572706360625153	0.721306021679591
0.5715596267307849	0.6177141994170965
0.6715825614086722	0.721306021679591
0.5429816453942456	0.6906121484166297
0.6144265987355937	0.721306021679591
0.528692654725976	0.6560815409957982
0.6930160474110767	0.7366529583110717
0.5358371500601109	0.6906121484166297
0.643004580072133	0.6637550093115385
0.5001146733894367	0.6368978702064474
0.6287155894038634	0.7136325533638507
0.5929931127331893	0.6330611360485772
0.6858715520769418	0.6522448068379281
0.6644380660745375	0.744326426626812
0.6858715520769418	0.6330611360485772
0.5072591687235716	0.5524897187333038
0.5929931127331893	0.6023672627856159
0.6215710940697285	0.5985305286277457
0.4715366920528975	0.5064489088388617
0.5644151313966501	0.6330611360485772
0.5144036640577064	0.721306021679591
0.6287155894038634	0.6637550093115385
0.5644151313966501	0.6177141994170965
0.4858256827211671	0.5601631870490441
0.4501032060504931	0.5371427821018231
0.5429816453942456	0.6215509335749667
0.4786811873870323	0.5601631870490441
0.49297017805530197	0.6138774652592264
0.4000917387115494	0.5026121746809916
