WT-Tfh	WT-Th1
0.20067626600290425	0.32330127536170655
0.32108202560464677	0.34485469371915367
0.040135253200580846	0.34485469371915367
0.20067626600290425	0.38796153043404785
0.32108202560464677	0.2801944386468123
0.48162303840697024	0.40951494879149497
0.7224345576104553	0.4310683671489421
0.32108202560464677	0.32330127536170655
0.36121727880522764	0.36640811207660073
0.28094677240406596	0.30174785700425943
0.4013525320058085	0.38796153043404785
0.7625698108110361	0.6897093874383073
0.6020287980087128	0.4526217855063892
0.4013525320058085	0.4957286222212834
0.4013525320058085	0.23708760193191816
0.5618935448081319	0.25864102028936525
0.521758291607551	0.5388354589361776
0.36121727880522764	0.34485469371915367
0.4013525320058085	0.4741752038638363
0.32108202560464677	0.4526217855063892
0.4013525320058085	0.5388354589361776
0.36121727880522764	0.36640811207660073
0.24081151920348512	0.32330127536170655
0.28094677240406596	0.5388354589361776
0.44148778520638937	0.4741752038638363
0.36121727880522764	0.4741752038638363
0.6020287980087128	0.5172820405787305
0.6020287980087128	0.5172820405787305
0.4013525320058085	0.4310683671489421
0.36121727880522764	0.36640811207660073
0.44148778520638937	0.40951494879149497
0.6421640512092935	0.38796153043404785
0.36121727880522764	0.38796153043404785
0.5618935448081319	0.5603888772936246
0.6020287980087128	0.6466025507234131
0.6020287980087128	0.34485469371915367
0.36121727880522764	0.6250491323659659
0.7224345576104553	0.5603888772936246
0.32108202560464677	0.40951494879149497
0.6020287980087128	0.4957286222212834
0.8829755704127787	0.6250491323659659
0.6421640512092935	0.40951494879149497
0.8829755704127787	0.8190298975829899
0.6421640512092935	0.4957286222212834
0.802705064011617	0.6897093874383073
0.36121727880522764	0.5388354589361776
0.6421640512092935	0.4310683671489421
0.6421640512092935	0.7328162241532015
0.6822993044098744	0.6681559690808602
0.8829755704127787	0.5388354589361776
0.6421640512092935	0.5388354589361776
0.521758291607551	0.6897093874383073
0.48162303840697024	0.4957286222212834
0.4013525320058085	0.6466025507234131
0.48162303840697024	0.40951494879149497
0.521758291607551	0.5603888772936246
0.6421640512092935	0.40951494879149497
0.8829755704127787	0.5388354589361776
0.9231108236133596	0.5388354589361776
0.32108202560464677	0.5388354589361776
0.6421640512092935	0.5388354589361776
0.6020287980087128	0.6897093874383073
0.44148778520638937	0.4741752038638363
0.6020287980087128	0.4310683671489421
0.5618935448081319	0.4526217855063892
0.9231108236133596	0.6681559690808602
0.8829755704127787	0.7112628057957544
0.6421640512092935	0.5603888772936246
0.6421640512092935	0.38796153043404785
0.521758291607551	0.38796153043404785
0.6421640512092935	0.38796153043404785
0.44148778520638937	0.4526217855063892
0.521758291607551	0.40951494879149497
0.6020287980087128	0.5388354589361776
0.6020287980087128	0.6897093874383073
0.7224345576104553	0.5172820405787305
0.7625698108110361	0.8621367342978842
1.0033813300145213	0.5603888772936246
0.8829755704127787	0.6897093874383073
0.8428403172121979	0.7112628057957544
1.1237870896162638	0.7543696425106485
0.6020287980087128	0.36640811207660073
0.5618935448081319	0.5819422956510718
0.6822993044098744	0.5819422956510718
0.6020287980087128	0.6466025507234131
0.521758291607551	0.6034957140085189
0.44148778520638937	0.4741752038638363
0.5618935448081319	0.5172820405787305
0.521758291607551	0.38796153043404785
0.28094677240406596	0.6034957140085189
0.6421640512092935	0.6250491323659659
1.043516583215102	0.6466025507234131
0.6822993044098744	0.5603888772936246
0.32108202560464677	0.5172820405787305
0.9231108236133596	0.5388354589361776
0.28094677240406596	0.40951494879149497
0.44148778520638937	0.38796153043404785
0.521758291607551	0.5172820405787305
0.6020287980087128	0.6034957140085189
0.8829755704127787	0.6034957140085189
0.8428403172121979	0.7112628057957544
0.7625698108110361	0.7112628057957544
0.48162303840697024	0.4310683671489421
0.48162303840697024	0.4526217855063892
0.521758291607551	0.5172820405787305
0.6421640512092935	0.4741752038638363
0.36121727880522764	0.4310683671489421
0.28094677240406596	0.38796153043404785
0.44148778520638937	0.4957286222212834
0.6822993044098744	0.5388354589361776
0.48162303840697024	0.6466025507234131
0.7224345576104553	0.5819422956510718
0.5618935448081319	0.6034957140085189
0.6421640512092935	0.5172820405787305
0.6822993044098744	0.6250491323659659
1.043516583215102	0.7328162241532015
0.7625698108110361	0.6466025507234131
0.521758291607551	0.6034957140085189
0.8829755704127787	0.8836901526553312
0.7224345576104553	0.9052435710127784
0.6822993044098744	0.6250491323659659
0.7224345576104553	0.6681559690808602
0.6020287980087128	0.6681559690808602
1.1237870896162638	0.8836901526553312
1.0033813300145213	0.9914572444425668
0.8428403172121979	0.7974764792255428
0.36121727880522764	0.5603888772936246
0.6822993044098744	0.6466025507234131
0.5618935448081319	0.7759230608680957
0.8428403172121979	0.6466025507234131
0.9632460768139405	0.8190298975829899
0.8428403172121979	0.7974764792255428
0.6020287980087128	0.5603888772936246
0.6020287980087128	0.6681559690808602
0.5618935448081319	0.6034957140085189
0.5618935448081319	0.7328162241532015
0.521758291607551	0.5172820405787305
0.8829755704127787	0.4957286222212834
0.6822993044098744	0.4741752038638363
0.4013525320058085	0.4526217855063892
0.7625698108110361	0.6466025507234131
0.6020287980087128	0.4957286222212834
0.7625698108110361	0.5172820405787305
0.5618935448081319	0.4526217855063892
0.4013525320058085	0.30174785700425943
0.44148778520638937	0.6466025507234131
0.5618935448081319	0.40951494879149497
0.6421640512092935	0.7112628057957544
1.0836518364156829	0.7543696425106485
0.44148778520638937	0.7328162241532015
0.7224345576104553	0.5603888772936246
0.521758291607551	0.36640811207660073
0.7625698108110361	0.7112628057957544
0.6020287980087128	0.6681559690808602
0.6421640512092935	0.5603888772936246
0.521758291607551	0.6897093874383073
0.6822993044098744	0.5819422956510718
0.6822993044098744	0.4310683671489421
0.521758291607551	0.5819422956510718
0.521758291607551	0.5388354589361776
0.8829755704127787	0.6250491323659659
0.7625698108110361	0.4957286222212834
0.28094677240406596	0.32330127536170655
0.48162303840697024	0.5172820405787305
0.4013525320058085	0.32330127536170655
0.521758291607551	0.4310683671489421
0.4013525320058085	0.25864102028936525
0.48162303840697024	0.4957286222212834
0.5618935448081319	0.38796153043404785
0.16054101280232339	0.2801944386468123
0.24081151920348512	0.2801944386468123
0.28094677240406596	0.38796153043404785
0.44148778520638937	0.5172820405787305
0.48162303840697024	0.4526217855063892
0.5618935448081319	0.5388354589361776
0.16054101280232339	0.40951494879149497
0.521758291607551	0.38796153043404785
0.5618935448081319	0.5388354589361776
0.28094677240406596	0.5388354589361776
0.7224345576104553	0.32330127536170655
0.44148778520638937	0.23708760193191816
0.28094677240406596	0.4310683671489421
0.32108202560464677	0.2801944386468123
0.36121727880522764	0.34485469371915367
0.48162303840697024	0.4741752038638363
0.36121727880522764	0.34485469371915367
0.32108202560464677	0.5172820405787305
0.48162303840697024	0.34485469371915367
0.6020287980087128	0.23708760193191816
0.6020287980087128	0.4526217855063892
0.44148778520638937	0.36640811207660073
0.6421640512092935	0.4741752038638363
0.44148778520638937	0.4310683671489421
0.44148778520638937	0.40951494879149497
0.48162303840697024	0.4957286222212834
0.6020287980087128	0.4741752038638363
0.6822993044098744	0.4310683671489421
0.4013525320058085	0.36640811207660073
0.32108202560464677	0.38796153043404785
0.16054101280232339	0.38796153043404785
