WT	KO
0.5407332105689203	0.4696738595009669
0.6421206875505929	0.9393477190019338
0.7097123388717079	0.6709626564299527
0.5745290362294778	0.5367701251439622
0.6083248618900353	0.8051551877159433
0.8110998158533804	0.4696738595009669
0.7097123388717079	0.7380589220729481
0.6421206875505929	0.5367701251439622
0.8786914671744955	0.5367701251439622
0.7097123388717079	0.5367701251439622
0.7435081645322655	0.7380589220729481
0.6083248618900353	0.7380589220729481
0.6759165132111503	0.8722514533589386
0.6759165132111503	1.0735402502879243
1.1152622467983981	1.1406365159309197
1.1152622467983981	0.9393477190019338
0.777303990192823	0.5367701251439622
0.7097123388717079	0.8722514533589386
0.9124872928350531	1.1406365159309197
1.0138747698167256	0.9393477190019338
1.1152622467983981	1.2748290472169101
0.6083248618900353	0.6038663907869575
0.5069373849083628	0.6709626564299527
0.8110998158533804	0.8722514533589386
0.7097123388717079	0.7380589220729481
0.8110998158533804	0.8722514533589386
0.777303990192823	0.6038663907869575
0.777303990192823	0.6038663907869575
0.980078944156168	1.0735402502879243
1.0814664211378406	1.207732781573915
0.777303990192823	0.8722514533589386
0.9124872928350531	0.9393477190019338
0.6421206875505929	0.40257759385797165
0.6083248618900353	0.8051551877159433
0.6759165132111503	0.8722514533589386
0.9124872928350531	0.6038663907869575
0.777303990192823	0.7380589220729481
0.777303990192823	0.7380589220729481
0.8110998158533804	0.4696738595009669
0.6759165132111503	1.1406365159309197
0.8786914671744955	0.40257759385797165
0.9124872928350531	0.4696738595009669
0.47314155924780527	0.4696738595009669
0.5069373849083628	0.6038663907869575
0.47314155924780527	0.33548132821497634
0.5069373849083628	1.0735402502879243
0.8786914671744955	1.1406365159309197
0.9124872928350531	1.0735402502879243
0.4055499079266902	0.33548132821497634
0.5069373849083628	0.40257759385797165
0.777303990192823	0.8722514533589386
0.7435081645322655	0.8051551877159433
0.9124872928350531	0.9393477190019338
0.9462831184956105	0.40257759385797165
0.6421206875505929	0.6709626564299527
0.5069373849083628	0.5367701251439622
0.777303990192823	1.0064439846449291
0.8786914671744955	0.9393477190019338
0.8110998158533804	1.207732781573915
1.1828538981195134	0.9393477190019338
0.7097123388717079	0.5367701251439622
0.6421206875505929	0.8722514533589386
0.777303990192823	0.4696738595009669
0.9124872928350531	0.7380589220729481
0.844895641513938	1.0735402502879243
1.0138747698167256	0.8051551877159433
0.7435081645322655	0.7380589220729481
0.9124872928350531	1.0064439846449291
0.844895641513938	0.5367701251439622
0.777303990192823	1.0064439846449291
0.6759165132111503	0.5367701251439622
0.6759165132111503	0.6038663907869575
0.9462831184956105	0.8051551877159433
1.0138747698167256	0.8051551877159433
0.844895641513938	1.1406365159309197
0.8786914671744955	0.7380589220729481
0.6759165132111503	0.8051551877159433
0.7097123388717079	0.5367701251439622
0.7435081645322655	0.4696738595009669
0.844895641513938	0.6038663907869575
0.6083248618900353	0.6709626564299527
0.8786914671744955	0.4696738595009669
0.8786914671744955	0.9393477190019338
0.43934573358724777	0.33548132821497634
0.777303990192823	0.5367701251439622
0.5407332105689203	0.6038663907869575
0.9462831184956105	0.7380589220729481
0.9462831184956105	0.8051551877159433
0.9124872928350531	0.8051551877159433
0.7435081645322655	0.6038663907869575
0.47314155924780527	0.6038663907869575
0.33795825660557516	0.2683850625719811
0.37175408226613277	0.2683850625719811
0.23657077962390263	0.06709626564299527
0.8110998158533804	0.40257759385797165
0.8786914671744955	0.8051551877159433
0.5407332105689203	0.8722514533589386
0.8110998158533804	1.0064439846449291
0.8110998158533804	0.6038663907869575
0.4055499079266902	0.6038663907869575
0.2027749539633451	0.06709626564299527
0.33795825660557516	0.40257759385797165
0.47314155924780527	0.5367701251439622
0.6421206875505929	0.8051551877159433
0.4055499079266902	0.4696738595009669
0.5745290362294778	0.6709626564299527
0.6759165132111503	0.9393477190019338
0.5745290362294778	0.2683850625719811
0.4055499079266902	0.4696738595009669
0.37175408226613277	0.6709626564299527
0.8110998158533804	0.4696738595009669
0.6083248618900353	0.33548132821497634
0.7435081645322655	0.6709626564299527
0.6759165132111503	0.40257759385797165
0.7097123388717079	0.5367701251439622
0.8786914671744955	0.9393477190019338
0.844895641513938	0.33548132821497634
0.5745290362294778	0.40257759385797165
0.777303990192823	0.40257759385797165
0.5069373849083628	0.5367701251439622
0.6421206875505929	0.6709626564299527
0.6421206875505929	0.6038663907869575
0.8110998158533804	0.8051551877159433
0.777303990192823	0.6038663907869575
0.7435081645322655	0.5367701251439622
0.5069373849083628	0.6709626564299527
0.8786914671744955	0.6038663907869575
0.8786914671744955	0.4696738595009669
0.777303990192823	0.9393477190019338
0.5745290362294778	0.5367701251439622
0.6083248618900353	0.5367701251439622
0.5745290362294778	0.4696738595009669
0.6759165132111503	0.7380589220729481
0.5745290362294778	0.6709626564299527
0.6759165132111503	0.5367701251439622
0.844895641513938	0.6038663907869575
0.8786914671744955	0.6709626564299527
0.33795825660557516	0.2683850625719811
0.5745290362294778	0.8051551877159433
0.47314155924780527	0.6709626564299527
0.8110998158533804	1.0735402502879243
1.1152622467983981	1.0735402502879243
0.8786914671744955	1.0735402502879243
0.5745290362294778	0.8051551877159433
0.5745290362294778	0.8722514533589386
0.7435081645322655	0.8051551877159433
0.6083248618900353	0.6038663907869575
0.8110998158533804	0.8051551877159433
0.6759165132111503	0.4696738595009669
0.47314155924780527	0.9393477190019338
0.43934573358724777	0.13419253128599054
0.5407332105689203	0.4696738595009669
0.6421206875505929	0.8051551877159433
0.47314155924780527	0.4696738595009669
0.6421206875505929	0.5367701251439622
0.9462831184956105	0.9393477190019338
0.6759165132111503	0.6038663907869575
0.5069373849083628	0.6038663907869575
0.5745290362294778	0.33548132821497634
0.47314155924780527	0.33548132821497634
0.5745290362294778	0.5367701251439622
0.5069373849083628	0.8722514533589386
0.7435081645322655	0.8051551877159433
0.5069373849083628	0.6038663907869575
0.4055499079266902	0.2683850625719811
0.47314155924780527	0.6038663907869575
0.4055499079266902	0.33548132821497634
0.6759165132111503	0.7380589220729481
0.5069373849083628	0.6038663907869575
0.23657077962390263	0.2683850625719811
0.27036660528446016	0.33548132821497634
0.4055499079266902	0.40257759385797165
0.7097123388717079	0.6709626564299527
0.37175408226613277	0.2683850625719811
0.6083248618900353	0.40257759385797165
0.5069373849083628	0.33548132821497634
0.30416243094501766	0.40257759385797165
0.6083248618900353	0.4696738595009669
0.47314155924780527	0.40257759385797165
0.5407332105689203	0.40257759385797165
0.5407332105689203	0.6038663907869575
0.43934573358724777	0.7380589220729481
0.4055499079266902	0.2683850625719811
0.33795825660557516	0.33548132821497634
0.43934573358724777	0.33548132821497634
0.30416243094501766	0.8722514533589386
0.43934573358724777	0.40257759385797165
0.43934573358724777	0.5367701251439622
0.5069373849083628	0.5367701251439622
0.33795825660557516	0.40257759385797165
0.43934573358724777	0.4696738595009669
0.47314155924780527	0.6709626564299527
0.6759165132111503	0.8051551877159433
0.6421206875505929	0.8051551877159433
0.27036660528446016	0.40257759385797165
0.33795825660557516	0.20128879692898582
0.4055499079266902	0.40257759385797165
0.27036660528446016	0.4696738595009669
0.6759165132111503	0.8722514533589386
0.6083248618900353	0.7380589220729481
