WT	KO
0.887140423589635	1.0567661838771756
1.2419965930254888	1.761276973128626
0.7097123388717079	1.0567661838771756
0.7097123388717079	0.3522553946257252
1.064568508307562	0.7045107892514504
0.17742808471792698	0.7045107892514504
0.35485616943585396	1.0567661838771756
0.7097123388717079	1.0567661838771756
0.532284254153781	0.3522553946257252
0.887140423589635	1.0567661838771756
0.17742808471792698	0.3522553946257252
0.7097123388717079	0.0
0.7097123388717079	1.0567661838771756
1.064568508307562	1.4090215785029008
0.532284254153781	1.4090215785029008
0.17742808471792698	0.3522553946257252
0.17742808471792698	0.0
0.0	0.0
0.532284254153781	0.3522553946257252
1.2419965930254888	1.0567661838771756
0.887140423589635	1.4090215785029008
0.17742808471792698	0.0
0.35485616943585396	0.3522553946257252
0.887140423589635	1.4090215785029008
0.532284254153781	1.0567661838771756
0.887140423589635	2.113532367754351
0.17742808471792698	0.3522553946257252
0.887140423589635	1.0567661838771756
0.887140423589635	1.761276973128626
0.7097123388717079	1.0567661838771756
0.17742808471792698	1.4090215785029008
0.35485616943585396	1.0567661838771756
0.7097123388717079	1.4090215785029008
0.532284254153781	1.0567661838771756
0.35485616943585396	0.0
0.532284254153781	0.0
0.887140423589635	1.0567661838771756
0.7097123388717079	0.7045107892514504
1.2419965930254888	0.7045107892514504
1.064568508307562	1.0567661838771756
0.17742808471792698	1.0567661838771756
0.532284254153781	0.3522553946257252
0.887140423589635	2.113532367754351
1.2419965930254888	1.0567661838771756
0.887140423589635	1.0567661838771756
0.35485616943585396	0.0
0.35485616943585396	0.3522553946257252
0.17742808471792698	0.3522553946257252
0.532284254153781	0.7045107892514504
0.17742808471792698	0.0
0.887140423589635	1.0567661838771756
0.17742808471792698	1.0567661838771756
0.532284254153781	1.0567661838771756
0.17742808471792698	0.3522553946257252
0.532284254153781	0.3522553946257252
1.4194246777434159	1.4090215785029008
0.532284254153781	1.4090215785029008
0.0	0.0
0.17742808471792698	0.3522553946257252
0.0	0.3522553946257252
0.35485616943585396	0.7045107892514504
0.7097123388717079	0.7045107892514504
0.7097123388717079	0.7045107892514504
0.17742808471792698	0.7045107892514504
0.17742808471792698	0.0
0.17742808471792698	0.3522553946257252
0.532284254153781	0.3522553946257252
0.17742808471792698	0.7045107892514504
0.35485616943585396	0.7045107892514504
0.35485616943585396	0.7045107892514504
0.532284254153781	0.3522553946257252
1.064568508307562	1.4090215785029008
0.17742808471792698	0.0
0.887140423589635	0.7045107892514504
0.7097123388717079	1.0567661838771756
0.7097123388717079	1.761276973128626
0.35485616943585396	0.0
0.35485616943585396	0.3522553946257252
0.532284254153781	0.3522553946257252
0.35485616943585396	0.0
1.4194246777434159	1.0567661838771756
0.17742808471792698	0.7045107892514504
0.17742808471792698	1.0567661838771756
1.2419965930254888	1.761276973128626
1.064568508307562	1.0567661838771756
1.064568508307562	2.113532367754351
0.17742808471792698	0.3522553946257252
0.35485616943585396	0.7045107892514504
0.35485616943585396	0.0
0.35485616943585396	0.7045107892514504
0.35485616943585396	0.7045107892514504
0.35485616943585396	0.3522553946257252
0.0	0.3522553946257252
1.064568508307562	0.7045107892514504
1.064568508307562	1.0567661838771756
0.7097123388717079	1.0567661838771756
0.887140423589635	1.0567661838771756
0.17742808471792698	0.3522553946257252
1.064568508307562	0.3522553946257252
1.064568508307562	1.761276973128626
1.2419965930254888	0.7045107892514504
0.887140423589635	0.0
0.532284254153781	0.3522553946257252
0.35485616943585396	0.3522553946257252
0.532284254153781	1.761276973128626
0.35485616943585396	0.3522553946257252
0.35485616943585396	1.0567661838771756
0.17742808471792698	0.3522553946257252
0.887140423589635	0.7045107892514504
0.0	0.7045107892514504
0.887140423589635	1.0567661838771756
0.532284254153781	1.0567661838771756
0.532284254153781	0.0
0.532284254153781	1.0567661838771756
0.887140423589635	0.7045107892514504
1.4194246777434159	2.113532367754351
1.77428084717927	2.113532367754351
2.129137016615124	1.761276973128626
1.596852762461343	1.761276973128626
0.35485616943585396	0.0
0.35485616943585396	0.0
0.7097123388717079	0.0
0.7097123388717079	0.3522553946257252
1.4194246777434159	1.4090215785029008
0.532284254153781	1.0567661838771756
1.064568508307562	1.4090215785029008
0.17742808471792698	0.7045107892514504
1.2419965930254888	0.3522553946257252
1.2419965930254888	0.7045107892514504
1.064568508307562	1.761276973128626
0.7097123388717079	1.4090215785029008
0.887140423589635	1.0567661838771756
1.4194246777434159	1.4090215785029008
1.064568508307562	2.113532367754351
0.887140423589635	1.4090215785029008
0.532284254153781	0.7045107892514504
1.4194246777434159	2.113532367754351
1.2419965930254888	0.7045107892514504
0.35485616943585396	0.7045107892514504
1.064568508307562	2.4657877623800766
0.887140423589635	2.8180431570058015
0.887140423589635	1.0567661838771756
1.77428084717927	2.4657877623800766
1.2419965930254888	2.113532367754351
1.4194246777434159	3.522553946257252
1.4194246777434159	1.4090215785029008
0.7097123388717079	0.7045107892514504
0.532284254153781	1.4090215785029008
1.064568508307562	0.7045107892514504
1.064568508307562	0.7045107892514504
1.9517089318971967	1.761276973128626
1.4194246777434159	1.4090215785029008
0.35485616943585396	0.7045107892514504
0.35485616943585396	0.7045107892514504
0.35485616943585396	1.4090215785029008
1.2419965930254888	1.0567661838771756
1.4194246777434159	1.761276973128626
1.064568508307562	1.0567661838771756
0.7097123388717079	1.4090215785029008
1.064568508307562	2.4657877623800766
1.9517089318971967	4.227064735508702
1.4194246777434159	1.761276973128626
0.35485616943585396	0.0
0.17742808471792698	0.3522553946257252
1.4194246777434159	1.761276973128626
0.887140423589635	1.761276973128626
0.35485616943585396	0.3522553946257252
0.35485616943585396	0.7045107892514504
0.532284254153781	1.0567661838771756
0.887140423589635	0.3522553946257252
1.064568508307562	1.761276973128626
0.17742808471792698	1.4090215785029008
1.4194246777434159	1.4090215785029008
2.4839931860509776	1.4090215785029008
1.2419965930254888	2.4657877623800766
1.4194246777434159	1.761276973128626
1.064568508307562	1.761276973128626
1.4194246777434159	2.113532367754351
1.77428084717927	2.4657877623800766
2.129137016615124	2.113532367754351
1.064568508307562	2.8180431570058015
1.4194246777434159	1.761276973128626
0.35485616943585396	0.7045107892514504
0.7097123388717079	0.7045107892514504
0.887140423589635	1.0567661838771756
1.4194246777434159	1.761276973128626
0.887140423589635	1.4090215785029008
0.532284254153781	0.3522553946257252
1.2419965930254888	1.4090215785029008
0.7097123388717079	0.3522553946257252
1.064568508307562	1.761276973128626
1.4194246777434159	2.113532367754351
0.887140423589635	1.4090215785029008
1.2419965930254888	0.7045107892514504
0.7097123388717079	0.3522553946257252
0.7097123388717079	0.7045107892514504
0.532284254153781	1.4090215785029008
0.35485616943585396	0.3522553946257252
0.0	0.3522553946257252
0.7097123388717079	0.7045107892514504
