WT	KO
0.0	0.0
0.3210631413816651	1.3842898394746268
0.0	0.0
0.6421262827633302	0.0
0.9631894241449953	0.3460724598686567
0.6421262827633302	0.3460724598686567
0.0	0.0
1.2842525655266603	1.3842898394746268
0.9631894241449953	0.3460724598686567
0.0	0.3460724598686567
1.9263788482899906	0.3460724598686567
0.3210631413816651	0.6921449197373134
0.0	0.3460724598686567
0.6421262827633302	0.0
0.0	0.3460724598686567
1.2842525655266603	0.6921449197373134
1.2842525655266603	1.0382173796059702
0.3210631413816651	0.0
0.6421262827633302	0.0
0.0	0.3460724598686567
1.2842525655266603	0.3460724598686567
1.2842525655266603	1.0382173796059702
0.6421262827633302	0.0
0.3210631413816651	0.0
0.0	0.0
0.3210631413816651	0.0
0.3210631413816651	0.3460724598686567
0.6421262827633302	0.6921449197373134
0.6421262827633302	0.0
0.0	0.6921449197373134
0.9631894241449953	0.0
0.3210631413816651	0.0
0.3210631413816651	0.6921449197373134
0.6421262827633302	1.0382173796059702
1.2842525655266603	0.6921449197373134
0.3210631413816651	0.6921449197373134
0.9631894241449953	0.6921449197373134
0.6421262827633302	1.0382173796059702
0.3210631413816651	0.3460724598686567
0.6421262827633302	0.0
2.5685051310533207	0.6921449197373134
0.6421262827633302	1.0382173796059702
0.0	0.3460724598686567
1.2842525655266603	0.3460724598686567
0.6421262827633302	0.3460724598686567
1.6053157069083257	0.3460724598686567
0.3210631413816651	0.3460724598686567
0.0	0.6921449197373134
0.6421262827633302	0.3460724598686567
0.9631894241449953	0.6921449197373134
0.9631894241449953	1.0382173796059702
0.3210631413816651	0.3460724598686567
0.0	0.6921449197373134
0.3210631413816651	0.6921449197373134
0.6421262827633302	1.0382173796059702
1.6053157069083257	0.6921449197373134
1.6053157069083257	0.0
1.9263788482899906	0.6921449197373134
0.9631894241449953	0.0
0.6421262827633302	0.6921449197373134
1.2842525655266603	1.0382173796059702
0.9631894241449953	0.3460724598686567
1.2842525655266603	0.3460724598686567
0.9631894241449953	0.3460724598686567
0.9631894241449953	1.0382173796059702
0.6421262827633302	0.6921449197373134
0.6421262827633302	0.0
0.9631894241449953	0.6921449197373134
0.9631894241449953	0.3460724598686567
0.9631894241449953	0.6921449197373134
0.6421262827633302	1.730362299343284
1.6053157069083257	0.3460724598686567
1.9263788482899906	1.0382173796059702
1.6053157069083257	0.3460724598686567
1.2842525655266603	0.0
0.6421262827633302	0.3460724598686567
0.9631894241449953	0.0
0.6421262827633302	0.3460724598686567
1.9263788482899906	0.0
0.9631894241449953	1.0382173796059702
0.6421262827633302	1.730362299343284
0.9631894241449953	0.0
0.9631894241449953	0.0
0.0	0.3460724598686567
0.3210631413816651	0.0
0.3210631413816651	0.6921449197373134
2.5685051310533207	0.0
1.6053157069083257	0.3460724598686567
0.0	0.0
0.0	0.0
0.0	0.0
0.6421262827633302	0.0
0.0	0.3460724598686567
0.6421262827633302	0.0
0.3210631413816651	0.3460724598686567
0.0	0.6921449197373134
0.0	0.3460724598686567
0.3210631413816651	0.3460724598686567
0.0	0.0
0.9631894241449953	1.3842898394746268
0.6421262827633302	0.6921449197373134
0.9631894241449953	0.6921449197373134
0.0	0.0
0.3210631413816651	0.0
0.6421262827633302	0.0
0.6421262827633302	0.3460724598686567
0.0	0.0
0.6421262827633302	0.0
1.2842525655266603	0.6921449197373134
0.3210631413816651	0.3460724598686567
0.3210631413816651	0.3460724598686567
0.0	0.0
0.6421262827633302	0.0
0.0	0.3460724598686567
0.9631894241449953	1.0382173796059702
0.9631894241449953	1.3842898394746268
0.3210631413816651	0.3460724598686567
0.0	0.0
0.6421262827633302	0.0
0.0	2.0764347592119403
0.0	0.3460724598686567
0.9631894241449953	0.0
0.6421262827633302	0.6921449197373134
0.9631894241449953	0.6921449197373134
0.6421262827633302	0.6921449197373134
0.3210631413816651	0.3460724598686567
0.0	0.6921449197373134
0.0	0.0
0.0	0.0
1.9263788482899906	0.0
0.3210631413816651	1.3842898394746268
1.6053157069083257	0.6921449197373134
0.0	0.0
0.3210631413816651	0.3460724598686567
0.3210631413816651	1.3842898394746268
0.0	0.6921449197373134
0.3210631413816651	0.3460724598686567
1.2842525655266603	1.3842898394746268
1.6053157069083257	1.3842898394746268
0.6421262827633302	1.3842898394746268
0.3210631413816651	0.3460724598686567
0.3210631413816651	0.3460724598686567
0.0	0.0
0.3210631413816651	0.0
0.6421262827633302	0.6921449197373134
0.6421262827633302	0.3460724598686567
0.9631894241449953	1.0382173796059702
1.6053157069083257	2.0764347592119403
2.247441989671656	1.0382173796059702
1.2842525655266603	0.0
0.6421262827633302	0.0
0.0	0.6921449197373134
0.0	0.0
0.3210631413816651	0.3460724598686567
1.2842525655266603	1.0382173796059702
0.9631894241449953	0.0
1.2842525655266603	0.3460724598686567
1.6053157069083257	0.6921449197373134
0.9631894241449953	0.3460724598686567
0.6421262827633302	0.0
0.3210631413816651	0.3460724598686567
0.6421262827633302	1.0382173796059702
0.9631894241449953	0.3460724598686567
0.6421262827633302	0.3460724598686567
0.3210631413816651	0.0
0.0	1.0382173796059702
0.3210631413816651	0.3460724598686567
0.0	0.3460724598686567
0.3210631413816651	0.0
1.2842525655266603	0.0
0.6421262827633302	0.0
0.3210631413816651	0.6921449197373134
0.0	0.3460724598686567
0.6421262827633302	0.0
0.9631894241449953	0.0
0.0	0.0
1.9263788482899906	1.0382173796059702
2.247441989671656	1.730362299343284
1.6053157069083257	1.0382173796059702
0.9631894241449953	0.0
0.3210631413816651	0.0
0.3210631413816651	1.0382173796059702
0.3210631413816651	1.3842898394746268
0.0	0.3460724598686567
0.9631894241449953	1.3842898394746268
1.2842525655266603	1.0382173796059702
2.5685051310533207	1.730362299343284
1.6053157069083257	0.3460724598686567
0.6421262827633302	0.3460724598686567
1.2842525655266603	0.3460724598686567
1.6053157069083257	0.3460724598686567
1.6053157069083257	0.3460724598686567
1.2842525655266603	0.3460724598686567
0.6421262827633302	0.0
0.3210631413816651	0.0
0.6421262827633302	1.3842898394746268
0.9631894241449953	0.6921449197373134
0.3210631413816651	1.3842898394746268
1.6053157069083257	0.3460724598686567
0.9631894241449953	1.3842898394746268
