WT	KO
0.4284233305567494	0.32990429254494974
0.37617658292787753	0.5498404875749161
0.39707528197942626	0.27492024378745805
0.3134804857732313	0.5223484631961703
0.44932202960829815	0.46736441443867877
0.2612337381443594	0.32990429254494974
0.33437918482478	0.41238036568118713
0.28213243719590814	0.30241226816620387
0.417973981030975	0.2474282194087123
0.5329168258144932	0.6598085850898995
0.39707528197942626	0.6048245363324077
0.4702207286598469	0.7697766826048826
0.22988568956703628	0.2474282194087123
0.3448285343505544	0.3848883413024413
0.32392983529900565	0.32990429254494974
0.3134804857732313	0.19244417065122066
0.4806700781856213	0.4948564388174246
0.4075246315052007	0.32990429254494974
0.4388726800825238	0.46736441443867877
0.4075246315052007	0.577332511953662
0.4284233305567494	0.7422846582261369
0.4284233305567494	0.6873006094686451
0.33437918482478	0.43987239005993295
0.3657272334021031	0.30241226816620387
0.2612337381443594	0.21993619502996647
0.49111942771139566	0.32990429254494974
0.49111942771139566	0.577332511953662
0.4702207286598469	0.577332511953662
0.3552778838763288	0.32990429254494974
0.417973981030975	0.19244417065122066
0.4388726800825238	0.4948564388174246
0.417973981030975	0.41238036568118713
0.5120181267629444	0.32990429254494974
0.4388726800825238	0.41238036568118713
0.32392983529900565	0.4948564388174246
0.2612337381443594	0.5498404875749161
0.39707528197942626	0.3573963169236955
0.3552778838763288	0.3573963169236955
0.3552778838763288	0.30241226816620387
0.3134804857732313	0.5223484631961703
0.4806700781856213	0.43987239005993295
0.32392983529900565	0.21993619502996647
0.45977137913407257	0.3573963169236955
0.4702207286598469	0.3573963169236955
0.5329168258144932	0.6873006094686451
0.3657272334021031	0.3573963169236955
0.5224674762887188	0.5498404875749161
0.39707528197942626	0.4948564388174246
0.44932202960829815	0.41238036568118713
0.3657272334021031	0.3848883413024413
0.32392983529900565	0.43987239005993295
0.417973981030975	0.6323165607111536
0.5015687772371701	0.714792633847391
0.5433661753402675	0.3573963169236955
0.5956129229691394	0.41238036568118713
0.4806700781856213	0.7422846582261369
0.4806700781856213	0.32990429254494974
0.22988568956703628	0.41238036568118713
0.4806700781856213	0.6048245363324077
0.4806700781856213	0.577332511953662
0.4702207286598469	0.6048245363324077
0.5120181267629444	0.714792633847391
0.6478596705980113	0.6048245363324077
0.6374103210722368	0.4948564388174246
0.5642648743918163	0.6323165607111536
0.5120181267629444	0.4948564388174246
0.5329168258144932	0.577332511953662
0.6060622724949138	0.5498404875749161
0.7105557677526576	0.6598085850898995
0.5538155248660419	0.6323165607111536
0.5329168258144932	0.577332511953662
0.6269609715464626	0.8247607313623743
0.5120181267629444	0.5223484631961703
0.4388726800825238	0.6323165607111536
0.5224674762887188	0.5498404875749161
0.49111942771139566	0.7697766826048826
0.3448285343505544	0.46736441443867877
0.4702207286598469	0.32990429254494974
0.49111942771139566	0.32990429254494974
0.7419038163299806	0.7697766826048826
0.4702207286598469	0.5498404875749161
0.37617658292787753	0.2474282194087123
0.32392983529900565	0.2474282194087123
0.5015687772371701	0.4948564388174246
0.44932202960829815	0.6323165607111536
0.5747142239175906	0.5223484631961703
0.5015687772371701	0.6048245363324077
0.6165116220206882	0.6598085850898995
0.5224674762887188	0.7972687069836285
0.44932202960829815	0.21993619502996647
0.32392983529900565	0.21993619502996647
0.4284233305567494	0.7422846582261369
0.5642648743918163	0.7697766826048826
0.6165116220206882	0.9072368044986115
0.45977137913407257	0.16495214627247487
0.5329168258144932	0.46736441443867877
0.6165116220206882	0.4948564388174246
0.5747142239175906	0.3848883413024413
0.39707528197942626	0.41238036568118713
0.27168308767013377	0.02749202437874581
0.3657272334021031	0.32990429254494974
0.3866259324536519	0.30241226816620387
0.8463973115877244	1.0721889507710864
0.4388726800825238	0.5498404875749161
0.5433661753402675	0.5223484631961703
0.3866259324536519	0.30241226816620387
0.6269609715464626	0.5223484631961703
0.66875836964956	0.5223484631961703
0.4388726800825238	0.714792633847391
0.3552778838763288	0.27492024378745805
0.5015687772371701	0.41238036568118713
0.6060622724949138	0.5498404875749161
0.45977137913407257	0.27492024378745805
0.4702207286598469	0.5498404875749161
0.37617658292787753	0.5223484631961703
0.5015687772371701	0.3573963169236955
0.3866259324536519	0.21993619502996647
0.4284233305567494	0.30241226816620387
0.3657272334021031	0.6048245363324077
0.37617658292787753	0.27492024378745805
0.6583090201237857	0.577332511953662
0.3448285343505544	0.5498404875749161
0.5956129229691394	0.43987239005993295
0.5120181267629444	0.3573963169236955
0.5329168258144932	0.577332511953662
0.5956129229691394	0.4948564388174246
0.44932202960829815	0.577332511953662
0.5851635734433651	0.4948564388174246
0.6060622724949138	0.577332511953662
0.7001064182268832	0.5223484631961703
0.45977137913407257	0.6873006094686451
0.3552778838763288	0.5223484631961703
0.44932202960829815	0.21993619502996647
0.6165116220206882	0.5223484631961703
0.5956129229691394	0.3848883413024413
0.6060622724949138	0.6048245363324077
0.4388726800825238	0.5223484631961703
0.5015687772371701	0.41238036568118713
0.6060622724949138	0.577332511953662
0.5120181267629444	0.6048245363324077
0.4284233305567494	0.5223484631961703
0.3134804857732313	0.43987239005993295
0.4388726800825238	0.19244417065122066
0.37617658292787753	0.41238036568118713
0.4075246315052007	0.19244417065122066
0.45977137913407257	0.41238036568118713
0.3030311362474569	0.3848883413024413
0.3657272334021031	0.3848883413024413
0.417973981030975	0.30241226816620387
0.39707528197942626	0.3573963169236955
0.5538155248660419	0.5223484631961703
0.33437918482478	0.32990429254494974
0.417973981030975	0.16495214627247487
0.3552778838763288	0.2474282194087123
0.44932202960829815	0.2474282194087123
0.45977137913407257	0.27492024378745805
0.39707528197942626	0.27492024378745805
0.37617658292787753	0.16495214627247487
0.2089869905154875	0.19244417065122066
0.32392983529900565	0.21993619502996647
0.5015687772371701	0.2474282194087123
0.39707528197942626	0.3573963169236955
0.5956129229691394	0.46736441443867877
0.5120181267629444	0.32990429254494974
0.3448285343505544	0.2474282194087123
0.5433661753402675	0.41238036568118713
0.29258178672168256	0.19244417065122066
0.3448285343505544	0.30241226816620387
0.4806700781856213	0.43987239005993295
0.2612337381443594	0.2474282194087123
0.3448285343505544	0.3848883413024413
0.27168308767013377	0.10996809751498324
0.3552778838763288	0.30241226816620387
0.45977137913407257	0.27492024378745805
0.45977137913407257	0.32990429254494974
0.39707528197942626	0.6048245363324077
0.4284233305567494	0.6048245363324077
0.44932202960829815	0.27492024378745805
0.4388726800825238	0.43987239005993295
0.3866259324536519	0.2474282194087123
0.5538155248660419	0.5223484631961703
0.5015687772371701	0.30241226816620387
0.33437918482478	0.41238036568118713
0.29258178672168256	0.41238036568118713
0.39707528197942626	0.30241226816620387
0.22988568956703628	0.46736441443867877
0.4075246315052007	0.27492024378745805
0.417973981030975	0.2474282194087123
0.2194363400412619	0.16495214627247487
0.4702207286598469	0.27492024378745805
0.4075246315052007	0.30241226816620387
0.44932202960829815	0.2474282194087123
0.3657272334021031	0.21993619502996647
0.2194363400412619	0.10996809751498324
0.24033503909281065	0.3848883413024413
0.4806700781856213	0.46736441443867877
0.5120181267629444	0.43987239005993295
0.4075246315052007	0.19244417065122066
0.28213243719590814	0.41238036568118713
0.25078438861858504	0.02749202437874581
