WT	KO
0.3082558110103441	0.27033823972433374
0.23975451967471206	0.19824804246451144
0.3219560692774705	0.43254118355893406
0.30140568187678085	0.4505637328738897
0.3425064566781601	0.3604509862991117
0.33565632754459684	0.32440588766920053
0.2945555527432177	0.18022549314955585
0.3699069732124129	0.34242843698415615
0.3493565858117233	0.34242843698415615
0.40415761888022894	0.41451863424397845
0.3562067149452865	0.34242843698415615
0.30140568187678085	0.32440588766920053
0.3562067149452865	0.16220294383460027
0.3425064566781601	0.27033823972433374
0.3904573606131025	0.5767215780785787
0.3904573606131025	0.43254118355893406
0.3288061984110337	0.32440588766920053
0.37675710234597615	0.32440588766920053
0.27400516534252806	0.34242843698415615
0.39730748974666574	0.5767215780785787
0.3630568440788497	0.4866088315038008
0.3219560692774705	0.4866088315038008
0.2877054236096545	0.3784735356140673
0.3219560692774705	0.3784735356140673
0.33565632754459684	0.30638333835424497
0.2466046488082753	0.4505637328738897
0.3425064566781601	0.32440588766920053
0.3699069732124129	0.3784735356140673
0.39730748974666574	0.34242843698415615
0.3699069732124129	0.3964960849290229
0.41785787714735534	0.3784735356140673
0.2945555527432177	0.34242843698415615
0.4315581354144817	0.34242843698415615
0.41785787714735534	0.34242843698415615
0.4110077480137921	0.4685862821888452
0.39730748974666574	0.27033823972433374
0.26030490707540166	0.18022549314955585
0.3699069732124129	0.3604509862991117
0.41785787714735534	0.32440588766920053
0.5959612346199986	0.4685862821888452
0.5617105889521825	0.5406764794486675
0.3699069732124129	0.43254118355893406
0.44525839368160813	0.3964960849290229
0.31510594014390725	0.30638333835424497
0.3699069732124129	0.28836078903928936
0.4795090393494241	0.41451863424397845
0.45895865194873453	0.2523156904093782
0.4110077480137921	0.5046313808187564
0.31510594014390725	0.4505637328738897
0.4863591684829873	0.5586990287636231
0.44525839368160813	0.4505637328738897
0.33565632754459684	0.43254118355893406
0.37675710234597615	0.43254118355893406
0.3699069732124129	0.3784735356140673
0.40415761888022894	0.3964960849290229
0.5069095558836769	0.6307892260234454
0.39730748974666574	0.3964960849290229
0.39730748974666574	0.4866088315038008
0.3493565858117233	0.41451863424397845
0.4521085228151713	0.3964960849290229
0.4795090393494241	0.5406764794486675
0.4795090393494241	0.5767215780785787
0.43840826454804493	0.43254118355893406
0.42470800628091854	0.32440588766920053
0.41785787714735534	0.5406764794486675
0.5822609763528721	0.7028794232832678
0.4863591684829873	0.4685862821888452
0.5343100724179298	0.5586990287636231
0.45895865194873453	0.3604509862991117
0.4795090393494241	0.4685862821888452
0.472658910215861	0.41451863424397845
0.4521085228151713	0.4866088315038008
0.5000594267501137	0.7028794232832678
0.5617105889521825	0.5046313808187564
0.4863591684829873	0.5767215780785787
0.4795090393494241	0.41451863424397845
0.5000594267501137	0.41451863424397845
0.39730748974666574	0.3604509862991117
0.43840826454804493	0.3964960849290229
0.39730748974666574	0.4685862821888452
0.5137596850172401	0.34242843698415615
0.45895865194873453	0.41451863424397845
0.5069095558836769	0.6127666767084899
0.4863591684829873	0.3604509862991117
0.5274599432843665	0.4505637328738897
0.5069095558836769	0.2523156904093782
0.46580878108229773	0.3964960849290229
0.42470800628091854	0.32440588766920053
0.4315581354144817	0.3784735356140673
0.4932092976165506	0.43254118355893406
0.4110077480137921	0.5586990287636231
0.4315581354144817	0.5586990287636231
0.7055633007570098	0.7209019725982234
0.4932092976165506	0.3964960849290229
0.5000594267501137	0.5767215780785787
0.46580878108229773	0.6668343246533567
0.37675710234597615	0.43254118355893406
0.2945555527432177	0.2523156904093782
0.3425064566781601	0.4505637328738897
0.6918630424898834	0.7749696205430903
0.5548604598186194	0.4505637328738897
0.37675710234597615	0.34242843698415615
0.3425064566781601	0.19824804246451144
0.3699069732124129	0.19824804246451144
0.5822609763528721	0.5586990287636231
0.6507622676885042	0.7028794232832678
0.3904573606131025	0.32440588766920053
0.6028113637535617	0.5586990287636231
0.43840826454804493	0.3964960849290229
0.5411602015514929	0.4685862821888452
0.5548604598186194	0.6668343246533567
0.5000594267501137	0.3964960849290229
0.45895865194873453	0.4866088315038008
0.5000594267501137	0.4505637328738897
0.5411602015514929	0.4685862821888452
0.4932092976165506	0.522653930133712
0.4521085228151713	0.5767215780785787
0.5822609763528721	0.7209019725982234
0.5069095558836769	0.34242843698415615
0.42470800628091854	0.4866088315038008
0.3836072314795393	0.3604509862991117
0.5069095558836769	0.43254118355893406
0.5959612346199986	0.5947441273935343
0.472658910215861	0.5406764794486675
0.5617105889521825	0.5586990287636231
0.46580878108229773	0.3784735356140673
0.5069095558836769	0.4505637328738897
0.4110077480137921	0.5586990287636231
0.3562067149452865	0.43254118355893406
0.42470800628091854	0.5046313808187564
0.472658910215861	0.27033823972433374
0.5137596850172401	0.4685862821888452
0.5137596850172401	0.4685862821888452
0.5480103306850561	0.5406764794486675
0.4863591684829873	0.5586990287636231
0.5343100724179298	0.5406764794486675
0.4315581354144817	0.522653930133712
0.3562067149452865	0.32440588766920053
0.40415761888022894	0.2523156904093782
0.3699069732124129	0.32440588766920053
0.5548604598186194	0.43254118355893406
0.5411602015514929	0.5586990287636231
0.472658910215861	0.32440588766920053
0.42470800628091854	0.3604509862991117
0.3836072314795393	0.28836078903928936
0.4795090393494241	0.3784735356140673
0.3562067149452865	0.5046313808187564
0.3630568440788497	0.30638333835424497
0.3904573606131025	0.5586990287636231
0.27400516534252806	0.32440588766920053
0.42470800628091854	0.34242843698415615
0.5000594267501137	0.3604509862991117
0.4795090393494241	0.3784735356140673
0.39730748974666574	0.34242843698415615
0.3288061984110337	0.21627059177946703
0.3493565858117233	0.30638333835424497
0.42470800628091854	0.19824804246451144
0.4521085228151713	0.3784735356140673
0.41785787714735534	0.4685862821888452
0.39730748974666574	0.21627059177946703
0.3562067149452865	0.30638333835424497
0.3699069732124129	0.2523156904093782
0.43840826454804493	0.5406764794486675
0.43840826454804493	0.3964960849290229
0.4315581354144817	0.41451863424397845
0.42470800628091854	0.3604509862991117
0.3699069732124129	0.28836078903928936
0.3836072314795393	0.522653930133712
0.4521085228151713	0.34242843698415615
0.40415761888022894	0.27033823972433374
0.3699069732124129	0.30638333835424497
0.3904573606131025	0.4866088315038008
0.46580878108229773	0.30638333835424497
0.4521085228151713	0.34242843698415615
0.27400516534252806	0.18022549314955585
0.27400516534252806	0.21627059177946703
0.3630568440788497	0.27033823972433374
0.5069095558836769	0.4505637328738897
0.4315581354144817	0.4505637328738897
0.40415761888022894	0.43254118355893406
0.4932092976165506	0.32440588766920053
0.3562067149452865	0.3784735356140673
0.30140568187678085	0.32440588766920053
0.4315581354144817	0.3964960849290229
0.4110077480137921	0.41451863424397845
0.3219560692774705	0.3964960849290229
0.3836072314795393	0.34242843698415615
0.4110077480137921	0.4505637328738897
0.40415761888022894	0.41451863424397845
0.3425064566781601	0.3604509862991117
0.3288061984110337	0.27033823972433374
0.3425064566781601	0.3784735356140673
0.3493565858117233	0.18022549314955585
0.37675710234597615	0.30638333835424497
0.3630568440788497	0.19824804246451144
0.3699069732124129	0.3604509862991117
0.3904573606131025	0.41451863424397845
0.2877054236096545	0.27033823972433374
0.30140568187678085	0.3604509862991117
0.3630568440788497	0.4505637328738897
