WT	KO
0.25878265615683205	0.3404259315047166
0.29683892912107207	0.3204008767103215
0.3196726928996161	0.18022549314955585
0.3348952020853121	0.24030065753274113
0.29683892912107207	0.2603257123271362
0.26639391074968005	0.30037582191592643
0.3501177112710081	0.3804760410935068
0.29683892912107207	0.3804760410935068
0.3272839474924641	0.2603257123271362
0.4110077480137921	0.3404259315047166
0.3653402204567041	0.3604509862991117
0.43384151179233615	0.6808518630094332
0.3044501837139201	0.3204008767103215
0.3501177112710081	0.24030065753274113
0.3501177112710081	0.3404259315047166
0.40339649342094414	0.22027560273834604
0.49473154853512014	0.4405512054766921
0.4566752755708801	0.420526150682297
0.3881739842352481	0.48060131506548226
0.38056272964240007	0.48060131506548226
0.3120614383067681	0.5406764794486675
0.4110077480137921	0.420526150682297
0.40339649342094414	0.5607015342430626
0.3957852388280961	0.4005010958879019
0.27400516534252806	0.3404259315047166
0.3653402204567041	0.2803507671215313
0.3501177112710081	0.3604509862991117
0.4262302571994881	0.4405512054766921
0.3348952020853121	0.4405512054766921
0.3348952020853121	0.2803507671215313
0.3501177112710081	0.2603257123271362
0.3653402204567041	0.5206514246542724
0.4414527663851841	0.4405512054766921
0.3729514750495521	0.30037582191592643
0.27400516534252806	0.30037582191592643
0.3120614383067681	0.3804760410935068
0.4718977847565761	0.4405512054766921
0.44906402097803216	0.3804760410935068
0.3577289658638561	0.3604509862991117
0.38056272964240007	0.2803507671215313
0.28161641993537606	0.3804760410935068
0.40339649342094414	0.2803507671215313
0.5632328398707521	0.5406764794486675
0.5556215852779042	0.5807265890374578
0.4110077480137921	0.620776698626248
0.3653402204567041	0.4005010958879019
0.38056272964240007	0.4405512054766921
0.3196726928996161	0.4405512054766921
0.5251765669065122	0.5206514246542724
0.44906402097803216	0.3204008767103215
0.40339649342094414	0.3604509862991117
0.3272839474924641	0.4005010958879019
0.41861900260664014	0.46057626027108717
0.4795090393494241	0.420526150682297
0.4414527663851841	0.5607015342430626
0.44906402097803216	0.5607015342430626
0.3501177112710081	0.3204008767103215
0.3577289658638561	0.5406764794486675
0.4795090393494241	0.5807265890374578
0.5251765669065122	0.5406764794486675
0.5784553490564481	0.640801753420643
0.48712029394227213	0.6007516438318529
0.4718977847565761	0.5406764794486675
0.49473154853512014	0.5406764794486675
0.43384151179233615	0.5607015342430626
0.4718977847565761	0.5006263698598773
0.4566752755708801	0.5406764794486675
0.5403990760922082	0.4405512054766921
0.5480103306850561	0.5006263698598773
0.4718977847565761	0.620776698626248
0.6165116220206882	0.7008769178038283
0.5708440944636002	0.6007516438318529
0.5251765669065122	0.46057626027108717
0.4414527663851841	0.4405512054766921
0.5480103306850561	0.4005010958879019
0.5327878214993601	0.7609520821870136
0.48712029394227213	0.5206514246542724
0.5784553490564481	0.5006263698598773
0.43384151179233615	0.48060131506548226
0.40339649342094414	0.46057626027108717
0.4642865301637281	0.3204008767103215
0.49473154853512014	0.46057626027108717
0.4414527663851841	0.4405512054766921
0.49473154853512014	0.4405512054766921
0.4718977847565761	0.5607015342430626
0.5480103306850561	0.46057626027108717
0.5480103306850561	0.5206514246542724
0.5403990760922082	0.7008769178038283
0.5632328398707521	0.6808518630094332
0.5023428031279681	0.5206514246542724
0.26639391074968005	0.3204008767103215
0.5936778582421441	0.8610773561589892
0.7839592230633443	0.7409270273926185
0.5327878214993601	0.640801753420643
0.3044501837139201	0.2603257123271362
0.49473154853512014	0.5206514246542724
0.7154579317277122	0.7008769178038283
0.7763479684704963	0.5807265890374578
0.44906402097803216	0.5807265890374578
0.25117140156398404	0.14017538356076564
0.22072638319259205	0.22027560273834604
0.3957852388280961	0.640801753420643
0.7611254592848001	0.9812276849253597
0.7002354225420162	0.5406764794486675
0.5480103306850561	0.5607015342430626
0.28922767452822407	0.2603257123271362
0.48712029394227213	0.2603257123271362
0.7002354225420162	0.8010021917758038
0.7611254592848001	0.7809771369814087
0.4110077480137921	0.3204008767103215
0.5632328398707521	0.4005010958879019
0.5327878214993601	0.4005010958879019
0.5251765669065122	0.5406764794486675
0.48712029394227213	0.7409270273926185
0.43384151179233615	0.3604509862991117
0.49473154853512014	0.4405512054766921
0.5480103306850561	0.3804760410935068
0.5860666036492962	0.48060131506548226
0.5556215852779042	0.5807265890374578
0.6165116220206882	0.5006263698598773
0.4566752755708801	0.5006263698598773
0.5175653123136641	0.46057626027108717
0.4795090393494241	0.5206514246542724
0.4718977847565761	0.4405512054766921
0.5251765669065122	0.7008769178038283
0.6089003674278402	0.5807265890374578
0.4414527663851841	0.6608268082150381
0.49473154853512014	0.5807265890374578
0.6165116220206882	0.620776698626248
0.5860666036492962	0.620776698626248
0.41861900260664014	0.46057626027108717
0.3501177112710081	0.3204008767103215
0.4414527663851841	0.5607015342430626
0.4566752755708801	0.4005010958879019
0.5556215852779042	0.5607015342430626
0.5403990760922082	0.420526150682297
0.4795090393494241	0.5807265890374578
0.5023428031279681	0.5807265890374578
0.6241228766135362	0.5807265890374578
0.5023428031279681	0.420526150682297
0.3044501837139201	0.30037582191592643
0.38056272964240007	0.24030065753274113
0.4718977847565761	0.22027560273834604
0.4566752755708801	0.48060131506548226
0.38056272964240007	0.420526150682297
0.28161641993537606	0.3804760410935068
0.27400516534252806	0.3404259315047166
0.4110077480137921	0.22027560273834604
0.4110077480137921	0.3804760410935068
0.38056272964240007	0.4005010958879019
0.3272839474924641	0.4405512054766921
0.3272839474924641	0.420526150682297
0.3881739842352481	0.48060131506548226
0.4414527663851841	0.30037582191592643
0.40339649342094414	0.3204008767103215
0.41861900260664014	0.4405512054766921
0.4566752755708801	0.4005010958879019
0.38056272964240007	0.420526150682297
0.3653402204567041	0.3404259315047166
0.43384151179233615	0.3604509862991117
0.48712029394227213	0.30037582191592643
0.4110077480137921	0.3404259315047166
0.49473154853512014	0.3804760410935068
0.48712029394227213	0.5006263698598773
0.3957852388280961	0.24030065753274113
0.4718977847565761	0.4405512054766921
0.29683892912107207	0.2603257123271362
0.4262302571994881	0.3404259315047166
0.3881739842352481	0.3604509862991117
0.40339649342094414	0.3404259315047166
0.3577289658638561	0.3804760410935068
0.4414527663851841	0.2603257123271362
0.41861900260664014	0.3604509862991117
0.4718977847565761	0.420526150682297
0.4642865301637281	0.4005010958879019
0.4110077480137921	0.30037582191592643
0.3881739842352481	0.46057626027108717
0.4566752755708801	0.20025054794395095
0.4414527663851841	0.3804760410935068
0.43384151179233615	0.2803507671215313
0.41861900260664014	0.3404259315047166
0.41861900260664014	0.5607015342430626
0.3425064566781601	0.48060131506548226
0.44906402097803216	0.3604509862991117
0.4718977847565761	0.48060131506548226
0.28922767452822407	0.3604509862991117
0.3729514750495521	0.46057626027108717
0.41861900260664014	0.3404259315047166
0.3425064566781601	0.30037582191592643
0.4642865301637281	0.4005010958879019
0.4262302571994881	0.3404259315047166
0.38056272964240007	0.3604509862991117
0.3729514750495521	0.3604509862991117
0.28922767452822407	0.4005010958879019
0.40339649342094414	0.4005010958879019
0.3957852388280961	0.2803507671215313
0.3729514750495521	0.4005010958879019
0.3425064566781601	0.3204008767103215
0.3044501837139201	0.2603257123271362
0.41861900260664014	0.420526150682297
