WT	KO
0.3300189692303806	0.3143751742025876
0.2877324160699419	0.34686646315648634
0.31163351133453765	0.3257910324836871
0.31898769449287484	0.33369431898598684
0.3153106029137063	0.3424757484329865
0.3079564197553691	0.34335389137768646
0.28129750580639684	0.3020811729767881
0.2904902347543183	0.30647188770028794
0.3079564197553691	0.3187658889260874
0.31347205712412196	0.3249128895389872
0.3281804234407963	0.3249128895389872
0.3355346065991335	0.3389631766541866
0.3180684215980827	0.3328161760412869
0.35300079160018427	0.3881391815573847
0.3677091579168586	0.38989546744678466
0.34105024396788636	0.35389160671408604
0.33645387949392563	0.33105989015188697
0.3143913300189141	0.3257910324836871
0.3493237000210157	0.3591604643822859
0.33277678791475707	0.35037903493528616
0.34288878975747067	0.3977987539490843
0.3594357018637293	0.38374846683388486
0.35392006449497637	0.355647892603486
0.33093824212517275	0.39165175333618457
0.4008029821293759	0.39165175333618457
0.388852434497078	0.39867689689378427
0.3695477037064429	0.37496703738688525
0.3447273355470549	0.3565260355481859
0.31347205712412196	0.34511017726708637
0.3594357018637293	0.3389631766541866
0.3732247952856115	0.3977987539490843
0.3677091579168586	0.39165175333618457
0.3713862494960272	0.3653074649951856
0.3447273355470549	0.38550475272328477
0.34380806265226277	0.3995550398384843
0.3594357018637293	0.38374846683388486
0.3713862494960272	0.3696981797186854
0.3419695168626785	0.381114037999785
0.3851753429179094	0.4065801833960839
0.3520815187053921	0.3951643251149844
0.34656588133663924	0.3846266097785848
0.38425607002311724	0.3995550398384843
0.36587061212727434	0.39077361039148456
0.34656588133663924	0.3846266097785848
0.3621935205481057	0.38023589505508504
0.38425607002311724	0.40306761161728416
0.3796597055491565	0.41711789873248356
0.3732247952856115	0.3925298962808845
0.4145920755512581	0.40218946867258415
0.3998837092345837	0.3600386073269858
0.35392006449497637	0.3600386073269858
0.3989644363397916	0.40218946867258415
0.39620661765541515	0.4179960416771835
0.41643062134084236	0.42589932817948317
0.38793316160228586	0.43468075762648284
0.3971258905502073	0.40394575456198406
0.40815716528771306	0.3925298962808845
0.40172225502416803	0.4127271840089837
0.3787404326543644	0.3863828956679848
0.4302197147627246	0.4092146122301839
0.3989644363397916	0.4109708981195838
0.40172225502416803	0.4136053269536837
0.4044800737085445	0.4241430422900833
0.42102698581480313	0.4408277582393826
0.3971258905502073	0.42589932817948317
0.4247040773939717	0.41623975578778355
0.43205826055230884	0.4092146122301839
0.4044800737085445	0.4381933294052827
0.43481607923668536	0.44785290179698234
0.4807797239762926	0.46980647541448145
0.45320153713252825	0.456634331243982
0.43389680634189315	0.4109708981195838
0.388852434497078	0.41184904106428377
0.40172225502416803	0.4197523275665834
0.3833367971283251	0.3951643251149844
0.457797901606489	0.4417059011840826
0.4440088081846068	0.41887418462188347
0.39069098028666227	0.41536161284308365
0.39804516344499946	0.404823897506684
0.43757389792106177	0.43029004290298306
0.44125098950023034	0.44521847296288247
0.43113898765751674	0.44609661590758243
0.44952444555335963	0.44697475885228233
0.4596364473960733	0.44521847296288247
0.4366546250262696	0.4619031889121818
0.4118342568668817	0.4004331827831842
0.4044800737085445	0.41184904106428377
0.4440088081846068	0.4487310447416823
0.41091498397208953	0.4285337570135831
0.38057897844394867	0.37496703738688525
0.32174551317725125	0.3372068907647867
0.2684276852793068	0.29066531469568857
0.3493237000210157	0.32842546131778705
0.4467666268689832	0.44521847296288247
0.4256233502887638	0.44346218707348256
0.27578186843764396	0.3012030300320881
0.27210477685847534	0.2871527429168887
0.25371931896263245	0.27749317052518907
0.44125098950023034	0.4285337570135831
0.5322590060846528	0.5462049116033785
0.5065193650304728	0.5181043373729796
0.5359360976638214	0.5321546244881791
0.4467666268689832	0.47419719013798134
0.41826916713042667	0.4355589005711828
0.3024407823866162	0.3328161760412869
0.25188077317304813	0.27661502758048906
0.2923287805439026	0.29593417236388836
0.34656588133663924	0.38199218094448495
0.41643062134084236	0.45575618829928205
0.41643062134084236	0.39867689689378427
0.24176877133033456	0.26432102635468957
0.31163351133453765	0.3389631766541866
0.3392116981783021	0.37233260855278527
0.40907643818250516	0.4250211852347832
0.4283811689731403	0.4592687600780819
0.40172225502416803	0.40218946867258415
0.43389680634189315	0.4232648993453833
0.4697484492387869	0.44346218707348256
0.43573535213147746	0.4794660478061811
0.4293004418679324	0.46102504596748184
0.43205826055230884	0.43029004290298306
0.41826916713042667	0.3969206110043843
0.44125098950023034	0.4179960416771835
0.43941244371064603	0.4250211852347832
0.43113898765751674	0.4285337570135831
0.3897717073918701	0.45575618829928205
0.43113898765751674	0.44346218707348256
0.432977533447101	0.42765561406888314
0.4155113484460502	0.4109708981195838
0.4118342568668817	0.4197523275665834
0.42378480449917955	0.4654157606909816
0.4449280810793989	0.43380261468178294
0.42378480449917955	0.4092146122301839
0.4256233502887638	0.42589932817948317
0.40539934660333665	0.4285337570135831
0.4173498942356345	0.44346218707348256
0.4623942660804497	0.46014690302278183
0.4099957110772973	0.44521847296288247
0.42378480449917955	0.40306761161728416
0.42378480449917955	0.4127271840089837
0.41826916713042667	0.42238675640068335
0.426542623183556	0.43204632879238297
0.4008029821293759	0.4285337570135831
0.40631861949812875	0.40745832634078394
0.38609461581270155	0.40218946867258415
0.4072378923929209	0.4285337570135831
0.40631861949812875	0.4408277582393826
0.3787404326543644	0.4092146122301839
0.38793316160228586	0.4179960416771835
0.39436807186583084	0.40306761161728416
0.3989644363397916	0.4179960416771835
0.38425607002311724	0.3934080392255845
0.35575861028456074	0.4004331827831842
0.35024297291580786	0.39867689689378427
0.40356080081375234	0.4092146122301839
0.35851642896893715	0.404823897506684
0.3750633410751958	0.4065801833960839
0.3713862494960272	0.4004331827831842
0.3713862494960272	0.3828703238891849
0.3621935205481057	0.3828703238891849
0.36311279344289793	0.3960424680596844
0.37598261396998794	0.38726103861268474
0.36127424765331356	0.37496703738688525
0.382417524233533	0.405702040451384
0.357597156074145	0.38023589505508504
0.357597156074145	0.35389160671408604
0.35300079160018427	0.3960424680596844
0.32634187765121203	0.3398413195988866
0.3695477037064429	0.38023589505508504
0.3254226047564199	0.3257910324836871
0.3723055223908194	0.36355117910578566
0.3235840589668356	0.3372068907647867
0.3594357018637293	0.3644293220504856
0.36127424765331356	0.37672332327628516
0.35851642896893715	0.37408889444218524
0.3603549747585214	0.3521353208246861
0.35392006449497637	0.3776014662209851
0.3382924252835099	0.36355117910578566
0.34105024396788636	0.35828232143758587
0.36403206633769003	0.3565260355481859
0.382417524233533	0.38374846683388486
0.3677091579168586	0.39165175333618457
0.3346153337043413	0.3389631766541866
0.33645387949392563	0.3530134637693861
0.3235840589668356	0.3117407453684877
0.33093824212517275	0.35828232143758587
0.36403206633769003	0.3925298962808845
0.34380806265226277	0.34686646315648634
0.3281804234407963	0.3424757484329865
0.3235840589668356	0.36267303616108565
0.3566778831793529	0.3574041784928859
0.3456466084418471	0.37496703738688525
0.34288878975747067	0.3574041784928859
0.3336960608095492	0.3328161760412869
0.3272611505460042	0.3609167502716858
0.3318575150199649	0.3591604643822859
0.3235840589668356	0.34335389137768646
0.3392116981783021	0.3424757484329865
0.2996829637022398	0.3143751742025876
0.295086599228279	0.329303604262487
