WT	KO
0.328088714505924	0.31418327598189305
0.2867738393459187	0.3319818359513107
0.30783632472160766	0.3219217803164225
0.33132909687141454	0.3312079855178577
0.31593728063533416	0.3335295368182165
0.3094565159043529	0.33739878898548126
0.30378584676474435	0.31573097684879897
0.29811517762513584	0.30644477164736367
0.30378584676474435	0.31727867771570484
0.32160794977494267	0.3242433316167813
0.3054060379474897	0.30412322034700484
0.3499612954729855	0.3327556863847636
0.31593728063533416	0.32114792988296953
0.34024014837651373	0.36757895589014583
0.3459108175161223	0.37222205849086343
0.35320167783847617	0.35597119938835176
0.31431708945258885	0.3079924725142696
0.29811517762513584	0.3165048272822519
0.33213919246278717	0.33739878898548126
0.33861995719376836	0.35055424635418114
0.3394300527851411	0.3691266567570517
0.3475310086988676	0.3807344132588458
0.3758843543969104	0.3691266567570517
0.33213919246278717	0.3923421697606399
0.3783146411710283	0.38460366542611046
0.35644206020396674	0.3900206184602811
0.35806225138671205	0.3629358532894282
0.3507713910643582	0.35210194722108706
0.32079785418357004	0.36370970372288114
0.3523915822471035	0.34591114375346355
0.35644206020396674	0.3853775158595634
0.35563196461259405	0.3714482080574105
0.3685934940745565	0.36603125502323997
0.3548218690212214	0.39156831932718694
0.34267043515063167	0.3900206184602811
0.35563196461259405	0.36757895589014583
0.3540117734298488	0.37376975935776935
0.34024014837651373	0.365257404589787
0.3669733028918112	0.3900206184602811
0.3442906263333769	0.38228211412575164
0.33375938364553254	0.3644835541563341
0.35158148665573086	0.37222205849086343
0.34834110429024023	0.3706743576239576
0.3645430161176933	0.3791867123919399
0.35887234697808473	0.39156831932718694
0.3685934940745565	0.3969852723613575
0.36616320730043855	0.37222205849086343
0.3442906263333769	0.3629358532894282
0.3969468397725993	0.3760913106581282
0.3856055014933822	0.34900654548727533
0.35806225138671205	0.3575189002552576
0.3969468397725993	0.3830559645592046
0.379124736762401	0.41246228103041627
0.4131487516000524	0.403176075828981
0.3904660750416181	0.42716543926602213
0.38965597945024544	0.3807344132588458
0.3839853103106369	0.37763901152503404
0.40099731772946257	0.41246228103041627
0.3945165529984814	0.3931160201940928
0.42692037665338745	0.41246228103041627
0.3985670309553447	0.40627147756279275
0.3799348323537736	0.4000806740951693
0.413958847191425	0.42020078536494565
0.4123386560086797	0.45192865313651615
0.38317521471926425	0.4132361314638692
0.4212497075137789	0.40627147756279275
0.42205980310515157	0.4070453279962457
0.39127617063299075	0.4225223366653045
0.42611028106201476	0.43026084099983386
0.4560838179428029	0.45115480270306324
0.448792957620449	0.4573456061706867
0.42530018547064213	0.4225223366653045
0.40990836923456175	0.42020078536494565
0.4236799942878968	0.4248438879656633
0.40099731772946257	0.415557682764228
0.40909827364318907	0.4349039436005515
0.43664152374985926	0.415557682764228
0.3823651191278916	0.39853297322826337
0.3904660750416181	0.39775912279481046
0.43502133256711395	0.4232961870987574
0.42854056783613276	0.4256177383991162
0.42692037665338745	0.4387731957678162
0.44717276643770376	0.44109474706817503
0.4479828620290764	0.4325823923001927
0.4374516193412319	0.4387731957678162
0.4123386560086797	0.38460366542611046
0.416389133965543	0.4024022253955281
0.44474247966358577	0.45192865313651615
0.40099731772946257	0.41400998189732213
0.3621127293435753	0.353649648087993
0.32079785418357004	0.32888643421749886
0.2665214495616024	0.290193912544852
0.3807449279451463	0.3691266567570517
0.4317809502016233	0.428713140132928
0.41152856041730707	0.4240700375322104
0.27057192751846565	0.28090770734341675
0.2649012583788571	0.27394305344234027
0.24545896418591345	0.26697839954126384
0.45041314880319433	0.4240700375322104
0.520891465252615	0.5115151365123924
0.5152207961130065	0.504550482611316
0.5403337594455587	0.5277659956149041
0.4390718105239772	0.46198870877140435
0.43016075901887807	0.4364516444674574
0.2762425966580742	0.30721862208081663
0.24788925096003142	0.2685261004081697
0.2843435525718007	0.3010278186131931
0.32160794977494267	0.3551973489548988
0.3969468397725993	0.4132361314638692
0.40423770009495325	0.4024022253955281
0.23411762590669632	0.2654306986743579
0.29649498644239053	0.32811258378404595
0.3451007219247496	0.36370970372288114
0.39370645740710875	0.4109145801635104
0.41800932514828826	0.44805940096925145
0.3864155970847548	0.378412861958487
0.41962951633103357	0.39775912279481046
0.45203333998593964	0.4248438879656633
0.41476894278279763	0.4573456061706867
0.42530018547064213	0.44805940096925145
0.4074780824604438	0.4147838323307751
0.3775045455796557	0.3629358532894282
0.41962951633103357	0.41246228103041627
0.4309708546102507	0.4132361314638692
0.42611028106201476	0.4318085418667397
0.381555023536519	0.44805940096925145
0.4058578912776985	0.41942693493149275
0.413958847191425	0.41400998189732213
0.413958847191425	0.4024022253955281
0.4236799942878968	0.4132361314638692
0.43502133256711395	0.45192865313651615
0.4455525752549584	0.41246228103041627
0.4050477956863259	0.3931160201940928
0.4123386560086797	0.39930682366171627
0.4204396119224062	0.4333562427336456
0.4123386560086797	0.4364516444674574
0.44393238407221314	0.44341629836853386
0.3969468397725993	0.4186530844980398
0.4212497075137789	0.4085930288631516
0.4309708546102507	0.41400998189732213
0.4309708546102507	0.42174848623185157
0.41476894278279763	0.4008545245286222
0.38722569267612755	0.41246228103041627
0.3880357882675002	0.38460366542611046
0.3928963618157361	0.38769906715992225
0.39127617063299075	0.40781917842969867
0.38479540590200956	0.4225223366653045
0.3645430161176933	0.3938898706275457
0.37021368525730186	0.4008545245286222
0.3718338764400471	0.38382981499265756
0.3969468397725993	0.4171053836311339
0.40099731772946257	0.3938898706275457
0.3613026337522026	0.3900206184602811
0.3459108175161223	0.39775912279481046
0.3888458838588728	0.3931160201940928
0.3507713910643582	0.38769906715992225
0.3645430161176933	0.38769906715992225
0.3685934940745565	0.3923421697606399
0.3548218690212214	0.365257404589787
0.3507713910643582	0.3683528063235988
0.35563196461259405	0.3931160201940928
0.3718338764400471	0.3799605628253928
0.3621127293435753	0.36757895589014583
0.3669733028918112	0.38460366542611046
0.3329492880541598	0.3466849941869165
0.34267043515063167	0.3312079855178577
0.3459108175161223	0.38382981499265756
0.32160794977494267	0.340494190719293
0.3548218690212214	0.3768651610915811
0.3135069938612162	0.31340942554844015
0.35158148665573086	0.35055424635418114
0.32322814095768804	0.3312079855178577
0.3442906263333769	0.3544234985214459
0.3451007219247496	0.3621620028559753
0.34105024396788636	0.37376975935776935
0.3353795748282778	0.34591114375346355
0.33861995719376836	0.3629358532894282
0.325658427731806	0.35597119938835176
0.33375938364553254	0.34978039592072824
0.36292282493494793	0.3613881524225223
0.37345406762279243	0.36603125502323997
0.35644206020396674	0.3969852723613575
0.3175574718180795	0.33585108811857534
0.32970890568866923	0.340494190719293
0.3191776630008248	0.30721862208081663
0.32160794977494267	0.34823269505382237
0.35968244256945736	0.38847291759337516
0.3353795748282778	0.3327556863847636
0.3118868026784709	0.3304341350844048
0.3094565159043529	0.3327556863847636
0.34834110429024023	0.35055424635418114
0.3459108175161223	0.37454360979122225
0.3394300527851411	0.35055424635418114
0.307026229130235	0.3226956307498754
0.3329492880541598	0.3544234985214459
0.33375938364553254	0.3582927506887106
0.31674737622670684	0.3582927506887106
0.35158148665573086	0.35984045155561645
0.29649498644239053	0.31573097684879897
0.30621613353886235	0.3265648829171401
