WT	KO
0.3637763319862497	0.3666287714110459
0.3852310304651242	0.4030639288183548
0.3876148858516658	0.40260848935076343
0.4066857289439987	0.39668777627207574
0.3976270784751406	0.3962323368044844
0.37617237999626607	0.3488666321749828
0.4052554157120737	0.4067074445590857
0.4066857289439987	0.3994204130776239
0.4047786446347654	0.39577689733689303
0.39810384955244893	0.36389613460549775
0.3871381147743575	0.41171727870259067
0.4109766686397736	0.40716288402667705
0.4043018735574571	0.4053411261563116
0.38952197016089907	0.38348003171192624
0.393812909856674	0.3830245922443349
0.39285936770205737	0.3971432157396671
0.4190817769540151	0.41217271817018203
0.40334833140284043	0.41171727870259067
0.4147908372582402	0.41217271817018203
0.41717469264478174	0.41991518911923514
0.39238259662474906	0.42401414432755746
0.41431406618093186	0.44496435983676
0.44864158374713103	0.4595384227996836
0.4166979215674735	0.4349446915497501
0.4453041862059728	0.45225139131822184
0.43052428280941485	0.4190043101840525
0.43338490927326473	0.42538046273033153
0.4310010538867231	0.4431426019663946
0.4386293911236563	0.42720222060069696
0.4581770052932975	0.45498402812377
0.47963170377217196	0.47229072789224175
0.4581770052932975	0.4709244094894676
0.4534092945202143	0.46955809108669355
0.4805852459267886	0.45817210439690953
0.450071896979056	0.4431426019663946
0.44435064405135616	0.44086540462843776
0.45960731852522246	0.4741124857626071
0.46437502929830565	0.47229072789224175
0.49679546255527157	0.4973398986097666
0.47295690868985546	0.4517959518506305
0.45102543913367266	0.45134051238303907
0.4734336797671638	0.4704689700218763
0.4753407640763971	0.47638968310056395
0.4896438963956467	0.4955181407394012
0.47295690868985546	0.49642901967458386
0.492981293936805	0.46181562013764044
0.4863064988544885	0.4823103961792517
0.47248013761254715	0.47638968310056395
0.5039470287148964	0.5064486879615938
0.5220643296526126	0.5164683562486038
0.5096682816425963	0.5223890693272915
0.5263552693483876	0.49506270127180985
0.5053773419468214	0.5128248405078729
0.5130056791837546	0.48413215404961707
0.48726004100910514	0.487775669790348
0.533030064430704	0.5069041274291851
0.5315997511987791	0.5196564325217433
0.537321004126479	0.535596813887441
0.5277855825803125	0.5141911589106469
0.519680474266071	0.5447056032392682
0.5578221604507368	0.5223890693272915
0.5549615339868867	0.5396957690957632
0.5459028835180287	0.5264880245356137
0.506330884101438	0.5032606116884543
0.4991793179418132	0.4936963828690357
0.5096682816425963	0.5246662666652483
0.5430422570541789	0.5296761008087533
0.5296926668895457	0.536963132290215
0.5115753659518295	0.49642901967458386
0.5401816305903289	0.5501708768503645
0.5611595579918951	0.5378740112253978
0.5435190281314871	0.5497154373827732
0.5354139198172456	0.5624677424753313
0.5635434133784367	0.5424284059013114
0.5397048595130206	0.5324087376143014
0.5559150761415035	0.5296761008087533
0.5482867389045704	0.5428838453689028
0.5635434133784367	0.568388455554019
0.5535312207549619	0.5460719216420423
0.575939461388453	0.5337750560170755
0.5606827869145867	0.5201118719893346
0.5673575819969032	0.5251217061328396
0.5554383050641952	0.535596813887441
0.5573453893734284	0.5497154373827732
0.5616363290692034	0.5401512085633545
0.580230401084228	0.5856951553224907
0.6169417740369687	0.5647449398132881
0.5916729069396276	0.5774972449058462
0.6183720872688936	0.5747646081002981
0.6522228337577846	0.6471794834473245
0.6341055328200682	0.5866060342576734
0.3876148858516658	0.39850953414244117
0.731366832590966	0.7428217716415104
0.7456699649102156	0.7191389193267596
0.5702182084607531	0.5465273611096336
0.3575783079812415	0.362985255670315
0.533030064430704	0.5296761008087533
0.7976380123368227	0.7860885210626897
0.8896548302573288	0.872166580437457
0.5535312207549619	0.5565470293966436
0.34470548889391683	0.3406687217583383
0.3675905006047163	0.3434013585638865
0.5158663056476045	0.5447056032392682
0.873444613628846	0.8316324678218258
0.7943006147956645	0.775157973840497
0.5687878952288282	0.5647449398132881
0.34899642858969177	0.346589434837026
0.5435190281314871	0.5196564325217433
0.728506206127116	0.72597051134063
0.743286109523674	0.7305249060165436
0.4286171985001815	0.40260848935076343
0.6279075088150601	0.6025464156233711
0.6331519906654517	0.6253183890029391
0.5830910275480778	0.5474382400448163
0.5716485216926781	0.5474382400448163
0.5764162324657613	0.5629231819429226
0.589289051553086	0.5943485052067266
0.5525776786003453	0.5196564325217433
0.537321004126479	0.5387848901605805
0.575939461388453	0.5556361504614609
0.5501938232138037	0.530586979743936
0.5420887148995622	0.5278543429383878
0.5339836065853206	0.5346859349522582
0.5673575819969032	0.5592796662021917
0.56258987122382	0.5661112582160622
0.5420887148995622	0.5497154373827732
0.5692646663061365	0.5538143925910954
0.5449493413634121	0.5624677424753313
0.5234946428845376	0.548349118979999
0.5435190281314871	0.5069041274291851
0.5187269321114544	0.509181324767142
0.5368442330491706	0.5228445087948829
0.5215875585753044	0.5173792351837865
0.5315997511987791	0.5314978586791187
0.5206340164206876	0.482765835646843
0.5249249561164625	0.49506270127180985
0.5144359924156795	0.5192009930541519
0.5368442330491706	0.5005279748829061
0.5044237997922048	0.4868647908551653
0.4905974385502634	0.5005279748829061
0.5258784982710791	0.5073595668967765
0.5177733899568376	0.5128248405078729
0.49774900470988825	0.509181324767142
0.4696195111486972	0.48595391191998255
0.4824923302360219	0.4627264990728231
0.5120521370291379	0.4987062170125407
0.4820155591587136	0.46955809108669355
0.45054866805636434	0.4504296334478564
0.4958419204006549	0.4759342436329726
0.4567466920613725	0.4709244094894676
0.5044237997922048	0.4704689700218763
0.44721127051520604	0.48367671458202577
0.4848761856225635	0.47274616735983305
0.47438722192178046	0.4791223199061121
0.4901206674729551	0.46500369641077993
0.4562699209840642	0.449974193980265
0.450071896979056	0.45225139131822184
0.4457809572832811	0.4704689700218763
0.4591305474479141	0.4595384227996836
0.4863064988544885	0.4759342436329726
0.450071896979056	0.4718352884246504
0.41240698187169855	0.43631100995252414
0.45770023421598915	0.4545285886561786
0.41860500587670674	0.45908298333209224
0.43576876465980635	0.44405348090157737
0.4324313671186481	0.3953214578693017
0.39238259662474906	0.4085292024294511
0.43052428280941485	0.44405348090157737
0.44387387297404785	0.42811309953587967
0.4152676083355485	0.4194597496516438
0.4081160421759237	0.4057965656239029
0.3976270784751406	0.40944008136463383
0.4152676083355485	0.4153607944433216
0.41383729510362355	0.3971432157396671
0.41193021079439024	0.3980540946748498
0.4181282347993984	0.3884898658554312
0.3914290544701324	0.3789256370360127
0.39285936770205737	0.38211371330915217
0.395243223088599	0.37072772661936815
0.4066857289439987	0.38348003171192624
0.3728349824551078	0.40124217094798936
0.3661601873727913	0.37755931863323855
0.3880916569289741	0.3853017895822917
0.40620895786669037	0.3903116237257967
0.3919058255474407	0.38985618425820534
0.4047786446347654	0.3948660184017103
0.36902081383664126	0.3597971793971755
0.37998654861473263	0.369361408216594
0.36997435599125794	0.38348003171192624
0.3585318501358582	0.35797542152681
0.35662476582662483	0.36389613460549775
0.35662476582662483	0.34385679803147784
0.3628227898316331	0.3452231164342519
0.36043893444509145	0.34795575323980005
0.34994997074430834	0.38348003171192624
0.35328736828546664	0.36389613460549775
0.3675905006047163	0.34567855590184327
0.35662476582662483	0.3511438295129396
0.3513802839762334	0.36799508981381995
0.3370771516569837	0.3661733319434545
