WT	KO
0.3070900733792955	0.29242781679281404
0.29791599886010267	0.30257515428404735
0.31722983995314014	0.3108775213223291
0.31288422570720675	0.3145674622282322
0.32688676049965887	0.2993464559913822
0.3124013796798808	0.3214861014268003
0.32447253036302925	0.32194734404003816
0.2829477720129987	0.30257515428404735
0.33702652707350356	0.33071095369155784
0.33074952871826635	0.3293272258518442
0.33895791118280727	0.33670710766365025
0.34571775556537043	0.34085829118279115
0.34088929529211104	0.31641243268118363
0.33026668269094045	0.34962190083431083
0.3539261380299113	0.3237923144929897
0.34909767775665196	0.32471479971946543
0.3447520635107185	0.34962190083431083
0.3365436810461776	0.34547071731516993
0.3278524525543108	0.33670710766365025
0.32640391447233297	0.337629592890126
0.35827175227584473	0.3380908355033639
0.34909767775665196	0.3399358059563154
0.3500633698113038	0.33440089459746086
0.3602031363851485	0.35607929741964106
0.3321980668002442	0.3473156877681214
0.35537467611188917	0.36438166445792286
0.34088929529211104	0.33071095369155784
0.31964407008976986	0.34085829118279115
0.34185498734676295	0.337629592890126
0.33171522077291826	0.32886598323860633
0.3519947539206076	0.3634591792314471
0.37323997912294876	0.363920421844685
0.3495805237839779	0.371300303656491
0.37517136323225253	0.3634591792314471
0.386759667888075	0.3597692383255441
0.3799998235055119	0.36207545139173347
0.3838625917241194	0.3625366940049714
0.36599728871305975	0.3570017826461168
0.36310021254910413	0.3551568121931653
0.35537467611188917	0.3855988246668652
0.3519947539206076	0.3574630252593547
0.3655144426857338	0.341319533796029
0.37468851720492663	0.3759127297888698
0.3611688284398004	0.3588467530990683
0.348614831729326	0.34962190083431083
0.3611688284398004	0.363920421844685
0.3602031363851485	0.3653041496843986
0.37517136323225253	0.3574630252593547
0.35827175227584473	0.337629592890126
0.3824140536421416	0.35331184174021385
0.39062243610668246	0.36761036275058806
0.40172789473517906	0.3869825525065788
0.39158812816133437	0.39620740477133637
0.39545089637994185	0.363920421844685
0.3877253599427269	0.3625366940049714
0.3997965106258753	0.3994361030640015
0.3814483615874897	0.3800639133080107
0.39062243610668246	0.3671491201373501
0.41428189144565336	0.39805237522428794
0.3838625917241194	0.39205622125219547
0.4041421248718087	0.3879050377330546
0.40800489309041615	0.4058934996493318
0.4113848152816978	0.4022035587434288
0.39351951227063814	0.3957461621580985
0.3997965106258753	0.3842150968271516
0.3983479725438975	0.39482367693162274
0.41814465966426084	0.39205622125219547
0.4084877391177421	0.39436243431838486
0.40607350898111244	0.371300303656491
0.42635304212880176	0.39620740477133637
0.4200760437735646	0.39805237522428794
0.4186275056915868	0.39759113261105006
0.42345596596484614	0.4141958666876136
0.45918657198696544	0.4072772274890454
0.4393898848666021	0.4248044467920848
0.43794134678462426	0.43725799734950743
0.4562894958230098	0.4215757484994196
0.4137990454183274	0.43771923996274537
0.3978651265165716	0.41235089623466203
0.424904504046824	0.4081997127155212
0.42973296432008334	0.4105059257817106
0.4490468054131208	0.4298781155377014
0.42828442623810553	0.41142841100818633
0.447598267331143	0.4188082928199924
0.4640150322602248	0.4474053348407407
0.44470119116718737	0.43033935815093927
0.4495296514404467	0.43449054167008017
0.4084877391177421	0.39436243431838486
0.3828968996694675	0.3717615462697289
0.37468851720492663	0.3616142087784956
0.34233783337408885	0.3274822553988927
0.5456160108783081	0.510134330241092
0.44325265308520956	0.43033935815093927
0.40317643281715687	0.3736065167226804
0.36599728871305975	0.35654054003287894
0.2245234027065604	0.24169112933664758
0.3162641478984883	0.3034976395105231
0.25928831667402785	0.24538107024255057
0.47270626075209166	0.4358742695097938
0.4596694180142914	0.44325415132159984
0.2723251594118281	0.277668053169202
0.4596694180142914	0.43033935815093927
0.4360099626753205	0.4340292990568423
0.26556531502926495	0.26060207647940054
0.33702652707350356	0.3173349179076594
0.24721716599087942	0.24215237194988545
0.35054621583862977	0.34178077640926685
0.40365927884448277	0.3929787064786713
0.424904504046824	0.4294168729244635
0.5340277062224856	0.5276615495441314
0.3365436810461776	0.33486213721069874
0.3785512854235341	0.3597692383255441
0.371308595013645	0.37037781843001527
0.4287672722654315	0.41281213884789997
0.501194176364322	0.4570914297187361
0.4640150322602248	0.46401006891730434
0.46546357034220265	0.4584751575584498
0.4673949544515064	0.4363355121230317
0.4084877391177421	0.42618817463179837
0.45001249746777267	0.4543239740393089
0.4495296514404467	0.4289556303112257
0.4529095736317283	0.4248044467920848
0.4683606465061582	0.4317230859906529
0.4311815024020611	0.4188082928199924
0.45435811171370605	0.4224982337258954
0.3973822804892456	0.3846763394403895
0.4292501182927574	0.4160408371405651
0.4224902739101943	0.3998973456772394
0.42973296432008334	0.41557959452732723
0.44083842294857983	0.4248044467920848
0.4360099626753205	0.42388196156560903
0.4360099626753205	0.39205622125219547
0.44518403719451327	0.44140918086864833
0.4026935867898309	0.3994361030640015
0.4041421248718087	0.41096716839494846
0.40172789473517906	0.4035872865831424
0.40800489309041615	0.4095834405552348
0.44421834513986147	0.43080060076417714
0.40317643281715687	0.3911337360257197
0.36648013474038565	0.37268403149620466
0.39013959007935656	0.37268403149620466
0.40317643281715687	0.4054322570360939
0.4166961215822831	0.4174245649802787
0.40076220268052715	0.4137346240743757
0.39351951227063814	0.38513758205362736
0.3799998235055119	0.36853284797706376
0.38193120761481564	0.37268403149620466
0.3626173665217782	0.35654054003287894
0.4051078169264606	0.4035872865831424
0.3877253599427269	0.37914142808153495
0.3799998235055119	0.371300303656491
0.38193120761481564	0.36484290707116074
0.3626173665217782	0.3482381729945972
0.3742056711776007	0.36484290707116074
0.37468851720492663	0.3800639133080107
0.36648013474038565	0.4035872865831424
0.39448520432528994	0.37499024456239405
0.3669629807677116	0.37268403149620466
0.37565420925957843	0.3722227888829667
0.38193120761481564	0.3796026706947728
0.3911052821340084	0.36438166445792286
0.3799998235055119	0.3805251559212486
0.3920709741886603	0.3772964576285834
0.37275713309562286	0.38329261160067585
0.3587545983031707	0.3583855104858305
0.3293009906362886	0.3320946815312715
0.32688676049965887	0.32794349801213063
0.3650315966584079	0.3597692383255441
0.3703429029589932	0.3653041496843986
0.3650315966584079	0.3717615462697289
0.37710274734155624	0.352850599126976
0.33847506515548137	0.3583855104858305
0.364065904603756	0.3445482320886942
0.35440898405723725	0.3611529661652577
0.341372141319437	0.3293272258518442
0.3515119078932817	0.33670710766365025
0.3394407572101332	0.337629592890126
0.3515119078932817	0.34500947470193205
0.3655144426857338	0.363920421844685
0.3394407572101332	0.32010237358708665
0.35296044597525944	0.3588467530990683
0.31433276378918457	0.32471479971946543
0.32833529858163674	0.3556180548064032
0.32881814460896264	0.32240858665327604
0.3201269161170958	0.3214861014268003
0.3326809128275701	0.3251760423327033
0.3312323747455923	0.30857130825613976
0.32543822241768106	0.31272249177528066
0.34620060159269633	0.33670710766365025
0.34088929529211104	0.31595119006794575
0.348614831729326	0.333939651984223
0.32640391447233297	0.3357846224371745
0.30950430351592517	0.30165266905757154
0.3177126859804661	0.31641243268118363
0.32640391447233297	0.3154899474547079
0.2897076163955618	0.2873541480471974
0.29984738296940644	0.32886598323860633
0.33461229693687383	0.3173349179076594
0.3331637588548961	0.3104162787090912
0.33895791118280727	0.34085829118279115
