WT	KO
0.2746428811569523	0.5394210384192879
0.0	0.44951753201607325
0.0	0.08990350640321464
0.0	0.08990350640321464
0.0	0.08990350640321464
0.0	0.08990350640321464
0.13732144057847614	0.26971051920964395
0.0	0.17980701280642927
0.13732144057847614	0.26971051920964395
0.0	0.26971051920964395
0.2746428811569523	0.0
0.13732144057847614	0.17980701280642927
0.0	0.08990350640321464
0.0	0.17980701280642927
0.13732144057847614	0.17980701280642927
0.2746428811569523	0.08990350640321464
0.2746428811569523	0.17980701280642927
0.2746428811569523	0.17980701280642927
0.4119643217354284	0.26971051920964395
0.0	0.17980701280642927
0.13732144057847614	0.44951753201607325
0.5492857623139046	0.5394210384192879
0.4119643217354284	0.26971051920964395
0.2746428811569523	0.26971051920964395
0.13732144057847614	0.35961402561285855
0.13732144057847614	0.26971051920964395
0.8239286434708568	0.17980701280642927
0.0	0.08990350640321464
0.13732144057847614	0.17980701280642927
0.13732144057847614	0.08990350640321464
0.13732144057847614	0.5394210384192879
0.13732144057847614	0.08990350640321464
0.2746428811569523	0.17980701280642927
0.13732144057847614	0.26971051920964395
0.0	0.0
0.13732144057847614	0.17980701280642927
0.0	0.08990350640321464
0.2746428811569523	0.08990350640321464
0.4119643217354284	0.08990350640321464
0.4119643217354284	0.0
0.5492857623139046	0.5394210384192879
0.5492857623139046	0.5394210384192879
0.0	0.26971051920964395
0.4119643217354284	0.26971051920964395
0.4119643217354284	0.26971051920964395
0.13732144057847614	0.6293245448225026
0.5492857623139046	0.35961402561285855
0.2746428811569523	0.26971051920964395
0.0	0.08990350640321464
0.13732144057847614	0.35961402561285855
0.13732144057847614	0.26971051920964395
0.2746428811569523	0.08990350640321464
0.2746428811569523	0.17980701280642927
0.4119643217354284	0.17980701280642927
0.4119643217354284	0.26971051920964395
0.13732144057847614	0.17980701280642927
0.13732144057847614	0.26971051920964395
0.13732144057847614	0.26971051920964395
0.13732144057847614	0.5394210384192879
0.13732144057847614	0.35961402561285855
0.13732144057847614	0.6293245448225026
0.2746428811569523	0.35961402561285855
0.13732144057847614	0.26971051920964395
0.13732144057847614	0.08990350640321464
0.0	0.26971051920964395
0.5492857623139046	0.7192280512257171
0.6866072028923808	0.6293245448225026
0.13732144057847614	0.08990350640321464
0.2746428811569523	0.17980701280642927
0.13732144057847614	0.26971051920964395
0.4119643217354284	0.35961402561285855
0.4119643217354284	0.35961402561285855
0.2746428811569523	0.6293245448225026
0.4119643217354284	0.44951753201607325
1.0985715246278092	0.26971051920964395
0.2746428811569523	0.7192280512257171
0.5492857623139046	0.9889385704353612
0.2746428811569523	0.26971051920964395
0.13732144057847614	0.26971051920964395
0.4119643217354284	0.35961402561285855
0.6866072028923808	0.26971051920964395
0.6866072028923808	0.6293245448225026
0.9612500840493331	0.35961402561285855
0.5492857623139046	0.6293245448225026
0.13732144057847614	0.17980701280642927
0.2746428811569523	0.26971051920964395
0.5492857623139046	0.6293245448225026
0.8239286434708568	0.6293245448225026
0.8239286434708568	0.5394210384192879
0.6866072028923808	0.6293245448225026
0.4119643217354284	0.08990350640321464
0.0	0.26971051920964395
0.6866072028923808	0.8990350640321465
0.13732144057847614	0.35961402561285855
0.8239286434708568	0.26971051920964395
0.13732144057847614	0.44951753201607325
0.13732144057847614	0.26971051920964395
0.2746428811569523	0.35961402561285855
0.2746428811569523	0.5394210384192879
0.4119643217354284	0.35961402561285855
0.5492857623139046	0.5394210384192879
0.5492857623139046	0.17980701280642927
0.13732144057847614	0.26971051920964395
0.2746428811569523	0.26971051920964395
0.4119643217354284	0.7192280512257171
0.9612500840493331	0.8091315576289319
0.2746428811569523	0.35961402561285855
0.13732144057847614	0.17980701280642927
0.2746428811569523	0.26971051920964395
0.2746428811569523	0.35961402561285855
0.2746428811569523	0.35961402561285855
0.4119643217354284	0.7192280512257171
0.2746428811569523	0.26971051920964395
0.4119643217354284	0.35961402561285855
0.4119643217354284	0.44951753201607325
0.0	0.26971051920964395
0.2746428811569523	0.6293245448225026
0.6866072028923808	0.35961402561285855
0.8239286434708568	1.0788420768385758
0.4119643217354284	0.6293245448225026
0.13732144057847614	0.26971051920964395
0.4119643217354284	0.6293245448225026
0.8239286434708568	0.17980701280642927
0.4119643217354284	0.6293245448225026
0.6866072028923808	0.7192280512257171
0.9612500840493331	0.44951753201607325
0.4119643217354284	0.5394210384192879
0.2746428811569523	0.6293245448225026
0.5492857623139046	0.44951753201607325
0.2746428811569523	0.7192280512257171
0.13732144057847614	0.5394210384192879
0.4119643217354284	0.17980701280642927
0.2746428811569523	0.6293245448225026
0.4119643217354284	0.35961402561285855
0.4119643217354284	0.44951753201607325
0.6866072028923808	0.26971051920964395
0.0	0.44951753201607325
0.4119643217354284	0.17980701280642927
0.13732144057847614	0.7192280512257171
0.2746428811569523	0.44951753201607325
0.2746428811569523	0.35961402561285855
0.0	0.08990350640321464
0.6866072028923808	0.8990350640321465
0.5492857623139046	0.26971051920964395
0.6866072028923808	0.35961402561285855
0.5492857623139046	0.35961402561285855
0.2746428811569523	0.17980701280642927
0.4119643217354284	0.44951753201607325
0.8239286434708568	0.7192280512257171
0.5492857623139046	0.6293245448225026
0.2746428811569523	0.5394210384192879
0.13732144057847614	0.17980701280642927
0.2746428811569523	0.26971051920964395
0.6866072028923808	0.26971051920964395
0.4119643217354284	0.6293245448225026
0.4119643217354284	0.5394210384192879
0.6866072028923808	0.5394210384192879
0.13732144057847614	0.5394210384192879
0.5492857623139046	0.35961402561285855
0.4119643217354284	0.5394210384192879
0.4119643217354284	0.5394210384192879
0.2746428811569523	0.26971051920964395
0.2746428811569523	0.35961402561285855
0.13732144057847614	0.5394210384192879
0.5492857623139046	0.26971051920964395
0.5492857623139046	0.5394210384192879
0.5492857623139046	0.44951753201607325
0.2746428811569523	0.35961402561285855
0.4119643217354284	0.6293245448225026
0.4119643217354284	0.6293245448225026
0.6866072028923808	0.5394210384192879
0.2746428811569523	0.08990350640321464
0.2746428811569523	0.35961402561285855
0.2746428811569523	0.17980701280642927
0.13732144057847614	0.26971051920964395
0.2746428811569523	0.5394210384192879
0.13732144057847614	0.35961402561285855
0.13732144057847614	0.17980701280642927
0.13732144057847614	0.35961402561285855
0.0	0.17980701280642927
0.13732144057847614	0.5394210384192879
0.0	0.08990350640321464
0.2746428811569523	0.26971051920964395
0.0	0.17980701280642927
0.0	0.17980701280642927
0.6866072028923808	0.35961402561285855
0.13732144057847614	0.26971051920964395
0.2746428811569523	0.5394210384192879
0.13732144057847614	0.08990350640321464
0.13732144057847614	0.0
0.4119643217354284	0.6293245448225026
0.5492857623139046	0.26971051920964395
0.4119643217354284	0.26971051920964395
0.2746428811569523	0.5394210384192879
0.2746428811569523	0.08990350640321464
0.4119643217354284	0.35961402561285855
0.13732144057847614	0.08990350640321464
0.4119643217354284	0.35961402561285855
0.0	0.17980701280642927
0.2746428811569523	0.26971051920964395
