WT	KO
0.463459861952357	0.5057072235180824
0.15448662065078567	0.0
0.15448662065078567	0.10114144470361648
0.0	0.0
0.15448662065078567	0.4045657788144659
0.30897324130157133	0.30342433411084946
0.463459861952357	0.20228288940723296
0.0	0.20228288940723296
0.15448662065078567	0.0
0.463459861952357	0.30342433411084946
0.0	0.20228288940723296
0.15448662065078567	0.20228288940723296
0.30897324130157133	0.0
0.30897324130157133	0.6068486682216989
0.6179464826031427	0.5057072235180824
0.15448662065078567	0.10114144470361648
0.15448662065078567	0.30342433411084946
0.463459861952357	0.20228288940723296
0.30897324130157133	0.30342433411084946
0.463459861952357	0.30342433411084946
0.15448662065078567	0.20228288940723296
0.463459861952357	0.20228288940723296
0.0	0.10114144470361648
0.0	0.20228288940723296
0.0	0.10114144470361648
0.463459861952357	0.20228288940723296
0.7724331032539283	0.6068486682216989
0.0	0.10114144470361648
0.463459861952357	0.7079901129253153
0.15448662065078567	0.30342433411084946
0.7724331032539283	0.30342433411084946
0.30897324130157133	0.4045657788144659
0.30897324130157133	0.20228288940723296
0.15448662065078567	0.30342433411084946
0.0	0.10114144470361648
0.15448662065078567	0.30342433411084946
0.463459861952357	0.4045657788144659
0.15448662065078567	0.0
0.0	0.20228288940723296
0.30897324130157133	0.20228288940723296
0.463459861952357	0.10114144470361648
0.15448662065078567	0.20228288940723296
0.0	0.4045657788144659
0.15448662065078567	0.20228288940723296
0.6179464826031427	0.4045657788144659
0.30897324130157133	0.20228288940723296
0.7724331032539283	0.30342433411084946
0.15448662065078567	0.20228288940723296
0.15448662065078567	0.10114144470361648
0.6179464826031427	0.6068486682216989
0.0	0.10114144470361648
0.15448662065078567	0.20228288940723296
0.15448662065078567	0.10114144470361648
0.30897324130157133	0.30342433411084946
0.30897324130157133	0.5057072235180824
0.30897324130157133	0.20228288940723296
0.6179464826031427	0.30342433411084946
0.6179464826031427	0.7079901129253153
0.30897324130157133	0.0
0.0	0.30342433411084946
0.15448662065078567	0.10114144470361648
0.15448662065078567	0.30342433411084946
0.926919723904714	0.7079901129253153
0.15448662065078567	0.20228288940723296
0.6179464826031427	0.7079901129253153
0.463459861952357	0.30342433411084946
0.15448662065078567	0.20228288940723296
0.463459861952357	0.10114144470361648
0.463459861952357	0.10114144470361648
0.30897324130157133	0.10114144470361648
0.463459861952357	0.10114144470361648
0.30897324130157133	0.30342433411084946
0.463459861952357	0.8091315576289319
0.6179464826031427	0.30342433411084946
0.6179464826031427	0.4045657788144659
0.6179464826031427	0.6068486682216989
0.15448662065078567	0.4045657788144659
0.30897324130157133	0.30342433411084946
0.0	0.4045657788144659
0.463459861952357	0.10114144470361648
0.15448662065078567	0.20228288940723296
0.463459861952357	0.30342433411084946
0.6179464826031427	0.6068486682216989
0.6179464826031427	0.8091315576289319
0.6179464826031427	0.5057072235180824
0.15448662065078567	0.4045657788144659
0.30897324130157133	0.20228288940723296
0.15448662065078567	0.0
0.15448662065078567	0.20228288940723296
0.15448662065078567	0.10114144470361648
0.463459861952357	0.10114144470361648
0.463459861952357	0.20228288940723296
0.15448662065078567	0.4045657788144659
0.30897324130157133	0.30342433411084946
0.0	0.0
0.0	0.0
0.463459861952357	0.0
0.15448662065078567	0.5057072235180824
0.30897324130157133	0.10114144470361648
0.0	0.20228288940723296
0.6179464826031427	0.30342433411084946
0.463459861952357	0.7079901129253153
0.30897324130157133	0.6068486682216989
0.15448662065078567	0.0
0.15448662065078567	0.0
0.15448662065078567	0.10114144470361648
0.463459861952357	0.30342433411084946
0.30897324130157133	0.20228288940723296
0.15448662065078567	0.30342433411084946
0.15448662065078567	0.20228288940723296
0.6179464826031427	0.30342433411084946
0.30897324130157133	0.20228288940723296
0.15448662065078567	0.10114144470361648
0.463459861952357	0.20228288940723296
0.15448662065078567	0.4045657788144659
0.463459861952357	0.30342433411084946
0.6179464826031427	0.4045657788144659
1.0814063445554998	0.5057072235180824
0.0	0.5057072235180824
0.7724331032539283	0.4045657788144659
0.15448662065078567	0.5057072235180824
0.463459861952357	0.5057072235180824
1.0814063445554998	0.30342433411084946
0.30897324130157133	0.20228288940723296
0.15448662065078567	0.0
0.15448662065078567	0.20228288940723296
0.15448662065078567	0.4045657788144659
0.463459861952357	0.5057072235180824
0.6179464826031427	0.5057072235180824
0.926919723904714	0.7079901129253153
0.6179464826031427	0.5057072235180824
0.15448662065078567	0.4045657788144659
0.15448662065078567	0.30342433411084946
0.463459861952357	0.0
0.0	0.10114144470361648
0.15448662065078567	0.7079901129253153
0.30897324130157133	0.6068486682216989
0.6179464826031427	0.9102730023325483
0.30897324130157133	0.30342433411084946
0.30897324130157133	0.20228288940723296
0.15448662065078567	0.10114144470361648
0.15448662065078567	0.30342433411084946
0.15448662065078567	0.20228288940723296
0.30897324130157133	0.30342433411084946
0.15448662065078567	0.30342433411084946
0.15448662065078567	0.0
0.30897324130157133	0.10114144470361648
0.30897324130157133	0.20228288940723296
0.463459861952357	0.4045657788144659
0.15448662065078567	0.20228288940723296
0.463459861952357	0.20228288940723296
0.30897324130157133	0.20228288940723296
0.0	0.20228288940723296
0.0	0.0
0.15448662065078567	0.20228288940723296
0.30897324130157133	0.30342433411084946
0.30897324130157133	0.0
0.0	0.20228288940723296
0.0	0.10114144470361648
0.15448662065078567	0.10114144470361648
0.463459861952357	0.30342433411084946
0.30897324130157133	0.20228288940723296
0.30897324130157133	0.10114144470361648
0.0	0.0
0.15448662065078567	0.10114144470361648
0.463459861952357	0.4045657788144659
0.0	0.20228288940723296
0.15448662065078567	0.4045657788144659
0.0	0.10114144470361648
0.15448662065078567	0.10114144470361648
0.15448662065078567	0.20228288940723296
0.15448662065078567	0.20228288940723296
0.30897324130157133	0.10114144470361648
0.15448662065078567	0.0
0.15448662065078567	0.0
0.0	0.20228288940723296
0.15448662065078567	0.20228288940723296
0.15448662065078567	0.10114144470361648
0.30897324130157133	0.30342433411084946
0.15448662065078567	0.30342433411084946
0.0	0.30342433411084946
0.0	0.30342433411084946
0.15448662065078567	0.10114144470361648
0.15448662065078567	0.10114144470361648
0.30897324130157133	0.10114144470361648
0.0	0.30342433411084946
0.926919723904714	0.8091315576289319
0.30897324130157133	0.5057072235180824
0.0	0.10114144470361648
0.15448662065078567	0.10114144470361648
0.15448662065078567	0.10114144470361648
0.0	0.10114144470361648
0.0	0.4045657788144659
0.15448662065078567	0.10114144470361648
0.15448662065078567	0.10114144470361648
0.15448662065078567	0.0
0.0	0.0
0.15448662065078567	0.20228288940723296
0.30897324130157133	0.30342433411084946
0.15448662065078567	0.0
