condition1	condition1
0.11319685112975061	0.10470553780818402
0.1207996247130921	0.124095452217107
0.11488635637049317	0.1202174693353224
0.11573110899086445	0.12506494793755313
0.1199548720927208	0.13088192226023002
0.12417863519457717	0.11827847789443009
0.10474932492603789	0.13088192226023002
0.11404160375012189	0.11633948645353781
0.11826536685197825	0.11633948645353781
0.12164437733346337	0.13185141798067618
0.09714655134269644	0.09985805920595328
0.11150734588900808	0.10955301641041476
0.10812833540752298	0.11730898217398394
0.11742061423160699	0.11633948645353781
0.13178140877791863	0.12700393937844542
0.13516041925940372	0.13088192226023002
0.11911011947234952	0.1202174693353224
0.10559407754640916	0.1202174693353224
0.11657586161123572	0.13185141798067618
0.136005171879775	0.1260344436579993
0.1233338825742059	0.13379040942156847
0.1419184402223739	0.13088192226023002
0.12164437733346337	0.13185141798067618
0.1326261613982899	0.15899729815316832
0.15796874000942812	0.14639385378736838
0.13684992450014627	0.1522108281100453
0.14022893498163136	0.1560888109918299
0.12671289305569097	0.1366988965829069
0.12502338781494846	0.12506494793755313
0.1233338825742059	0.11730898217398394
0.12417863519457717	0.13766839230335307
0.14022893498163136	0.13379040942156847
0.12417863519457717	0.14348536662602995
0.13347091401866118	0.150271836669153
0.14867646118534408	0.14154637518513766
0.1419184402223739	0.13863788802379923
0.13093665615754735	0.13282091370112234
0.13347091401866118	0.12797343509889159
0.12502338781494846	0.12797343509889159
0.16050299787054192	0.13572940086246077
0.13178140877791863	0.14542435806692225
0.14107368760200262	0.1522108281100453
0.1520554716668292	0.1366988965829069
0.15036596642608666	0.15414981955093757
0.1427631928427452	0.14930234094870684
0.1393841823612601	0.12797343509889159
0.12924715091680483	0.13185141798067618
0.14698695594460154	0.12991242653978388
0.13431566663903244	0.14348536662602995
0.13178140877791863	0.1580278024327222
0.1495212138057154	0.12700393937844542
0.145297450703859	0.14542435806692225
0.15121071904645791	0.13960738374424536
0.14783170856497282	0.16093628959406062
0.17148478193536848	0.1483328452282607
0.15290022428720046	0.15124133238959914
0.154589729527943	0.13572940086246077
0.15796874000942812	0.18323469116432203
0.14107368760200262	0.150271836669153
0.15121071904645791	0.15511931527138376
0.15543448214831426	0.15414981955093757
0.14360794546311648	0.14639385378736838
0.14360794546311648	0.14057687946469152
0.1495212138057154	0.14251587090558382
0.15121071904645791	0.15899729815316832
0.15543448214831426	0.16190578531450678
0.14445269808348773	0.15705830671227605
0.1393841823612601	0.15899729815316832
0.13516041925940372	0.14154637518513766
0.16219250311128447	0.16190578531450678
0.15881349262979938	0.14251587090558382
0.14022893498163136	0.15511931527138376
0.16557151359276956	0.1706312467985221
0.15965824525017067	0.12506494793755313
0.13853942974088881	0.16772275963718367
0.15627923476868555	0.1628752810349529
0.16134775049091318	0.16093628959406062
0.15712398738905684	0.16578376819629137
0.16134775049091318	0.15705830671227605
0.154589729527943	0.15124133238959914
0.154589729527943	0.1560888109918299
0.15036596642608666	0.1483328452282607
0.16050299787054192	0.14736334950781457
0.15627923476868555	0.1560888109918299
0.15965824525017067	0.15414981955093757
0.1647267609723983	0.16093628959406062
0.16134775049091318	0.1706312467985221
0.17824280289833866	0.15124133238959914
0.14614220332423028	0.14639385378736838
0.1427631928427452	0.12118696505576855
0.1233338825742059	0.11924797361487624
0.10643883016678043	0.10567503352863017
0.14445269808348773	0.1366988965829069
0.145297450703859	0.14348536662602995
0.16641626621314085	0.13088192226023002
0.11404160375012189	0.10470553780818402
0.09630179872232515	0.08337663195836877
0.08447526203712732	0.09307158916283025
0.17148478193536848	0.1803262040029836
0.1900693395835365	0.1861431783256605
0.17824280289833866	0.176448221121199
0.1833113186205663	0.1842041868847682
0.1647267609723983	0.16384477675539907
0.15627923476868555	0.150271836669153
0.09714655134269644	0.12215646077621468
0.12417863519457717	0.11052251213086091
0.0979913039630677	0.10664452924907632
0.1427631928427452	0.13572940086246077
0.1672610188335121	0.14251587090558382
0.14360794546311648	0.15899729815316832
0.10643883016678043	0.09307158916283025
0.12248912995383462	0.1202174693353224
0.13684992450014627	0.14057687946469152
0.17148478193536848	0.15414981955093757
0.16303725573165573	0.150271836669153
0.14698695594460154	0.1444548623464761
0.16050299787054192	0.15318032383049143
0.16134775049091318	0.15705830671227605
0.1495212138057154	0.15414981955093757
0.15374497690757175	0.150271836669153
0.15965824525017067	0.1628752810349529
0.16050299787054192	0.16190578531450678
0.17486379241685357	0.17547872540075285
0.17317428717611102	0.16093628959406062
0.15036596642608666	0.14542435806692225
0.15036596642608666	0.16578376819629137
0.154589729527943	0.14057687946469152
0.15881349262979938	0.16675326391673753
0.16895052407425465	0.1560888109918299
0.15121071904645791	0.13960738374424536
0.15374497690757175	0.1483328452282607
0.17317428717611102	0.14542435806692225
0.17232953455573977	0.14542435806692225
0.16219250311128447	0.15899729815316832
0.1520554716668292	0.1483328452282607
0.15121071904645791	0.1560888109918299
0.14783170856497282	0.14542435806692225
0.154589729527943	0.14930234094870684
0.16895052407425465	0.13960738374424536
0.1647267609723983	0.14736334950781457
0.16388200835202701	0.16966175107807596
0.16388200835202701	0.1483328452282607
0.1427631928427452	0.1260344436579993
0.1393841823612601	0.14057687946469152
0.12755764567606226	0.14542435806692225
0.1393841823612601	0.13960738374424536
0.145297450703859	0.13863788802379923
0.14614220332423028	0.150271836669153
0.136005171879775	0.11246150357175322
0.1520554716668292	0.13088192226023002
0.15036596642608666	0.16772275963718367
0.14022893498163136	0.14251587090558382
0.12586814043531971	0.12894293081933775
0.15374497690757175	0.14639385378736838
0.12502338781494846	0.1522108281100453
0.1427631928427452	0.15414981955093757
0.12840239829643355	0.12312595649666083
0.13178140877791863	0.13282091370112234
0.12671289305569097	0.14348536662602995
0.1419184402223739	0.12894293081933775
0.1300919035371761	0.1347599051420146
0.1300919035371761	0.1144004950126455
0.136005171879775	0.13379040942156847
0.145297450703859	0.1560888109918299
0.13093665615754735	0.13282091370112234
0.12502338781494846	0.13379040942156847
0.12671289305569097	0.1202174693353224
0.11573110899086445	0.1260344436579993
0.12586814043531971	0.13960738374424536
0.12755764567606226	0.11343099929219935
0.1427631928427452	0.13185141798067618
0.13093665615754735	0.13863788802379923
0.13769467712051756	0.1202174693353224
0.1419184402223739	0.13960738374424536
0.13093665615754735	0.14736334950781457
0.1393841823612601	0.13282091370112234
0.12586814043531971	0.12991242653978388
0.11657586161123572	0.1144004950126455
0.1199548720927208	0.1347599051420146
0.12502338781494846	0.13282091370112234
0.1207996247130921	0.14154637518513766
0.136005171879775	0.12118696505576855
0.1207996247130921	0.11343099929219935
0.12164437733346337	0.13282091370112234
0.11573110899086445	0.13088192226023002
0.12840239829643355	0.14348536662602995
0.14022893498163136	0.15414981955093757
0.12840239829643355	0.11536999073309166
0.1233338825742059	0.13185141798067618
0.14107368760200262	0.124095452217107
0.12755764567606226	0.13863788802379923
0.14107368760200262	0.14639385378736838
0.12248912995383462	0.12797343509889159
0.1199548720927208	0.12215646077621468
0.1233338825742059	0.13282091370112234
0.1427631928427452	0.12118696505576855
0.1393841823612601	0.12991242653978388
0.12164437733346337	0.12894293081933775
0.11235209850937936	0.12797343509889159
0.1233338825742059	0.12215646077621468
