condition1	condition1
0.10882895961873137	0.11982231942082776
0.10175065330206592	0.11677598926606095
0.09909628843331639	0.11677598926606095
0.1176768425145632	0.11982231942082776
0.11679205422498001	0.11169877234144959
0.10352022988123229	0.11880687603590548
0.11590726593539684	0.11982231942082776
0.11679205422498001	0.10966788557160508
0.11856163080414639	0.11169877234144959
0.10440501817081548	0.10662155541683827
0.1123681127770641	0.1259149797303614
0.10705938303956503	0.10966788557160508
0.1132529010666473	0.10966788557160508
0.11059853619789775	0.13200764003989499
0.1176768425145632	0.11169877234144959
0.11502247764581365	0.11677598926606095
0.12563993712081184	0.13200764003989499
0.12829430198956138	0.12997675327005045
0.11502247764581365	0.1248995363454391
0.12829430198956138	0.13099219665497272
0.12387036054164549	0.12896130988512816
0.11590726593539684	0.13200764003989499
0.14864443264997457	0.1370848569645063
0.1468748560708082	0.14622384742880676
0.13625739659581004	0.1645018283574076
0.14068133804372593	0.1421620738891177
0.12829430198956138	0.1421620738891177
0.1291790902791446	0.14317751727403993
0.1221007839624791	0.13200764003989499
0.14422049120205868	0.14013118711927314
0.14068133804372593	0.12286864957559457
0.1318334551478941	0.14419296065896223
0.12652472541039503	0.12388409296051683
0.13979654975414274	0.14317751727403993
0.13006387856872775	0.15028562096849585
0.1274095136999782	0.14825473419865132
0.13891176146455958	0.13099219665497272
0.11944641909372955	0.11982231942082776
0.1468748560708082	0.1259149797303614
0.1424509146228923	0.13606941357958408
0.1327182434374773	0.1381003003494286
0.1221007839624791	0.13302308342481725
0.14952922093955776	0.13099219665497272
0.15306837409789048	0.1411466305041954
0.14952922093955776	0.12286864957559457
0.12298557225206229	0.15231650773834038
0.13625739659581004	0.1259149797303614
0.1424509146228923	0.14723929081372902
0.14599006778122503	0.14723929081372902
0.11944641909372955	0.1259149797303614
0.1318334551478941	0.14419296065896223
0.14599006778122503	0.12286864957559457
0.1380269731749764	0.15231650773834038
0.16191625699372228	0.1543473945081849
0.13625739659581004	0.13302308342481725
0.17341850475830367	0.1614554982026408
0.1424509146228923	0.15840916804787397
0.14510527949164184	0.12997675327005045
0.1468748560708082	0.16653271512725212
0.14599006778122503	0.15942461143279626
0.15395316238747367	0.1573937246629517
0.14864443264997457	0.1411466305041954
0.13625739659581004	0.13302308342481725
0.1574923155458064	0.16957904528201895
0.16014668041455593	0.15637828127802947
0.1424509146228923	0.15536283789310718
0.14510527949164184	0.15840916804787397
0.1468748560708082	0.1452084040438845
0.14510527949164184	0.13911574373435087
0.1327182434374773	0.15028562096849585
0.16280104528330547	0.16856360189709665
0.17695765791663637	0.14825473419865132
0.15041400922914094	0.13606941357958408
0.13979654975414274	0.1645018283574076
0.17253371646872048	0.14723929081372902
0.15041400922914094	0.16348638497248533
0.16191625699372228	0.16551727174232989
0.15395316238747367	0.15028562096849585
0.15395316238747367	0.14317751727403993
0.16014668041455593	0.14723929081372902
0.14068133804372593	0.15637828127802947
0.1371421848853932	0.15333195112326264
0.13625739659581004	0.15028562096849585
0.14422049120205868	0.14013118711927314
0.13891176146455958	0.13505397019466178
0.15129879751872413	0.15130106435341809
0.16545541015205503	0.15536283789310718
0.1424509146228923	0.16348638497248533
0.16014668041455593	0.13505397019466178
0.12121599567289594	0.12388409296051683
0.11413768935623048	0.105606112031916
0.1221007839624791	0.10357522526207145
0.1221007839624791	0.10763699880176053
0.18934469397080095	0.16856360189709665
0.10440501817081548	0.09748256495253783
0.08405488751040228	0.08732813110331514
0.0787461577729032	0.08022002740885925
0.17961202278538593	0.16348638497248533
0.2008469417353823	0.19293424313523114
0.15395316238747367	0.1645018283574076
0.1291790902791446	0.1279458665002059
0.10440501817081548	0.11779143265098321
0.16545541015205503	0.15130106435341809
0.19376863541871686	0.19598057328999793
0.18757511739163457	0.17262537543678574
0.07520700461457047	0.0954516781826933
0.09467234698540047	0.08428180094854833
0.11413768935623048	0.10865244218668281
0.16634019844163822	0.18684158282569752
0.14510527949164184	0.11779143265098321
0.1079441713291482	0.11880687603590548
0.11413768935623048	0.11677598926606095
0.13891176146455958	0.14419296065896223
0.1521835858083073	0.12997675327005045
0.14068133804372593	0.1370848569645063
0.1574923155458064	0.1421620738891177
0.15483795067705683	0.1604400548177185
0.14510527949164184	0.1573937246629517
0.14422049120205868	0.13200764003989499
0.14599006778122503	0.13302308342481725
0.16722498673122138	0.15840916804787397
0.1574923155458064	0.1807489225161639
0.16014668041455593	0.14825473419865132
0.15129879751872413	0.15028562096849585
0.1521835858083073	0.15130106435341809
0.15129879751872413	0.1411466305041954
0.1521835858083073	0.17567170559155257
0.15129879751872413	0.16247094158756306
0.16457062186247184	0.14825473419865132
0.15395316238747367	0.13099219665497272
0.14156612633330912	0.12997675327005045
0.14952922093955776	0.1370848569645063
0.17164892817913732	0.14419296065896223
0.14156612633330912	0.15536283789310718
0.1566075272562232	0.15942461143279626
0.1521835858083073	0.15637828127802947
0.14864443264997457	0.15028562096849585
0.14775964436039138	0.1421620738891177
0.15306837409789048	0.13505397019466178
0.14422049120205868	0.13403852680973952
0.15395316238747367	0.13505397019466178
0.1521835858083073	0.13505397019466178
0.1424509146228923	0.1573937246629517
0.1291790902791446	0.1421620738891177
0.1327182434374773	0.14927017758357355
0.1371421848853932	0.14723929081372902
0.14156612633330912	0.13302308342481725
0.14068133804372593	0.1259149797303614
0.14864443264997457	0.1421620738891177
0.15129879751872413	0.14419296065896223
0.1327182434374773	0.12896130988512816
0.13360303172706048	0.13606941357958408
0.1424509146228923	0.15536283789310718
0.14156612633330912	0.14723929081372902
0.15129879751872413	0.14723929081372902
0.1274095136999782	0.11677598926606095
0.13360303172706048	0.13403852680973952
0.11590726593539684	0.13302308342481725
0.14156612633330912	0.11880687603590548
0.12652472541039503	0.12388409296051683
0.14510527949164184	0.1248995363454391
0.13537260830622683	0.12997675327005045
0.13448782001664364	0.13099219665497272
0.11679205422498001	0.11880687603590548
0.12829430198956138	0.1259149797303614
0.11148332448748093	0.11576054588113868
0.12033120738331275	0.1421620738891177
0.12387036054164549	0.13403852680973952
0.12475514883122865	0.11677598926606095
0.13979654975414274	0.1421620738891177
0.12652472541039503	0.12083776280575002
0.12563993712081184	0.11576054588113868
0.14156612633330912	0.15637828127802947
0.14068133804372593	0.11576054588113868
0.1291790902791446	0.13200764003989499
0.12121599567289594	0.14927017758357355
0.1371421848853932	0.11068332895652733
0.12829430198956138	0.14317751727403993
0.1327182434374773	0.13302308342481725
0.11944641909372955	0.1248995363454391
0.11679205422498001	0.12388409296051683
0.1132529010666473	0.12896130988512816
0.14156612633330912	0.1421620738891177
0.11590726593539684	0.11677598926606095
0.11502247764581365	0.1421620738891177
0.13979654975414274	0.1411466305041954
0.13006387856872775	0.11880687603590548
0.1221007839624791	0.12693042311528363
0.13006387856872775	0.1248995363454391
0.13006387856872775	0.1259149797303614
0.1318334551478941	0.11880687603590548
0.11413768935623048	0.13302308342481725
0.13360303172706048	0.14622384742880676
0.13006387856872775	0.13911574373435087
0.13006387856872775	0.11982231942082776
0.12475514883122865	0.12083776280575002
0.12829430198956138	0.10763699880176053
0.11590726593539684	0.11982231942082776
0.11944641909372955	0.10865244218668281
0.12298557225206229	0.13200764003989499
