WT	KO
0.20789121524643986	0.19924628550467685
0.20051918633699164	0.2141897569175276
0.2064168094645502	0.1930198390826557
0.19462156320943305	0.19426512836705995
0.19757037477321232	0.22041620333954876
0.2123144325921088	0.2341143854679953
0.20936562102832948	0.221661492623953
0.23148170775667415	0.22290678190835722
0.18872394008187449	0.19426512836705995
0.2019935921188813	0.20173686407348532
0.20051918633699164	0.22041620333954876
0.23148170775667415	0.24034083189001643
0.2329561135385638	0.2253973604771657
0.219686461501557	0.22415207119276145
0.21084002681021913	0.18305752480742185
0.23443051932045345	0.23162380689918682
0.22410967884722596	0.21792562477074032
0.20936562102832948	0.22041620333954876
0.25212338870312917	0.2253973604771657
0.22558408462911558	0.221661492623953
0.24180254822990166	0.22415207119276145
0.20789121524643986	0.221661492623953
0.24032814244801204	0.25279372473405876
0.24180254822990166	0.24656727831203762
0.23148170775667415	0.2590201711560799
0.23590492510234312	0.24656727831203762
0.24032814244801204	0.22664264976156992
0.2432769540117913	0.22415207119276145
0.2329561135385638	0.221661492623953
0.2742394754314738	0.23909554260561225
0.22853289619289488	0.23909554260561225
0.23000730197478453	0.22041620333954876
0.2771882869952531	0.2652466175781011
0.2639186349582463	0.2727183532845264
0.24475135979368096	0.2627560390092926
0.25507220026690847	0.23785025332120802
0.20936562102832948	0.22913322833037836
0.2624442291763567	0.24532198902763339
0.2594954176125774	0.25403901401846296
0.26096982339446706	0.2664919068625053
0.2816115043409221	0.23535967475239952
0.3007787795054874	0.24407669974322913
0.25802101183068776	0.2652466175781011
0.2594954176125774	0.24656727831203762
0.24475135979368096	0.26151074972488836
0.2771882869952531	0.2951335604038026
0.2742394754314738	0.25279372473405876
0.2786626927771428	0.27894479970654756
0.28308591012281176	0.29264298183499415
0.3007787795054874	0.2889071139817814
0.2919323448141496	0.2951335604038026
0.2742394754314738	0.28517124612856876
0.286034721686591	0.2752089318533349
0.29488115637792883	0.2913976925505899
0.31109961997871494	0.2988694282570153
0.29340675059603927	0.31381289966986603
0.3052019968511564	0.29637884968820677
0.29782996794170813	0.28517124612856876
0.3125740257606046	0.31381289966986603
0.2845603159047013	0.2951335604038026
0.2963555621598185	0.28766182469737717
0.2889835332503703	0.27769951042214336
0.3007787795054874	0.28517124612856876
0.33911332983461817	0.3287563710827168
0.3037275910692668	0.29762413897261103
0.28308591012281176	0.3038505853946322
0.2875091274684806	0.3038505853946322
0.33174130092516996	0.3212846353762914
0.3155228373243839	0.29762413897261103
0.32879248936139066	0.31381289966986603
0.3096252141968253	0.31007703181665336
0.2919323448141496	0.29637884968820677
0.286034721686591	0.2727183532845264
0.3125740257606046	0.3125676103854618
0.3155228373243839	0.3038505853946322
0.3037275910692668	0.2839259568441645
0.3140484315424943	0.31007703181665336
0.3155228373243839	0.28517124612856876
0.3125740257606046	0.2951335604038026
0.3096252141968253	0.2889071139817814
0.29340675059603927	0.31007703181665336
0.29782996794170813	0.30260529611022796
0.286034721686591	0.28641653541297296
0.2889835332503703	0.30260529611022796
0.2845603159047013	0.29015240326618563
0.29488115637792883	0.29264298183499415
0.33911332983461817	0.33622810678914217
0.32142046045194245	0.3125676103854618
0.34648535874406644	0.3075864532478449
0.2845603159047013	0.27022777471571796
0.29488115637792883	0.28641653541297296
0.33911332983461817	0.3163034782386745
0.2993043737235978	0.2590201711560799
0.33321570670705963	0.3349828175047379
0.352382981871625	0.36736033889924796
0.33174130092516996	0.3349828175047379
0.2786626927771428	0.28641653541297296
0.1960959689913227	0.18305752480742185
0.34058773561650785	0.3088317425322491
0.45706579238578976	0.443322985247906
0.3715502570361904	0.38977554601852404
0.4555913866039001	0.4831722423488413
0.33174130092516996	0.3412092639267591
0.19757037477321232	0.21169917834871915
0.2919323448141496	0.2652466175781011
0.3199460546700528	0.31381289966986603
0.37302466281808	0.34494513177997177
0.352382981871625	0.3412092639267591
0.2919323448141496	0.2714730640001222
0.35385738765351465	0.3349828175047379
0.3715502570361904	0.3424545532111633
0.2845603159047013	0.3125676103854618
0.2963555621598185	0.29637884968820677
0.33616451827083893	0.3001147175414195
0.3155228373243839	0.2988694282570153
0.34353654718028714	0.3324922389359295
0.3199460546700528	0.29264298183499415
0.2816115043409221	0.2913976925505899
0.29045793903225997	0.29015240326618563
0.3007787795054874	0.2801900889909518
0.34795976452595606	0.3250205032295041
0.34795976452595606	0.29264298183499415
0.3096252141968253	0.2801900889909518
0.29340675059603927	0.28641653541297296
0.3037275910692668	0.30260529611022796
0.3656526339086318	0.33000166036712103
0.33616451827083893	0.30136000682582376
0.2963555621598185	0.29388827111939836
0.2771882869952531	0.2988694282570153
0.3007787795054874	0.2988694282570153
0.3125740257606046	0.3075864532478449
0.32879248936139066	0.32377521394509984
0.3022531852873771	0.30260529611022796
0.3022531852873771	0.2689824854313137
0.2889835332503703	0.31505818895427024
0.3007787795054874	0.28766182469737717
0.31847164888816315	0.30136000682582376
0.3273180835795011	0.29388827111939836
0.3258436777976114	0.31505818895427024
0.2889835332503703	0.3001147175414195
0.29488115637792883	0.2826806675597603
0.2816115043409221	0.27769951042214336
0.2727650696495842	0.29637884968820677
0.2624442291763567	0.2677371961469095
0.2727650696495842	0.29015240326618563
0.2845603159047013	0.2801900889909518
0.31109961997871494	0.2752089318533349
0.29488115637792883	0.25279372473405876
0.2727650696495842	0.2640013282936968
0.2683418523039153	0.27645422113773915
0.26096982339446706	0.2727183532845264
0.2698162580858049	0.2801900889909518
0.28308591012281176	0.2677371961469095
0.29488115637792883	0.2664919068625053
0.2919323448141496	0.27645422113773915
0.25507220026690847	0.2627560390092926
0.2698162580858049	0.2552843033028672
0.28013709855903246	0.2727183532845264
0.2594954176125774	0.2752089318533349
0.2639186349582463	0.28517124612856876
0.22558408462911558	0.28517124612856876
0.28308591012281176	0.2677371961469095
0.23590492510234312	0.23909554260561225
0.23148170775667415	0.24905785688084603
0.2742394754314738	0.2727183532845264
0.2462257655755706	0.23286909618359106
0.2388537366661224	0.27022777471571796
0.2462257655755706	0.2428314104588249
0.2683418523039153	0.24905785688084603
0.2698162580858049	0.25279372473405876
0.24475135979368096	0.24158612117442066
0.23148170775667415	0.2341143854679953
0.2491745771393499	0.25403901401846296
0.25507220026690847	0.2677371961469095
0.25212338870312917	0.2689824854313137
0.23590492510234312	0.22788793904597412
0.24475135979368096	0.2253973604771657
0.22705849041100523	0.24034083189001643
0.25802101183068776	0.25279372473405876
0.20789121524643986	0.23909554260561225
0.219686461501557	0.21917091405514452
0.20936562102832948	0.2303785176147826
0.20051918633699164	0.23785025332120802
0.2388537366661224	0.24781256759644185
0.2432769540117913	0.23535967475239952
0.22116086728344664	0.20049157478908108
0.18872394008187449	0.21169917834871915
0.19019834586376413	0.21792562477074032
0.21084002681021913	0.23660496403680376
0.21673764993777772	0.21917091405514452
0.21821205571966737	0.22290678190835722
0.23590492510234312	0.20671802121110222
0.21378883837399842	0.21294446763312339
0.21821205571966737	0.19675570693586839
0.19757037477321232	0.20671802121110222
0.20494240368266056	0.20049157478908108
0.19462156320943305	0.19800099622027262
0.2123144325921088	0.21169917834871915
0.20936562102832948	0.21792562477074032
0.1872495342999848	0.20796331049550645
