WT	KO
0.2167001650450178	0.21417920361850723
0.17520438875980163	0.21417920361850723
0.2443640159018286	0.24533254232665375
0.18903631418820704	0.2024967016029523
0.19825759780714394	0.24922670966517205
0.22592144866395475	0.24143837498813545
0.2674172249491709	0.22196753829554386
0.2443640159018286	0.2297558729725805
0.1798150305692701	0.21807337095702556
0.19825759780714394	0.21807337095702556
0.20286823961661243	0.198602534264434
0.17520438875980163	0.21028503627998893
0.19825759780714394	0.2375442076496171
0.20747888142608087	0.2959567177273918
0.258195941330234	0.2258617056340622
0.23975337409236014	0.21028503627998893
0.2167001650450178	0.21028503627998893
0.26280658313970245	0.26480337901924533
0.25358529952076553	0.24922670966517205
0.30891300123438714	0.30374505240442845
0.2167001650450178	0.21807337095702556
0.2167001650450178	0.2336500403110988
0.22592144866395475	0.24143837498813545
0.2812491503775763	0.2686975463577636
0.25358529952076553	0.21417920361850723
0.2812491503775763	0.26480337901924533
0.29047043399651323	0.2570150443422087
0.258195941330234	0.260909211680727
0.29969171761545016	0.24922670966517205
0.2674172249491709	0.260909211680727
0.28585979218704477	0.2258617056340622
0.318134284853324	0.2959567177273918
0.2950810758059817	0.2764858810348002
0.2950810758059817	0.2803800483733186
0.2720278667586394	0.27259171369628193
0.26280658313970245	0.260909211680727
0.258195941330234	0.2297558729725805
0.2720278667586394	0.2998508850659101
0.23514273228289168	0.26480337901924533
0.2950810758059817	0.2803800483733186
0.26280658313970245	0.2570150443422087
0.2720278667586394	0.2803800483733186
0.3411874939006663	0.2998508850659101
0.2950810758059817	0.2959567177273918
0.3043023594249186	0.27259171369628193
0.3227449266627925	0.27259171369628193
0.2720278667586394	0.29206255038887347
0.29969171761545016	0.2959567177273918
0.258195941330234	0.198602534264434
0.258195941330234	0.26480337901924533
0.318134284853324	0.3193217217585017
0.27663850856810784	0.29206255038887347
0.3227449266627925	0.2336500403110988
0.2950810758059817	0.2998508850659101
0.26280658313970245	0.26480337901924533
0.23053209047342318	0.27259171369628193
0.2812491503775763	0.2570150443422087
0.2443640159018286	0.2375442076496171
0.3043023594249186	0.32321588909702004
0.2950810758059817	0.3465808931281299
0.27663850856810784	0.32321588909702004
0.3043023594249186	0.2764858810348002
0.29047043399651323	0.3271100564355383
0.3411874939006663	0.35436922780516655
0.35040877751960325	0.3154275544199834
0.29047043399651323	0.29206255038887347
0.33196621028172946	0.35436922780516655
0.24897465771129706	0.31153338708146505
0.28585979218704477	0.24922670966517205
0.23514273228289168	0.2998508850659101
0.3457981357101348	0.3348983911125749
0.318134284853324	0.2959567177273918
0.28585979218704477	0.35436922780516655
0.32735556847226094	0.35436922780516655
0.2812491503775763	0.33100422377405664
0.26280658313970245	0.32321588909702004
0.3043023594249186	0.35047506046664817
0.3596300611385402	0.2881683830503552
0.2950810758059817	0.3465808931281299
0.25358529952076553	0.2570150443422087
0.3550194193290718	0.33100422377405664
0.318134284853324	0.3154275544199834
0.31352364304385555	0.31153338708146505
0.3411874939006663	0.3076392197429468
0.30891300123438714	0.33100422377405664
0.3965151956142879	0.36215756248220315
0.3043023594249186	0.2959567177273918
0.23975337409236014	0.2258617056340622
0.3550194193290718	0.3465808931281299
0.38729391199535096	0.3271100564355383
0.2443640159018286	0.2803800483733186
0.3965151956142879	0.4049934032059046
0.3965151956142879	0.3738400644977581
0.4241790464710987	0.4322525745755328
0.318134284853324	0.31153338708146505
0.129097970665117	0.1401900241866593
0.3550194193290718	0.34268672578961157
0.23053209047342318	0.24922670966517205
0.33657685209119786	0.35436922780516655
0.3227449266627925	0.3076392197429468
0.22131080685448629	0.18692003224887904
0.28585979218704477	0.27259171369628193
0.3227449266627925	0.29206255038887347
0.24897465771129706	0.2764858810348002
0.31352364304385555	0.2803800483733186
0.13370861247458546	0.13240168950962267
0.2720278667586394	0.32321588909702004
0.4011258374237564	0.3777342318362764
0.3457981357101348	0.34268672578961157
0.3965151956142879	0.31153338708146505
0.23975337409236014	0.260909211680727
0.318134284853324	0.32321588909702004
0.25358529952076553	0.2570150443422087
0.2812491503775763	0.2297558729725805
0.23053209047342318	0.2764858810348002
0.3411874939006663	0.2881683830503552
0.31352364304385555	0.2959567177273918
0.30891300123438714	0.2998508850659101
0.318134284853324	0.2998508850659101
0.35040877751960325	0.3271100564355383
0.37346198656694557	0.3582633951436848
0.3780726283764141	0.32321588909702004
0.33657685209119786	0.29206255038887347
0.27663850856810784	0.2803800483733186
0.27663850856810784	0.2959567177273918
0.30891300123438714	0.32321588909702004
0.35040877751960325	0.35436922780516655
0.40573647923322487	0.31153338708146505
0.29047043399651323	0.34268672578961157
0.2720278667586394	0.29206255038887347
0.29969171761545016	0.2881683830503552
0.3227449266627925	0.2375442076496171
0.4103471210426933	0.2998508850659101
0.3227449266627925	0.3193217217585017
0.3457981357101348	0.2803800483733186
0.258195941330234	0.2764858810348002
0.3043023594249186	0.24922670966517205
0.29969171761545016	0.36215756248220315
0.2812491503775763	0.3193217217585017
0.258195941330234	0.27259171369628193
0.29047043399651323	0.32321588909702004
0.2167001650450178	0.2764858810348002
0.258195941330234	0.2998508850659101
0.258195941330234	0.26480337901924533
0.29047043399651323	0.2258617056340622
0.30891300123438714	0.24143837498813545
0.23975337409236014	0.25312087700369035
0.28585979218704477	0.27259171369628193
0.25358529952076553	0.2764858810348002
0.21208952323554936	0.2881683830503552
0.22131080685448629	0.26480337901924533
0.23975337409236014	0.28427421571183686
0.26280658313970245	0.25312087700369035
0.25358529952076553	0.3076392197429468
0.32735556847226094	0.2959567177273918
0.2950810758059817	0.260909211680727
0.318134284853324	0.2881683830503552
0.23514273228289168	0.24533254232665375
0.2167001650450178	0.22196753829554386
0.2720278667586394	0.21807337095702556
0.2812491503775763	0.29206255038887347
0.24897465771129706	0.2570150443422087
0.22131080685448629	0.2881683830503552
0.22131080685448629	0.3193217217585017
0.258195941330234	0.25312087700369035
0.2674172249491709	0.2881683830503552
0.2720278667586394	0.19470836692591567
0.21208952323554936	0.260909211680727
0.20747888142608087	0.24922670966517205
0.2443640159018286	0.198602534264434
0.24897465771129706	0.27259171369628193
0.2720278667586394	0.29206255038887347
0.23053209047342318	0.26480337901924533
0.26280658313970245	0.25312087700369035
0.24897465771129706	0.2258617056340622
0.25358529952076553	0.26480337901924533
0.23514273228289168	0.24922670966517205
0.23514273228289168	0.2375442076496171
0.20747888142608087	0.2336500403110988
0.2167001650450178	0.24922670966517205
0.2443640159018286	0.2686975463577636
0.23053209047342318	0.260909211680727
0.23053209047342318	0.260909211680727
0.23053209047342318	0.21028503627998893
0.18903631418820704	0.20639086894147063
0.18903631418820704	0.21807337095702556
0.21208952323554936	0.2336500403110988
0.22131080685448629	0.22196753829554386
0.2443640159018286	0.2258617056340622
0.23514273228289168	0.2024967016029523
0.19825759780714394	0.21417920361850723
0.19825759780714394	0.19081419958739734
0.18442567237873855	0.21028503627998893
0.22131080685448629	0.21028503627998893
0.14754053790299085	0.21417920361850723
0.20747888142608087	0.19081419958739734
0.16598310514086473	0.21807337095702556
0.2167001650450178	0.2024967016029523
0.2443640159018286	0.20639086894147063
0.19364695599767548	0.2297558729725805
