WT	KO
0.22668988896553283	0.23230871600560915
0.24784761193564922	0.2297558729725805
0.2085546978482902	0.22209734387349447
0.16321672005518362	0.2016745996092651
0.19948710228966887	0.19401607051017908
0.21157722970116397	0.18891038444412173
0.21459976155403773	0.2348615590386378
0.250870143788523	0.2399672451046952
0.2599377393471443	0.2680485184680106
0.21157722970116397	0.25273146026983856
0.2055321659954164	0.25273146026983856
0.23575748452415413	0.26549567543498187
0.2387800163770279	0.2348615590386378
0.19041950673104754	0.25017861723680984
0.22064482525978527	0.2195445008404658
0.2297124208184066	0.20678028567532244
0.24784761193564922	0.24252008813772385
0.2569152074942705	0.26038998936892455
0.20250963414254267	0.22465018690652314
0.2538926756413968	0.2731542045340679
0.29923065343450334	0.24507293117075252
0.28714052602300827	0.28081273363315395
0.2387800163770279	0.24762577420378118
0.3022531852873771	0.2833655766661826
0.2055321659954164	0.26549567543498187
0.2690053349057656	0.25017861723680984
0.29318558972875575	0.2552843033028672
0.2841179941701345	0.28847126273223994
0.24784761193564922	0.2297558729725805
0.2720278667586394	0.26038998936892455
0.26598280305289185	0.2680485184680106
0.2538926756413968	0.30889400699646935
0.28714052602300827	0.27825989060012524
0.29923065343450334	0.30889400699646935
0.28109546231726074	0.296129791831326
0.30829824899312464	0.2833655766661826
0.290163057875882	0.29868263486435465
0.2629602712000181	0.29357694879829727
0.2538926756413968	0.2578371463358959
0.2841179941701345	0.2910241057652686
0.3022531852873771	0.27060136150103925
0.317365844551746	0.27060136150103925
0.2720278667586394	0.31655253609555534
0.30829824899312464	0.28847126273223994
0.2569152074942705	0.2629428324019532
0.2780729304643869	0.2731542045340679
0.33852356752186236	0.296129791831326
0.31434331269887217	0.30378832093041197
0.30527571714025087	0.2910241057652686
0.31434331269887217	0.2757070475670966
0.3355010356689886	0.2910241057652686
0.2690053349057656	0.30889400699646935
0.2538926756413968	0.32165822216161266
0.317365844551746	0.30378832093041197
0.30829824899312464	0.3012354778973833
0.29923065343450334	0.319105379128584
0.317365844551746	0.29357694879829727
0.2629602712000181	0.2757070475670966
0.329455971963241	0.3242110651946414
0.31434331269887217	0.31655253609555534
0.3657263541977263	0.2859184196992113
0.2720278667586394	0.3803736119212721
0.32341090825749347	0.3012354778973833
0.31434331269887217	0.3395281233928134
0.3596812904919787	0.33186959429372737
0.3355010356689886	0.30889400699646935
0.32643344011036723	0.34463380945887073
0.3475911630804836	0.27060136150103925
0.317365844551746	0.30889400699646935
0.33852356752186236	0.2910241057652686
0.3445686312276099	0.3395281233928134
0.3324785038161148	0.30378832093041197
0.29318558972875575	0.32165822216161266
0.35665875863910496	0.28847126273223994
0.30527571714025087	0.29868263486435465
0.3596812904919787	0.311446850029498
0.2780729304643869	0.3293167512606987
0.3324785038161148	0.3139996930625267
0.329455971963241	0.3293167512606987
0.3113207808459984	0.3293167512606987
0.31434331269887217	0.34208096642584207
0.2962081215816295	0.32676390822767004
0.3687488860506001	0.3242110651946414
0.31434331269887217	0.30378832093041197
0.29318558972875575	0.27825989060012524
0.3475911630804836	0.3139996930625267
0.3203883764046197	0.30634116396344063
0.27505039861151315	0.29868263486435465
0.3808390134620951	0.34208096642584207
0.3536362267862312	0.3931378270864155
0.3355010356689886	0.3650565537231001
0.32643344011036723	0.3012354778973833
0.4110643319908328	0.3931378270864155
0.3657263541977263	0.3242110651946414
0.4564023097839394	0.42632478651578826
0.40199673643221157	0.3854792979873295
0.28714052602300827	0.28847126273223994
0.28714052602300827	0.311446850029498
0.24180254822990166	0.29868263486435465
0.4654699053425607	0.4646174320112183
0.5168529468414148	0.44930037381304627
0.2569152074942705	0.24762577420378118
0.23575748452415413	0.2297558729725805
0.26598280305289185	0.24762577420378118
0.2780729304643869	0.3625037106900714
0.4775600327540558	0.46717027504424696
0.44128965051957053	0.3854792979873295
0.46849243719543454	0.45185321684607493
0.317365844551746	0.2757070475670966
0.3747939497563476	0.3395281233928134
0.3929291408735902	0.38292645495430083
0.3596812904919787	0.30634116396344063
0.3355010356689886	0.2757070475670966
0.40199673643221157	0.34208096642584207
0.3506136949333574	0.33442243732675603
0.33852356752186236	0.32676390822767004
0.3355010356689886	0.31655253609555534
0.3415460993747361	0.31655253609555534
0.3929291408735902	0.34208096642584207
0.3415460993747361	0.3471866524918994
0.3657263541977263	0.3369752803597847
0.3324785038161148	0.319105379128584
0.29318558972875575	0.2833655766661826
0.317365844551746	0.3522923385579568
0.3536362267862312	0.38803214102035816
0.37177141790347384	0.31655253609555534
0.3324785038161148	0.35484518159098544
0.2780729304643869	0.3012354778973833
0.317365844551746	0.3293167512606987
0.30829824899312464	0.3293167512606987
0.3203883764046197	0.32676390822767004
0.2962081215816295	0.2757070475670966
0.32643344011036723	0.319105379128584
0.3355010356689886	0.33442243732675603
0.32643344011036723	0.3293167512606987
0.3022531852873771	0.296129791831326
0.2538926756413968	0.30889400699646935
0.2629602712000181	0.29868263486435465
0.2962081215816295	0.2833655766661826
0.26598280305289185	0.32165822216161266
0.2690053349057656	0.30889400699646935
0.29318558972875575	0.30634116396344063
0.2841179941701345	0.296129791831326
0.2720278667586394	0.30378832093041197
0.3022531852873771	0.2578371463358959
0.290163057875882	0.30378832093041197
0.3324785038161148	0.28847126273223994
0.290163057875882	0.2757070475670966
0.3324785038161148	0.33186959429372737
0.2569152074942705	0.2910241057652686
0.26598280305289185	0.2757070475670966
0.26598280305289185	0.2629428324019532
0.2538926756413968	0.30378832093041197
0.26598280305289185	0.2757070475670966
0.28109546231726074	0.2859184196992113
0.23575748452415413	0.23741440207166653
0.250870143788523	0.2731542045340679
0.24784761193564922	0.2859184196992113
0.2387800163770279	0.26038998936892455
0.21762229340691153	0.27060136150103925
0.24482508008277545	0.2578371463358959
0.2780729304643869	0.2629428324019532
0.24482508008277545	0.26549567543498187
0.2569152074942705	0.2629428324019532
0.24180254822990166	0.2859184196992113
0.24784761193564922	0.2629428324019532
0.28109546231726074	0.2399672451046952
0.2841179941701345	0.3012354778973833
0.2538926756413968	0.2731542045340679
0.26598280305289185	0.27825989060012524
0.18135191117242624	0.24252008813772385
0.23575748452415413	0.2118859717413798
0.21762229340691153	0.22720302993955183
0.2538926756413968	0.2578371463358959
0.2629602712000181	0.24252008813772385
0.2780729304643869	0.23230871600560915
0.2599377393471443	0.25017861723680984
0.19344203858392134	0.22720302993955183
0.19948710228966887	0.26038998936892455
0.21762229340691153	0.19912175657623643
0.22064482525978527	0.2629428324019532
0.24180254822990166	0.2399672451046952
0.2387800163770279	0.2348615590386378
0.2085546978482902	0.24507293117075252
0.19948710228966887	0.19146322747715042
0.22366735711265903	0.2552843033028672
0.250870143788523	0.2093331287083511
0.21157722970116397	0.2348615590386378
0.2387800163770279	0.22720302993955183
0.20250963414254267	0.2195445008404658
0.21762229340691153	0.22465018690652314
0.24482508008277545	0.23741440207166653
0.2085546978482902	0.21443881477440846
0.2055321659954164	0.19656891354320774
0.21762229340691153	0.19912175657623643
0.19344203858392134	0.24507293117075252
0.23273495267128036	0.23230871600560915
0.21762229340691153	0.2093331287083511
0.21459976155403773	0.21699165780743712
0.2055321659954164	0.1812518553450357
