WT	KO
0.23078824980326942	0.3039387053967725
0.2921370250674296	0.26886885477406797
0.27168743331270956	0.204574128632443
0.34180031932889265	0.28055880498163616
0.2892156548167553	0.31562865560434067
0.2161813985498979	0.26302387967028384
0.28045154406473244	0.2864037800854202
0.27168743331270956	0.33316358091569287
0.3213507275741726	0.27471382987785203
0.3476430598302413	0.40330328216110195
0.315507987072824	0.3273186058119088
0.38269950283833276	0.3623884564346133
0.25123784155798945	0.22210905394379526
0.3184293573234983	0.23379900415136345
0.315507987072824	0.36823343153839744
0.3330362085768698	0.2571789045664998
0.37393539208630994	0.3506985062270452
0.33595757882754407	0.339008556019477
0.3476430598302413	0.4208382074724542
0.3564071705822641	0.36823343153839744
0.2600019523100124	0.3623884564346133
0.3184293573234983	0.31562865560434067
0.34472168957956695	0.3740784066421815
0.3242720978248469	0.339008556019477
0.30966524657147537	0.3623884564346133
0.3067438763208011	0.31562865560434067
0.3213507275741726	0.339008556019477
0.34180031932889265	0.339008556019477
0.3125866168221497	0.3740784066421815
0.3184293573234983	0.3740784066421815
0.46157649960653885	0.3974583070573179
0.40899183509440146	0.45590805809515866
0.3564071705822641	0.3623884564346133
0.34180031932889265	0.36823343153839744
0.27753017381405815	0.3273186058119088
0.2453951010566409	0.36823343153839744
0.37101402183563564	0.3623884564346133
0.37393539208630994	0.33316358091569287
0.37101402183563564	0.35654348133082925
0.4265200565984472	0.3916133319535338
0.3797781325876585	0.47928795851029504
0.43820553760114445	0.44421810788759053
0.46157649960653885	0.4208382074724542
0.4937115723639561	0.41499323236867014
0.35056443008091553	0.44421810788759053
0.38854224333968135	0.33316358091569287
0.40607046484372716	0.4500630829913746
0.3593285408329384	0.5026678589254314
0.45865512935586444	0.43252815768002234
0.4265200565984472	0.41499323236867014
0.3622499110836127	0.4208382074724542
0.3914636135903557	0.409148257264886
0.37393539208630994	0.36823343153839744
0.4557337591051902	0.5026678589254314
0.423598686347773	0.5143578091329996
0.4265200565984472	0.47928795851029504
0.3564071705822641	0.45590805809515866
0.38854224333968135	0.4500630829913746
0.4206773160970987	0.4266831825762383
0.4469696483531673	0.473442983406511
0.46449786985721314	0.5377377095481359
0.4878688318626075	0.46175303319894284
0.4352841673504701	0.47928795851029504
0.41191320534507575	0.5202027842367837
0.423598686347773	0.5085128340292155
0.5112397938680019	0.4500630829913746
0.44404827810249303	0.4675980083027269
0.47618335085991026	0.4675980083027269
0.49663294261463037	0.5377377095481359
0.43820553760114445	0.5669625850670563
0.5550603476281163	0.6604821867276017
0.4907902021132818	0.5377377095481359
0.5287680153720475	0.6195673610011131
0.5083184236173276	0.6663271618313857
0.4907902021132818	0.409148257264886
0.4849474616119332	0.602032435689761
0.49663294261463037	0.5961874605859767
0.5462962368760934	0.4968228838216473
0.5229252748706991	0.6487922365200336
0.48202609136125885	0.607877410793545
0.4907902021132818	0.4968228838216473
0.4557337591051902	0.43837313278380646
0.44404827810249303	0.41499323236867014
0.4528123888545159	0.47928795851029504
0.5170825343693505	0.5669625850670563
0.49955431286530466	0.5260477593405677
0.5170825343693505	0.5377377095481359
0.5024756831159789	0.5085128340292155
0.5871954203855335	0.54358268465192
0.5141611641186762	0.607877410793545
0.3242720978248469	0.3273186058119088
0.6164091228922765	0.818296514529772
0.759556265175317	0.7890716390108516
0.5053970533666532	0.5786525352746246
0.3330362085768698	0.2922487551892043
0.4498910186038416	0.4500630829913746
0.7069716006631797	0.7130869626616585
0.8150622999381287	0.8533663651524765
0.4937115723639561	0.5728075601708404
0.30382250607012684	0.31562865560434067
0.2570805820593381	0.2104191037362271
0.40607046484372716	0.47928795851029504
0.7040502304125054	0.882591240671397
0.7274211924178998	0.7598467634919311
0.5462962368760934	0.5844975103784086
0.2570805820593381	0.30978368050055655
0.48202609136125885	0.3974583070573179
0.7332639329192483	0.7715367136994993
0.7098929709138541	0.7832266639070676
0.3476430598302413	0.339008556019477
0.4703406103585617	0.5085128340292155
0.5170825343693505	0.48513293361407916
0.49663294261463037	0.5318927344443518
0.5550603476281163	0.6487922365200336
0.45865512935586444	0.40330328216110195
0.5492176071267677	0.6312573112086813
0.46741924010788743	0.4675980083027269
0.49663294261463037	0.5318927344443518
0.5433748666254191	0.5494276597557041
0.5141611641186762	0.5202027842367837
0.5462962368760934	0.6429472614162495
0.5696671988814878	0.5961874605859767
0.5579817178787906	0.602032435689761
0.5170825343693505	0.6429472614162495
0.49955431286530466	0.5611176099632723
0.572588569132162	0.5260477593405677
0.4469696483531673	0.5494276597557041
0.43820553760114445	0.45590805809515866
0.4937115723639561	0.5202027842367837
0.5316893856227219	0.5669625850670563
0.4907902021132818	0.5260477593405677
0.40607046484372716	0.4500630829913746
0.47618335085991026	0.48513293361407916
0.36809265158496135	0.36823343153839744
0.46741924010788743	0.46175303319894284
0.4323627970997958	0.43252815768002234
0.44112690785181874	0.4266831825762383
0.4265200565984472	0.45590805809515866
0.4703406103585617	0.46175303319894284
0.46741924010788743	0.41499323236867014
0.3914636135903557	0.4266831825762383
0.43820553760114445	0.4675980083027269
0.47910472111058455	0.41499323236867014
0.5112397938680019	0.40330328216110195
0.4352841673504701	0.473442983406511
0.365171281334287	0.5026678589254314
0.3622499110836127	0.3740784066421815
0.40314909459305287	0.409148257264886
0.4265200565984472	0.36823343153839744
0.4352841673504701	0.5026678589254314
0.3593285408329384	0.48513293361407916
0.3564071705822641	0.36823343153839744
0.44112690785181874	0.35654348133082925
0.4498910186038416	0.40330328216110195
0.4528123888545159	0.46175303319894284
0.35348580033158983	0.4266831825762383
0.4498910186038416	0.45590805809515866
0.4265200565984472	0.4266831825762383
0.3593285408329384	0.3623884564346133
0.3914636135903557	0.36823343153839744
0.41191320534507575	0.35654348133082925
0.37101402183563564	0.36823343153839744
0.4323627970997958	0.3916133319535338
0.3797781325876585	0.49097790871786323
0.37101402183563564	0.3740784066421815
0.3973063540917043	0.37992338174596557
0.37393539208630994	0.3974583070573179
0.4206773160970987	0.31562865560434067
0.34472168957956695	0.30978368050055655
0.3593285408329384	0.34485353112326106
0.3593285408329384	0.38576835684974964
0.3797781325876585	0.3916133319535338
0.3973063540917043	0.3974583070573179
0.365171281334287	0.37992338174596557
0.4148345755957501	0.37992338174596557
0.36809265158496135	0.32147363070812474
0.37393539208630994	0.47928795851029504
0.3797781325876585	0.36823343153839744
0.34180031932889265	0.28055880498163616
0.38562087308900705	0.3974583070573179
0.36809265158496135	0.43252815768002234
0.3973063540917043	0.4500630829913746
0.3593285408329384	0.3623884564346133
0.37101402183563564	0.36823343153839744
0.4002277243423786	0.3740784066421815
0.30090113581945255	0.3039387053967725
0.4002277243423786	0.45590805809515866
0.37685676233698423	0.3506985062270452
0.315507987072824	0.29809373029298836
0.3476430598302413	0.40330328216110195
0.3184293573234983	0.31562865560434067
0.3242720978248469	0.3506985062270452
0.35056443008091553	0.339008556019477
0.3213507275741726	0.3974583070573179
0.286294284566081	0.29809373029298836
0.30966524657147537	0.26302387967028384
0.3564071705822641	0.36823343153839744
0.3330362085768698	0.36823343153839744
0.23955236055529228	0.29809373029298836
0.2979797655687782	0.31562865560434067
