WT	KO
0.335669146538578	0.32171421325238964
0.29280592218788065	0.30788847846798945
0.3061658882192668	0.2993803339852816
0.315072532240191	0.3233094903428974
0.3373391422925013	0.3211824542222204
0.32731916776896164	0.34032577930831304
0.349585777821272	0.3302223577350975
0.3072792187218824	0.30948375555849716
0.3434624600568867	0.3201189361618819
0.3506991083238875	0.329158839674759
0.32676250251765393	0.33500818900662066
0.3529257693291185	0.3520244779720363
0.35515243033434957	0.3621278995452518
0.3779757056379677	0.39190640523472925
0.3757490446327366	0.34617512864017463
0.35904908709350386	0.34989744185135935
0.3707390573709668	0.35681030924355944
0.363502409103966	0.37489011626931357
0.3423491295542711	0.36585021275643653
0.3623890786013504	0.3844617788123599
0.3824290276484297	0.37382659820897507
0.3690690616170435	0.37223132111846735
0.3529257693291185	0.35308799603237473
0.3295458287741927	0.3520244779720363
0.37185238787358227	0.37489011626931357
0.3746357141301211	0.353619755062544
0.37185238787358227	0.37223132111846735
0.33010249402550046	0.34989744185135935
0.36517240485788915	0.36265965857542104
0.3829856928997375	0.378080670450329
0.4046956377007401	0.39509695941574463
0.3768623751353521	0.3711678030581289
0.335669146538578	0.37595363432965206
0.3596057523448116	0.3520244779720363
0.40024231569027796	0.39190640523472925
0.41248895121904866	0.38233474269168294
0.3829856928997375	0.39190640523472925
0.365729070109197	0.3541515140927132
0.349585777821272	0.36265965857542104
0.38075903189450644	0.39190640523472925
0.365729070109197	0.3775489114201598
0.363502409103966	0.36265965857542104
0.36795573111442803	0.3839300197821906
0.3829856928997375	0.38073946560117516
0.39801565468504696	0.4073274171096371
0.37018239211965903	0.3844617788123599
0.37908903614058315	0.3929699232950677
0.3924490021719694	0.37489011626931357
0.38743901491019955	0.37382659820897507
0.4046956377007401	0.3833982607520214
0.41248895121904866	0.3998827906872678
0.4019123114442012	0.38605705590286754
0.3902223411667383	0.402541585838114
0.42529225199912707	0.40573214001912944
0.40580896820335555	0.40785917613980643
0.420838929988665	0.41583556159234497
0.38409902340235297	0.41264500741132953
0.3740790488788133	0.3690407669374519
0.4013556461928935	0.4067956580794679
0.43141556976351236	0.42221666995437585
0.4408788790357443	0.43870119988962225
0.41360228172166413	0.42221666995437585
0.4492288578053607	0.44720934437233006
0.45813550182628476	0.43019305540691444
0.40580896820335555	0.3945652003855754
0.4275189130043581	0.41530380256217575
0.4213955952399727	0.36585021275643653
0.43252890026612795	0.4179625977130219
0.43976554853312877	0.3929699232950677
0.4486721925540529	0.41370852547166803
0.4464455315488219	0.438169440859453
0.4247355867478193	0.41424028450183725
0.423065590993896	0.41530380256217575
0.46537215009328564	0.41264500741132953
0.43419889602005124	0.42434370607505284
0.4458888662975141	0.44827286243266856
0.4631454890880546	0.4259389831655605
0.4275189130043581	0.4434870311611454
0.4297455740095891	0.4349788866784376
0.43753888752789777	0.4296612963767452
0.45479551031843823	0.4200896338336989
0.4620321585854391	0.45359045273436094
0.4319722350148202	0.43870119988962225
0.45201218406189947	0.4328518505577606
0.47372212886290205	0.4589080430360533
0.45980549758020806	0.4594398020662226
0.4570221713236693	0.44827286243266856
0.40747896395727884	0.3998827906872678
0.37296571837619785	0.3839300197821906
0.4158289427268952	0.3876523329933753
0.37240905312489003	0.3615961405150826
0.6329283907369209	0.5785538248241321
0.5254919972345236	0.48602775357468453
0.40747896395727884	0.39137464620456
0.37296571837619785	0.3605326224547441
0.2516126935911066	0.25099026223988086
0.33789580754380905	0.3169283819808665
0.29113592643395736	0.2807687679293583
0.46537215009328564	0.4488046214628378
0.4408788790357443	0.4014780677777755
0.25884934185810743	0.2717288644164812
0.4291889087582814	0.402541585838114
0.4564655060723615	0.4323200915275914
0.27053931213557036	0.28289580405003517
0.33956580329773234	0.3142695868300203
0.2699826468842626	0.27545117762766586
0.363502409103966	0.3552150321530517
0.38743901491019955	0.39935103165709857
0.4620321585854391	0.46050332012656103
0.5533252597999113	0.5407989336821162
0.3562657608369651	0.3615961405150826
0.4102622902138176	0.39562871844591385
0.3824290276484297	0.366913730816775
0.42417892149651154	0.41158148935099104
0.5099053701979063	0.4610350791567303
0.5143586922083684	0.4881547896953615
0.4909787516534425	0.4785831271523152
0.46704214584720893	0.46422563333774575
0.4158289427268952	0.43444712764826837
0.45312551456451494	0.4530586937041917
0.4592488323289003	0.44720934437233006
0.4854120991403649	0.45731276594554565
0.5193686794701382	0.47060674169977657
0.4514555188105917	0.4488046214628378
0.4447755357948986	0.427002501225899
0.4275189130043581	0.4099862122604834
0.43252890026612795	0.4195578748035297
0.4559088408210537	0.4434870311611454
0.43419889602005124	0.4099862122604834
0.4637021543393624	0.4594398020662226
0.4642588195906701	0.449336380493007
0.43252890026612795	0.42115315189403735
0.4364255570252822	0.43019305540691444
0.40970562496250984	0.4089226942001449
0.4158289427268952	0.402541585838114
0.42529225199912707	0.438169440859453
0.4408788790357443	0.41477204353200653
0.46537215009328564	0.42168491092420657
0.4286322435069736	0.4163673206225142
0.42028226473735725	0.41211324838116026
0.4180556037321262	0.41530380256217575
0.4197255994860495	0.4105179712906526
0.4163856079782029	0.40785917613980643
0.39523232842850814	0.4131767664414988
0.39634565893112367	0.3935016823252369
0.41471561222427966	0.4131767664414988
0.41304561647035637	0.37169956208829813
0.3835423581510452	0.3839300197821906
0.36851239636573574	0.39137464620456
0.4030256419468168	0.402541585838114
0.40636563345466326	0.41424028450183725
0.40803562920858655	0.38871585105371376
0.37908903614058315	0.3945652003855754
0.3829856928997375	0.3908428871743907
0.3740790488788133	0.3833982607520214
0.3802023666431987	0.4073274171096371
0.4191689342347417	0.41264500741132953
0.402468976695509	0.4131767664414988
0.3941189979258926	0.3972239955364216
0.37519237938142885	0.3775489114201598
0.3924490021719694	0.3855252968726983
0.3623890786013504	0.38233474269168294
0.3612757480987349	0.35681030924355944
0.35181243882650304	0.38286650172185216
0.35403909983173404	0.3578738273038979
0.34067913380034787	0.3615961405150826
0.35682242608827286	0.34723864670051313
0.3740790488788133	0.38605705590286754
0.39968565043897025	0.39669223650625235
0.3796457013918909	0.38233474269168294
0.3779757056379677	0.35308799603237473
0.3468024515647332	0.3509609599116978
0.3601624175961194	0.35681030924355944
0.3596057523448116	0.3775489114201598
0.3468024515647332	0.35574679118322095
0.35682242608827286	0.353619755062544
0.3390091380464246	0.3483021647608516
0.3484724473186565	0.3594691043944056
0.37741904038665985	0.3615961405150826
0.35849242184219615	0.3286270806445898
0.34067913380034787	0.35149271894186707
0.32509250676373064	0.3323493938557744
0.3473591168160409	0.3355399480367899
0.35515243033434957	0.32384124937306663
0.33344248553334704	0.3286270806445898
0.33177248977942375	0.3211824542222204
0.35014244307257975	0.3307541167652667
0.331215824528116	0.3344764299764514
0.35682242608827286	0.33500818900662066
0.3434624600568867	0.32543652646357435
0.35403909983173404	0.3344764299764514
0.3490291125699642	0.3387305022178053
0.3184125237480375	0.3105472736188356
0.33344248553334704	0.306824960407651
0.3089492144758057	0.3116107916791741
0.2961459136957272	0.3116107916791741
0.3078358839731901	0.3344764299764514
0.3134025364862677	0.3062932013774817
0.35515243033434957	0.34245281542899
0.3278758330202694	0.3222459722825589
