WT	KO
0.3644707951365494	0.4389926494386347
0.27335309635241206	0.4633811299630033
0.31891194574448073	0.36582720786552897
0.27335309635241206	0.4146041689142661
0.45558849392068673	0.3902156883898975
0.5467061927048241	0.5365465715361091
0.45558849392068673	0.5609350520604778
0.3644707951365494	0.4389926494386347
0.41002964452861806	0.4633811299630033
0.31891194574448073	0.4633811299630033
0.5922650420968928	0.609712013109215
0.6378238914889615	0.7072659352066893
0.31891194574448073	0.2926617662924232
0.3644707951365494	0.4877696104873719
0.5467061927048241	0.6584889741579522
0.6378238914889615	0.6828774546823208
0.5922650420968928	0.609712013109215
0.3644707951365494	0.5609350520604778
0.5011473433127555	0.4633811299630033
0.45558849392068673	0.6584889741579522
0.8656181384493048	0.6584889741579522
0.8200592890572361	0.7316544157310579
0.5922650420968928	0.609712013109215
0.5467061927048241	0.5365465715361091
0.5467061927048241	0.6584889741579522
0.9567358372334421	0.8048198573041637
0.8200592890572361	0.7560428962554265
0.9567358372334421	0.8048198573041637
0.5922650420968928	0.5609350520604778
0.7289415902730988	0.7560428962554265
0.5467061927048241	0.6341004936335836
0.7745004396651675	0.9755392209747438
0.8200592890572361	0.6828774546823208
0.9567358372334421	0.8292083378285322
0.8200592890572361	0.5853235325848464
0.8200592890572361	0.9511507404503753
0.5467061927048241	0.5365465715361091
0.8200592890572361	0.8779852988772694
0.6378238914889615	0.8292083378285322
0.8200592890572361	0.6584889741579522
0.5011473433127555	0.6584889741579522
0.7289415902730988	0.5853235325848464
0.7745004396651675	0.6584889741579522
0.5011473433127555	0.8048198573041637
0.7745004396651675	0.5365465715361091
0.5011473433127555	0.5121580910117405
0.5467061927048241	0.6584889741579522
0.6378238914889615	0.7560428962554265
1.1845300841937856	0.8535968183529009
0.3644707951365494	0.6341004936335836
0.22779424696034337	0.6584889741579522
0.31891194574448073	0.5609350520604778
0.7745004396651675	0.609712013109215
0.7289415902730988	0.8048198573041637
0.7289415902730988	0.7560428962554265
0.7289415902730988	0.7560428962554265
0.5467061927048241	0.6828774546823208
0.7289415902730988	0.4877696104873719
0.8656181384493048	0.8535968183529009
0.9567358372334421	0.9755392209747438
0.5922650420968928	0.8292083378285322
0.5922650420968928	0.6584889741579522
0.5922650420968928	0.5853235325848464
0.5922650420968928	0.5121580910117405
0.7745004396651675	0.9755392209747438
0.8656181384493048	0.9755392209747438
0.5467061927048241	0.7560428962554265
0.6378238914889615	0.7560428962554265
0.41002964452861806	0.6828774546823208
0.5922650420968928	0.6341004936335836
0.9567358372334421	0.8779852988772694
0.6833827408810301	0.9267622599260066
0.45558849392068673	0.5121580910117405
0.7745004396651675	0.780431376779795
0.7289415902730988	0.8535968183529009
0.7745004396651675	0.7316544157310579
0.45558849392068673	0.8292083378285322
0.6833827408810301	0.7560428962554265
0.9111769878413735	0.7072659352066893
0.7745004396651675	0.8779852988772694
0.7289415902730988	0.6341004936335836
0.5922650420968928	0.6584889741579522
0.7289415902730988	0.5609350520604778
0.7745004396651675	0.8048198573041637
0.6833827408810301	0.8048198573041637
0.7745004396651675	0.6341004936335836
0.6378238914889615	0.5609350520604778
0.5922650420968928	0.7560428962554265
0.8200592890572361	0.8048198573041637
0.45558849392068673	0.7316544157310579
0.3644707951365494	0.4877696104873719
0.31891194574448073	0.3170502468167918
0.9567358372334421	0.8535968183529009
1.138971234801717	1.1218701041209556
0.5922650420968928	0.6584889741579522
0.6833827408810301	0.4633811299630033
0.5467061927048241	0.6828774546823208
0.7745004396651675	0.7560428962554265
0.7745004396651675	0.9023737794016381
0.9567358372334421	0.7560428962554265
0.5011473433127555	0.609712013109215
0.3644707951365494	0.5609350520604778
0.8200592890572361	0.8292083378285322
0.6833827408810301	0.6828774546823208
0.45558849392068673	0.5365465715361091
0.6378238914889615	0.780431376779795
0.5467061927048241	0.7560428962554265
1.0478535360175796	0.9511507404503753
0.8200592890572361	0.8779852988772694
0.22779424696034337	0.21949632471931735
0.7289415902730988	0.609712013109215
0.7745004396651675	0.5609350520604778
1.0478535360175796	0.9511507404503753
0.8200592890572361	0.9267622599260066
0.27335309635241206	0.24388480524368594
0.45558849392068673	0.5365465715361091
0.31891194574448073	0.5365465715361091
0.5467061927048241	0.3902156883898975
0.5922650420968928	0.8292083378285322
0.7289415902730988	0.5609350520604778
0.5011473433127555	0.7560428962554265
0.7745004396651675	0.780431376779795
0.5467061927048241	0.5609350520604778
0.6378238914889615	0.6341004936335836
0.5922650420968928	0.5609350520604778
0.5011473433127555	0.3902156883898975
0.6833827408810301	0.6584889741579522
0.8200592890572361	0.6341004936335836
0.5922650420968928	0.6341004936335836
0.7289415902730988	0.609712013109215
0.6833827408810301	0.7316544157310579
0.5922650420968928	0.4633811299630033
0.45558849392068673	0.5365465715361091
0.5922650420968928	0.6341004936335836
0.6833827408810301	0.7072659352066893
1.1845300841937856	1.024316182023481
0.5922650420968928	0.7072659352066893
0.5922650420968928	0.4389926494386347
0.3644707951365494	0.3902156883898975
0.5011473433127555	0.4633811299630033
1.002294686625511	0.5853235325848464
0.45558849392068673	0.6828774546823208
0.7289415902730988	0.6828774546823208
0.5467061927048241	0.7316544157310579
0.5922650420968928	0.5121580910117405
0.9111769878413735	0.7072659352066893
0.31891194574448073	0.5365465715361091
0.41002964452861806	0.4389926494386347
0.3644707951365494	0.4877696104873719
0.31891194574448073	0.3414387273411604
0.7289415902730988	0.6341004936335836
0.5011473433127555	0.4877696104873719
0.41002964452861806	0.4389926494386347
0.3644707951365494	0.5121580910117405
0.22779424696034337	0.4389926494386347
0.5922650420968928	0.5609350520604778
0.3644707951365494	0.6828774546823208
0.5011473433127555	0.6341004936335836
0.45558849392068673	0.5853235325848464
0.27335309635241206	0.2926617662924232
0.31891194574448073	0.4146041689142661
0.6378238914889615	0.5121580910117405
0.5922650420968928	0.5121580910117405
0.6833827408810301	0.609712013109215
0.3644707951365494	0.4146041689142661
0.41002964452861806	0.4389926494386347
0.5922650420968928	0.3902156883898975
0.41002964452861806	0.6828774546823208
0.5467061927048241	0.4633811299630033
0.27335309635241206	0.36582720786552897
0.3644707951365494	0.4877696104873719
0.27335309635241206	0.2926617662924232
0.7289415902730988	0.4633811299630033
0.31891194574448073	0.5365465715361091
0.45558849392068673	0.3170502468167918
0.8200592890572361	0.7316544157310579
0.5011473433127555	0.5853235325848464
0.8200592890572361	0.7072659352066893
1.2300889335858542	0.6584889741579522
0.41002964452861806	0.3414387273411604
0.5011473433127555	0.4633811299630033
0.5011473433127555	0.36582720786552897
0.6378238914889615	0.5609350520604778
0.5467061927048241	0.4633811299630033
0.31891194574448073	0.26827328576805454
0.31891194574448073	0.36582720786552897
0.7289415902730988	0.5121580910117405
0.7745004396651675	0.4877696104873719
0.45558849392068673	0.5853235325848464
0.6378238914889615	0.4633811299630033
0.41002964452861806	0.4146041689142661
0.45558849392068673	0.24388480524368594
0.1822353975682747	0.2926617662924232
0.22779424696034337	0.24388480524368594
0.5467061927048241	0.3414387273411604
0.5922650420968928	0.5853235325848464
0.5467061927048241	0.4389926494386347
0.41002964452861806	0.1463308831462116
0.5011473433127555	0.4146041689142661
0.27335309635241206	0.4877696104873719
