WT	KO
0.6300691937200987	0.6434407627705757
0.4652818661317652	0.5759832634478541
0.48466861055392213	0.5604161482195337
0.591295704875785	0.529281917762893
0.7076161714087262	0.612306532313935
0.5234420993982358	0.6434407627705757
0.4652818661317652	0.6901421084555369
0.5428288438203928	0.6226846091328152
0.7463896602530401	0.6641969164083362
0.7463896602530401	0.6382517243611356
0.571908960453628	0.7316544157310579
0.6300691937200987	0.5396599945817732
0.5525222160314711	0.5500380714006534
0.6009890770868634	0.612306532313935
0.6688426825644125	0.6797640316366567
0.6979227991976478	0.659007877998896
0.5331354716093143	0.6071174939044949
0.7173095436198047	0.7627886461876987
0.7754697768862754	0.7368434541404979
0.7560830324641186	0.7472215309593782
0.6979227991976478	0.6486298011800158
0.7173095436198047	0.7005201852744172
0.8433233823638244	0.6174955707233751
0.7851631490973539	0.7679776845971388
0.7851631490973539	0.7212763389121776
0.6397625659311772	0.6797640316366567
0.7173095436198047	0.7472215309593782
0.6397625659311772	0.6019284554950547
0.6979227991976478	0.7316544157310579
0.7366962880419616	0.8510022991481807
0.7948565213084322	0.7368434541404979
0.7270029158308832	0.7368434541404979
0.6979227991976478	0.6901421084555369
0.7657764046751969	0.6901421084555369
0.8530167545749029	0.7420324925499382
0.6688426825644125	0.7264653773216178
0.7270029158308832	0.7472215309593782
0.7851631490973539	0.7575996077782585
0.7948565213084322	0.7420324925499382
0.7948565213084322	0.7991119150537795
0.6882294269865693	0.6641969164083362
0.6882294269865693	0.6849530700460967
0.8627101267859814	0.7472215309593782
0.7851631490973539	0.8043009534632196
0.8627101267859814	0.7472215309593782
0.659149310353334	0.7524105693688184
0.833630010152746	0.773166723006579
0.9111769878413735	0.8873255680142618
0.9596438488967658	0.8510022991481807
0.8627101267859814	0.7524105693688184
0.6882294269865693	0.7108982620932973
0.8142432657305891	0.7472215309593782
0.8530167545749029	0.8354351839198604
0.8627101267859814	0.81986806869154
0.9305637322635304	0.897703644833142
0.7948565213084322	0.856191337557621
0.8820968712081383	0.8354351839198604
0.9499504766856873	0.8665694143765013
1.0468841987964717	0.8769474911953815
1.0759643154297072	0.8094899918726598
1.0468841987964717	0.7472215309593782
0.9499504766856873	0.9288378752897827
0.9887239655300012	0.8717584527859412
0.9790305933189227	0.8146790302820999
0.8239366379416676	0.8406242223293007
0.9402571044746089	0.856191337557621
0.9984173377410797	0.9028926832425821
1.2213648985958836	0.9444049905181031
0.7560830324641186	0.9444049905181031
1.095351059851864	1.0481857587069057
1.0274974543743147	0.897703644833142
0.901483615630295	0.9184597984709024
1.0759643154297072	0.9703501825653037
0.9402571044746089	0.9132707600614623
0.9499504766856873	0.9132707600614623
0.9111769878413735	0.9028926832425821
0.9596438488967658	0.7887338382348993
0.9402571044746089	0.9080817216520222
0.8820968712081383	0.9392159521086629
0.9499504766856873	1.0066734514313846
0.8917902434192168	1.0170515282502648
0.8627101267859814	0.8821365296048216
0.8917902434192168	0.9028926832425821
1.0178040821632364	1.0533747971163456
0.9887239655300012	0.8043009534632196
0.7270029158308832	0.8146790302820999
0.571908960453628	0.6382517243611356
0.571908960453628	0.6019284554950547
0.659149310353334	0.5189038409440127
0.7076161714087262	0.7316544157310579
0.833630010152746	0.7835447998254592
0.901483615630295	0.8769474911953815
0.6203758215090203	0.5552271098100936
0.3392680273877455	0.3891778807080095
0.4943619827650006	0.5863613402667344
0.6300691937200987	0.6226846091328152
0.8724034989970598	0.695331146864977
0.6397625659311772	0.6641969164083362
0.6009890770868634	0.5085257641251324
0.678536054775491	0.5707942250384139
0.6009890770868634	0.5500380714006534
0.571908960453628	0.5448490329912133
0.7948565213084322	0.7057092236838572
0.9111769878413735	0.81986806869154
0.591295704875785	0.5448490329912133
0.7948565213084322	0.6330626859516955
0.4943619827650006	0.5344709561723331
0.7463896602530401	0.5604161482195337
0.9984173377410797	0.7472215309593782
0.8433233823638244	0.9132707600614623
0.8239366379416676	0.7524105693688184
0.6203758215090203	0.5759832634478541
0.6106824492979418	0.5863613402667344
0.8724034989970598	0.7835447998254592
1.008110709952158	0.81986806869154
1.0274974543743147	0.8665694143765013
0.9693372211078443	1.0118624898408248
0.7173095436198047	0.9132707600614623
0.9402571044746089	0.8821365296048216
0.8239366379416676	0.8873255680142618
1.0178040821632364	0.9599721057464234
0.9402571044746089	0.8458132607387406
0.8045498935195107	0.7575996077782585
0.9499504766856873	0.9080817216520222
0.7754697768862754	0.8250571071009801
0.8917902434192168	0.7575996077782585
0.8433233823638244	0.8250571071009801
0.9111769878413735	0.7472215309593782
0.8917902434192168	0.8458132607387406
0.9305637322635304	0.8302461455104203
1.0759643154297072	0.8043009534632196
0.7851631490973539	0.7887338382348993
0.7173095436198047	0.7368434541404979
0.9790305933189227	0.8510022991481807
1.0759643154297072	1.0066734514313846
0.8239366379416676	0.8354351839198604
0.9499504766856873	0.9236488368803426
0.7754697768862754	0.773166723006579
0.8239366379416676	0.861380375967061
1.0662709432186286	0.861380375967061
0.833630010152746	0.778355761416019
0.8530167545749029	0.8302461455104203
0.9208703600524519	0.8717584527859412
1.008110709952158	0.9236488368803426
0.8530167545749029	0.8510022991481807
0.7754697768862754	0.7887338382348993
0.833630010152746	0.7368434541404979
0.8917902434192168	0.9184597984709024
0.8627101267859814	0.7887338382348993
0.7851631490973539	0.81986806869154
0.7560830324641186	0.7575996077782585
0.7076161714087262	0.7524105693688184
0.7657764046751969	0.773166723006579
0.901483615630295	0.7835447998254592
0.9402571044746089	0.861380375967061
0.8045498935195107	0.7627886461876987
0.6882294269865693	0.7472215309593782
0.7173095436198047	0.7264653773216178
0.7270029158308832	0.8250571071009801
0.8724034989970598	0.8043009534632196
0.6882294269865693	0.7264653773216178
0.833630010152746	0.8406242223293007
0.7076161714087262	0.7160873005027375
0.7560830324641186	0.6330626859516955
0.7948565213084322	0.6693859548177764
0.8239366379416676	0.7368434541404979
0.9499504766856873	0.8043009534632196
0.7173095436198047	0.7679776845971388
0.7754697768862754	0.7212763389121776
0.7560830324641186	0.778355761416019
0.8530167545749029	0.6226846091328152
0.8142432657305891	0.7575996077782585
0.6979227991976478	0.5811723018572942
0.659149310353334	0.653818839589456
0.659149310353334	0.6797640316366567
0.7851631490973539	0.7991119150537795
0.6106824492979418	0.612306532313935
0.6106824492979418	0.5759832634478541
0.6494559381422557	0.7524105693688184
0.7173095436198047	0.695331146864977
0.6203758215090203	0.7160873005027375
0.7560830324641186	0.6745749932272165
0.5331354716093143	0.5500380714006534
0.571908960453628	0.5915503786761744
0.6300691937200987	0.5915503786761744
0.6203758215090203	0.6486298011800158
0.5428288438203928	0.5811723018572942
0.591295704875785	0.5552271098100936
0.6203758215090203	0.6486298011800158
0.6009890770868634	0.5448490329912133
0.6009890770868634	0.6641969164083362
0.5137487271871574	0.6797640316366567
0.5428288438203928	0.6278736475422554
0.6688426825644125	0.6434407627705757
0.7076161714087262	0.6382517243611356
0.8045498935195107	0.778355761416019
0.6882294269865693	0.695331146864977
0.7270029158308832	0.4877696104873719
0.6397625659311772	0.5811723018572942
0.45558849392068673	0.4773915336684917
