WT	KO
0.38142292514290055	0.5274717880851812
0.25428195009526705	0.4083652552917532
0.4449934126667173	0.5274717880851812
0.19071146257145027	0.37433481735077384
0.5085639001905341	0.42538047426224296
0.5085639001905341	0.47642613117371213
0.7310606065238927	0.544487007055671
0.31785243761908377	0.4934413501442018
0.6357048752381675	0.42538047426224296
0.38142292514290055	0.6125478829376299
0.6357048752381675	0.6465783208786093
0.38142292514290055	0.5955326639671401
0.4449934126667173	0.5955326639671401
0.3496376813809922	0.4083652552917532
0.41320816890480894	0.5274717880851812
0.5403491439524424	0.6465783208786093
0.6992753627619844	0.6806087588195887
0.7628458502858011	0.6295631019081196
0.4767786564286257	0.5615022260261607
0.41320816890480894	0.5274717880851812
0.6357048752381675	0.6125478829376299
1.1124835316667934	0.8847913864654653
0.7946310940477096	0.8167305105835064
0.5721343877143509	0.4934413501442018
0.4767786564286257	0.5785174449966504
0.6674901190000759	0.663593539849099
0.4449934126667173	0.5274717880851812
0.7628458502858011	0.8167305105835064
0.4767786564286257	0.544487007055671
0.4767786564286257	0.5104565691146916
0.7946310940477096	0.782700072642527
0.5085639001905341	0.6125478829376299
0.6992753627619844	0.7316544157310579
0.5085639001905341	0.544487007055671
0.41320816890480894	0.5785174449966504
0.4767786564286257	0.6295631019081196
0.5403491439524424	0.5615022260261607
0.38142292514290055	0.6295631019081196
0.7946310940477096	0.7997152916130167
0.5403491439524424	0.5104565691146916
0.7628458502858011	0.6295631019081196
0.5085639001905341	0.44239569323273265
0.4767786564286257	0.6465783208786093
0.9853425566191597	0.782700072642527
0.6992753627619844	0.7997152916130167
0.5085639001905341	0.5104565691146916
0.5721343877143509	0.6295631019081196
0.7310606065238927	0.6976239777900785
0.5403491439524424	0.5104565691146916
0.5721343877143509	0.8167305105835064
0.4767786564286257	0.4594109122032224
0.6992753627619844	0.544487007055671
0.41320816890480894	0.5955326639671401
0.8582015815715263	0.7656848536720374
0.6039196314762593	0.7146391967605681
0.6039196314762593	0.7146391967605681
0.5085639001905341	0.663593539849099
0.6674901190000759	0.6465783208786093
0.4449934126667173	0.5955326639671401
0.6039196314762593	0.6465783208786093
0.6674901190000759	0.5955326639671401
0.4449934126667173	0.5785174449966504
0.6357048752381675	0.5274717880851812
0.38142292514290055	0.6465783208786093
0.6357048752381675	0.6976239777900785
0.7628458502858011	0.7486696347015477
0.5085639001905341	0.6465783208786093
0.6039196314762593	0.5955326639671401
0.31785243761908377	0.6295631019081196
0.6357048752381675	0.5785174449966504
0.7310606065238927	0.8507609485244859
0.7628458502858011	0.8677761674949758
0.7310606065238927	0.7486696347015477
0.38142292514290055	0.544487007055671
0.3496376813809922	0.44239569323273265
0.38142292514290055	0.37433481735077384
0.3496376813809922	0.3913500363212635
0.8582015815715263	0.5955326639671401
0.6992753627619844	0.5955326639671401
0.7628458502858011	0.6465783208786093
0.6992753627619844	0.6976239777900785
0.8899868253334347	0.782700072642527
0.9535573128572514	0.9528522623474243
0.9535573128572514	0.8677761674949758
0.6992753627619844	0.6125478829376299
0.6039196314762593	0.5955326639671401
0.7310606065238927	0.7146391967605681
0.6674901190000759	1.0038979192588933
0.7310606065238927	0.7146391967605681
0.6992753627619844	0.6976239777900785
0.22249670633335866	0.4934413501442018
0.5403491439524424	0.5274717880851812
0.5085639001905341	0.5615022260261607
0.7628458502858011	0.5104565691146916
0.5403491439524424	0.6806087588195887
0.7310606065238927	0.6295631019081196
0.6039196314762593	0.47642613117371213
0.3496376813809922	0.42538047426224296
0.6674901190000759	0.7997152916130167
1.17605401919061	1.088974014111342
1.1442687754287018	1.0209131382293832
0.8264163378096179	0.7656848536720374
1.0171278003810682	0.6125478829376299
0.19071146257145027	0.2722435035278355
0.7310606065238927	0.6295631019081196
0.6039196314762593	0.4594109122032224
0.6039196314762593	0.5274717880851812
0.3496376813809922	0.42538047426224296
0.6357048752381675	0.5615022260261607
0.41320816890480894	0.5104565691146916
0.4767786564286257	0.42538047426224296
0.31785243761908377	0.5955326639671401
0.5085639001905341	0.6295631019081196
0.6357048752381675	0.7997152916130167
0.38142292514290055	0.7316544157310579
0.38142292514290055	0.6295631019081196
0.6357048752381675	0.7316544157310579
0.38142292514290055	0.44239569323273265
0.8899868253334347	0.8337457295539962
0.7628458502858011	0.7486696347015477
0.5403491439524424	0.6125478829376299
0.6992753627619844	0.663593539849099
0.7310606065238927	0.7146391967605681
0.6992753627619844	0.544487007055671
0.6674901190000759	0.663593539849099
0.4767786564286257	0.3913500363212635
0.7628458502858011	0.663593539849099
0.8264163378096179	0.8677761674949758
0.6357048752381675	0.6465783208786093
0.5403491439524424	0.7146391967605681
0.8582015815715263	0.6295631019081196
0.7628458502858011	0.544487007055671
0.6992753627619844	0.7146391967605681
0.6992753627619844	0.6295631019081196
0.6039196314762593	0.6465783208786093
0.5085639001905341	0.6465783208786093
0.7628458502858011	0.6465783208786093
0.6357048752381675	0.5104565691146916
0.8264163378096179	0.544487007055671
0.8582015815715263	0.8167305105835064
0.7946310940477096	0.7146391967605681
0.9535573128572514	0.663593539849099
0.4449934126667173	0.5615022260261607
0.6674901190000759	0.5955326639671401
0.8899868253334347	0.8167305105835064
0.7628458502858011	0.7656848536720374
0.6674901190000759	0.7656848536720374
0.7946310940477096	0.7997152916130167
0.7946310940477096	0.7146391967605681
0.7310606065238927	0.6295631019081196
0.5085639001905341	0.7146391967605681
0.5721343877143509	0.6465783208786093
0.3496376813809922	0.5615022260261607
0.6674901190000759	0.7656848536720374
0.7946310940477096	0.6976239777900785
0.5085639001905341	0.5955326639671401
0.6039196314762593	0.5955326639671401
0.8899868253334347	0.5955326639671401
0.8264163378096179	0.7146391967605681
0.7310606065238927	0.6806087588195887
0.6674901190000759	0.5615022260261607
0.6357048752381675	0.6806087588195887
0.5721343877143509	0.44239569323273265
0.5085639001905341	0.6465783208786093
0.5721343877143509	0.6976239777900785
0.7310606065238927	0.6295631019081196
0.31785243761908377	0.4934413501442018
0.6992753627619844	0.5955326639671401
0.5721343877143509	0.4594109122032224
0.5403491439524424	0.5615022260261607
0.41320816890480894	0.42538047426224296
0.41320816890480894	0.544487007055671
0.5721343877143509	0.6465783208786093
0.5085639001905341	0.5615022260261607
0.6674901190000759	0.6465783208786093
0.4449934126667173	0.5615022260261607
0.5085639001905341	0.5615022260261607
0.38142292514290055	0.42538047426224296
0.4449934126667173	0.37433481735077384
0.5085639001905341	0.47642613117371213
0.6674901190000759	0.5274717880851812
0.6357048752381675	0.544487007055671
0.22249670633335866	0.42538047426224296
0.38142292514290055	0.44239569323273265
0.4767786564286257	0.6295631019081196
0.3496376813809922	0.44239569323273265
0.41320816890480894	0.5785174449966504
0.4767786564286257	0.5955326639671401
0.4449934126667173	0.5615022260261607
0.5403491439524424	0.42538047426224296
0.3496376813809922	0.5615022260261607
0.4767786564286257	0.544487007055671
0.4449934126667173	0.5955326639671401
0.38142292514290055	0.3913500363212635
0.25428195009526705	0.47642613117371213
0.38142292514290055	0.42538047426224296
0.19071146257145027	0.3913500363212635
0.38142292514290055	0.5615022260261607
0.31785243761908377	0.544487007055671
0.28606719385717544	0.35731959838028404
