WT-Tfh	WT-Th1
0.6912167828135103	0.7682242673603051
0.6912167828135103	0.6627817208598712
0.6010580720117481	0.5724023952880705
0.6311109756123355	0.5874656162167039
0.9015871080176222	0.6778449417885046
0.7813754936152726	0.798350709217572
0.7813754936152726	0.692908162717138
0.8414813008164473	0.7380978255030384
0.5710051684111607	0.6627817208598712
0.6311109756123355	0.6175920580739709
0.8414813008164473	0.7531610464316717
0.7813754936152726	0.7230346045744048
1.0518516260205593	0.7531610464316717
0.8715342044170348	0.8435403720034723
0.81142839721586	0.798350709217572
0.6912167828135103	0.6326552790026042
0.5710051684111607	0.798350709217572
0.5710051684111607	0.7682242673603051
0.6912167828135103	0.7230346045744048
0.9316400116182095	0.7079713836457714
0.9316400116182095	0.7531610464316717
0.7212696864140977	0.692908162717138
0.9015871080176222	0.7380978255030384
0.7513225900146852	0.7531610464316717
0.6912167828135103	0.7230346045744048
0.6912167828135103	0.5874656162167039
0.9316400116182095	0.9791093603611734
0.961692915218797	0.6778449417885046
0.7813754936152726	0.7531610464316717
0.661163879212923	0.6175920580739709
0.7813754936152726	0.7832874882889387
0.7212696864140977	0.7531610464316717
1.262221951224671	0.9941725812898067
1.2321690476240836	1.1146783487188743
1.0518516260205593	0.9188564766466395
0.8414813008164473	0.7832874882889387
0.5409522648105733	0.6326552790026042
0.6912167828135103	0.7832874882889387
0.81142839721586	0.7531610464316717
0.6912167828135103	0.8134139301462056
0.6311109756123355	0.6477184999312376
0.9316400116182095	0.7682242673603051
0.7813754936152726	0.6778449417885046
1.0217987224199718	0.7832874882889387
0.8715342044170348	0.7682242673603051
0.9316400116182095	0.7380978255030384
0.8715342044170348	0.8284771510748389
0.8715342044170348	0.8887300347893726
0.8715342044170348	0.7380978255030384
0.6912167828135103	0.798350709217572
0.7513225900146852	0.7531610464316717
0.8414813008164473	0.6627817208598712
0.9917458188193844	0.7380978255030384
0.81142839721586	0.798350709217572
0.7513225900146852	0.692908162717138
0.661163879212923	0.6778449417885046
0.5710051684111607	0.692908162717138
0.7813754936152726	0.7380978255030384
0.81142839721586	0.8887300347893726
0.5710051684111607	0.7079713836457714
1.0217987224199718	0.8736668138607392
0.8715342044170348	0.8284771510748389
0.961692915218797	0.8435403720034723
0.8414813008164473	0.8134139301462056
0.961692915218797	0.7832874882889387
0.81142839721586	0.692908162717138
0.9917458188193844	0.8887300347893726
0.5710051684111607	0.7531610464316717
0.661163879212923	0.7682242673603051
0.7212696864140977	0.798350709217572
0.7513225900146852	0.9188564766466395
0.661163879212923	0.7380978255030384
0.5710051684111607	0.5121495115735368
0.5108993612099859	0.4820230697162699
0.7212696864140977	0.6025288371453374
0.7813754936152726	0.7531610464316717
0.7813754936152726	0.8586035929321059
0.7813754936152726	0.692908162717138
0.3906877468076363	0.8736668138607392
0.5409522648105733	0.7832874882889387
0.7513225900146852	0.5573391743594371
0.7813754936152726	0.8435403720034723
0.7212696864140977	0.8586035929321059
0.9015871080176222	0.7079713836457714
0.7513225900146852	0.8435403720034723
0.5409522648105733	0.5422759534308037
0.661163879212923	0.5724023952880705
1.1420103368223213	1.00923580221844
0.9917458188193844	0.7832874882889387
0.5409522648105733	0.8134139301462056
0.4507935540088111	0.5573391743594371
0.961692915218797	1.0242990231470737
0.8414813008164473	0.9339196975752729
1.0819045296211467	0.9489829185039065
1.0217987224199718	0.6025288371453374
0.2704761324052867	0.28620119764403523
0.661163879212923	0.7380978255030384
0.4507935540088111	0.7079713836457714
1.1420103368223213	1.0544254650043403
0.7513225900146852	0.6627817208598712
0.42074065040822367	0.4820230697162699
0.7212696864140977	0.7230346045744048
0.7813754936152726	0.7682242673603051
1.0819045296211467	0.9791093603611734
0.7212696864140977	0.8284771510748389
0.42074065040822367	0.37658052321583585
0.7212696864140977	0.8736668138607392
0.7813754936152726	0.9941725812898067
1.2021161440234962	1.0544254650043403
1.322327758425846	1.2351841161479418
0.9015871080176222	0.6326552790026042
0.7813754936152726	0.8134139301462056
0.6010580720117481	0.6326552790026042
0.9015871080176222	0.7230346045744048
0.8715342044170348	0.7832874882889387
1.262221951224671	0.8586035929321059
1.2021161440234962	0.9037932557180062
0.9316400116182095	0.9640461394325398
0.6311109756123355	0.9489829185039065
1.0217987224199718	0.8284771510748389
0.8715342044170348	0.7230346045744048
0.5710051684111607	0.798350709217572
0.5108993612099859	0.5874656162167039
0.8715342044170348	0.7380978255030384
0.7513225900146852	0.8284771510748389
0.7513225900146852	0.8887300347893726
0.4507935540088111	0.6477184999312376
0.5710051684111607	0.6025288371453374
0.7513225900146852	0.8284771510748389
0.7813754936152726	0.6627817208598712
0.7212696864140977	0.7079713836457714
0.6912167828135103	0.8586035929321059
0.7212696864140977	0.6627817208598712
0.81142839721586	0.6326552790026042
0.5409522648105733	0.7230346045744048
0.8414813008164473	0.7380978255030384
0.661163879212923	0.6477184999312376
0.5108993612099859	0.5422759534308037
0.5409522648105733	0.5573391743594371
0.6912167828135103	0.6326552790026042
0.4808464576093985	0.7832874882889387
0.6311109756123355	0.7230346045744048
0.6311109756123355	0.7832874882889387
0.6311109756123355	0.5724023952880705
0.6311109756123355	0.4368334069303696
0.5409522648105733	0.5573391743594371
0.5710051684111607	0.5422759534308037
0.8414813008164473	0.7531610464316717
0.661163879212923	0.6477184999312376
0.4507935540088111	0.6175920580739709
0.661163879212923	0.6326552790026042
0.9015871080176222	0.7531610464316717
0.7813754936152726	0.7380978255030384
0.7212696864140977	0.7682242673603051
0.6912167828135103	0.7531610464316717
0.3906877468076363	0.6477184999312376
0.4808464576093985	0.6778449417885046
0.6010580720117481	0.5874656162167039
0.6010580720117481	0.5422759534308037
0.7212696864140977	0.7832874882889387
0.6010580720117481	0.7079713836457714
0.6311109756123355	0.6326552790026042
0.5710051684111607	0.6025288371453374
0.8715342044170348	0.5724023952880705
0.81142839721586	0.7079713836457714
0.5108993612099859	0.7079713836457714
0.5710051684111607	0.7380978255030384
0.36063484320704886	0.6326552790026042
0.2704761324052867	0.42177018600173616
0.5409522648105733	0.4518966278590031
0.4507935540088111	0.5422759534308037
0.7212696864140977	0.7531610464316717
0.8715342044170348	0.7682242673603051
0.6010580720117481	0.46695984878763647
0.4808464576093985	0.46695984878763647
0.5108993612099859	0.5573391743594371
0.4507935540088111	0.6326552790026042
0.7513225900146852	0.7230346045744048
0.4808464576093985	0.5724023952880705
0.7513225900146852	0.6025288371453374
0.661163879212923	0.5272127325021702
0.6912167828135103	0.6326552790026042
0.5409522648105733	0.6175920580739709
0.5108993612099859	0.6025288371453374
0.4507935540088111	0.5573391743594371
0.4808464576093985	0.49708629064490334
0.36063484320704886	0.4820230697162699
0.36063484320704886	0.42177018600173616
0.4808464576093985	0.5573391743594371
0.5409522648105733	0.4368334069303696
0.6912167828135103	0.5272127325021702
0.5409522648105733	0.5573391743594371
0.42074065040822367	0.6778449417885046
0.30052903600587405	0.5121495115735368
0.42074065040822367	0.5121495115735368
0.42074065040822367	0.5422759534308037
0.42074065040822367	0.42177018600173616
0.5409522648105733	0.49708629064490334
0.3305819396064615	0.4820230697162699
0.36063484320704886	0.4518966278590031
