WT-Tfh	WT-Th1
0.6372119410049359	0.6467558128794078
0.557560448379319	0.5988479748883405
0.5097695528039488	0.6228018938838741
0.5628705478876934	0.6920021043154156
0.8496159213399146	0.6866790112052971
0.6956230355970551	0.6361096266591706
0.7221735331389274	0.6440942663243484
0.6053513439546891	0.6840174646502378
0.6319018414965615	0.5615863231175104
0.6743826375635572	0.6600635456547042
0.7274836326473019	0.6733712784300007
0.716863433630553	0.7266022095311865
0.7487240306807997	0.7212791164210679
0.6637624385468083	0.6121557076636369
0.6956230355970551	0.6866790112052971
0.6743826375635572	0.7106329302008306
0.79651492625617	0.7612023147469573
0.7646543292059231	0.7345868491963644
0.7699644287142976	0.7292637560862457
0.6212816424798125	0.6387711732142298
0.6531422395300593	0.6973251974255342
0.706243234613804	0.694663650870475
0.6584523390384338	0.7212791164210679
0.6956230355970551	0.7665254078570758
0.7487240306807997	0.694663650870475
0.6903129360886806	0.8064486061829652
0.7487240306807997	0.7612023147469573
0.7540341301891743	0.7612023147469573
0.8708563193734125	0.7851562337424909
0.6956230355970551	0.7478945819716608
0.7699644287142976	0.7851562337424909
0.7646543292059231	0.7904793268526095
0.7646543292059231	0.814433245848143
0.8124452247812933	0.8596795372841509
0.8283755233064167	0.8117716992930838
0.7805846277310466	0.7904793268526095
0.7487240306807997	0.7452330354166015
0.7327937321556764	0.8091101527380244
0.7115533341221786	0.8383871648436766
1.0036088070827742	0.9235566546055739
0.886786617898536	0.8463718045088546
0.7593442296975488	0.7478945819716608
0.8018250257645445	0.7718485009671944
0.9027169164236594	0.8809719097246252
0.9398876129822805	0.8277409786234395
0.8230654237980424	0.8383871648436766
0.9186472149487827	0.8596795372841509
0.8655462198650381	0.7851562337424909
0.9292674139655317	0.8650026303942696
0.9292674139655317	0.8916180959448625
0.9398876129822805	0.8809719097246252
0.9717482100325274	0.8463718045088546
0.8283755233064167	0.822417885513321
0.8655462198650381	0.8862950028347439
0.8920967174069103	0.9235566546055739
0.8496159213399146	0.9262182011606334
0.9558179115074039	0.8703257235043882
0.9027169164236594	0.867664176949329
0.9558179115074039	0.867664176949329
0.966438110524153	0.9847722253719376
1.1257410957753868	1.0140492374775898
0.8549260208482891	0.8330640717335581
0.8496159213399146	0.8623410838392104
0.7805846277310466	0.803787059627906
0.8389957223231658	0.8463718045088546
0.9451977124906551	0.9288797477156926
0.9080270159320338	0.8383871648436766
0.8761664188817869	0.9315412942707519
0.8761664188817869	0.7798331406323723
0.966438110524153	0.9741260391517006
1.0673300011832678	0.9847722253719376
1.0673300011832678	0.9714644925966412
1.1363612947921358	1.0193723305877085
0.9611280110157784	0.9767875857067598
1.0036088070827742	0.9821106788168784
0.9186472149487827	0.9900953184820563
1.0620199016748932	0.9794491322618191
0.9982987075743996	0.9608183063764041
0.9717482100325274	1.0193723305877085
1.0089189065911486	0.9980799581472342
1.1204309962670125	0.9608183063764041
0.9611280110157784	0.9342028408258112
0.9080270159320338	0.8703257235043882
0.6743826375635572	0.822417885513321
0.8071351252729189	0.7851562337424909
0.8018250257645445	0.8543564441740324
0.7593442296975488	0.739909942306483
0.7912048267477955	0.8197563389582617
0.8071351252729189	0.8570179907290917
1.194772389384255	1.0459877961383015
0.9080270159320338	0.8809719097246252
0.7540341301891743	0.7824946871874316
0.8496159213399146	0.7958024199627279
1.4177965687359824	1.3360963706397642
1.401866270210859	1.3148039981992898
1.2319430859428762	1.179065123891266
0.7115533341221786	0.6467558128794078
0.5947311449379402	0.6600635456547042
0.9717482100325274	0.9954184115921749
1.5186884593950976	1.4558659656174322
1.4496571657862294	1.3919888482960092
0.9133371154404082	0.878310363169566
0.4832190552620765	0.5190015782365618
0.5947311449379402	0.6068326145535183
1.1894622898758804	1.1684189376710288
1.5983399520207144	1.445219779397195
1.412486469227608	1.3041578119790527
0.7540341301891743	0.8862950028347439
0.7752745282226722	0.8862950028347439
0.9133371154404082	0.9102489218302776
1.024849205116272	0.9262182011606334
0.8708563193734125	0.8570179907290917
0.8283755233064167	0.8889565493898033
0.785894727239421	0.8809719097246252
0.6690725380551827	0.803787059627906
0.7327937321556764	0.7638638613020166
0.79651492625617	0.8330640717335581
0.8443058218315402	0.8862950028347439
1.083260299708391	0.9767875857067598
1.0089189065911486	0.9954184115921749
0.9133371154404082	0.9634798529314633
1.04608960314977	1.0486493426933607
0.9398876129822805	1.0007415047022934
1.1363612947921358	1.05131088924842
1.1576016928256336	1.0353416099180641
0.8761664188817869	1.0246954236978272
1.0620199016748932	1.0193723305877085
0.8814765183901615	0.9528336667112263
0.8974068169152848	0.9395259339359298
1.04608960314977	0.9581567598213447
0.9027169164236594	0.9634798529314633
0.9611280110157784	0.9528336667112263
0.9505078119990296	0.9315412942707519
1.04608960314977	0.9900953184820563
1.1363612947921358	1.0859109944641907
1.024849205116272	1.0353416099180641
1.035469404133021	0.9022642821650996
0.8389957223231658	0.8650026303942696
0.886786617898536	0.8117716992930838
1.024849205116272	0.9155720149403961
1.104500697741889	1.043326249583242
0.9186472149487827	0.9847722253719376
0.8814765183901615	0.7958024199627279
1.0142290060995232	0.9395259339359298
0.9133371154404082	0.9075873752752183
0.9080270159320338	0.8862950028347439
0.7593442296975488	0.8650026303942696
0.9080270159320338	0.8942796424999218
0.8496159213399146	0.8463718045088546
0.8124452247812933	0.8490333510639139
0.8336856228147912	0.8490333510639139
0.6850028365803061	0.8463718045088546
0.7646543292059231	0.867664176949329
0.886786617898536	0.8756488166145068
0.8708563193734125	0.8942796424999218
0.7646543292059231	0.8916180959448625
0.8761664188817869	0.8516948976189731
0.8071351252729189	0.841048711398736
0.7327937321556764	0.8117716992930838
0.7540341301891743	0.7612023147469573
0.8549260208482891	0.8197563389582617
0.8708563193734125	0.8463718045088546
0.785894727239421	0.8862950028347439
0.8761664188817869	0.7345868491963644
0.7540341301891743	0.822417885513321
0.7805846277310466	0.7745100475222536
0.8071351252729189	0.7691869544121351
0.8389957223231658	0.8543564441740324
0.7009331351054295	0.822417885513321
0.7434139311724253	0.7798331406323723
0.8018250257645445	0.7931408734076687
0.7381038316640509	0.7931408734076687
0.626591741988187	0.7904793268526095
0.7327937321556764	0.7665254078570758
0.6850028365803061	0.7292637560862457
0.785894727239421	0.7532176750817793
0.6584523390384338	0.6653866387648227
0.7805846277310466	0.7558792216368387
0.716863433630553	0.7878177802975501
0.6584523390384338	0.7904793268526095
0.7115533341221786	0.7425714888615422
0.6956230355970551	0.75055612852672
0.8283755233064167	0.7904793268526095
0.6850028365803061	0.7132944767558901
0.6850028365803061	0.6600635456547042
0.6531422395300593	0.6866790112052971
0.6159715429714381	0.6840174646502378
0.8549260208482891	0.7345868491963644
0.7752745282226722	0.7718485009671944
0.706243234613804	0.6840174646502378
0.6743826375635572	0.7026482905356528
0.6743826375635572	0.649417359434467
0.7274836326473019	0.7425714888615422
0.79651492625617	0.7532176750817793
0.785894727239421	0.731925302641305
0.7274836326473019	0.7186175698660087
0.5681806473960679	0.7132944767558901
0.557560448379319	0.6254634404389334
0.7009331351054295	0.6920021043154156
0.6743826375635572	0.6520789059895263
