WT-Tfh	WT-Th1
0.2568157216777469	0.45052724413821815
0.5136314433554938	0.6436103487688831
0.0	0.7079713836457714
0.2568157216777469	0.8366934533995481
0.5136314433554938	0.7079713836457714
0.5136314433554938	0.7723324185226597
0.7704471650332407	0.6436103487688831
0.5136314433554938	0.38616620926132983
0.6420393041943673	0.6436103487688831
0.5136314433554938	0.5148882790151065
0.38522358251662037	0.7079713836457714
1.412486469227608	1.4803038021684312
0.7704471650332407	0.6436103487688831
0.2568157216777469	0.8366934533995481
0.5136314433554938	0.38616620926132983
0.6420393041943673	0.38616620926132983
0.6420393041943673	0.9654155231533246
0.38522358251662037	0.38616620926132983
0.5136314433554938	0.7079713836457714
0.6420393041943673	0.5148882790151065
0.38522358251662037	0.7079713836457714
0.8988550258721142	0.7079713836457714
0.12840786083887346	0.38616620926132983
0.5136314433554938	0.7079713836457714
0.7704471650332407	0.7079713836457714
0.38522358251662037	0.45052724413821815
0.6420393041943673	0.9654155231533246
0.7704471650332407	0.9010544882764363
0.6420393041943673	0.9010544882764363
0.5136314433554938	0.5792493138919949
0.6420393041943673	0.7079713836457714
1.0272628867109876	0.7079713836457714
0.5136314433554938	0.38616620926132983
0.6420393041943673	0.7723324185226597
0.6420393041943673	0.7723324185226597
0.5136314433554938	0.32180517438444156
0.5136314433554938	0.8366934533995481
0.6420393041943673	0.7723324185226597
0.12840786083887346	0.45052724413821815
0.7704471650332407	0.5792493138919949
1.0272628867109876	1.1584986277839897
0.7704471650332407	0.6436103487688831
1.1556707475498613	0.9010544882764363
1.1556707475498613	0.8366934533995481
1.1556707475498613	0.9654155231533246
0.38522358251662037	0.9010544882764363
0.8988550258721142	0.45052724413821815
0.6420393041943673	0.9010544882764363
1.1556707475498613	1.1584986277839897
1.412486469227608	0.9010544882764363
0.6420393041943673	0.6436103487688831
0.2568157216777469	0.6436103487688831
0.38522358251662037	0.5792493138919949
0.6420393041943673	1.0941375929071013
0.6420393041943673	0.7723324185226597
0.5136314433554938	0.8366934533995481
0.6420393041943673	0.5792493138919949
1.1556707475498613	0.6436103487688831
1.1556707475498613	0.6436103487688831
0.12840786083887346	0.8366934533995481
1.6693021909053551	0.9654155231533246
0.38522358251662037	1.0941375929071013
0.5136314433554938	0.6436103487688831
0.0	0.25744413950755324
0.38522358251662037	0.38616620926132983
0.8988550258721142	0.9654155231533246
1.0272628867109876	0.7723324185226597
1.2840786083887346	1.2228596626608779
0.6420393041943673	0.7723324185226597
0.38522358251662037	0.6436103487688831
1.2840786083887346	0.7723324185226597
0.7704471650332407	0.5792493138919949
0.2568157216777469	0.38616620926132983
1.0272628867109876	1.029776558030213
0.7704471650332407	0.9654155231533246
1.0272628867109876	0.9010544882764363
1.2840786083887346	1.2872206975377662
0.6420393041943673	0.7723324185226597
1.1556707475498613	0.9010544882764363
1.0272628867109876	1.0941375929071013
1.1556707475498613	1.2872206975377662
0.2568157216777469	0.45052724413821815
0.38522358251662037	0.7079713836457714
0.5136314433554938	0.7723324185226597
0.7704471650332407	1.0941375929071013
0.38522358251662037	0.8366934533995481
0.5136314433554938	0.7723324185226597
0.6420393041943673	0.45052724413821815
0.2568157216777469	0.45052724413821815
0.38522358251662037	0.7723324185226597
0.38522358251662037	0.7723324185226597
1.2840786083887346	1.029776558030213
1.2840786083887346	0.9010544882764363
0.38522358251662037	0.38616620926132983
1.2840786083887346	0.5792493138919949
0.5136314433554938	0.5148882790151065
0.38522358251662037	0.5792493138919949
0.7704471650332407	0.7079713836457714
0.38522358251662037	0.45052724413821815
0.6420393041943673	0.6436103487688831
0.6420393041943673	0.9654155231533246
1.2840786083887346	0.9010544882764363
0.38522358251662037	0.5148882790151065
0.2568157216777469	0.38616620926132983
0.38522358251662037	0.8366934533995481
0.38522358251662037	0.6436103487688831
0.12840786083887346	0.5148882790151065
0.7704471650332407	0.32180517438444156
0.38522358251662037	0.38616620926132983
0.5136314433554938	0.9654155231533246
0.6420393041943673	0.8366934533995481
0.6420393041943673	0.7079713836457714
0.7704471650332407	0.7079713836457714
0.8988550258721142	0.6436103487688831
0.5136314433554938	0.5148882790151065
1.2840786083887346	0.5792493138919949
1.0272628867109876	0.7079713836457714
0.2568157216777469	0.7079713836457714
1.1556707475498613	1.029776558030213
0.6420393041943673	1.2228596626608779
0.7704471650332407	0.5792493138919949
0.5136314433554938	0.7079713836457714
0.5136314433554938	0.8366934533995481
1.5408943300664815	1.029776558030213
0.6420393041943673	1.2228596626608779
0.7704471650332407	0.8366934533995481
0.6420393041943673	0.5148882790151065
0.38522358251662037	0.7723324185226597
0.8988550258721142	1.2872206975377662
0.5136314433554938	0.7079713836457714
1.0272628867109876	0.9654155231533246
0.6420393041943673	0.9010544882764363
0.2568157216777469	0.5148882790151065
0.12840786083887346	0.7079713836457714
0.6420393041943673	0.8366934533995481
1.1556707475498613	1.1584986277839897
0.5136314433554938	0.7723324185226597
1.2840786083887346	0.6436103487688831
0.7704471650332407	0.5148882790151065
0.12840786083887346	0.6436103487688831
0.6420393041943673	0.45052724413821815
0.12840786083887346	0.32180517438444156
1.1556707475498613	0.9010544882764363
0.7704471650332407	0.5148882790151065
0.6420393041943673	0.38616620926132983
0.2568157216777469	0.9010544882764363
0.38522358251662037	0.19308310463066491
0.7704471650332407	0.7723324185226597
0.7704471650332407	0.5792493138919949
0.12840786083887346	0.5148882790151065
0.5136314433554938	0.38616620926132983
0.38522358251662037	0.25744413950755324
1.0272628867109876	0.7723324185226597
0.7704471650332407	0.6436103487688831
0.7704471650332407	0.5148882790151065
0.6420393041943673	0.6436103487688831
0.5136314433554938	0.5148882790151065
0.6420393041943673	0.5792493138919949
0.38522358251662037	0.6436103487688831
0.7704471650332407	0.6436103487688831
0.8988550258721142	0.6436103487688831
0.8988550258721142	0.45052724413821815
0.12840786083887346	0.25744413950755324
0.5136314433554938	0.5148882790151065
0.38522358251662037	0.25744413950755324
0.5136314433554938	0.7079713836457714
0.6420393041943673	0.38616620926132983
1.0272628867109876	1.0941375929071013
0.8988550258721142	0.7079713836457714
0.12840786083887346	0.25744413950755324
0.38522358251662037	0.45052724413821815
0.38522358251662037	0.45052724413821815
0.12840786083887346	0.5792493138919949
0.38522358251662037	0.5148882790151065
0.38522358251662037	0.5792493138919949
0.2568157216777469	0.45052724413821815
0.7704471650332407	0.45052724413821815
0.7704471650332407	0.9010544882764363
0.5136314433554938	0.6436103487688831
0.38522358251662037	0.25744413950755324
0.2568157216777469	0.25744413950755324
0.38522358251662037	0.5148882790151065
0.12840786083887346	0.06436103487688831
0.38522358251662037	0.45052724413821815
0.5136314433554938	0.5792493138919949
0.0	0.38616620926132983
0.2568157216777469	0.7079713836457714
0.6420393041943673	0.25744413950755324
0.38522358251662037	0.32180517438444156
0.38522358251662037	0.32180517438444156
0.5136314433554938	0.45052724413821815
0.5136314433554938	0.38616620926132983
0.38522358251662037	0.38616620926132983
0.12840786083887346	0.19308310463066491
0.38522358251662037	0.32180517438444156
0.8988550258721142	0.7723324185226597
0.8988550258721142	0.45052724413821815
0.38522358251662037	0.25744413950755324
0.2568157216777469	0.45052724413821815
0.12840786083887346	0.45052724413821815
