WT	KO
0.16795715818892495	0.1935017259784943
0.08397857909446248	0.11907798521753496
0.17845448057573274	0.07442374076095935
0.13646519102850152	0.05953899260876748
0.1469625134153093	0.10419323706534309
0.10497322386807809	0.13396273336972683
0.09447590148127027	0.07442374076095935
0.2309410925097718	0.1935017259784943
0.15745983580211712	0.16373222967411058
0.1259678686416937	0.11907798521753496
0.16795715818892495	0.13396273336972683
0.1154705462548859	0.1488474815219187
0.08397857909446248	0.02976949630438374
0.1259678686416937	0.044654244456575606
0.2309410925097718	0.20838647413068617
0.15745983580211712	0.23815597043506992
0.20994644773615617	0.11907798521753496
0.1259678686416937	0.11907798521753496
0.15745983580211712	0.11907798521753496
0.17845448057573274	0.1488474815219187
0.1259678686416937	0.1488474815219187
0.10497322386807809	0.17861697782630243
0.08397857909446248	0.10419323706534309
0.1469625134153093	0.11907798521753496
0.1259678686416937	0.16373222967411058
0.1154705462548859	0.1488474815219187
0.1259678686416937	0.17861697782630243
0.15745983580211712	0.1935017259784943
0.1154705462548859	0.17861697782630243
0.13646519102850152	0.16373222967411058
0.16795715818892495	0.20838647413068617
0.2834277044438108	0.1935017259784943
0.15745983580211712	0.10419323706534309
0.17845448057573274	0.11907798521753496
0.1154705462548859	0.07442374076095935
0.1469625134153093	0.22327122228287805
0.31491967160423423	0.2530407185872618
0.19944912534934836	0.17861697782630243
0.18895180296254055	0.11907798521753496
0.2519357372833874	0.1935017259784943
0.17845448057573274	0.20838647413068617
0.22044377012296398	0.26792546673945367
0.2834277044438108	0.1935017259784943
0.17845448057573274	0.22327122228287805
0.16795715818892495	0.2828102148916455
0.34641163876465764	0.20838647413068617
0.18895180296254055	0.23815597043506992
0.20994644773615617	0.17861697782630243
0.2834277044438108	0.22327122228287805
0.2309410925097718	0.17861697782630243
0.16795715818892495	0.2530407185872618
0.1154705462548859	0.16373222967411058
0.18895180296254055	0.13396273336972683
0.20994644773615617	0.16373222967411058
0.18895180296254055	0.23815597043506992
0.2624330596701952	0.1935017259784943
0.24143841489657958	0.10419323706534309
0.2309410925097718	0.16373222967411058
0.2309410925097718	0.16373222967411058
0.2309410925097718	0.13396273336972683
0.20994644773615617	0.05953899260876748
0.17845448057573274	0.10419323706534309
0.1469625134153093	0.16373222967411058
0.22044377012296398	0.11907798521753496
0.15745983580211712	0.17861697782630243
0.3674062835382733	0.2530407185872618
0.20994644773615617	0.22327122228287805
0.18895180296254055	0.1935017259784943
0.16795715818892495	0.20838647413068617
0.17845448057573274	0.22327122228287805
0.27293038205700304	0.2828102148916455
0.2624330596701952	0.2976949630438374
0.27293038205700304	0.23815597043506992
0.2624330596701952	0.16373222967411058
0.2519357372833874	0.20838647413068617
0.24143841489657958	0.16373222967411058
0.2309410925097718	0.1488474815219187
0.24143841489657958	0.1488474815219187
0.15745983580211712	0.23815597043506992
0.19944912534934836	0.17861697782630243
0.34641163876465764	0.20838647413068617
0.34641163876465764	0.13396273336972683
0.2309410925097718	0.2976949630438374
0.30442234921742645	0.4018882001091805
0.27293038205700304	0.23815597043506992
0.31491967160423423	0.22327122228287805
0.15745983580211712	0.26792546673945367
0.19944912534934836	0.16373222967411058
0.18895180296254055	0.10419323706534309
0.20994644773615617	0.10419323706534309
0.24143841489657958	0.10419323706534309
0.3359143163778499	0.23815597043506992
0.17845448057573274	0.20838647413068617
0.10497322386807809	0.13396273336972683
0.16795715818892495	0.17861697782630243
0.07348125670765465	0.11907798521753496
0.07348125670765465	0.11907798521753496
0.08397857909446248	0.07442374076095935
0.24143841489657958	0.13396273336972683
0.2624330596701952	0.20838647413068617
0.1469625134153093	0.08930848891315121
0.15745983580211712	0.16373222967411058
0.1469625134153093	0.1488474815219187
0.08397857909446248	0.02976949630438374
0.08397857909446248	0.044654244456575606
0.1259678686416937	0.05953899260876748
0.1469625134153093	0.07442374076095935
0.19944912534934836	0.13396273336972683
0.17845448057573274	0.2828102148916455
0.3988982506986967	0.23815597043506992
0.16795715818892495	0.1488474815219187
0.15745983580211712	0.1935017259784943
0.19944912534934836	0.08930848891315121
0.22044377012296398	0.11907798521753496
0.2834277044438108	0.20838647413068617
0.31491967160423423	0.2530407185872618
0.2309410925097718	0.17861697782630243
0.2834277044438108	0.23815597043506992
0.27293038205700304	0.2530407185872618
0.24143841489657958	0.2976949630438374
0.2939250268306186	0.22327122228287805
0.22044377012296398	0.3125797111960293
0.27293038205700304	0.35723395565260485
0.41989289547231234	0.2976949630438374
0.1259678686416937	0.26792546673945367
0.2519357372833874	0.17861697782630243
0.2624330596701952	0.2530407185872618
0.2519357372833874	0.16373222967411058
0.2939250268306186	0.2976949630438374
0.2834277044438108	0.20838647413068617
0.17845448057573274	0.16373222967411058
0.2624330596701952	0.16373222967411058
0.17845448057573274	0.1488474815219187
0.22044377012296398	0.17861697782630243
0.30442234921742645	0.2530407185872618
0.24143841489657958	0.16373222967411058
0.19944912534934836	0.22327122228287805
0.16795715818892495	0.11907798521753496
0.18895180296254055	0.17861697782630243
0.19944912534934836	0.20838647413068617
0.2519357372833874	0.2828102148916455
0.1259678686416937	0.2530407185872618
0.20994644773615617	0.20838647413068617
0.24143841489657958	0.17861697782630243
0.18895180296254055	0.13396273336972683
0.18895180296254055	0.2530407185872618
0.2624330596701952	0.23815597043506992
0.20994644773615617	0.11907798521753496
0.24143841489657958	0.17861697782630243
0.16795715818892495	0.1935017259784943
0.22044377012296398	0.20838647413068617
0.18895180296254055	0.2976949630438374
0.15745983580211712	0.1488474815219187
0.27293038205700304	0.17861697782630243
0.20994644773615617	0.22327122228287805
0.19944912534934836	0.3870034519569886
0.19944912534934836	0.1488474815219187
0.17845448057573274	0.23815597043506992
0.20994644773615617	0.23815597043506992
0.2309410925097718	0.1488474815219187
0.2519357372833874	0.2976949630438374
0.2834277044438108	0.1488474815219187
0.20994644773615617	0.23815597043506992
0.19944912534934836	0.10419323706534309
0.2309410925097718	0.20838647413068617
0.2519357372833874	0.22327122228287805
0.2624330596701952	0.32746445934822116
0.22044377012296398	0.17861697782630243
0.19944912534934836	0.13396273336972683
0.1259678686416937	0.17861697782630243
0.1469625134153093	0.17861697782630243
0.13646519102850152	0.23815597043506992
0.17845448057573274	0.17861697782630243
0.16795715818892495	0.17861697782630243
0.1259678686416937	0.11907798521753496
0.16795715818892495	0.16373222967411058
0.1469625134153093	0.17861697782630243
0.16795715818892495	0.16373222967411058
0.10497322386807809	0.08930848891315121
0.19944912534934836	0.11907798521753496
0.13646519102850152	0.08930848891315121
0.17845448057573274	0.10419323706534309
0.1469625134153093	0.1488474815219187
0.19944912534934836	0.1935017259784943
0.20994644773615617	0.17861697782630243
0.10497322386807809	0.13396273336972683
0.15745983580211712	0.07442374076095935
0.15745983580211712	0.10419323706534309
0.18895180296254055	0.08930848891315121
0.18895180296254055	0.10419323706534309
0.10497322386807809	0.16373222967411058
0.09447590148127027	0.05953899260876748
0.13646519102850152	0.16373222967411058
0.1469625134153093	0.1935017259784943
0.17845448057573274	0.13396273336972683
0.15745983580211712	0.1488474815219187
0.09447590148127027	0.08930848891315121
0.10497322386807809	0.1935017259784943
0.1154705462548859	0.10419323706534309
0.20994644773615617	0.11907798521753496
