WT	KO
0.13911438613158905	0.08980066186837758
0.21860832106392564	0.14966776978062932
0.0794939349323366	0.0
0.0794939349323366	0.08980066186837758
0.0794939349323366	0.17960132373675516
0.09936741866542075	0.2394684316490069
0.2981022559962622	0.17960132373675516
0.17886135359775734	0.08980066186837758
0.13911438613158905	0.05986710791225173
0.23848180479700978	0.14966776978062932
0.059620451199252446	0.08980066186837758
0.059620451199252446	0.11973421582450346
0.1987348373308415	0.11973421582450346
0.11924090239850489	0.08980066186837758
0.13911438613158905	0.17960132373675516
0.2782287722631781	0.05986710791225173
0.25835528853009393	0.29933553956125863
0.1987348373308415	0.2394684316490069
0.13911438613158905	0.17960132373675516
0.09936741866542075	0.20953487769288104
0.21860832106392564	0.17960132373675516
0.21860832106392564	0.20953487769288104
0.21860832106392564	0.20953487769288104
0.23848180479700978	0.17960132373675516
0.09936741866542075	0.17960132373675516
0.1987348373308415	0.29933553956125863
0.09936741866542075	0.11973421582450346
0.1987348373308415	0.14966776978062932
0.21860832106392564	0.17960132373675516
0.1589878698646732	0.17960132373675516
0.25835528853009393	0.35920264747351033
0.01987348373308415	0.26940198560513273
0.09936741866542075	0.11973421582450346
0.13911438613158905	0.11973421582450346
0.23848180479700978	0.29933553956125863
0.1987348373308415	0.38913620142963623
0.11924090239850489	0.20953487769288104
0.09936741866542075	0.20953487769288104
0.1589878698646732	0.29933553956125863
0.21860832106392564	0.26940198560513273
0.3179757397293464	0.17960132373675516
0.17886135359775734	0.35920264747351033
0.21860832106392564	0.2394684316490069
0.1987348373308415	0.14966776978062932
0.17886135359775734	0.08980066186837758
0.2981022559962622	0.20953487769288104
0.1589878698646732	0.20953487769288104
0.23848180479700978	0.2394684316490069
0.1987348373308415	0.17960132373675516
0.17886135359775734	0.11973421582450346
0.1987348373308415	0.14966776978062932
0.1589878698646732	0.17960132373675516
0.1987348373308415	0.14966776978062932
0.059620451199252446	0.08980066186837758
0.09936741866542075	0.2394684316490069
0.2782287722631781	0.20953487769288104
0.21860832106392564	0.26940198560513273
0.1987348373308415	0.17960132373675516
0.1987348373308415	0.05986710791225173
0.13911438613158905	0.26940198560513273
0.21860832106392564	0.29933553956125863
0.11924090239850489	0.2394684316490069
0.21860832106392564	0.26940198560513273
0.13911438613158905	0.29933553956125863
0.23848180479700978	0.14966776978062932
0.2981022559962622	0.14966776978062932
0.23848180479700978	0.08980066186837758
0.17886135359775734	0.2394684316490069
0.21860832106392564	0.26940198560513273
0.1589878698646732	0.20953487769288104
0.17886135359775734	0.11973421582450346
0.1589878698646732	0.2394684316490069
0.23848180479700978	0.20953487769288104
0.17886135359775734	0.2394684316490069
0.3179757397293464	0.14966776978062932
0.21860832106392564	0.17960132373675516
0.2782287722631781	0.05986710791225173
0.17886135359775734	0.14966776978062932
0.17886135359775734	0.26940198560513273
0.25835528853009393	0.14966776978062932
0.21860832106392564	0.11973421582450346
0.1589878698646732	0.17960132373675516
0.3577227071955147	0.29933553956125863
0.23848180479700978	0.26940198560513273
0.3179757397293464	0.2394684316490069
0.3378492234624305	0.20953487769288104
0.1589878698646732	0.08980066186837758
0.2981022559962622	0.29933553956125863
0.3378492234624305	0.26940198560513273
0.2981022559962622	0.20953487769288104
0.21860832106392564	0.17960132373675516
0.2782287722631781	0.05986710791225173
0.25835528853009393	0.2394684316490069
0.3179757397293464	0.17960132373675516
0.11924090239850489	0.11973421582450346
0.0794939349323366	0.17960132373675516
0.2782287722631781	0.26940198560513273
0.23848180479700978	0.17960132373675516
0.23848180479700978	0.08980066186837758
0.21860832106392564	0.08980066186837758
0.1987348373308415	0.14966776978062932
0.1589878698646732	0.2394684316490069
0.1589878698646732	0.20953487769288104
0.23848180479700978	0.2394684316490069
0.1589878698646732	0.29933553956125863
0.09936741866542075	0.11973421582450346
0.17886135359775734	0.17960132373675516
0.25835528853009393	0.38913620142963623
0.21860832106392564	0.35920264747351033
0.21860832106392564	0.2394684316490069
0.13911438613158905	0.17960132373675516
0.3179757397293464	0.26940198560513273
0.23848180479700978	0.2394684316490069
0.0794939349323366	0.29933553956125863
0.13911438613158905	0.11973421582450346
0.1987348373308415	0.2394684316490069
0.21860832106392564	0.4190697553857621
0.23848180479700978	0.20953487769288104
0.21860832106392564	0.17960132373675516
0.11924090239850489	0.20953487769288104
0.2782287722631781	0.2394684316490069
0.23848180479700978	0.26940198560513273
0.17886135359775734	0.11973421582450346
0.17886135359775734	0.20953487769288104
0.23848180479700978	0.20953487769288104
0.23848180479700978	0.20953487769288104
0.23848180479700978	0.17960132373675516
0.1987348373308415	0.14966776978062932
0.1987348373308415	0.17960132373675516
0.09936741866542075	0.20953487769288104
0.21860832106392564	0.17960132373675516
0.09936741866542075	0.14966776978062932
0.11924090239850489	0.14966776978062932
0.23848180479700978	0.17960132373675516
0.21860832106392564	0.3292690935173845
0.21860832106392564	0.20953487769288104
0.17886135359775734	0.14966776978062932
0.0794939349323366	0.08980066186837758
0.2782287722631781	0.14966776978062932
0.09936741866542075	0.11973421582450346
0.09936741866542075	0.2394684316490069
0.1589878698646732	0.08980066186837758
0.059620451199252446	0.08980066186837758
0.1589878698646732	0.14966776978062932
0.09936741866542075	0.17960132373675516
0.1987348373308415	0.2394684316490069
0.13911438613158905	0.11973421582450346
0.23848180479700978	0.11973421582450346
0.1987348373308415	0.14966776978062932
0.1589878698646732	0.08980066186837758
0.0794939349323366	0.08980066186837758
0.13911438613158905	0.20953487769288104
0.1987348373308415	0.17960132373675516
0.13911438613158905	0.029933553956125864
0.11924090239850489	0.17960132373675516
0.17886135359775734	0.11973421582450346
0.17886135359775734	0.11973421582450346
0.17886135359775734	0.08980066186837758
0.09936741866542075	0.05986710791225173
0.11924090239850489	0.11973421582450346
0.13911438613158905	0.11973421582450346
0.1589878698646732	0.11973421582450346
0.09936741866542075	0.08980066186837758
0.11924090239850489	0.11973421582450346
0.0794939349323366	0.11973421582450346
0.13911438613158905	0.14966776978062932
0.09936741866542075	0.05986710791225173
0.0794939349323366	0.0
0.059620451199252446	0.029933553956125864
0.13911438613158905	0.11973421582450346
0.13911438613158905	0.08980066186837758
0.13911438613158905	0.14966776978062932
0.09936741866542075	0.11973421582450346
0.09936741866542075	0.08980066186837758
0.0794939349323366	0.11973421582450346
0.3179757397293464	0.20953487769288104
0.23848180479700978	0.14966776978062932
0.059620451199252446	0.14966776978062932
0.1589878698646732	0.08980066186837758
0.1589878698646732	0.14966776978062932
0.1987348373308415	0.11973421582450346
0.059620451199252446	0.08980066186837758
0.11924090239850489	0.20953487769288104
0.0794939349323366	0.20953487769288104
0.3179757397293464	0.20953487769288104
0.17886135359775734	0.29933553956125863
0.13911438613158905	0.20953487769288104
0.09936741866542075	0.14966776978062932
0.1589878698646732	0.14966776978062932
0.1589878698646732	0.11973421582450346
0.059620451199252446	0.08980066186837758
0.1987348373308415	0.0
0.059620451199252446	0.11973421582450346
0.0794939349323366	0.17960132373675516
0.0397469674661683	0.14966776978062932
0.09936741866542075	0.05986710791225173
0.059620451199252446	0.029933553956125864
0.09936741866542075	0.17960132373675516
0.17886135359775734	0.17960132373675516
0.09936741866542075	0.14966776978062932
