WT	KO
0.12651041355350148	0.19055070268386437
0.11793343636343358	0.1582539734154128
0.12651041355350148	0.16148364634225792
0.13723163504108632	0.1259572441469612
0.09649099338826382	0.14533528170803214
0.13723163504108632	0.13564626292749665
0.1243661692559845	0.14533528170803214
0.11150070347088266	0.14533528170803214
0.09649099338826382	0.1098088795127354
0.10935645917336567	0.11626822536642573
0.11793343636343358	0.10334953365904508
0.12651041355350148	0.11626822536642573
0.1329431464460524	0.14533528170803214
0.0900582604957129	0.12918691707380633
0.11364494776839962	0.1259572441469612
0.1307989021485354	0.17763201097648373
0.15652983371873908	0.15179462756172246
0.1307989021485354	0.18409135683017405
0.15224134512370516	0.1259572441469612
0.08576977190067896	0.1324165900006515
0.10935645917336567	0.14856495463487732
0.11793343636343358	0.1324165900006515
0.11793343636343358	0.1324165900006515
0.11793343636343358	0.1324165900006515
0.1243661692559845	0.10334953365904508
0.12222192495846751	0.12918691707380633
0.15224134512370516	0.1324165900006515
0.12007768066095054	0.13887593585434183
0.165106810908807	0.17763201097648373
0.14580861223115424	0.15502430048856763
0.1715395438013579	0.16148364634225792
0.14366436793363724	0.15502430048856763
0.14580861223115424	0.18732102975701923
0.12651041355350148	0.12272757122011604
0.13508739074356935	0.17117266512279342
0.1329431464460524	0.1259572441469612
0.13723163504108632	0.13564626292749665
0.17797227669390886	0.17117266512279342
0.14366436793363724	0.16148364634225792
0.17582803239639186	0.1582539734154128
0.12865465785101843	0.18086168390332888
0.1479528565286712	0.18409135683017405
0.1715395438013579	0.20023972146439986
0.15009710082618816	0.16794299219594827
0.16081832231377305	0.16794299219594827
0.14580861223115424	0.18409135683017405
0.2058474525616295	0.20346939439124498
0.18654925388397672	0.19378037561070952
0.17368378809887489	0.18732102975701923
0.17797227669390886	0.16794299219594827
0.15867407801625608	0.16794299219594827
0.1715395438013579	0.142105608781187
0.1908377424790107	0.17763201097648373
0.17582803239639186	0.1647133192691031
0.15867407801625608	0.16794299219594827
0.17582803239639186	0.17117266512279342
0.19298198677652764	0.2131584131717805
0.1994147196690786	0.20023972146439986
0.19298198677652764	0.20992874024493532
0.1994147196690786	0.22284743195231596
0.2058474525616295	0.19055070268386437
0.22300140694176532	0.18409135683017405
0.23372262842935015	0.19055070268386437
0.23157838413183318	0.20023972146439986
0.17582803239639186	0.1582539734154128
0.18226076528894278	0.1647133192691031
0.1715395438013579	0.20023972146439986
0.19512623107404461	0.18409135683017405
0.19298198677652764	0.18086168390332888
0.15867407801625608	0.16794299219594827
0.17368378809887489	0.17117266512279342
0.15009710082618816	0.15502430048856763
0.18440500958645978	0.19055070268386437
0.18440500958645978	0.18732102975701923
0.15652983371873908	0.18409135683017405
0.1801165209914258	0.13887593585434183
0.15224134512370516	0.1647133192691031
0.18654925388397672	0.1647133192691031
0.15867407801625608	0.18732102975701923
0.15009710082618816	0.14856495463487732
0.17582803239639186	0.1582539734154128
0.19298198677652764	0.15502430048856763
0.17368378809887489	0.1970100485375547
0.17582803239639186	0.17440233804963856
0.14366436793363724	0.17763201097648373
0.14580861223115424	0.14856495463487732
0.14366436793363724	0.1259572441469612
0.165106810908807	0.16794299219594827
0.1886934981814937	0.19055070268386437
0.13508739074356935	0.12272757122011604
0.1994147196690786	0.17440233804963856
0.17368378809887489	0.1647133192691031
0.23586687272686715	0.21638808609862564
0.2294341398343162	0.18086168390332888
0.21871291834673134	0.21638808609862564
0.165106810908807	0.17763201097648373
0.21871291834673134	0.19378037561070952
0.2122801854541804	0.19378037561070952
0.20155896396659553	0.23253645073285145
0.13937587933860332	0.14533528170803214
0.17368378809887489	0.21638808609862564
0.20155896396659553	0.21638808609862564
0.1908377424790107	0.22284743195231596
0.17797227669390886	0.16148364634225792
0.17797227669390886	0.2486848153670772
0.19298198677652764	0.22284743195231596
0.19512623107404461	0.21638808609862564
0.1994147196690786	0.2131584131717805
0.17797227669390886	0.23576612365969657
0.14580861223115424	0.15179462756172246
0.1329431464460524	0.1647133192691031
0.16725105520632397	0.13564626292749665
0.16939529950384094	0.1647133192691031
0.15867407801625608	0.1259572441469612
0.13508739074356935	0.18086168390332888
0.1307989021485354	0.12272757122011604
0.1415201236361203	0.142105608781187
0.13508739074356935	0.12918691707380633
0.15438558942122213	0.14856495463487732
0.16725105520632397	0.15179462756172246
0.15009710082618816	0.14856495463487732
0.16939529950384094	0.16148364634225792
0.16939529950384094	0.13564626292749665
0.165106810908807	0.17117266512279342
0.16296256661129002	0.16794299219594827
0.16081832231377305	0.17117266512279342
0.14366436793363724	0.16148364634225792
0.15652983371873908	0.15179462756172246
0.1801165209914258	0.17440233804963856
0.15009710082618816	0.16148364634225792
0.14580861223115424	0.142105608781187
0.19727047537156162	0.1647133192691031
0.18440500958645978	0.14533528170803214
0.16939529950384094	0.13564626292749665
0.17797227669390886	0.17763201097648373
0.1715395438013579	0.14533528170803214
0.16296256661129002	0.15179462756172246
0.16296256661129002	0.18732102975701923
0.1801165209914258	0.1582539734154128
0.165106810908807	0.1324165900006515
0.16725105520632397	0.11949789829327087
0.13937587933860332	0.11303855243958055
0.15652983371873908	0.142105608781187
0.1415201236361203	0.14856495463487732
0.12865465785101843	0.13887593585434183
0.1307989021485354	0.14533528170803214
0.1479528565286712	0.09366051487850961
0.13508739074356935	0.15502430048856763
0.15652983371873908	0.11303855243958055
0.1479528565286712	0.11303855243958055
0.14580861223115424	0.15179462756172246
0.11150070347088266	0.08397149609797414
0.13723163504108632	0.12272757122011604
0.12222192495846751	0.142105608781187
0.13937587933860332	0.1324165900006515
0.11364494776839962	0.09043084195166444
0.15438558942122213	0.12918691707380633
0.13508739074356935	0.14856495463487732
0.1415201236361203	0.13564626292749665
0.14580861223115424	0.142105608781187
0.1307989021485354	0.08720116902481928
0.12651041355350148	0.142105608781187
0.15009710082618816	0.13887593585434183
0.12865465785101843	0.14856495463487732
0.1479528565286712	0.1324165900006515
0.12865465785101843	0.09689018780535476
0.13723163504108632	0.11303855243958055
0.08576977190067896	0.09366051487850961
0.14580861223115424	0.11626822536642573
0.11578919206591659	0.11626822536642573
0.10935645917336567	0.09689018780535476
0.11364494776839962	0.11949789829327087
0.12007768066095054	0.11626822536642573
0.10935645917336567	0.11626822536642573
0.10506797057833174	0.142105608781187
0.12865465785101843	0.20346939439124498
0.15009710082618816	0.16148364634225792
0.10292372628081475	0.11949789829327087
0.12222192495846751	0.14533528170803214
0.10935645917336567	0.11626822536642573
0.12865465785101843	0.1098088795127354
0.12651041355350148	0.11303855243958055
0.12651041355350148	0.13887593585434183
0.09434674909074685	0.10657920658589025
0.10292372628081475	0.10011986073219993
0.09434674909074685	0.13887593585434183
0.1243661692559845	0.09689018780535476
0.11150070347088266	0.1324165900006515
0.10292372628081475	0.08720116902481928
0.12007768066095054	0.1324165900006515
0.12007768066095054	0.0710528043905935
0.12222192495846751	0.15179462756172246
0.1329431464460524	0.09366051487850961
0.11578919206591659	0.13887593585434183
0.11150070347088266	0.08720116902481928
0.1307989021485354	0.13887593585434183
0.10721221487584869	0.08397149609797414
0.12865465785101843	0.11949789829327087
0.11578919206591659	0.1098088795127354
0.1243661692559845	0.13564626292749665
