WT	KO
0.19585438907095976	0.21942049344371095
0.18361348975402478	0.1645653700827832
0.16729229066477813	0.11814949646969052
0.10200749430779155	0.0928317472261854
0.14689079180321982	0.10127099697402044
0.16729229066477813	0.1561261203349482
0.1713725904370898	0.13502799596536058
0.13056959271397317	0.1434672457131956
0.15097109157553149	0.1603457452088657
0.19177408929864811	0.1392476208392781
0.1387301922585965	0.1561261203349482
0.16321199089246646	0.20254199394804087
0.16321199089246646	0.11814949646969052
0.1795331899817131	0.1561261203349482
0.17545289020940147	0.12658874621752556
0.18361348975402478	0.1645653700827832
0.1387301922585965	0.1814438695784533
0.17545289020940147	0.1856634944523708
0.13464989248628487	0.1434672457131956
0.15505139134784315	0.1603457452088657
0.18361348975402478	0.17300461983061824
0.23665738679407639	0.18988311932628832
0.19177408929864811	0.1856634944523708
0.18769378952633645	0.1645653700827832
0.15913169112015482	0.1645653700827832
0.1713725904370898	0.18988311932628832
0.17545289020940147	0.1814438695784533
0.22033618770482974	0.18988311932628832
0.15505139134784315	0.20254199394804087
0.15913169112015482	0.17722424470453577
0.21217558816020643	0.17300461983061824
0.16321199089246646	0.1856634944523708
0.19585438907095976	0.18988311932628832
0.15505139134784315	0.1645653700827832
0.20809528838789476	0.1603457452088657
0.19177408929864811	0.18988311932628832
0.17545289020940147	0.1687849949567007
0.19585438907095976	0.1814438695784533
0.20809528838789476	0.19410274420020582
0.16729229066477813	0.1434672457131956
0.15505139134784315	0.14768687058711316
0.1713725904370898	0.1392476208392781
0.1795331899817131	0.1645653700827832
0.23665738679407639	0.19410274420020582
0.18361348975402478	0.1814438695784533
0.19177408929864811	0.17722424470453577
0.1795331899817131	0.19832236907412334
0.18769378952633645	0.19410274420020582
0.18361348975402478	0.14768687058711316
0.22033618770482974	0.17722424470453577
0.15097109157553149	0.1434672457131956
0.20809528838789476	0.1687849949567007
0.1795331899817131	0.19410274420020582
0.2244164874771414	0.1856634944523708
0.20809528838789476	0.1814438695784533
0.16729229066477813	0.1645653700827832
0.1795331899817131	0.14768687058711316
0.19993468884327142	0.19410274420020582
0.2244164874771414	0.24051861781329853
0.21625588793251807	0.18988311932628832
0.17545289020940147	0.17300461983061824
0.18769378952633645	0.19832236907412334
0.252978585883323	0.17300461983061824
0.22033618770482974	0.2067616188219584
0.23257708702176472	0.21098124369587593
0.2244164874771414	0.22364011831762845
0.19993468884327142	0.1814438695784533
0.19585438907095976	0.1856634944523708
0.21217558816020643	0.20254199394804087
0.18361348975402478	0.21098124369587593
0.21217558816020643	0.1856634944523708
0.23665738679407639	0.18988311932628832
0.23665738679407639	0.21520086856979342
0.19993468884327142	0.24473824268721606
0.19993468884327142	0.17300461983061824
0.22849678724945308	0.19832236907412334
0.19177408929864811	0.17722424470453577
0.18769378952633645	0.1603457452088657
0.19993468884327142	0.19410274420020582
0.19177408929864811	0.21520086856979342
0.18769378952633645	0.18988311932628832
0.2040149886155831	0.21942049344371095
0.2040149886155831	0.17300461983061824
0.19177408929864811	0.17722424470453577
0.18769378952633645	0.17722424470453577
0.19177408929864811	0.23629899293938103
0.21217558816020643	0.1645653700827832
0.24481798633869972	0.2320793680654635
0.19993468884327142	0.17722424470453577
0.19993468884327142	0.13080837109144305
0.1713725904370898	0.1392476208392781
0.15913169112015482	0.1603457452088657
0.24073768656638805	0.1814438695784533
0.19993468884327142	0.1856634944523708
0.10200749430779155	0.1434672457131956
0.11424839362472654	0.13502799596536058
0.26113918542794634	0.23629899293938103
0.3101027826956863	0.26583636705680364
0.23257708702176472	0.21098124369587593
0.20809528838789476	0.1687849949567007
0.19177408929864811	0.1603457452088657
0.19585438907095976	0.21520086856979342
0.29378158360643963	0.2869344914263912
0.26929978497256973	0.24473824268721606
0.09792719453547988	0.12236912134360803
0.12240899316934986	0.11814949646969052
0.1713725904370898	0.1561261203349482
0.22849678724945308	0.24473824268721606
0.18769378952633645	0.1814438695784533
0.17545289020940147	0.1645653700827832
0.15913169112015482	0.14768687058711316
0.2040149886155831	0.19832236907412334
0.22033618770482974	0.20254199394804087
0.19585438907095976	0.1814438695784533
0.21625588793251807	0.21098124369587593
0.25705888565563473	0.17722424470453577
0.20809528838789476	0.14768687058711316
0.20809528838789476	0.1603457452088657
0.22033618770482974	0.1687849949567007
0.21217558816020643	0.1814438695784533
0.2040149886155831	0.20254199394804087
0.19177408929864811	0.2320793680654635
0.2244164874771414	0.21520086856979342
0.20809528838789476	0.19410274420020582
0.18361348975402478	0.1856634944523708
0.1795331899817131	0.17722424470453577
0.18361348975402478	0.17300461983061824
0.15913169112015482	0.17300461983061824
0.24073768656638805	0.20254199394804087
0.2040149886155831	0.24051861781329853
0.24481798633869972	0.20254199394804087
0.24481798633869972	0.20254199394804087
0.1713725904370898	0.1856634944523708
0.16729229066477813	0.17300461983061824
0.2040149886155831	0.1687849949567007
0.20809528838789476	0.21520086856979342
0.19177408929864811	0.1814438695784533
0.20809528838789476	0.1434672457131956
0.18361348975402478	0.18988311932628832
0.15097109157553149	0.19832236907412334
0.21217558816020643	0.18988311932628832
0.19993468884327142	0.17722424470453577
0.23665738679407639	0.21520086856979342
0.19177408929864811	0.1814438695784533
0.18361348975402478	0.1561261203349482
0.21217558816020643	0.1434672457131956
0.16321199089246646	0.1856634944523708
0.19177408929864811	0.21098124369587593
0.2040149886155831	0.19410274420020582
0.19993468884327142	0.17722424470453577
0.24481798633869972	0.17722424470453577
0.1713725904370898	0.18988311932628832
0.17545289020940147	0.21098124369587593
0.19177408929864811	0.1814438695784533
0.18361348975402478	0.23629899293938103
0.18361348975402478	0.1603457452088657
0.1795331899817131	0.1687849949567007
0.2040149886155831	0.17300461983061824
0.17545289020940147	0.1687849949567007
0.19177408929864811	0.19410274420020582
0.1713725904370898	0.17722424470453577
0.15913169112015482	0.17300461983061824
0.16729229066477813	0.12236912134360803
0.1795331899817131	0.18988311932628832
0.2244164874771414	0.18988311932628832
0.15097109157553149	0.1687849949567007
0.18769378952633645	0.1687849949567007
0.14689079180321982	0.17722424470453577
0.18361348975402478	0.13080837109144305
0.2244164874771414	0.1814438695784533
0.18361348975402478	0.1856634944523708
0.19993468884327142	0.17300461983061824
0.18361348975402478	0.19832236907412334
0.18769378952633645	0.1645653700827832
0.23665738679407639	0.1561261203349482
0.1713725904370898	0.1856634944523708
0.1387301922585965	0.15190649546103066
0.1795331899817131	0.15190649546103066
0.1387301922585965	0.13080837109144305
0.1795331899817131	0.19410274420020582
0.18361348975402478	0.1645653700827832
0.15913169112015482	0.1645653700827832
0.16729229066477813	0.1687849949567007
0.15505139134784315	0.1561261203349482
0.1713725904370898	0.18988311932628832
0.15097109157553149	0.19410274420020582
0.18361348975402478	0.19410274420020582
0.1795331899817131	0.13502799596536058
0.13056959271397317	0.11814949646969052
0.11424839362472654	0.17722424470453577
0.14689079180321982	0.1561261203349482
0.18769378952633645	0.1856634944523708
0.19177408929864811	0.17722424470453577
0.15505139134784315	0.1814438695784533
0.11016809385241487	0.18988311932628832
0.11424839362472654	0.113929871595773
0.11832869339703819	0.1645653700827832
0.15913169112015482	0.1603457452088657
0.15913169112015482	0.1603457452088657
0.15097109157553149	0.14768687058711316
