WT	KO
0.19086806000138015	0.16106648858795097
0.15727528144113723	0.17212007113810446
0.13895194768100474	0.17369915435955496
0.1710177817612366	0.180015487245357
0.18323333760132493	0.17527823758100547
0.18476028208133596	0.17369915435955496
0.18781417104135806	0.16422465503085198
0.1740716707212587	0.15632923892359948
0.1969758379214243	0.20212265234566396
0.16796389280121451	0.18633182013115898
0.1710177817612366	0.17843640402390648
0.16796389280121451	0.15948740536650047
0.18017944864130286	0.195806319459862
0.18628722656134702	0.21949256778161946
0.20002972688144638	0.21949256778161946
0.20919139376151266	0.20054356912421348
0.20002972688144638	0.17212007113810446
0.20002972688144638	0.180015487245357
0.19850278240143535	0.18475273690970848
0.22446083856162305	0.18948998657405997
0.18628722656134702	0.20054356912421348
0.1969758379214243	0.17843640402390648
0.2076644492815016	0.20685990201001547
0.21682611616156786	0.19106906979551047
0.2183530606415789	0.20528081878856497
0.20919139376151266	0.22580890066742149
0.2076644492815016	0.20528081878856497
0.20613750480149057	0.17685732080245598
0.24889195024179972	0.22422981744597098
0.2122452827215347	0.21001806845291648
0.20919139376151266	0.22580890066742149
0.1969758379214243	0.183173653688258
0.2336225054416893	0.1973854026813125
0.21071833824152367	0.23054615033177298
0.20613750480149057	0.21791348456016896
0.2076644492815016	0.21791348456016896
0.22446083856162305	0.22107165100306997
0.20919139376151266	0.17527823758100547
0.20002972688144638	0.211597151674367
0.22446083856162305	0.19264815301696098
0.2443111168017666	0.20528081878856497
0.22904167200165618	0.21001806845291648
0.2366763944017114	0.20528081878856497
0.2443111168017666	0.22107165100306997
0.2152991716815568	0.1973854026813125
0.2366763944017114	0.18633182013115898
0.24278417232175553	0.22896706711032247
0.22446083856162305	0.20370173556711446
0.22904167200165618	0.227387983888872
0.22598778304163408	0.20685990201001547
0.23820333888172243	0.23686248321757497
0.2534727836818328	0.227387983888872
0.26874222848194323	0.23370431677467396
0.24278417232175553	0.25265331543208
0.20919139376151266	0.20370173556711446
0.24583806128177763	0.24949514898917896
0.2366763944017114	0.24002064966047598
0.2641613950419101	0.22422981744597098
0.259580561601877	0.2637068979822335
0.2122452827215347	0.22422981744597098
0.24736500576178863	0.21949256778161946
0.2885925067220868	0.25265331543208
0.2626344505618991	0.24949514898917896
0.27485000640198737	0.23528339999612446
0.22293389408161202	0.23686248321757497
0.23209556096167827	0.2605487315393325
0.29470028464213094	0.23686248321757497
0.24583806128177763	0.26686506442513447
0.27179611744196536	0.2542323986535305
0.2534727836818328	0.227387983888872
0.2702691729619543	0.227387983888872
0.24889195024179972	0.27949773019673846
0.2504188947218107	0.25107423221062947
0.2504188947218107	0.23370431677467396
0.26568833952192117	0.26212781476078295
0.28706556224207574	0.24791606576772846
0.29470028464213094	0.26212781476078295
0.2565266726418549	0.24791606576772846
0.27179611744196536	0.24475789932482747
0.2916463956821088	0.23054615033177298
0.2824847288020426	0.271602314089486
0.261107506081888	0.24949514898917896
0.27179611744196536	0.26528598120368396
0.24889195024179972	0.2573905650964315
0.2519458392018218	0.25107423221062947
0.23209556096167827	0.23844156643902548
0.2534727836818328	0.18633182013115898
0.21988000512158992	0.195806319459862
0.19850278240143535	0.19264815301696098
0.19086806000138015	0.17369915435955496
0.2824847288020426	0.306342144961397
0.259580561601877	0.24949514898917896
0.2534727836818328	0.23686248321757497
0.18934111552136912	0.17054098791665398
0.2443111168017666	0.20370173556711446
0.2672152840019322	0.23844156643902548
0.16643694832120348	0.151591989259248
0.2672152840019322	0.25265331543208
0.22598778304163408	0.20212265234566396
0.16491000384119245	0.17527823758100547
0.22446083856162305	0.198964485902763
0.15727528144113723	0.16106648858795097
0.19850278240143535	0.19264815301696098
0.22293389408161202	0.20212265234566396
0.1588022259211483	0.167382821473753
0.2916463956821088	0.27318139731093644
0.22751472752164512	0.227387983888872
0.17865250416129183	0.16106648858795097
0.2152991716815568	0.1689619046952035
0.24736500576178863	0.20528081878856497
0.28553861776206474	0.23054615033177298
0.2046105603214795	0.19264815301696098
0.2046105603214795	0.20212265234566396
0.27637695088199843	0.211597151674367
0.22751472752164512	0.20370173556711446
0.23973028336173344	0.20843898523146598
0.2565266726418549	0.26212781476078295
0.2840116732820536	0.24791606576772846
0.2672152840019322	0.2842349798610899
0.27637695088199843	0.24633698254627798
0.28553861776206474	0.25265331543208
0.23514944992170034	0.24791606576772846
0.26568833952192117	0.2131762348958175
0.2702691729619543	0.23844156643902548
0.27485000640198737	0.268444147646585
0.2534727836818328	0.27318139731093644
0.261107506081888	0.23686248321757497
0.2519458392018218	0.24949514898917896
0.2565266726418549	0.26528598120368396
0.27485000640198737	0.25896964831788194
0.24278417232175553	0.2605487315393325
0.2534727836818328	0.25265331543208
0.27179611744196536	0.25107423221062947
0.27332306192197636	0.27318139731093644
0.27943083984202055	0.27633956375383745
0.2519458392018218	0.20685990201001547
0.2672152840019322	0.24633698254627798
0.2565266726418549	0.2542323986535305
0.27485000640198737	0.25581148187498093
0.2519458392018218	0.23528339999612446
0.23209556096167827	0.22580890066742149
0.23820333888172243	0.22896706711032247
0.24278417232175553	0.23686248321757497
0.2412572278417445	0.227387983888872
0.24889195024179972	0.21791348456016896
0.22598778304163408	0.20528081878856497
0.23973028336173344	0.20370173556711446
0.23209556096167827	0.21949256778161946
0.20613750480149057	0.23844156643902548
0.2046105603214795	0.1973854026813125
0.2336225054416893	0.21949256778161946
0.24583806128177763	0.211597151674367
0.22751472752164512	0.21633440133871848
0.23973028336173344	0.18791090335260946
0.24583806128177763	0.20843898523146598
0.2076644492815016	0.20212265234566396
0.2183530606415789	0.22896706711032247
0.21071833824152367	0.22580890066742149
0.2076644492815016	0.23212523355322345
0.18781417104135806	0.20370173556711446
0.1969758379214243	0.21791348456016896
0.21071833824152367	0.20212265234566396
0.2152991716815568	0.198964485902763
0.23820333888172243	0.23054615033177298
0.20002972688144638	0.20054356912421348
0.21071833824152367	0.195806319459862
0.21071833824152367	0.21633440133871848
0.19392194896140225	0.21475531811726797
0.22293389408161202	0.21633440133871848
0.19850278240143535	0.24002064966047598
0.21988000512158992	0.19422723623841148
0.22446083856162305	0.20843898523146598
0.19239500448139119	0.180015487245357
0.19086806000138015	0.19106906979551047
0.20002972688144638	0.18948998657405997
0.20002972688144638	0.18791090335260946
0.22751472752164512	0.17685732080245598
0.17712555968128077	0.18948998657405997
0.2076644492815016	0.18791090335260946
0.19850278240143535	0.195806319459862
0.1969758379214243	0.18633182013115898
0.16032917040115932	0.19264815301696098
0.17559861520126974	0.198964485902763
0.18323333760132493	0.16422465503085198
0.19544889344141325	0.17685732080245598
0.1740716707212587	0.1658037382523025
0.16796389280121451	0.17054098791665398
0.18017944864130286	0.17369915435955496
0.1740716707212587	0.16106648858795097
0.19239500448139119	0.19106906979551047
0.16796389280121451	0.15948740536650047
0.16949083728122555	0.1689619046952035
0.15727528144113723	0.15948740536650047
0.1817063931213139	0.183173653688258
0.16796389280121451	0.16264557180940148
0.18323333760132493	0.17212007113810446
0.16796389280121451	0.151591989259248
0.1817063931213139	0.17054098791665398
0.16491000384119245	0.1500129060377975
0.16949083728122555	0.15948740536650047
