WT	KO
0.37985494934982034	0.39416184334625615
0.37985494934982034	0.3879837580273493
0.3781302957772899	0.3855125238997866
0.37985494934982034	0.3966330774738189
0.37468098863222915	0.3949855880554437
0.3893405439987375	0.4196979293310711
0.3889093806056049	0.3855125238997866
0.4100363868691023	0.41310797165757046
0.4074494065103067	0.41022486517541396
0.37511215202536174	0.3921024815732872
0.4065870797240415	0.41022486517541396
0.39149636096440055	0.4332897170326661
0.42943873956006934	0.42175729110404003
0.4152103475866935	0.43287784467807233
0.4152103475866935	0.4184623122672897
0.39451450471632876	0.4015755457289443
0.3996884654339199	0.41063673753000773
0.42167779848368253	0.4641801436272003
0.4203843083042847	0.4518239729893866
0.4152103475866935	0.4349372064510413
0.40917406008283713	0.423816652877009
0.42814524938067156	0.43040661055050955
0.4212466350905499	0.4431746535429171
0.4121922038347653	0.4407034194153543
0.4242647788424781	0.42464039758619654
0.41650383776609134	0.46170890949963755
0.4505657458235667	0.4563545688899183
0.4195219815180195	0.4427627811883233
0.42685175920127366	0.44935273886182386
0.4647941377969425	0.45511895182613693
0.4458229484991081	0.4555308241807307
0.44797876546477106	0.4456458876704798
0.4341815368845279	0.43287784467807233
0.4234024520562129	0.46376827127260645
0.4354750270639257	0.4419390364791356
0.4436671315334451	0.4460577600250736
0.4449606217128429	0.46706325010935684
0.4652253011900751	0.4501764835710114
0.4647941377969425	0.4790075483925767
0.4639318110106773	0.4596495477266686
0.4458229484991081	0.4794194207471705
0.46824344494200326	0.47777193132879536
0.48117834673598125	0.47777193132879536
0.49756255567502006	0.4917755913849841
0.49281975835056147	0.4991892937676724
0.4910951047780311	0.513604826178455
0.4751420592321248	0.46912261188232574
0.48721463423983763	0.5061911237957668
0.5204142155110478	0.5024842726044226
0.49713139228188746	0.4864212507752649
0.4880769610261029	0.48724499548445244
0.47212391548019667	0.4905399743212028
0.46048250386561645	0.5070148685049544
0.49540673870935703	0.5164879326606114
0.49842488246128525	0.548613976318927
0.49842488246128525	0.4917755913849841
0.5264505030149041	0.5016605278952351
0.5264505030149041	0.5164879326606114
0.49454441192309184	0.517311677369799
0.5281751565874346	0.5288441032984251
0.5096351306827328	0.5362578056811134
0.5286063199805673	0.5280203585892376
0.5225700324767109	0.5457308698367704
0.5544761235685232	0.538729039808676
0.5510268164234624	0.5395527845178636
0.5380919146294844	0.5634413810843035
0.506185823537672	0.5230778903341121
0.5251570128355064	0.5325509544897693
0.5505956530303298	0.5560276787016152
0.5355049342706888	0.5720907005307729
0.5708603325075621	0.5659126152118662
0.5372295878432192	0.5321390821351755
0.5113597842552632	0.5374934227448948
0.5380919146294844	0.5514970828010836
0.536367261056954	0.5354340609719258
0.5117909476483958	0.5482021039643332
0.5428347119539431	0.5510852104464897
0.5005806994269483	0.5127810814692674
0.5699980057212969	0.5692075940486165
0.5682733521487664	0.5757975517221171
0.538523078022617	0.5659126152118662
0.5484398360646668	0.5733263175945544
0.5669798619693686	0.5770331687858985
0.5510268164234624	0.5926843182604624
0.5518891432097276	0.5737381899491482
0.5173960717591196	0.5395527845178636
0.5044611699651417	0.5197829114973619
0.4695369351214011	0.4847737613568897
0.5182583985453849	0.5412002739362389
0.5316244637324955	0.5140166985330488
0.5488709994577994	0.5832112541048052
0.5971612994886506	0.5704432111123978
0.5674110253625012	0.5988624035793693
0.5863822146603356	0.5848587435231805
0.7006405138404745	0.7063610881283482
0.6273427370079326	0.6186322765998712
0.5432658753470757	0.5708550834669917
0.6652851156036014	0.6911218110083781
0.6885679388327617	0.6948286621997222
0.521276542297313	0.5502614657373022
0.40874289668970454	0.4019874180835381
0.6027664235993744	0.6318121919468723
0.7743694540661491	0.7483720682969147
0.7148689058138503	0.7104798116742861
0.5066169869308046	0.4897162296120152
0.564392881610573	0.601333637706932
0.6601111548860101	0.6692925762149072
0.581639417335877	0.6025692547707134
0.5454216923127386	0.5782687858496799
0.5342114440912911	0.5655007428572724
0.551457979816595	0.5391409121632699
0.5143779280071915	0.5243135073978935
0.5488709994577994	0.5601464022475531
0.49454441192309184	0.4938349531579531
0.5096351306827328	0.5148404432422363
0.5376607512363518	0.532962826844363
0.564392881610573	0.5498495933827083
0.5695668423281642	0.6075117230258389
0.5652552083968382	0.5634413810843035
0.5518891432097276	0.5498495933827083
0.523432359262976	0.5403765292270511
0.5268816664080368	0.5560276787016152
0.5708603325075621	0.5667363599210538
0.5462840190990038	0.5589107851837718
0.5562007771410536	0.5687957216940227
0.5488709994577994	0.5514970828010836
0.5035988431788765	0.5226660179795183
0.5480086726715342	0.535022188617332
0.5549072869616559	0.5675601046302414
0.5441282021333409	0.5461427421913644
0.557925430713584	0.5576751681199904
0.512653274434661	0.5267847415254562
0.5484398360646668	0.5519089551556774
0.5074793137170699	0.5420240186454265
0.5432658753470757	0.5354340609719258
0.5199830521179153	0.5189591667881742
0.5199830521179153	0.5168998050152053
0.48160951012911385	0.5078386132141419
0.5018741896063461	0.5436715080638016
0.5350737708775563	0.5247253797524873
0.5281751565874346	0.5498495933827083
0.5113597842552632	0.5197829114973619
0.49756255567502006	0.5152523155968302
0.5152402547934567	0.5086623579233296
0.5139467646140589	0.5399646568724574
0.521276542297313	0.5140166985330488
0.49454441192309184	0.5341984439081444
0.49670022888875487	0.49589431493092206
0.49540673870935703	0.49012810196660894
0.48462765388104206	0.5090742302779233
0.5053234967514069	0.513604826178455
0.4794536931634509	0.50001303847686
0.5169649083659871	0.519371039142768
0.4652253011900751	0.4950705702217345
0.4514280726098319	0.48848061254823383
0.4639318110106773	0.47777193132879536
0.48505881727417466	0.5033080173136103
0.4958379021024896	0.5189591667881742
0.4561708699342905	0.49754180434929723
0.4898016145986333	0.46500388833638784
0.48074718334284866	0.4790075483925767
0.4440982949265777	0.46953448423691957
0.46867460833513586	0.4847737613568897
0.4781602029840531	0.4703582289461071
0.4570331967205557	0.4736532077828574
0.4458229484991081	0.43987967470616673
0.4790225297703183	0.4790075483925767
0.4703992619076663	0.45882580301748105
0.4341815368845279	0.47282946307366985
0.44797876546477106	0.4773600589742016
0.4303010663463345	0.4612970371450438
0.3936521779300635	0.4184623122672897
0.4363373538501909	0.4279353764229468
0.4100363868691023	0.4345253340964475
0.4096052234759697	0.41228422694838285
0.4182284913386217	0.44770524944344875
0.4130545306210305	0.45347146240776176
0.4363373538501909	0.4600614200812624
0.39537683150259395	0.40404677985650705
0.4126233672278979	0.4291709934867282
0.4096052234759697	0.44111529176994807
0.40443126275837854	0.4155792057851332
0.40098195561331773	0.4056942692748822
0.3781302957772899	0.4114604822391953
0.4117610404416327	0.3921024815732872
0.43461270027766047	0.4221691634586338
0.4104675502622349	0.4077536310478512
0.39494566810946136	0.4172266952035083
0.4190908181248869	0.40816550340244495
0.3785614591704225	0.392514353927881
0.4307322297394671	0.4098129928208201
0.4018442823995829	0.4056942692748822
0.3906340341781353	0.3875718856727555
0.40874289668970454	0.3949855880554437
0.39192752435753314	0.39951618395597543
0.3725251716665661	0.3945737157008499
0.37123168148716834	0.3830412897722238
0.35829677969319035	0.39828056689219404
0.380286112742953	0.4032230351473195
0.37123168148716834	0.3698613744252226
