WT-Tfh	WT-Th1
0.4205854962883592	0.39619436693393845
0.4271571446678648	0.471659960635641
0.4337287930473704	0.43770044346987486
0.3975847269600895	0.45656684189530045
0.4074421995293479	0.3282753326024061
0.3712981334420671	0.3282753326024061
0.2760092319392357	0.2829959763813846
0.4107280237191008	0.30563565449189534
0.49944527684242646	0.3811012481935979
0.4271571446678648	0.43770044346987486
0.4107280237191008	0.44147372315496
0.4370146172371232	0.4112874856742789
0.36801230925231426	0.38487452787868304
0.3942989027703367	0.38487452787868304
0.4140138479088536	0.3358218919725764
0.41729967209860636	0.324502052917321
0.4205854962883592	0.47543324032072615
0.423871320478112	0.41883404504444915
0.4468720898063816	0.4037409263041087
0.4468720898063816	0.4641134012654707
0.36472648506256145	0.43770044346987486
0.47644450751415685	0.43392716378478974
0.4271571446678648	0.4452470028400451
0.45344373818588724	0.42638060441461945
0.4337287930473704	0.5471255543373436
0.4271571446678648	0.41506076535936404
0.4370146172371232	0.562218673077684
0.423871320478112	0.4452470028400451
0.38115560601132553	0.38864780756376816
0.525731870360449	0.45279356221021533
0.5060169252219322	0.5244858762268327
0.4370146172371232	0.42638060441461945
0.48630198008341524	0.44147372315496
0.5158743977911906	0.4037409263041087
0.423871320478112	0.4905263590610666
0.46330121075514563	0.42638060441461945
0.44030044142687597	0.45279356221021533
0.4961594526526737	0.4490202825251302
0.5553042880682242	0.471659960635641
0.46330121075514563	0.532032435597003
0.5158743977911906	0.4452470028400451
0.49944527684242646	0.46034012158038556
0.5553042880682242	0.47543324032072615
0.6078774751042691	0.4905263590610666
0.5224460461706962	0.43770044346987486
0.4501579139961345	0.42638060441461945
0.5388751671194602	0.49429963874615174
0.5125885736014378	0.501846198116322
0.423871320478112	0.47920652000581127
0.5158743977911906	0.5093927574864923
0.44030044142687597	0.43015388409970456
0.5783050573964938	0.5395789949671733
0.5158743977911906	0.5924049105583651
0.5848767057759995	0.5244858762268327
0.5815908815862466	0.6640972245749824
0.5881625299657524	0.5697652324478543
0.5487326396887185	0.501846198116322
0.5191602219809434	0.532032435597003
0.6275924202427859	0.6074980292987056
0.575019233206741	0.679190343315323
0.6407357170017971	0.5546721137075138
0.6341640686222916	0.5244858762268327
0.6703081347095725	0.5546721137075138
0.6703081347095725	0.5735385121329394
0.6735939588993253	0.5395789949671733
0.5717334090169882	0.5961781902434502
0.660450662140314	0.6716437839451528
0.5881625299657524	0.49429963874615174
0.7031663766071005	0.6037247496136204
0.6965947282275948	0.6829636230004081
0.64402154119155	0.6112713089837907
0.5224460461706962	0.49807291843123686
0.5224460461706962	0.49429963874615174
0.5027311010321793	0.58863163087328
0.6111632992940219	0.6263644277241313
0.6078774751042691	0.562218673077684
0.6013058267247635	0.5924049105583651
0.5881625299657524	0.5395789949671733
0.5191602219809434	0.562218673077684
0.7163096733661117	0.6678705042600676
0.6900230798480893	0.6074980292987056
0.6078774751042691	0.5773117918180245
0.5224460461706962	0.5244858762268327
0.4830161558936625	0.43770044346987486
0.4928736284629209	0.45656684189530045
0.5914483541555051	0.47920652000581127
0.5520184638784714	0.5056194778014071
0.6144491234837748	0.501846198116322
0.660450662140314	0.58863163087328
0.6078774751042691	0.47920652000581127
0.3745839576318199	0.2980890951217251
0.7853119813509206	0.826348251033643
0.7360246185046285	0.7622024963871958
0.6177349476735275	0.5395789949671733
0.3712981334420671	0.3358218919725764
0.5553042880682242	0.532032435597003
0.7360246185046285	0.6376842667793866
0.8543142893357296	0.7093765807960041
0.46658703494489845	0.43015388409970456
0.3252965947855278	0.21507694204985228
0.2760092319392357	0.3320486122874912
0.46658703494489845	0.3622348497681723
0.8806008828537519	0.7697490557573661
0.7820261571611679	0.6716437839451528
0.5487326396887185	0.4905263590610666
0.3778697818215727	0.31695549354715075
0.6275924202427859	0.5508988340224287
0.8083127506791903	0.7433360979617701
0.7163096733661117	0.6678705042600676
0.4008705511498423	0.41883404504444915
0.6144491234837748	0.6150445886688758
0.83131352000746	0.7131498604810892
0.5060169252219322	0.5508988340224287
0.5553042880682242	0.5395789949671733
0.45672956237564005	0.5471255543373436
0.542160991309213	0.45279356221021533
0.5520184638784714	0.4112874856742789
0.5125885736014378	0.4829797996908964
0.5553042880682242	0.5131660371715774
0.6045916509145163	0.5093927574864923
0.7031663766071005	0.6414575464644717
0.6900230798480893	0.6565506652048122
0.6505931895710556	0.5584453933925989
0.5224460461706962	0.4641134012654707
0.5520184638784714	0.45656684189530045
0.5290176945502018	0.4867530793759815
0.5520184638784714	0.5810850715031097
0.6801656072788309	0.5848583511881948
0.6538790137608084	0.6037247496136204
0.5585901122579771	0.39996764661902356
0.48630198008341524	0.4641134012654707
0.4928736284629209	0.39619436693393845
0.6045916509145163	0.562218673077684
0.5290176945502018	0.5584453933925989
0.4468720898063816	0.41506076535936404
0.48958780427316806	0.4905263590610666
0.5651617606374826	0.4226073247295343
0.525731870360449	0.5584453933925989
0.5290176945502018	0.5244858762268327
0.5684475848272355	0.4641134012654707
0.5815908815862466	0.5244858762268327
0.47973033170390966	0.35468829039800204
0.5783050573964938	0.4452470028400451
0.6801656072788309	0.5433522746522584
0.6177349476735275	0.5244858762268327
0.5191602219809434	0.6678705042600676
0.4107280237191008	0.43015388409970456
0.5191602219809434	0.3622348497681723
0.4928736284629209	0.4490202825251302
0.4928736284629209	0.49429963874615174
0.5158743977911906	0.5395789949671733
0.5323035187399546	0.46034012158038556
0.5158743977911906	0.41883404504444915
0.5684475848272355	0.4829797996908964
0.48630198008341524	0.4867530793759815
0.4830161558936625	0.5584453933925989
0.5684475848272355	0.4452470028400451
0.509302749411685	0.44147372315496
0.46330121075514563	0.3622348497681723
0.43044296885761757	0.3735546888234276
0.5355893429297074	0.31695549354715075
0.5454468154989658	0.39242108724885333
0.5520184638784714	0.5169393168566625
0.5947341783452579	0.5093927574864923
0.5585901122579771	0.5282591559119179
0.5618759364477298	0.532032435597003
0.3712981334420671	0.32072877323223586
0.4205854962883592	0.35468829039800204
0.4961594526526737	0.34336845134274663
0.5027311010321793	0.43015388409970456
0.5323035187399546	0.4905263590610666
0.46330121075514563	0.47920652000581127
0.36144066087280863	0.4452470028400451
0.45672956237564005	0.3395951716576615
0.48630198008341524	0.4641134012654707
0.5323035187399546	0.5810850715031097
0.6013058267247635	0.501846198116322
0.45672956237564005	0.43015388409970456
0.4830161558936625	0.4490202825251302
0.43044296885761757	0.43770044346987486
0.5355893429297074	0.4678866809505558
0.45344373818588724	0.562218673077684
0.3942989027703367	0.4829797996908964
0.4008705511498423	0.4452470028400451
0.38115560601132553	0.34336845134274663
0.30229582545725814	0.3509150107129169
0.4468720898063816	0.4075142059891938
0.33515406735478626	0.37732796850851275
0.43044296885761757	0.46034012158038556
0.4830161558936625	0.37732796850851275
0.48630198008341524	0.34714173102783175
0.3975847269600895	0.3018623748068102
0.3942989027703367	0.31695549354715075
0.38115560601132553	0.39242108724885333
0.41729967209860636	0.3358218919725764
0.43044296885761757	0.3660081294532574
0.48630198008341524	0.49429963874615174
0.39101307858058393	0.41506076535936404
0.34501153992404465	0.2603562982708738
0.40415637533959514	0.31695549354715075
