WT-Tfh	WT-Th1
0.35111852629691853	0.5520422521088181
0.41710053123862134	0.5412178942243315
0.3699705277088336	0.5493361626376965
0.4288830321210683	0.5845153257622779
0.4406655330035152	0.5791031468200347
0.3935355294737275	0.5791031468200347
0.36761402753234423	0.5845153257622779
0.3982485298267062	0.6115762204734946
0.4713000352978773	0.6305188467713461
0.4218135315916001	0.6494614730691978
0.3393360254144716	0.5385118047532098
0.3935355294737275	0.5574544310510614
0.40060503000319564	0.5980457731178862
0.4406655330035152	0.6359310257135895
0.4830825361803241	0.646755383598076
0.4265265319445789	0.6711101888381711
0.4053180303561744	0.6115762204734946
0.3935355294737275	0.6494614730691978
0.5113605382981968	0.6413432046558328
0.4053180303561744	0.6386371151847111
0.4571610342389409	0.6196944888868595
0.4925085368862817	0.6656980098959276
0.4383090328270258	0.6196944888868595
0.4312395322975576	0.6684040993670494
0.4430220331800046	0.662991920424806
0.41238753088564256	0.6494614730691978
0.4265265319445789	0.7225258887894824
0.4689435351213878	0.6656980098959276
0.5160735386511756	0.6954649940782659
0.53728204023958	0.6819345467226576
0.4430220331800046	0.5899275047045213
0.46423053476840903	0.7117015309049959
0.4312395322975576	0.5655726994644263
0.49015203670979235	0.6413432046558328
0.4972215372392605	0.679228457251536
0.5207865390041543	0.6548736520114411
0.48543903635681357	0.7089954414338743
0.48543903635681357	0.7522928729718207
0.41710053123862134	0.6954649940782659
0.49957803741574985	0.7712354992696724
0.5207865390041543	0.7279380677317258
0.4925085368862817	0.7549989624429424
0.5137170384746862	0.7874720360964023
0.49015203670979235	0.7955903045097672
0.5019345375922392	0.7820598571541589
0.47601303565085595	0.7766476782119156
0.4548045340624515	0.7117015309049959
0.46658703494489845	0.6575797414825627
0.4783695358273454	0.7414685150873341
0.4312395322975576	0.7252319782606041
0.5137170384746862	0.7658233203274291
0.5443515407690482	0.8091207518653756
0.44773503353298333	0.8118268413364972
0.5537775414750057	0.7468806940295775
0.49015203670979235	0.7928842150386456
0.47601303565085595	0.7685294097985507
0.4948650370627711	0.8361816465765921
0.5443515407690482	0.7333502466739692
0.5231430391806436	0.6981710835493875
0.5231430391806436	0.7631172308563074
0.5231430391806436	0.8118268413364972
0.5514210412985164	0.8280633781632271
0.5608470420044739	0.7685294097985507
0.5137170384746862	0.7658233203274291
0.5207865390041543	0.7982963939808889
0.5514210412985164	0.8145329308076188
0.579699043416389	0.8145329308076188
0.6197595464167086	0.8713608097011737
0.530212539710112	0.7793537676830373
0.556134041651495	0.8361816465765921
0.5608470420044739	0.8903034359990252
0.5278560395336225	0.8091207518653756
0.5278560395336225	0.8172390202787405
0.5608470420044739	0.8064146623942539
0.5160735386511756	0.8172390202787405
0.5184300388276649	0.8470060044610788
0.5749860430634102	0.8388877360477138
0.5726295428869208	0.868654720230052
0.5113605382981968	0.757705051914064
0.45244803388596216	0.7631172308563074
0.45009153370947275	0.6738162783092927
0.5042910377687286	0.7766476782119156
0.5608470420044739	0.9146582412391201
0.5396385404160694	0.8659486307589304
0.5891250441223465	0.8821851675856602
0.5113605382981968	0.7874720360964023
0.5514210412985164	0.7549989624429424
0.4713000352978773	0.7171137098472392
0.5419950405925588	0.7766476782119156
0.506647537945218	0.7306441572028474
0.5184300388276649	0.7089954414338743
0.48779553653330293	0.8172390202787405
0.6126900458872404	0.9011277938835119
0.5820555435928784	0.9227765096524851
0.7093065531233052	0.9471313148925801
0.6244725467696873	0.9579556727770666
0.49015203670979235	0.7468806940295775
0.7022370525938371	1.0012531043150132
0.7093065531233052	1.0201957306128648
0.5019345375922392	0.8091207518653756
0.36761402753234423	0.5980457731178862
0.549064541122027	0.7549989624429424
0.7847145587709656	0.9606617622481884
0.6904545517113901	0.9931348359016483
0.5042910377687286	0.7306441572028474
0.7258020543587309	0.9471313148925801
0.7022370525938371	1.0147835516706216
0.5584905418279845	0.8875973465279036
0.5702730427104314	0.8307694676343489
0.49957803741574985	0.7495867835006991
0.5985510448283041	0.844299914989957
0.5090040381217074	0.7117015309049959
0.4430220331800046	0.6900528151360226
0.4241700317680895	0.7171137098472392
0.445378533356494	0.7279380677317258
0.53728204023958	0.7955903045097672
0.5160735386511756	0.9011277938835119
0.5231430391806436	0.8253572886921055
0.47601303565085595	0.7306441572028474
0.5207865390041543	0.7117015309049959
0.4925085368862817	0.7333502466739692
0.5137170384746862	0.8740668991722953
0.5090040381217074	0.8415938255188354
0.5231430391806436	0.7225258887894824
0.48072603600383473	0.7847659466252807
0.530212539710112	0.8578303623455653
0.5231430391806436	0.7928842150386456
0.5019345375922392	0.773941588740794
0.5113605382981968	0.7712354992696724
0.5419950405925588	0.8037085729231322
0.5231430391806436	0.8307694676343489
0.5231430391806436	0.8199451097498621
0.5419950405925588	0.7604111413851856
0.4736565354743666	0.7333502466739692
0.5207865390041543	0.7685294097985507
0.46658703494489845	0.7495867835006991
0.556134041651495	0.7604111413851856
0.5042910377687286	0.7117015309049959
0.445378533356494	0.7549989624429424
0.49957803741574985	0.8280633781632271
0.6150465460637298	0.7522928729718207
0.5349255400630907	0.7171137098472392
0.5325690398866013	0.7522928729718207
0.5655600423574527	0.7685294097985507
0.4618740345919197	0.6954649940782659
0.47601303565085595	0.687346725664901
0.4383090328270258	0.6575797414825627
0.4288830321210683	0.6359310257135895
0.4948650370627711	0.6711101888381711
0.43595253265053646	0.7062893519627526
0.43359603247404704	0.6981710835493875
0.4972215372392605	0.7252319782606041
0.5090040381217074	0.6900528151360226
0.4383090328270258	0.6196944888868595
0.4783695358273454	0.6359310257135895
0.47601303565085595	0.6169883994157379
0.46658703494489845	0.7658233203274291
0.5042910377687286	0.7333502466739692
0.46423053476840903	0.7171137098472392
0.4548045340624515	0.7604111413851856
0.41945703141511076	0.6359310257135895
0.38410952876776994	0.6575797414825627
0.34876202612042917	0.662991920424806
0.4383090328270258	0.6575797414825627
0.41945703141511076	0.5385118047532098
0.3911790292972381	0.5791031468200347
0.40060503000319564	0.646755383598076
0.3699705277088336	0.6169883994157379
0.40296153017968506	0.6738162783092927
0.4383090328270258	0.6359310257135895
0.38646602894425935	0.5791031468200347
0.4383090328270258	0.6332249362424679
0.3770400282383018	0.5330996258109665
0.4383090328270258	0.646755383598076
0.3888225291207487	0.5980457731178862
0.38646602894425935	0.6169883994157379
0.3817530285912806	0.5953396836467646
0.4618740345919197	0.6440492941269544
0.41710053123862134	0.6386371151847111
0.4218135315916001	0.5872214152333997
0.38646602894425935	0.5628666099933047
0.3888225291207487	0.5872214152333997
0.39589202965021686	0.560160520522183
0.41710053123862134	0.5899275047045213
0.4571610342389409	0.6494614730691978
0.3911790292972381	0.5872214152333997
0.3817530285912806	0.5222752679264798
0.3746835280618124	0.5412178942243315
0.4265265319445789	0.5439239836954531
0.34876202612042917	0.4329743153794652
0.43359603247404704	0.5872214152333997
0.3888225291207487	0.6305188467713461
0.3746835280618124	0.576397057348913
0.39589202965021686	0.5493361626376965
0.38410952876776994	0.5033326416286283
0.3558315266498973	0.5141569995131149
0.3888225291207487	0.5222752679264798
0.35111852629691853	0.5033326416286283
0.38410952876776994	0.5926335941756429
0.31105802329659893	0.481683925859655
