condition1	condition1
0.16885076908284644	0.1668396670529808
0.16336374261338912	0.17451848018094226
0.1568790749676668	0.1749838627947581
0.17084605143537637	0.18847995859541763
0.16885076908284644	0.18615304552633843
0.17334015437603884	0.18080114546745618
0.18406479702088727	0.18917803251614143
0.17109546172944262	0.18219729330890372
0.19553767054793442	0.18312805853653544
0.18281774555055605	0.18964341512995725
0.18855418231407964	0.18126652808127205
0.18755654113781464	0.19988183263390588
0.18680831025561592	0.2022087457029851
0.18381538672682102	0.19336647604048404
0.19478943966573573	0.2001145239408138
0.19404120878353698	0.19429724126811573
0.19803177348859688	0.19220301950594443
0.18755654113781464	0.1961587717233791
0.1890530029022121	0.19243571081285235
0.193043567607272	0.20476835007897226
0.19603649113606694	0.2040702761582485
0.2087564161334453	0.20360489354443265
0.20651172348684912	0.20430296746515642
0.19853059407672935	0.20476835007897226
0.2154904940732339	0.19848568479245834
0.20626231319278288	0.20709526314805152
0.2070105440749816	0.2150067675829209
0.2005258764292593	0.2022087457029851
0.1992788249589281	0.20057990655462965
0.21948105877829377	0.2243144198592378
0.22920806024687723	0.2184971371865397
0.20900582642751156	0.20802602837568318
0.20476585142838544	0.21174908928620997
0.21424344260290265	0.21663560673127635
0.21249757054443896	0.2243144198592378
0.22347162348335364	0.2203586676418031
0.2214763411308237	0.23059708514575172
0.2232222131892874	0.21593753281055256
0.21898223819016127	0.21663560673127635
0.21299639113257143	0.21989328502798727
0.22771159848247977	0.23385476344246264
0.2082575955453128	0.23013170253193588
0.22421985436555236	0.22012597633489517
0.2366903690688645	0.23385476344246264
0.24517031906711678	0.22710671554213288
0.24117975436205688	0.2303643938388438
0.23793742053919573	0.23059708514575172
0.24043152347985816	0.2503758462329252
0.25714201318229646	0.2475835505500301
0.2521538073009716	0.24735085924312217
0.23269980436380464	0.2429297244118716
0.24043152347985816	0.24223165049114787
0.2531514484772366	0.23874128088752902
0.2389350617154607	0.2294336286112121
0.2349444970104008	0.2394393548082528
0.25639378230009774	0.24269703310496368
0.2591372955348264	0.24921238969838558
0.25564555141789896	0.2459547114016746
0.23868565142139447	0.2506085375398331
0.26312786023988627	0.2631738681128609
0.25963611612295884	0.2506085375398331
0.2583890646526277	0.24409318094641125
0.2441726778908518	0.2624757941921372
0.24841265288997794	0.2624757941921372
0.26188080876955505	0.247816241856938
0.25589496171196524	0.2641046333404926
0.25439849994756775	0.25945080720233415
0.24442208818491803	0.25828735066779457
0.26412550141615126	0.26945653339937486
0.2531514484772366	0.27643727260661255
0.2726054514144035	0.26526808987503225
0.26612078376868115	0.2680603855579273
0.27509955435506595	0.27131806385463825
0.2658713734746149	0.26736231163720353
0.27684542641352966	0.2641046333404926
0.27534896464913217	0.28318532050694234
0.26612078376868115	0.27038729862700656
0.2888171205287093	0.275041124765165
0.2780924778838608	0.2869083814174691
0.29280768523376915	0.28737376403128495
0.27534896464913217	0.2776007291411522
0.28856771023464306	0.2645700159543085
0.2893159411168418	0.2766699639135205
0.28757006905837806	0.28039302482404727
0.28682183817617934	0.28341801181385023
0.2770948367075959	0.28271993789312644
0.2516549867128391	0.23897397219443695
0.23469508671633457	0.21896251980035555
0.2169869558376313	0.2101202501378545
0.2080081852512466	0.20057990655462965
0.2621302190636213	0.24316241571877958
0.3030335072904851	0.27829880306187593
0.28108540141265576	0.2655007811819402
0.19902941466486182	0.1749838627947581
0.14316150879402342	0.12565330573027841
0.21898223819016127	0.19848568479245834
0.2127469808385052	0.2184971371865397
0.26013493671109134	0.2415335765704241
0.2494102940662429	0.23571629389772603
0.18930241319627839	0.1735877149533106
0.18456361760901976	0.16707235835988873
0.17159428231757512	0.15962623653883518
0.1730907440819726	0.17544924540857396
0.2406809337739244	0.24362779833259543
0.24666678083151425	0.24013742872897656
0.2434244470086531	0.23176054168029134
0.22272339260115492	0.2119817805931179
0.1454062014406196	0.13914940153093797
0.20975405730971028	0.19964914132699796
0.25539614112383274	0.2573565854401629
0.27584778523726466	0.2615450289645055
0.23843624112732822	0.2261759503145012
0.18581066907935095	0.1940645499612078
0.2232222131892874	0.20360489354443265
0.23120334259940717	0.21756637195890802
0.2531514484772366	0.2464200940154905
0.2671184249449462	0.25456428975726775
0.28632301758804685	0.2843487770414819
0.27485014406099967	0.27550650737898086
0.27983834994232454	0.2822545552793106
0.28083599111858953	0.2759718899927967
0.29156063376343794	0.29226028147635136
0.2785912984719933	0.28248724658621854
0.2888171205287093	0.2883045292589166
0.27884070876605954	0.28318532050694234
0.27983834994232454	0.27736803783424424
0.26661960435681364	0.2668969290233877
0.2671184249449462	0.2692238420924669
0.27584778523726466	0.2708526812408224
0.26761724553307864	0.2648027072612164
0.2598855264170251	0.26968922470628276
0.25564555141789896	0.2624757941921372
0.25714201318229646	0.25898542458851836
0.26138198818142255	0.26177772027141344
0.25714201318229646	0.2638719420335847
0.27310427200253595	0.2675950029441115
0.24791383230184544	0.24618740270858258
0.2573914234763627	0.25340083322272816
0.2656219631805487	0.2641046333404926
0.2696125278856086	0.25316814191582027
0.2521538073009716	0.2520046853812806
0.24666678083151425	0.2517719940743727
0.23768801024512948	0.2520046853812806
0.2551467308297665	0.24362779833259543
0.24716560141964672	0.2554950549848995
0.24616796024338175	0.24432587225331917
0.22821041907061226	0.24106819395660825
0.23693977936293076	0.23827589827371318
0.22596572642401608	0.23827589827371318
0.2179845970138963	0.23990473742206864
0.24142916465612313	0.22082405025561894
0.23693977936293076	0.22291827201779027
0.23743859995106326	0.23525091128391018
0.24292562642052057	0.2475835505500301
0.23868565142139447	0.2385085895806211
0.23145275289347342	0.23804320696680525
0.22571631612994983	0.2243144198592378
0.2169869558376313	0.2264086416214091
0.21648813524949884	0.2154721501967367
0.21424344260290265	0.2152394588898288
0.21748577642576383	0.22594325900759327
0.2057634926046504	0.226641332928317
0.21474226319103515	0.21919521110726348
0.21499167348510137	0.2264086416214091
0.21973046907236	0.21779906326581597
0.21025287789784275	0.21919521110726348
0.20401762054618672	0.20267412831680096
0.21948105877829377	0.2143086936621971
0.2127469808385052	0.21407600235528917
0.21000346760377653	0.2152394588898288
0.19553767054793442	0.21663560673127635
0.20900582642751156	0.20476835007897226
0.20326938966398797	0.2091894849102228
0.20476585142838544	0.20965486752403864
0.20252115878178925	0.20383758485134057
0.19354238819540448	0.19685684564410288
0.2092552367215778	0.2210567415625269
0.20750936466311412	0.20546642399969603
0.19553767054793442	0.20895679360331487
0.19902941466486182	0.19941645002009
0.20102469701739178	0.18638573683324636
0.193043567607272	0.19732222825791873
0.19254474701913954	0.1912722542783127
0.18431420731495352	0.1908068716644969
0.19204592643100704	0.1931337847335761
0.193043567607272	0.1901087977437731
0.19728354260639813	0.19034148905068105
0.17334015437603884	0.19220301950594443
0.17433779555230378	0.18638573683324636
0.18356597643275477	0.19848568479245834
0.17932600143362865	0.19034148905068105
0.18356597643275477	0.19220301950594443
0.1725919234938401	0.1870838107539701
0.1795754117276949	0.18754919336778597
0.1738389749641713	0.1780088497845611
0.18730713084374842	0.1901087977437731
0.16311433231932287	0.17870692370528488
0.17758012937516493	0.17195887580495514
0.17533543672856877	0.1738204062602185
0.17159428231757512	0.18312805853653544
