DKO	Prdm1KO
0.43608776175144004	0.5270323131365033
0.3747629202551438	0.45718465717865353
0.4122392122806582	0.49528337861020805
0.408832276641975	0.4063863619365809
0.4497155043061726	0.4254357226523582
0.46334324686090506	0.47623401789443076
0.4837848606930038	0.4635344440839126
0.4122392122806582	0.5333821000417625
0.38498372717119317	0.3555880666945083
0.4156461479193413	0.45718465717865353
0.45652937558353884	0.5143327393259852
0.4224600191967076	0.4825838047996898
0.5042264745251026	0.5460816738522807
0.43608776175144004	0.5524314607575397
0.43608776175144004	0.3619378535997674
0.5076334101637857	0.5206825262312443
0.45993631122222195	0.45718465717865353
0.49059873197037007	0.4698842309891717
0.43268082611275693	0.5079829524207261
0.4190530835580244	0.43178550955761724
0.47015711813827127	0.5143327393259852
0.3883906628098763	0.5143327393259852
0.38157679153251006	0.3365387059787311
0.4292738904740738	0.4444850833681354
0.4463085686674894	0.4444850833681354
0.4940056676090532	0.4698842309891717
0.5314819596345676	0.5397318869470215
0.5144472814411519	0.5333821000417625
0.4837848606930038	0.40003657503132184
0.43949469739012315	0.5524314607575397
0.5212611527185181	0.4190859357470991
0.48719179633168697	0.5397318869470215
0.49059873197037007	0.577830608378576
0.5246680883572012	0.5079829524207261
0.4803779250543207	0.5143327393259852
0.4940056676090532	0.5397318869470215
0.46334324686090506	0.49528337861020805
0.5348888952732507	0.5333821000417625
0.4974126032477363	0.5143327393259852
0.5212611527185181	0.5524314607575397
0.46675018249958816	0.5206825262312443
0.46334324686090506	0.5714808214733169
0.4837848606930038	0.5206825262312443
0.4803779250543207	0.5714808214733169
0.49059873197037007	0.4254357226523582
0.48719179633168697	0.5905301821890941
0.4974126032477363	0.5270323131365033
0.5553305091053494	0.5905301821890941
0.5348888952732507	0.6032297559996123
0.46675018249958816	0.6286289036206486
0.4940056676090532	0.6095795429048714
0.5314819596345676	0.5524314607575397
0.6711663208205757	0.7048263464837575
0.6132484149629626	0.7111761333890166
0.5928068011308638	0.5714808214733169
0.568958251660082	0.7111761333890166
0.5348888952732507	0.577830608378576
0.5553305091053494	0.7048263464837575
0.6098414793242795	0.742925067915312
0.6950148702913577	0.7302254941047938
0.6473177713497938	0.654028051241685
0.5485166378279832	0.6794271988627212
0.5246680883572012	0.6349786905259077
0.5825859942148144	0.6349786905259077
0.568958251660082	0.6032297559996123
0.6030276080469131	0.7238757071995348
0.6473177713497938	0.6857769857679804
0.541702766550617	0.7556246417258301
0.6030276080469131	0.8254722976836799
0.6677593851818926	0.6984765595784985
0.6132484149629626	0.654028051241685
0.705235677207407	0.8000731500626437
0.6336900287950613	0.654028051241685
0.6677593851818926	0.7048263464837575
0.6677593851818926	0.7238757071995348
0.6745732564592588	0.7111761333890166
0.650724706988477	0.6349786905259077
0.6984218059300408	0.7238757071995348
0.759746647426337	0.7810237893468663
0.7529327761489707	0.7302254941047938
0.7256772910395057	0.7683242155363482
0.6405039000724276	0.6921267726732394
0.6541316426271601	0.7302254941047938
0.6302830931563782	0.8762705929257526
0.46334324686090506	0.6095795429048714
0.5144472814411519	0.5651310345680578
0.4258669548353907	0.4889335917049489
0.5246680883572012	0.4254357226523582
0.5382958309119338	0.584180395283835
0.5212611527185181	0.5524314607575397
0.49059873197037007	0.5651310345680578
0.6882009990139913	0.7048263464837575
0.7222703554008226	1.1239122822308565
0.732491162316872	0.9524680357888615
0.5928068011308638	0.584180395283835
0.5110403458024688	0.5968799690943533
0.5587374447440326	0.6032297559996123
0.81766455328395	0.908019527452048
0.6882009990139913	0.7937233631573847
0.3883906628098763	0.45718465717865353
0.3406935638683125	0.3047897714524357
0.4292738904740738	0.5143327393259852
0.7154564841234563	0.7556246417258301
0.5859929298534976	0.7302254941047938
0.517854217079835	0.5587812476627988
0.5655513160213989	0.49528337861020805
0.6268761575176951	0.654028051241685
0.8108506820065838	0.9207191012625661
0.623469221879012	0.8445216583994573
0.5791790585761313	0.6730774119574622
0.48719179633168697	0.5587812476627988
0.5212611527185181	0.5524314607575397
0.5110403458024688	0.6222791167153896
0.4735640537769544	0.4635344440839126
0.4735640537769544	0.4698842309891717
0.4769709894156376	0.5079829524207261
0.517854217079835	0.4889335917049489
0.5893998654921807	0.577830608378576
0.5928068011308638	0.6857769857679804
0.6643524495432094	0.8445216583994573
0.6370969644337444	0.7619744286310892
0.6439108357111107	0.8127727238731618
0.6541316426271601	0.6730774119574622
0.6779801920979419	0.8699208060204935
0.6643524495432094	0.6984765595784985
0.7256772910395057	0.8508714453047164
0.5893998654921807	0.6032297559996123
0.6439108357111107	0.7238757071995348
0.6064345436855964	0.7175259202942756
0.623469221879012	0.6921267726732394
0.650724706988477	0.736575281010053
0.623469221879012	0.7302254941047938
0.568958251660082	0.742925067915312
0.541702766550617	0.6159293298101304
0.5587374447440326	0.6476782643364258
0.568958251660082	0.6730774119574622
0.5655513160213989	0.5968799690943533
0.541702766550617	0.584180395283835
0.5928068011308638	0.660377838146944
0.5928068011308638	0.6159293298101304
0.5212611527185181	0.6349786905259077
0.5723651872987651	0.4635344440839126
0.4940056676090532	0.5270323131365033
0.5791790585761313	0.660377838146944
0.6302830931563782	0.6476782643364258
0.4940056676090532	0.584180395283835
0.5246680883572012	0.5714808214733169
0.4803779250543207	0.5968799690943533
0.5246680883572012	0.6413284774311667
0.5519235734666663	0.5651310345680578
0.4769709894156376	0.5016331655154671
0.4292738904740738	0.5016331655154671
0.4190530835580244	0.5333821000417625
0.47015711813827127	0.5651310345680578
0.5212611527185181	0.5968799690943533
0.43268082611275693	0.5333821000417625
0.5110403458024688	0.5651310345680578
0.5348888952732507	0.5714808214733169
0.5042264745251026	0.5651310345680578
0.4531224399448557	0.5397318869470215
0.47015711813827127	0.45718465717865353
0.45652937558353884	0.4825838047996898
0.38157679153251006	0.5016331655154671
0.3952045340872426	0.3111395583576948
0.5008195388864194	0.584180395283835
0.4974126032477363	0.4635344440839126
0.43949469739012315	0.5079829524207261
0.45993631122222195	0.5524314607575397
0.45993631122222195	0.4444850833681354
0.3986114697259257	0.4698842309891717
0.44290163302880625	0.5143327393259852
0.4803779250543207	0.45718465717865353
0.4803779250543207	0.4381352964628763
0.3781698558938269	0.5143327393259852
0.4054253410032919	0.47623401789443076
0.3952045340872426	0.41273614884183996
0.4292738904740738	0.4825838047996898
0.4190530835580244	0.47623401789443076
0.4122392122806582	0.47623401789443076
0.38498372717119317	0.4889335917049489
0.4190530835580244	0.5016331655154671
0.4224600191967076	0.4889335917049489
0.4940056676090532	0.5460816738522807
0.4156461479193413	0.4698842309891717
0.3611351777004113	0.45718465717865353
0.3645421133390944	0.4698842309891717
0.34750743514567883	0.3555880666945083
0.3611351777004113	0.3555880666945083
0.3917975984485594	0.31748934526295386
0.46334324686090506	0.5143327393259852
0.4258669548353907	0.43178550955761724
0.3883906628098763	0.4254357226523582
0.4258669548353907	0.4635344440839126
0.3611351777004113	0.2920901976419175
0.2964034005654319	0.2920901976419175
0.3917975984485594	0.4190859357470991
0.3645421133390944	0.40003657503132184
0.4156461479193413	0.4063863619365809
0.408832276641975	0.34923827978924926
0.31343807875884755	0.3555880666945083
