WT	KO
0.19905931017582348	0.0
0.7962372407032939	0.3139767737806163
0.39811862035164697	0.9419303213418488
0.39811862035164697	0.0
0.5971779305274704	0.6279535475612326
0.0	0.3139767737806163
0.39811862035164697	0.3139767737806163
0.0	0.0
0.39811862035164697	0.0
0.39811862035164697	0.0
0.0	0.0
0.0	0.0
0.19905931017582348	0.6279535475612326
0.19905931017582348	0.0
0.5971779305274704	0.0
0.19905931017582348	0.0
0.5971779305274704	0.3139767737806163
0.0	0.3139767737806163
0.39811862035164697	0.0
0.19905931017582348	0.0
0.19905931017582348	0.6279535475612326
0.0	0.0
0.19905931017582348	0.0
0.0	0.0
0.19905931017582348	0.3139767737806163
0.0	0.0
0.19905931017582348	0.0
0.19905931017582348	0.0
0.9952965508791174	0.0
0.39811862035164697	0.0
0.19905931017582348	0.3139767737806163
0.5971779305274704	0.9419303213418488
0.5971779305274704	0.0
0.19905931017582348	0.0
0.39811862035164697	0.9419303213418488
0.39811862035164697	0.6279535475612326
1.3934151712307643	0.9419303213418488
0.19905931017582348	0.0
0.5971779305274704	0.0
0.39811862035164697	0.6279535475612326
0.0	0.0
0.5971779305274704	0.0
0.39811862035164697	0.9419303213418488
0.19905931017582348	0.0
0.0	0.0
0.19905931017582348	0.3139767737806163
0.19905931017582348	0.0
0.19905931017582348	0.3139767737806163
0.9952965508791174	0.6279535475612326
0.7962372407032939	0.3139767737806163
0.39811862035164697	0.9419303213418488
0.19905931017582348	0.0
0.0	0.0
0.39811862035164697	0.3139767737806163
1.5924744814065879	0.3139767737806163
0.7962372407032939	0.3139767737806163
0.39811862035164697	0.0
0.19905931017582348	0.0
0.9952965508791174	0.6279535475612326
0.7962372407032939	0.3139767737806163
0.7962372407032939	0.3139767737806163
0.0	0.3139767737806163
0.0	0.3139767737806163
0.7962372407032939	0.3139767737806163
0.7962372407032939	0.6279535475612326
0.39811862035164697	0.6279535475612326
0.39811862035164697	0.6279535475612326
0.7962372407032939	0.3139767737806163
0.39811862035164697	0.3139767737806163
0.7962372407032939	0.0
0.5971779305274704	0.3139767737806163
0.7962372407032939	0.6279535475612326
0.5971779305274704	0.0
0.5971779305274704	0.0
1.1943558610549407	0.3139767737806163
0.5971779305274704	0.3139767737806163
1.3934151712307643	0.3139767737806163
0.5971779305274704	0.3139767737806163
0.19905931017582348	0.0
0.5971779305274704	0.0
0.19905931017582348	0.0
0.0	0.0
0.9952965508791174	0.6279535475612326
0.5971779305274704	1.2559070951224651
1.1943558610549407	0.3139767737806163
0.5971779305274704	0.6279535475612326
0.0	0.3139767737806163
0.39811862035164697	0.6279535475612326
0.39811862035164697	0.3139767737806163
0.39811862035164697	0.0
0.0	0.0
0.19905931017582348	0.6279535475612326
0.19905931017582348	0.0
0.0	0.0
0.19905931017582348	0.3139767737806163
0.19905931017582348	0.3139767737806163
0.19905931017582348	0.3139767737806163
0.7962372407032939	0.0
0.39811862035164697	0.9419303213418488
1.1943558610549407	0.6279535475612326
0.5971779305274704	0.6279535475612326
0.5971779305274704	0.3139767737806163
0.39811862035164697	0.6279535475612326
0.39811862035164697	0.0
0.39811862035164697	0.9419303213418488
0.5971779305274704	0.0
0.0	0.0
0.7962372407032939	0.9419303213418488
0.19905931017582348	0.0
0.0	0.3139767737806163
0.5971779305274704	0.0
0.19905931017582348	0.3139767737806163
0.39811862035164697	0.3139767737806163
0.39811862035164697	0.0
0.39811862035164697	0.6279535475612326
0.5971779305274704	0.3139767737806163
0.19905931017582348	0.3139767737806163
0.0	0.0
0.0	0.0
0.5971779305274704	0.0
1.5924744814065879	0.3139767737806163
0.7962372407032939	0.6279535475612326
0.5971779305274704	0.0
0.0	0.0
0.19905931017582348	0.0
0.19905931017582348	0.0
0.0	0.6279535475612326
0.7962372407032939	0.0
0.39811862035164697	0.3139767737806163
0.7962372407032939	0.3139767737806163
0.39811862035164697	0.3139767737806163
0.19905931017582348	0.3139767737806163
0.39811862035164697	0.6279535475612326
0.0	0.0
0.0	0.0
0.19905931017582348	0.0
0.39811862035164697	0.6279535475612326
0.0	0.3139767737806163
0.0	0.0
0.39811862035164697	0.0
0.5971779305274704	0.3139767737806163
0.19905931017582348	0.6279535475612326
0.0	0.0
0.39811862035164697	0.3139767737806163
0.5971779305274704	0.3139767737806163
0.5971779305274704	0.0
0.19905931017582348	0.6279535475612326
0.39811862035164697	0.0
0.19905931017582348	0.6279535475612326
0.19905931017582348	0.3139767737806163
0.19905931017582348	0.0
0.19905931017582348	0.0
0.39811862035164697	0.0
0.19905931017582348	0.3139767737806163
0.5971779305274704	0.3139767737806163
0.0	0.0
0.0	0.0
0.19905931017582348	0.0
0.0	0.0
0.19905931017582348	0.6279535475612326
0.0	0.0
0.0	0.0
0.39811862035164697	0.0
0.0	0.0
0.5971779305274704	0.3139767737806163
0.0	0.0
0.19905931017582348	0.0
0.7962372407032939	0.0
0.5971779305274704	0.3139767737806163
0.39811862035164697	0.6279535475612326
0.19905931017582348	0.6279535475612326
0.9952965508791174	0.0
0.5971779305274704	0.0
0.0	0.0
0.5971779305274704	0.0
0.5971779305274704	0.6279535475612326
0.7962372407032939	0.0
0.9952965508791174	0.3139767737806163
0.19905931017582348	0.3139767737806163
0.19905931017582348	0.0
0.19905931017582348	0.3139767737806163
0.0	0.0
0.39811862035164697	0.3139767737806163
0.19905931017582348	0.0
0.19905931017582348	0.0
0.7962372407032939	0.0
0.5971779305274704	0.0
0.7962372407032939	0.3139767737806163
0.7962372407032939	0.6279535475612326
0.39811862035164697	0.0
0.9952965508791174	0.6279535475612326
0.5971779305274704	0.0
0.39811862035164697	0.0
0.39811862035164697	0.3139767737806163
0.19905931017582348	0.0
0.19905931017582348	0.3139767737806163
0.39811862035164697	0.3139767737806163
0.5971779305274704	0.6279535475612326
1.1943558610549407	0.6279535475612326
0.19905931017582348	0.6279535475612326
