WT	KO
0.5308248271355293	1.2559070951224651
0.0	0.0
0.0	0.41863569837415504
0.5308248271355293	0.8372713967483101
0.5308248271355293	0.41863569837415504
1.3270620678388232	1.6745427934966202
0.7962372407032939	0.41863569837415504
0.7962372407032939	0.8372713967483101
0.0	0.0
1.0616496542710585	0.0
0.2654124135677646	0.8372713967483101
0.2654124135677646	0.0
0.0	0.8372713967483101
0.7962372407032939	1.6745427934966202
0.5308248271355293	0.8372713967483101
0.5308248271355293	0.0
0.2654124135677646	0.0
0.2654124135677646	0.8372713967483101
0.2654124135677646	0.41863569837415504
0.5308248271355293	0.8372713967483101
0.5308248271355293	0.41863569837415504
0.2654124135677646	0.8372713967483101
0.2654124135677646	0.8372713967483101
0.2654124135677646	0.8372713967483101
1.0616496542710585	0.8372713967483101
0.5308248271355293	0.0
0.0	0.0
0.2654124135677646	0.41863569837415504
0.7962372407032939	1.2559070951224651
0.7962372407032939	0.8372713967483101
0.2654124135677646	1.6745427934966202
0.5308248271355293	0.41863569837415504
0.5308248271355293	0.0
0.5308248271355293	1.6745427934966202
0.5308248271355293	0.0
1.0616496542710585	1.6745427934966202
0.5308248271355293	0.8372713967483101
0.7962372407032939	1.2559070951224651
0.7962372407032939	0.8372713967483101
0.0	0.0
0.2654124135677646	0.8372713967483101
0.5308248271355293	0.0
1.0616496542710585	1.2559070951224651
1.0616496542710585	2.5118141902449302
0.2654124135677646	0.8372713967483101
0.2654124135677646	1.6745427934966202
1.0616496542710585	1.2559070951224651
1.8578868949743526	1.2559070951224651
0.7962372407032939	0.41863569837415504
0.7962372407032939	0.41863569837415504
0.7962372407032939	0.41863569837415504
1.0616496542710585	1.2559070951224651
1.3270620678388232	1.2559070951224651
0.0	0.0
0.5308248271355293	1.2559070951224651
0.2654124135677646	0.41863569837415504
0.0	0.0
0.5308248271355293	0.41863569837415504
0.0	0.0
1.0616496542710585	0.8372713967483101
0.7962372407032939	0.41863569837415504
0.5308248271355293	0.41863569837415504
0.7962372407032939	0.8372713967483101
0.2654124135677646	1.2559070951224651
0.7962372407032939	1.2559070951224651
1.0616496542710585	1.2559070951224651
1.3270620678388232	1.6745427934966202
1.0616496542710585	1.2559070951224651
0.7962372407032939	1.2559070951224651
1.3270620678388232	1.2559070951224651
0.7962372407032939	1.6745427934966202
0.2654124135677646	0.0
0.2654124135677646	0.41863569837415504
1.5924744814065879	0.8372713967483101
0.7962372407032939	0.41863569837415504
0.2654124135677646	1.2559070951224651
0.2654124135677646	0.41863569837415504
0.2654124135677646	0.41863569837415504
0.2654124135677646	0.41863569837415504
0.0	1.2559070951224651
0.7962372407032939	0.8372713967483101
1.0616496542710585	0.0
0.5308248271355293	0.8372713967483101
1.3270620678388232	2.093178491870775
0.7962372407032939	0.8372713967483101
0.0	0.0
0.0	0.8372713967483101
0.2654124135677646	0.0
0.2654124135677646	0.8372713967483101
0.2654124135677646	1.2559070951224651
0.2654124135677646	0.41863569837415504
0.2654124135677646	0.41863569837415504
0.2654124135677646	0.0
0.2654124135677646	0.41863569837415504
0.5308248271355293	0.8372713967483101
0.7962372407032939	1.6745427934966202
1.0616496542710585	1.6745427934966202
0.5308248271355293	0.8372713967483101
0.5308248271355293	0.0
1.3270620678388232	0.8372713967483101
0.7962372407032939	2.093178491870775
1.0616496542710585	0.8372713967483101
0.7962372407032939	0.41863569837415504
0.2654124135677646	0.0
0.0	0.8372713967483101
1.0616496542710585	1.2559070951224651
1.5924744814065879	1.6745427934966202
0.7962372407032939	1.6745427934966202
0.2654124135677646	0.8372713967483101
1.0616496542710585	1.6745427934966202
1.8578868949743526	0.8372713967483101
0.5308248271355293	1.6745427934966202
0.2654124135677646	0.0
0.7962372407032939	0.8372713967483101
1.0616496542710585	0.8372713967483101
0.2654124135677646	0.41863569837415504
0.5308248271355293	1.2559070951224651
0.2654124135677646	0.41863569837415504
0.2654124135677646	0.41863569837415504
0.2654124135677646	1.6745427934966202
0.0	0.0
0.0	0.8372713967483101
0.2654124135677646	0.41863569837415504
0.0	0.0
0.7962372407032939	0.41863569837415504
0.2654124135677646	0.8372713967483101
0.7962372407032939	0.41863569837415504
0.2654124135677646	1.2559070951224651
0.2654124135677646	0.41863569837415504
0.5308248271355293	1.6745427934966202
0.2654124135677646	0.41863569837415504
0.0	0.41863569837415504
0.0	0.0
0.5308248271355293	0.41863569837415504
0.5308248271355293	0.41863569837415504
0.7962372407032939	0.8372713967483101
0.0	0.8372713967483101
0.0	0.0
0.2654124135677646	0.41863569837415504
0.0	0.0
0.5308248271355293	0.8372713967483101
0.2654124135677646	1.2559070951224651
0.5308248271355293	0.8372713967483101
0.7962372407032939	1.2559070951224651
0.5308248271355293	0.41863569837415504
0.2654124135677646	0.0
0.0	0.0
0.2654124135677646	0.0
0.2654124135677646	0.8372713967483101
0.5308248271355293	0.0
0.0	0.41863569837415504
0.2654124135677646	0.41863569837415504
0.5308248271355293	0.41863569837415504
0.2654124135677646	0.0
0.5308248271355293	1.2559070951224651
0.0	0.8372713967483101
0.2654124135677646	0.0
0.2654124135677646	0.0
0.0	0.0
0.0	0.0
0.7962372407032939	1.2559070951224651
0.0	0.41863569837415504
0.7962372407032939	0.8372713967483101
0.7962372407032939	0.41863569837415504
0.0	0.0
0.0	0.41863569837415504
0.0	0.0
0.2654124135677646	0.41863569837415504
0.5308248271355293	0.8372713967483101
0.2654124135677646	0.0
0.2654124135677646	0.41863569837415504
0.0	0.0
0.2654124135677646	0.41863569837415504
0.2654124135677646	0.41863569837415504
0.0	0.0
0.2654124135677646	0.8372713967483101
0.0	0.0
0.0	0.0
0.0	0.41863569837415504
0.7962372407032939	1.2559070951224651
0.7962372407032939	0.0
0.2654124135677646	0.0
0.0	0.0
0.0	0.0
0.2654124135677646	0.0
0.2654124135677646	0.41863569837415504
0.0	0.0
0.2654124135677646	0.0
0.2654124135677646	0.0
0.0	0.0
0.0	0.41863569837415504
0.0	0.0
0.0	1.6745427934966202
0.7962372407032939	0.8372713967483101
1.3270620678388232	0.8372713967483101
0.7962372407032939	0.41863569837415504
0.7962372407032939	0.0
0.0	0.0
0.2654124135677646	0.0
0.0	0.0
