DKO	Prdm1KO
0.4983633343976015	0.2786900225249744
0.622954167997002	0.5016420405449539
0.24918166719880075	0.44590403603995893
0.24918166719880075	0.44590403603995893
0.3737725007982011	0.8360700675749231
0.3737725007982011	0.7245940585649333
0.996726668795203	0.7803320630699282
0.8721358351958027	0.6688560540599384
0.24918166719880075	0.5573800450499488
0.4983633343976015	0.3901660315349641
0.4983633343976015	0.5016420405449539
0.24918166719880075	0.3901660315349641
0.622954167997002	0.5573800450499488
1.1213175023946034	0.8918080720799179
0.3737725007982011	0.6688560540599384
0.8721358351958027	0.6131180495549435
0.12459083359940037	0.3344280270299692
0.622954167997002	1.0032840810899077
0.24918166719880075	0.8360700675749231
0.24918166719880075	0.7245940585649333
0.4983633343976015	0.6131180495549435
0.4983633343976015	0.5573800450499488
0.7475450015964022	0.9475460765849129
0.622954167997002	0.7245940585649333
0.3737725007982011	0.8918080720799179
0.7475450015964022	0.7245940585649333
0.24918166719880075	0.5016420405449539
0.3737725007982011	0.6131180495549435
0.24918166719880075	0.7803320630699282
1.1213175023946034	0.7803320630699282
0.7475450015964022	0.7245940585649333
0.24918166719880075	0.44590403603995893
0.7475450015964022	1.0590220855949024
0.24918166719880075	0.5573800450499488
0.622954167997002	0.9475460765849129
0.622954167997002	0.7803320630699282
0.3737725007982011	0.2786900225249744
0.24918166719880075	0.44590403603995893
0.4983633343976015	0.3344280270299692
0.8721358351958027	1.1704980946048924
1.245908335994004	0.6688560540599384
0.12459083359940037	0.6688560540599384
0.622954167997002	1.0032840810899077
0.24918166719880075	0.5573800450499488
1.4950900031928045	0.6131180495549435
0.12459083359940037	0.44590403603995893
0.4983633343976015	0.6688560540599384
0.7475450015964022	0.6131180495549435
0.24918166719880075	0.7245940585649333
0.7475450015964022	0.5016420405449539
0.8721358351958027	0.7245940585649333
1.3704991695934041	0.9475460765849129
0.622954167997002	0.6131180495549435
0.4983633343976015	0.6131180495549435
0.996726668795203	0.6688560540599384
0.8721358351958027	0.5573800450499488
0.622954167997002	0.44590403603995893
1.245908335994004	0.8360700675749231
0.8721358351958027	0.5573800450499488
0.8721358351958027	0.44590403603995893
0.8721358351958027	1.1704980946048924
1.1213175023946034	1.1147600900998975
0.24918166719880075	0.2786900225249744
0.4983633343976015	0.5016420405449539
0.622954167997002	0.6131180495549435
0.996726668795203	0.5573800450499488
1.3704991695934041	0.5016420405449539
0.622954167997002	0.7803320630699282
0.7475450015964022	0.6131180495549435
0.996726668795203	0.8918080720799179
0.622954167997002	0.6688560540599384
0.7475450015964022	0.7803320630699282
0.996726668795203	0.9475460765849129
1.245908335994004	0.7245940585649333
0.4983633343976015	0.3901660315349641
1.1213175023946034	1.0032840810899077
0.12459083359940037	0.3901660315349641
0.622954167997002	0.7803320630699282
0.8721358351958027	0.7245940585649333
0.4983633343976015	0.6131180495549435
1.3704991695934041	1.0032840810899077
1.1213175023946034	0.8918080720799179
1.7442716703916055	0.9475460765849129
1.1213175023946034	0.5573800450499488
1.1213175023946034	0.5016420405449539
0.8721358351958027	1.0032840810899077
0.7475450015964022	1.0032840810899077
0.7475450015964022	0.8360700675749231
1.245908335994004	0.8918080720799179
0.24918166719880075	0.3901660315349641
0.622954167997002	0.3901660315349641
0.0	0.5573800450499488
0.8721358351958027	1.226236099109887
1.8688625039910056	1.1704980946048924
0.4983633343976015	0.6688560540599384
0.3737725007982011	0.5016420405449539
0.4983633343976015	0.22295201801997946
1.245908335994004	0.8360700675749231
1.1213175023946034	0.6688560540599384
0.4983633343976015	0.5016420405449539
0.4983633343976015	0.44590403603995893
0.12459083359940037	0.3344280270299692
0.622954167997002	0.8918080720799179
0.8721358351958027	0.6688560540599384
0.996726668795203	0.5016420405449539
0.12459083359940037	0.2786900225249744
0.3737725007982011	0.3901660315349641
1.245908335994004	1.0590220855949024
1.1213175023946034	0.7245940585649333
0.996726668795203	0.5016420405449539
0.622954167997002	0.44590403603995893
0.8721358351958027	0.5573800450499488
1.245908335994004	0.44590403603995893
0.3737725007982011	0.5016420405449539
0.24918166719880075	0.7245940585649333
0.8721358351958027	0.5573800450499488
0.7475450015964022	0.2786900225249744
0.622954167997002	0.2786900225249744
0.8721358351958027	0.44590403603995893
0.24918166719880075	0.3901660315349641
0.4983633343976015	0.5573800450499488
0.996726668795203	0.5573800450499488
0.7475450015964022	0.5573800450499488
0.3737725007982011	0.3344280270299692
0.12459083359940037	0.3901660315349641
1.3704991695934041	0.7245940585649333
0.8721358351958027	0.7245940585649333
0.7475450015964022	0.8360700675749231
0.8721358351958027	0.6131180495549435
0.996726668795203	1.226236099109887
1.1213175023946034	1.0590220855949024
0.996726668795203	0.8360700675749231
0.996726668795203	0.8918080720799179
0.622954167997002	0.6688560540599384
0.8721358351958027	0.5016420405449539
0.7475450015964022	0.8360700675749231
0.4983633343976015	0.3901660315349641
0.8721358351958027	0.5016420405449539
0.622954167997002	0.7803320630699282
0.8721358351958027	0.8918080720799179
0.996726668795203	0.8918080720799179
1.7442716703916055	1.1147600900998975
0.996726668795203	0.8360700675749231
0.4983633343976015	0.3901660315349641
0.3737725007982011	0.7245940585649333
0.622954167997002	0.6688560540599384
0.622954167997002	0.5573800450499488
1.245908335994004	0.7245940585649333
0.7475450015964022	0.7803320630699282
1.4950900031928045	0.5016420405449539
1.1213175023946034	0.7245940585649333
0.3737725007982011	0.44590403603995893
0.996726668795203	0.7803320630699282
0.622954167997002	0.5016420405449539
0.4983633343976015	0.5016420405449539
0.7475450015964022	0.7803320630699282
1.1213175023946034	0.6131180495549435
0.3737725007982011	0.3901660315349641
0.7475450015964022	0.8918080720799179
1.1213175023946034	0.7245940585649333
1.1213175023946034	0.7245940585649333
0.622954167997002	0.3344280270299692
0.622954167997002	0.5573800450499488
0.622954167997002	0.22295201801997946
0.622954167997002	0.3901660315349641
0.24918166719880075	0.5016420405449539
0.3737725007982011	0.1672140135149846
1.1213175023946034	0.7245940585649333
0.622954167997002	0.5016420405449539
0.622954167997002	0.3901660315349641
0.622954167997002	0.5016420405449539
0.24918166719880075	0.5016420405449539
0.996726668795203	0.8918080720799179
0.8721358351958027	0.6688560540599384
0.996726668795203	0.6131180495549435
0.7475450015964022	0.44590403603995893
0.996726668795203	0.5573800450499488
0.622954167997002	0.5573800450499488
1.1213175023946034	0.9475460765849129
0.4983633343976015	0.6688560540599384
0.4983633343976015	0.3344280270299692
0.24918166719880075	0.3901660315349641
0.3737725007982011	0.2786900225249744
0.622954167997002	0.5016420405449539
0.3737725007982011	0.8918080720799179
0.8721358351958027	0.8360700675749231
0.622954167997002	0.3901660315349641
0.622954167997002	0.3901660315349641
0.7475450015964022	0.22295201801997946
0.622954167997002	0.6131180495549435
0.4983633343976015	1.0590220855949024
0.7475450015964022	0.44590403603995893
0.996726668795203	0.5016420405449539
0.3737725007982011	0.5573800450499488
0.4983633343976015	0.5573800450499488
0.3737725007982011	0.44590403603995893
0.7475450015964022	0.8918080720799179
0.622954167997002	0.7803320630699282
0.622954167997002	0.3901660315349641
0.4983633343976015	0.3344280270299692
