DKO	Prdm1KO
0.41530277866466797	0.44590403603995893
0.5814238901305351	0.6688560540599384
0.33224222293173433	0.3344280270299692
0.16612111146586717	0.3715866966999658
0.33224222293173433	0.3344280270299692
0.4983633343976015	0.5202213753799522
0.33224222293173433	0.40874536636996245
0.24918166719880075	0.3715866966999658
0.16612111146586717	0.3715866966999658
0.16612111146586717	0.3715866966999658
0.41530277866466797	0.22295201801997946
0.33224222293173433	0.44590403603995893
0.4983633343976015	0.6688560540599384
0.08306055573293358	0.3344280270299692
0.16612111146586717	0.4830627057099555
0.5814238901305351	0.4830627057099555
0.33224222293173433	0.5945387147199452
0.24918166719880075	0.5573800450499488
0.08306055573293358	0.3715866966999658
0.16612111146586717	0.2601106876899761
0.4983633343976015	0.3344280270299692
0.4983633343976015	0.44590403603995893
0.4983633343976015	0.44590403603995893
0.24918166719880075	0.5202213753799522
0.33224222293173433	0.40874536636996245
0.24918166719880075	0.40874536636996245
0.16612111146586717	0.3715866966999658
0.41530277866466797	0.40874536636996245
0.4983633343976015	0.44590403603995893
0.9136661130622695	0.44590403603995893
0.24918166719880075	0.3715866966999658
0.33224222293173433	0.5202213753799522
0.7475450015964022	0.706014723729935
0.6644844458634687	0.5573800450499488
0.5814238901305351	0.5945387147199452
0.6644844458634687	0.5945387147199452
0.996726668795203	0.6316973843899418
0.4983633343976015	0.7431733933999316
0.41530277866466797	0.40874536636996245
0.24918166719880075	0.6688560540599384
0.5814238901305351	0.40874536636996245
0.41530277866466797	0.44590403603995893
0.16612111146586717	0.4830627057099555
0.4983633343976015	0.4830627057099555
0.41530277866466797	0.40874536636996245
0.24918166719880075	0.7803320630699282
0.7475450015964022	0.3715866966999658
0.6644844458634687	0.6316973843899418
0.9136661130622695	0.7803320630699282
0.24918166719880075	0.44590403603995893
0.24918166719880075	0.2601106876899761
0.08306055573293358	0.2601106876899761
0.4983633343976015	0.5202213753799522
1.245908335994004	0.5202213753799522
0.24918166719880075	0.2972693573599726
0.41530277866466797	0.3715866966999658
0.6644844458634687	0.40874536636996245
0.41530277866466797	0.3344280270299692
0.41530277866466797	0.4830627057099555
0.5814238901305351	0.5573800450499488
0.24918166719880075	0.3715866966999658
0.33224222293173433	0.07431733933999315
0.6644844458634687	0.3715866966999658
0.6644844458634687	0.4830627057099555
0.08306055573293358	0.6316973843899418
0.41530277866466797	0.5573800450499488
0.16612111146586717	0.3715866966999658
0.4983633343976015	0.6316973843899418
0.33224222293173433	0.5573800450499488
0.7475450015964022	0.8918080720799179
1.0797872245281366	0.706014723729935
0.6644844458634687	0.5945387147199452
0.6644844458634687	0.5945387147199452
0.4983633343976015	0.40874536636996245
0.4983633343976015	0.6316973843899418
0.9136661130622695	0.8546494024099213
0.6644844458634687	0.6316973843899418
1.0797872245281366	0.9289667417499144
0.5814238901305351	0.6688560540599384
0.9136661130622695	0.4830627057099555
0.7475450015964022	0.6688560540599384
0.33224222293173433	0.6688560540599384
0.33224222293173433	0.7431733933999316
0.5814238901305351	0.8546494024099213
0.8306055573293359	0.5945387147199452
0.41530277866466797	0.6316973843899418
0.7475450015964022	0.5945387147199452
0.33224222293173433	0.5202213753799522
0.4983633343976015	0.5945387147199452
0.33224222293173433	0.4830627057099555
0.16612111146586717	0.3344280270299692
0.7475450015964022	0.22295201801997946
0.4983633343976015	0.706014723729935
0.33224222293173433	0.3344280270299692
0.41530277866466797	0.2972693573599726
0.33224222293173433	0.2601106876899761
0.24918166719880075	0.2601106876899761
0.33224222293173433	0.5573800450499488
0.33224222293173433	0.3715866966999658
0.24918166719880075	0.44590403603995893
0.4983633343976015	0.3715866966999658
0.33224222293173433	0.3715866966999658
0.5814238901305351	0.5573800450499488
0.6644844458634687	0.5202213753799522
0.4983633343976015	0.2972693573599726
0.24918166719880075	0.1486346786799863
0.33224222293173433	0.3715866966999658
0.41530277866466797	0.3715866966999658
0.9136661130622695	0.5573800450499488
0.7475450015964022	0.5202213753799522
0.33224222293173433	0.3344280270299692
0.6644844458634687	0.4830627057099555
0.16612111146586717	0.1857933483499829
0.4983633343976015	0.44590403603995893
0.5814238901305351	0.5202213753799522
0.6644844458634687	0.706014723729935
0.4983633343976015	0.6688560540599384
0.16612111146586717	0.40874536636996245
0.6644844458634687	0.7431733933999316
0.41530277866466797	0.706014723729935
1.0797872245281366	0.7803320630699282
0.24918166719880075	0.44590403603995893
0.5814238901305351	0.44590403603995893
0.16612111146586717	0.5573800450499488
0.5814238901305351	0.706014723729935
0.6644844458634687	0.6688560540599384
0.996726668795203	0.5945387147199452
0.33224222293173433	0.44590403603995893
0.33224222293173433	0.5202213753799522
0.5814238901305351	0.5945387147199452
0.8306055573293359	1.0404427507599043
0.6644844458634687	0.9289667417499144
0.7475450015964022	0.6688560540599384
0.4983633343976015	0.7803320630699282
0.4983633343976015	0.5573800450499488
0.8306055573293359	0.8174907327399249
0.33224222293173433	0.8174907327399249
0.6644844458634687	0.706014723729935
0.33224222293173433	0.6316973843899418
0.33224222293173433	0.5202213753799522
0.6644844458634687	0.4830627057099555
0.6644844458634687	0.44590403603995893
0.4983633343976015	0.4830627057099555
0.6644844458634687	0.4830627057099555
0.5814238901305351	0.5945387147199452
0.9136661130622695	0.40874536636996245
0.4983633343976015	0.5573800450499488
0.33224222293173433	0.44590403603995893
0.41530277866466797	0.2972693573599726
0.24918166719880075	0.44590403603995893
0.8306055573293359	0.5945387147199452
0.5814238901305351	0.6688560540599384
0.9136661130622695	0.5945387147199452
0.5814238901305351	0.2972693573599726
0.24918166719880075	0.3344280270299692
0.5814238901305351	0.6688560540599384
0.5814238901305351	0.7431733933999316
0.9136661130622695	0.4830627057099555
0.7475450015964022	0.3715866966999658
0.33224222293173433	0.5202213753799522
0.41530277866466797	0.5202213753799522
0.33224222293173433	0.2601106876899761
0.4983633343976015	0.5202213753799522
0.5814238901305351	0.5573800450499488
0.5814238901305351	0.40874536636996245
0.41530277866466797	0.5202213753799522
0.8306055573293359	0.8174907327399249
0.6644844458634687	0.6316973843899418
0.7475450015964022	0.8918080720799179
0.5814238901305351	0.5202213753799522
0.5814238901305351	0.3344280270299692
0.5814238901305351	0.44590403603995893
0.4983633343976015	0.4830627057099555
0.16612111146586717	0.44590403603995893
0.24918166719880075	0.3344280270299692
0.24918166719880075	0.5202213753799522
0.41530277866466797	0.2972693573599726
0.08306055573293358	0.2972693573599726
0.33224222293173433	0.44590403603995893
0.4983633343976015	0.3344280270299692
0.16612111146586717	0.5202213753799522
0.7475450015964022	0.706014723729935
0.4983633343976015	0.3344280270299692
0.16612111146586717	0.44590403603995893
0.5814238901305351	0.6316973843899418
0.5814238901305351	0.706014723729935
0.8306055573293359	0.8918080720799179
0.9136661130622695	0.7803320630699282
0.33224222293173433	0.3715866966999658
0.6644844458634687	0.4830627057099555
0.4983633343976015	0.5573800450499488
0.6644844458634687	0.5945387147199452
0.9136661130622695	0.44590403603995893
0.7475450015964022	0.44590403603995893
0.24918166719880075	0.3344280270299692
0.41530277866466797	0.8918080720799179
0.6644844458634687	0.2972693573599726
1.245908335994004	1.0032840810899077
0.16612111146586717	0.5573800450499488
0.16612111146586717	0.4830627057099555
