WT	KO
0.32193099793236984	0.5455911696286254
0.4292413305764931	0.46165406660883684
0.4292413305764931	0.3637274464190836
0.5231378716401011	0.44766454943887213
0.1475517073856695	0.1538846888696123
0.295103414771339	0.25181130905936555
0.21462066528824655	0.2378217918894008
0.4024137474154623	0.3077693777392246
0.3889999558349469	0.46165406660883684
0.21462066528824655	0.25181130905936555
0.4292413305764931	0.32175889490918935
0.3889999558349469	0.4896331009487664
0.4292413305764931	0.4896331009487664
0.5231378716401011	0.573570203968555
0.4694827053180394	0.4756435837788016
0.4828964968985548	0.5036226181187311
0.4828964968985548	0.517612135288696
0.45606891373752395	0.3777169635890483
0.3889999558349469	0.40569599792897787
0.36217237267391605	0.43367503226890736
0.4292413305764931	0.43367503226890736
0.44265512215700853	0.573570203968555
0.4828964968985548	0.3777169635890483
0.45606891373752395	0.517612135288696
0.4694827053180394	0.3777169635890483
0.4024137474154623	0.2797903433992951
0.3889999558349469	0.44766454943887213
0.36217237267391605	0.4896331009487664
0.4292413305764931	0.4196855150989426
0.5499654548011319	0.33574841207915407
0.3085172063518544	0.3637274464190836
0.3889999558349469	0.44766454943887213
0.2682758316103082	0.22383227471943606
0.4963102884790702	0.43367503226890736
0.5365516632206164	0.5455911696286254
0.33534478951288527	0.34973792924911884
0.5231378716401011	0.517612135288696
0.4024137474154623	0.4756435837788016
0.45606891373752395	0.5036226181187311
0.36217237267391605	0.3917064807590131
0.32193099793236984	0.3077693777392246
0.33534478951288527	0.3637274464190836
0.3085172063518544	0.2937798605692598
0.3085172063518544	0.3077693777392246
0.4828964968985548	0.6295282726484139
0.5365516632206164	0.5595806867985902
0.41582753899597774	0.5036226181187311
0.32193099793236984	0.44766454943887213
0.33534478951288527	0.3917064807590131
0.28168962319082363	0.33574841207915407
0.3889999558349469	0.43367503226890736
0.44265512215700853	0.4896331009487664
0.3487585810934007	0.40569599792897787
0.3889999558349469	0.4196855150989426
0.44265512215700853	0.5455911696286254
0.4828964968985548	0.4756435837788016
0.4963102884790702	0.4896331009487664
0.36217237267391605	0.40569599792897787
0.5097240800595856	0.517612135288696
0.36217237267391605	0.43367503226890736
0.45606891373752395	0.3637274464190836
0.4963102884790702	0.4756435837788016
0.6170344127037088	0.5875597211385196
0.6572757874452552	0.5455911696286254
0.590206829542678	0.5036226181187311
0.4694827053180394	0.4896331009487664
0.4963102884790702	0.517612135288696
0.4828964968985548	0.4756435837788016
0.5097240800595856	0.3917064807590131
0.7109309537673169	0.797402478687991
0.5633792463816473	0.43367503226890736
0.45606891373752395	0.517612135288696
0.5365516632206164	0.6575073069883435
0.6572757874452552	0.517612135288696
0.3889999558349469	0.3917064807590131
0.6036206211231935	0.40569599792897787
0.45606891373752395	0.4756435837788016
0.6438619958647397	0.573570203968555
0.6706895790257705	0.6714968241583081
0.751172328508863	0.797402478687991
0.6975171621868014	0.6295282726484139
0.5097240800595856	0.46165406660883684
0.36217237267391605	0.517612135288696
0.5499654548011319	0.741444410008132
0.5633792463816473	0.6155387554784492
0.5231378716401011	0.6994758584982377
0.5767930379621627	0.5316016524586606
0.6706895790257705	0.43367503226890736
0.45606891373752395	0.5316016524586606
0.590206829542678	0.5316016524586606
0.44265512215700853	0.6015492383084845
0.4828964968985548	0.43367503226890736
0.18779308212721574	0.2797903433992951
0.2414482484492774	0.19585324037950655
0.3755861642544315	0.2937798605692598
0.4024137474154623	0.573570203968555
0.4292413305764931	0.40569599792897787
0.5231378716401011	0.33574841207915407
0.36217237267391605	0.46165406660883684
0.18779308212721574	0.22383227471943606
0.20120687370773116	0.22383227471943606
0.22803445686876198	0.16787420603957703
0.33534478951288527	0.4756435837788016
0.44265512215700853	0.33574841207915407
0.4828964968985548	0.34973792924911884
0.4828964968985548	0.43367503226890736
0.33534478951288527	0.3637274464190836
0.3487585810934007	0.2797903433992951
0.3085172063518544	0.2937798605692598
0.5097240800595856	0.43367503226890736
0.44265512215700853	0.5036226181187311
0.6438619958647397	0.4896331009487664
0.5499654548011319	0.5455911696286254
0.5499654548011319	0.517612135288696
0.590206829542678	0.5316016524586606
0.5231378716401011	0.44766454943887213
0.5097240800595856	0.43367503226890736
0.6170344127037088	0.4896331009487664
0.5231378716401011	0.5455911696286254
0.5767930379621627	0.6435177898183787
0.5499654548011319	0.46165406660883684
0.7109309537673169	0.685486341328273
0.6304482042842243	0.5595806867985902
0.5633792463816473	0.5875597211385196
0.4828964968985548	0.4756435837788016
0.5097240800595856	0.573570203968555
0.6036206211231935	0.6015492383084845
0.7377585369283476	0.6015492383084845
0.41582753899597774	0.46165406660883684
0.5097240800595856	0.517612135288696
0.44265512215700853	0.44766454943887213
0.5365516632206164	0.6435177898183787
0.44265512215700853	0.4756435837788016
0.44265512215700853	0.5036226181187311
0.44265512215700853	0.43367503226890736
0.5231378716401011	0.5455911696286254
0.45606891373752395	0.517612135288696
0.3487585810934007	0.43367503226890736
0.4828964968985548	0.4196855150989426
0.45606891373752395	0.4756435837788016
0.4828964968985548	0.5455911696286254
0.5097240800595856	0.46165406660883684
0.5633792463816473	0.4756435837788016
0.4828964968985548	0.46165406660883684
0.4963102884790702	0.517612135288696
0.590206829542678	0.7274548928381672
0.6304482042842243	0.4896331009487664
0.5499654548011319	0.46165406660883684
0.41582753899597774	0.4896331009487664
0.36217237267391605	0.34973792924911884
0.3755861642544315	0.5036226181187311
0.41582753899597774	0.573570203968555
0.684103370606286	0.517612135288696
0.4694827053180394	0.6435177898183787
0.4292413305764931	0.4756435837788016
0.36217237267391605	0.40569599792897787
0.5231378716401011	0.517612135288696
0.4694827053180394	0.5316016524586606
0.5231378716401011	0.46165406660883684
0.4828964968985548	0.4756435837788016
0.45606891373752395	0.5875597211385196
0.4292413305764931	0.4196855150989426
0.36217237267391605	0.32175889490918935
0.44265512215700853	0.46165406660883684
0.4024137474154623	0.34973792924911884
0.41582753899597774	0.3917064807590131
0.4024137474154623	0.3777169635890483
0.5633792463816473	0.6015492383084845
0.4963102884790702	0.517612135288696
0.590206829542678	0.46165406660883684
0.36217237267391605	0.2937798605692598
0.4024137474154623	0.3637274464190836
0.44265512215700853	0.4896331009487664
0.5097240800595856	0.44766454943887213
0.5499654548011319	0.5595806867985902
0.5231378716401011	0.46165406660883684
0.41582753899597774	0.3777169635890483
0.41582753899597774	0.3777169635890483
0.3487585810934007	0.33574841207915407
0.4963102884790702	0.44766454943887213
0.4024137474154623	0.46165406660883684
0.5231378716401011	0.4756435837788016
0.4963102884790702	0.4756435837788016
0.44265512215700853	0.3777169635890483
0.3889999558349469	0.4756435837788016
0.4024137474154623	0.3637274464190836
0.5365516632206164	0.6155387554784492
0.5231378716401011	0.4196855150989426
0.4828964968985548	0.46165406660883684
0.3889999558349469	0.4196855150989426
0.36217237267391605	0.3777169635890483
0.3487585810934007	0.3777169635890483
0.45606891373752395	0.3917064807590131
0.3085172063518544	0.4196855150989426
0.4292413305764931	0.44766454943887213
0.3889999558349469	0.2937798605692598
0.44265512215700853	0.3637274464190836
0.4828964968985548	0.46165406660883684
0.5231378716401011	0.4196855150989426
0.4292413305764931	0.40569599792897787
