WT	KO
0.13056090471701667	0.13616463378765695
0.26112180943403335	0.3404115844691423
0.35904248797179583	0.3404115844691423
0.19584135707552502	0.13616463378765695
0.06528045235850834	0.13616463378765695
0.09792067853776251	0.06808231689382847
0.13056090471701667	0.23828810912839965
0.7507252021228459	0.2723292675753139
0.5548838450473208	0.8169878027259417
0.587524071226575	0.44253505980988506
0.13056090471701667	0.13616463378765695
0.06528045235850834	0.06808231689382847
0.22848158325477919	0.06808231689382847
0.39168271415105005	0.44253505980988506
0.16320113089627084	0.20424695068148543
0.22848158325477919	0.30637042602222814
0.35904248797179583	0.20424695068148543
0.2937620356132875	0.37445274291605657
0.587524071226575	0.40849390136297087
0.19584135707552502	0.3404115844691423
0.22848158325477919	0.06808231689382847
0.13056090471701667	0.40849390136297087
0.48960339268881253	0.23828810912839965
0.5222436188680667	0.30637042602222814
0.32640226179254167	0.3404115844691423
0.32640226179254167	0.3404115844691423
0.19584135707552502	0.06808231689382847
0.2937620356132875	0.2723292675753139
0.32640226179254167	0.44253505980988506
0.19584135707552502	0.13616463378765695
0.16320113089627084	0.06808231689382847
0.22848158325477919	0.2723292675753139
0.13056090471701667	0.578699693597542
0.48960339268881253	0.20424695068148543
0.2937620356132875	0.4765762182567993
0.19584135707552502	0.20424695068148543
0.19584135707552502	0.44253505980988506
0.4243229403303042	0.4765762182567993
0.5548838450473208	0.6127408520444563
0.39168271415105005	0.13616463378765695
0.48960339268881253	0.37445274291605657
0.4243229403303042	0.44253505980988506
0.26112180943403335	0.2723292675753139
0.26112180943403335	0.40849390136297087
0.4243229403303042	0.30637042602222814
0.7180849759435917	0.4765762182567993
0.6201642974058291	0.6808231689382847
0.8160056544813542	0.4765762182567993
0.6201642974058291	0.5106173767037135
0.4243229403303042	0.4765762182567993
0.48960339268881253	0.23828810912839965
0.4243229403303042	0.6808231689382847
0.22848158325477919	0.2723292675753139
0.48960339268881253	0.40849390136297087
0.6854447497643374	0.5446585351506278
0.2937620356132875	0.7829466442790275
0.9792067853776251	0.578699693597542
0.35904248797179583	0.13616463378765695
0.32640226179254167	0.06808231689382847
1.0118470115568792	0.6127408520444563
0.9792067853776251	0.6808231689382847
0.48960339268881253	0.5106173767037135
0.35904248797179583	0.37445274291605657
0.2937620356132875	0.3404115844691423
0.32640226179254167	0.3404115844691423
1.1424079162738958	0.5446585351506278
0.7507252021228459	0.6127408520444563
0.5548838450473208	0.2723292675753139
0.26112180943403335	0.30637042602222814
0.19584135707552502	0.10212347534074272
0.2937620356132875	0.30637042602222814
0.09792067853776251	0.23828810912839965
0.13056090471701667	0.37445274291605657
0.5222436188680667	0.6808231689382847
0.8160056544813542	0.5446585351506278
0.2937620356132875	0.13616463378765695
0.32640226179254167	0.40849390136297087
0.5548838450473208	0.578699693597542
0.4243229403303042	0.40849390136297087
0.48960339268881253	0.7489054858321131
0.8812861068398625	0.44253505980988506
0.19584135707552502	0.30637042602222814
0.48960339268881253	0.4765762182567993
0.39168271415105005	0.5446585351506278
0.39168271415105005	0.4765762182567993
0.26112180943403335	0.2723292675753139
0.5222436188680667	0.5446585351506278
0.48960339268881253	0.7148643273851989
0.48960339268881253	0.40849390136297087
0.13056090471701667	0.13616463378765695
0.19584135707552502	0.2723292675753139
0.45696316650955837	0.40849390136297087
0.48960339268881253	0.6467820104913704
0.587524071226575	0.10212347534074272
0.13056090471701667	0.06808231689382847
0.5222436188680667	0.2723292675753139
0.39168271415105005	0.3404115844691423
0.2937620356132875	0.5446585351506278
0.16320113089627084	0.20424695068148543
0.06528045235850834	0.13616463378765695
0.19584135707552502	0.13616463378765695
0.587524071226575	0.40849390136297087
0.9792067853776251	0.9191112780666844
0.32640226179254167	0.6808231689382847
0.32640226179254167	0.5106173767037135
0.35904248797179583	0.44253505980988506
0.9139263330191167	0.6127408520444563
0.587524071226575	0.40849390136297087
0.7180849759435917	0.4765762182567993
0.22848158325477919	0.23828810912839965
0.6528045235850833	0.5446585351506278
0.45696316650955837	0.6127408520444563
0.45696316650955837	0.3404115844691423
0.5548838450473208	0.4765762182567993
0.7180849759435917	0.44253505980988506
0.6201642974058291	0.7489054858321131
0.6528045235850833	0.578699693597542
0.35904248797179583	0.13616463378765695
0.48960339268881253	0.3404115844691423
0.48960339268881253	0.578699693597542
0.48960339268881253	0.6467820104913704
0.6201642974058291	0.578699693597542
0.5222436188680667	0.2723292675753139
0.5222436188680667	0.6127408520444563
0.45696316650955837	0.4765762182567993
0.4243229403303042	0.5446585351506278
0.5222436188680667	0.13616463378765695
0.587524071226575	0.40849390136297087
0.6201642974058291	0.7829466442790275
0.32640226179254167	0.4765762182567993
0.48960339268881253	0.5446585351506278
0.5548838450473208	0.30637042602222814
0.48960339268881253	0.5446585351506278
0.32640226179254167	0.2723292675753139
0.32640226179254167	0.2723292675753139
0.32640226179254167	0.20424695068148543
0.5222436188680667	0.10212347534074272
0.06528045235850834	0.5446585351506278
0.39168271415105005	0.5446585351506278
0.26112180943403335	0.30637042602222814
0.6528045235850833	0.6127408520444563
0.32640226179254167	0.6127408520444563
0.6201642974058291	0.5446585351506278
0.5222436188680667	0.3404115844691423
0.4243229403303042	0.5446585351506278
0.4243229403303042	0.5106173767037135
0.32640226179254167	0.5446585351506278
0.48960339268881253	0.40849390136297087
0.5548838450473208	0.30637042602222814
0.19584135707552502	0.2723292675753139
0.39168271415105005	0.40849390136297087
0.32640226179254167	0.17020579223457116
0.45696316650955837	0.3404115844691423
0.39168271415105005	0.40849390136297087
0.19584135707552502	0.06808231689382847
0.587524071226575	0.7489054858321131
0.6854447497643374	0.6127408520444563
0.16320113089627084	0.2723292675753139
0.32640226179254167	0.20424695068148543
0.26112180943403335	0.13616463378765695
0.39168271415105005	0.20424695068148543
0.5222436188680667	0.2723292675753139
0.45696316650955837	0.3404115844691423
0.9792067853776251	0.6808231689382847
0.7180849759435917	0.4765762182567993
0.26112180943403335	0.6127408520444563
0.48960339268881253	0.17020579223457116
0.32640226179254167	0.23828810912839965
0.39168271415105005	0.4765762182567993
0.6528045235850833	0.3404115844691423
0.45696316650955837	0.2723292675753139
0.32640226179254167	0.40849390136297087
0.5548838450473208	0.40849390136297087
0.13056090471701667	0.06808231689382847
0.32640226179254167	0.20424695068148543
0.32640226179254167	0.13616463378765695
0.13056090471701667	0.20424695068148543
0.19584135707552502	0.17020579223457116
0.39168271415105005	0.2723292675753139
0.39168271415105005	0.2723292675753139
0.19584135707552502	0.20424695068148543
0.32640226179254167	0.2723292675753139
0.32640226179254167	0.5106173767037135
0.26112180943403335	0.30637042602222814
0.19584135707552502	0.2723292675753139
0.26112180943403335	0.2723292675753139
0.39168271415105005	0.3404115844691423
0.13056090471701667	0.20424695068148543
0.03264022617925417	0.20424695068148543
0.26112180943403335	0.40849390136297087
0.32640226179254167	0.4765762182567993
0.32640226179254167	0.4765762182567993
0.19584135707552502	0.40849390136297087
0.13056090471701667	0.2723292675753139
0.19584135707552502	0.06808231689382847
0.13056090471701667	0.17020579223457116
0.39168271415105005	0.3404115844691423
0.13056090471701667	0.2723292675753139
0.39168271415105005	0.3404115844691423
0.32640226179254167	0.20424695068148543
