condition1	condition1
0.12667993255914167	0.12095624557439659
0.11251695873265379	0.11199652367999684
0.11802478188739908	0.12543610652159645
0.12195894128364572	0.11647638462719671
0.11487745437040177	0.13797971717375612
0.11251695873265379	0.11916430119551663
0.12274577316289503	0.11558041243775674
0.11330379061190311	0.12364416214271652
0.1392692426271309	0.1245401343321565
0.11959844564589772	0.1343958284159962
0.12038527752514705	0.13708374498431614
0.13769557886863226	0.1245401343321565
0.11330379061190311	0.12543610652159645
0.12667993255914167	0.13081193965823631
0.1156642862496511	0.12812402308991638
0.11881161376664841	0.12812402308991638
0.12667993255914167	0.12364416214271652
0.14320340202337756	0.1352918006054362
0.11409062249115244	0.12185221776383656
0.12353260504214436	0.1343958284159962
0.1329745875931363	0.1245401343321565
0.127466764438391	0.12633207871103644
0.13533508323088428	0.12095624557439659
0.11487745437040177	0.14335555031039596
0.1306140919553883	0.12364416214271652
0.1306140919553883	0.12364416214271652
0.1243194369213937	0.14604346687871586
0.12825359631764033	0.12364416214271652
0.13454825135163495	0.12901999527935637
0.12510626880064302	0.1388756893631961
0.12904042819688966	0.1245401343321565
0.11330379061190311	0.14514749468927593
0.1424165701441282	0.14514749468927593
0.15579271209136678	0.141563605931516
0.14084290638562957	0.14604346687871586
0.14084290638562957	0.14962735563647578
0.13690874698938293	0.1272280509004764
0.13690874698938293	0.141563605931516
0.13218775571388697	0.12991596746879633
0.1424165701441282	0.14693943906815585
0.1479243932988735	0.12901999527935637
0.1455638976611255	0.13977166155263604
0.15185855269512014	0.14604346687871586
0.14635072954037487	0.1487313834470358
0.13533508323088428	0.14335555031039596
0.15185855269512014	0.15769110534143557
0.12825359631764033	0.13708374498431614
0.12117210940439639	0.12812402308991638
0.1416297382648789	0.1388756893631961
0.13533508323088428	0.14962735563647578
0.16130053524611207	0.12812402308991638
0.14320340202337756	0.1487313834470358
0.1455638976611255	0.15052332782591576
0.14005607450638025	0.16485888285695535
0.1526453845743695	0.14514749468927593
0.1479243932988735	0.1558991609625556
0.14949805705737218	0.1487313834470358
0.1329745875931363	0.15141930001535575
0.15579271209136678	0.14962735563647578
0.14477706578187619	0.1272280509004764
0.14399023390262689	0.1550031887731156
0.15500588021211745	0.14783541125759583
0.16366103088386005	0.1630669384780754
0.16366103088386005	0.16217096628863542
0.15421904833286812	0.14962735563647578
0.1384824107478816	0.1317079118476763
0.15579271209136678	0.15141930001535575
0.1455638976611255	0.16754679942527528
0.1510717208158708	0.13708374498431614
0.1479243932988735	0.16217096628863542
0.16602152652160804	0.1639629106675154
0.15500588021211745	0.13708374498431614
0.17388984531410132	0.15141930001535575
0.16051370336686274	0.1487313834470358
0.14949805705737218	0.14425152249983594
0.170742517797104	0.14783541125759583
0.1526453845743695	0.12901999527935637
0.14635072954037487	0.14425152249983594
0.13690874698938293	0.14066763374207603
0.16366103088386005	0.15769110534143557
0.17625034095184927	0.15052332782591576
0.16995568591785465	0.15410721658367565
0.1424165701441282	0.16754679942527528
0.16287419900461073	0.1639629106675154
0.1534322164536188	0.15141930001535575
0.13769557886863226	0.15679513315199559
0.16680835840085736	0.16127499409919546
0.14084290638562957	0.1558991609625556
0.16680835840085736	0.1657548550463953
0.15815320772911476	0.15679513315199559
0.1455638976611255	0.1272280509004764
0.16366103088386005	0.14604346687871586
0.13140092383463764	0.15141930001535575
0.11645111812890042	0.12095624557439659
0.11330379061190311	0.11110055149055686
0.07789635604568339	0.07884555267071779
0.12353260504214436	0.11289249586943681
0.09205932987217127	0.0994529130278372
0.18175816410659457	0.1639629106675154
0.22739441310305555	0.22936888049663354
0.2085104480010717	0.19084207635071462
0.22660758122380623	0.21772124203391385
0.18097133222734524	0.16127499409919546
0.09756715302691657	0.09586902427007729
0.10307497618166186	0.09766096864895725
0.08812517047592464	0.06450999763967818
0.11487745437040177	0.10124485740671715
0.13769557886863226	0.13618777279487615
0.1479243932988735	0.14783541125759583
0.15500588021211745	0.15769110534143557
0.1455638976611255	0.12006027338495662
0.1510717208158708	0.14425152249983594
0.16680835840085736	0.13708374498431614
0.15028488893662148	0.14693943906815585
0.1589400396083641	0.1388756893631961
0.1526453845743695	0.13081193965823631
0.15972687148761341	0.16217096628863542
0.16130053524611207	0.15141930001535575
0.16995568591785465	0.16844277161471524
0.16680835840085736	0.14783541125759583
0.1510717208158708	0.1585870775308755
0.16287419900461073	0.15321124439423567
0.17231618155560266	0.14066763374207603
0.14871122517812282	0.14604346687871586
0.1589400396083641	0.14962735563647578
0.14949805705737218	0.1388756893631961
0.16680835840085736	0.1657548550463953
0.17703717283109863	0.1657548550463953
0.16916885403860535	0.17561054913023505
0.17782400471034795	0.15321124439423567
0.14399023390262689	0.141563605931516
0.16130053524611207	0.15410721658367565
0.17546350907259994	0.1666508272358353
0.17310301343485196	0.18098638226687488
0.16130053524611207	0.1639629106675154
0.1652346946423587	0.15141930001535575
0.16051370336686274	0.15052332782591576
0.14871122517812282	0.14693943906815585
0.1526453845743695	0.18457027102463477
0.14635072954037487	0.1487313834470358
0.16444786276310938	0.15321124439423567
0.1589400396083641	0.1487313834470358
0.15028488893662148	0.17023471599359521
0.1510717208158708	0.14962735563647578
0.15421904833286812	0.14604346687871586
0.15815320772911476	0.13708374498431614
0.1455638976611255	0.14425152249983594
0.1652346946423587	0.1550031887731156
0.14949805705737218	0.14335555031039596
0.16444786276310938	0.14693943906815585
0.1526453845743695	0.13618777279487615
0.13533508323088428	0.13977166155263604
0.12982726007613898	0.1343958284159962
0.127466764438391	0.12991596746879633
0.1479243932988735	0.1558991609625556
0.1455638976611255	0.15141930001535575
0.14084290638562957	0.14335555031039596
0.1526453845743695	0.16037902190975548
0.13218775571388697	0.13349985622655622
0.15579271209136678	0.14783541125759583
0.13690874698938293	0.12185221776383656
0.14320340202337756	0.15769110534143557
0.127466764438391	0.14783541125759583
0.127466764438391	0.12543610652159645
0.12667993255914167	0.1352918006054362
0.14399023390262689	0.14245957812095597
0.1620873671253614	0.14604346687871586
0.13376141947238562	0.11916430119551663
0.12038527752514705	0.1245401343321565
0.1392692426271309	0.1388756893631961
0.12667993255914167	0.13708374498431614
0.1306140919553883	0.15231527220479568
0.14005607450638025	0.14425152249983594
0.12117210940439639	0.12095624557439659
0.1329745875931363	0.13349985622655622
0.13533508323088428	0.13260388403711626
0.14084290638562957	0.12901999527935637
0.1455638976611255	0.1558991609625556
0.11723795000814974	0.1352918006054362
0.11487745437040177	0.13260388403711626
0.12510626880064302	0.1352918006054362
0.13612191511013358	0.13081193965823631
0.12982726007613898	0.13618777279487615
0.12982726007613898	0.14514749468927593
0.13376141947238562	0.1550031887731156
0.13612191511013358	0.14245957812095597
0.14635072954037487	0.14425152249983594
0.1329745875931363	0.14245957812095597
0.12825359631764033	0.14514749468927593
0.12589310067989234	0.1352918006054362
0.13769557886863226	0.12901999527935637
0.11881161376664841	0.12185221776383656
0.12117210940439639	0.12812402308991638
0.13376141947238562	0.13349985622655622
0.11881161376664841	0.13081193965823631
0.12825359631764033	0.1487313834470358
0.12038527752514705	0.12543610652159645
0.12825359631764033	0.13618777279487615
0.12825359631764033	0.1173723568166367
0.13218775571388697	0.141563605931516
