condition1	condition1
0.13059355202683648	0.12013623692362882
0.12977734232666874	0.14254971396161928
0.12651250352599783	0.13717047947250158
0.1338583908275074	0.13089470590186425
0.13630701992801056	0.12641201049426615
0.12161524532499146	0.12641201049426615
0.13875564902851376	0.13089470590186425
0.12324766472532693	0.12551547141274652
0.13630701992801056	0.13089470590186425
0.1338583908275074	0.13179124498338385
0.1395718587286815	0.12192931508666806
0.14283669752935238	0.13089470590186425
0.13140976172700422	0.13089470590186425
0.14202048782918467	0.13717047947250158
0.12079903562482373	0.15061856569529583
0.14365290722952012	0.14882548753225658
0.13793943932834601	0.12999816682034462
0.1338583908275074	0.13089470590186425
0.13875564902851376	0.14703240936921738
0.14528532662985558	0.15061856569529583
0.12814492292633328	0.14703240936921738
0.1518150042311974	0.15151510477681546
0.1550798430318683	0.16585973008112934
0.16160952063321013	0.159583956510492
0.16079331093304242	0.13268778406490347
0.15834468183253925	0.15330818293985468
0.14283669752935238	0.13717047947250158
0.16242573033337787	0.16048049559201163
0.1542636333317006	0.14523933120617813
0.1403880684288492	0.1497220266137762
0.14936637513069423	0.15151510477681546
0.12814492292633328	0.14703240936921738
0.15018258483086197	0.1685493473256882
0.1567122624322038	0.15241164385833508
0.16405814973371333	0.15868741742897238
0.1485501654305265	0.15330818293985468
0.1575284721323715	0.16675626916264893
0.15589605273203605	0.15151510477681546
0.16079331093304242	0.15061856569529583
0.1485501654305265	0.16048049559201163
0.16569056913404878	0.1694458864072078
0.14773395573035877	0.16227357375505086
0.17385266613572606	0.1828939726300021
0.15916089153270693	0.17572165997784514
0.1526312139313651	0.15599780018441356
0.16405814973371333	0.15779087834745276
0.1567122624322038	0.14613587028769776
0.17630129523622923	0.17123896457024707
0.15997710123287467	0.17572165997784514
0.14283669752935238	0.15151510477681546
0.19262548923958378	0.1730320427332863
0.1836471825377388	0.1837905117115217
0.1836471825377388	0.16585973008112934
0.19017686013908064	0.16496319099960974
0.16405814973371333	0.17572165997784514
0.1526312139313651	0.159583956510492
0.17793371463656468	0.1828939726300021
0.1542636333317006	0.17930781630392362
0.1746688758358938	0.16496319099960974
0.17874992433673242	0.18468705079304132
0.17793371463656468	0.16317011283657049
0.17793371463656468	0.19544551977127672
0.17630129523622923	0.1828939726300021
0.18527960193807425	0.1828939726300021
0.18772823103857744	0.19096282436367865
0.18283097283757108	0.19275590252671787
0.19017686013908064	0.17572165997784514
0.19017686013908064	0.1981351370158356
0.18854444073874516	0.1828939726300021
0.2073172638426029	0.18737666803760017
0.19425790863991926	0.18110089446696284
0.20813347354277062	0.1981351370158356
0.19589032804025472	0.19723859793431597
0.18119855343723562	0.19903167609735523
0.1836471825377388	0.18558358987456092
0.19344169893975152	0.17930781630392362
0.19997137654109334	0.18737666803760017
0.2016037959414288	0.2079970669125514
0.19344169893975152	0.1828939726300021
0.19425790863991926	0.18199743354848247
0.19017686013908064	0.18558358987456092
0.186095811638242	0.17572165997784514
0.20894968324293836	0.1981351370158356
0.20078758624126108	0.19992821517887482
0.22282524814578974	0.19275590252671787
0.19752274744059017	0.18558358987456092
0.15344742363153285	0.15599780018441356
0.1754850855360615	0.14165317488009965
0.16160952063321013	0.16675626916264893
0.20568484444226745	0.21158322323862985
0.15997710123287467	0.16048049559201163
0.2211928287454543	0.22144515313534566
0.21956040934511883	0.21247976232014948
0.2162955705444479	0.19992821517887482
0.19670653774042246	0.18558358987456092
0.10610726102180464	0.07351620468460869
0.19262548923958378	0.19096282436367865
0.1714040370352229	0.16496319099960974
0.186095811638242	0.19992821517887482
0.186095811638242	0.17213550365176666
0.1167179871239851	0.1443427921246585
0.19425790863991926	0.18916974620063942
0.19507411834008698	0.18737666803760017
0.18854444073874516	0.17123896457024707
0.2016037959414288	0.17482512089632551
0.09141548641878554	0.09055044723348142
0.18854444073874516	0.18110089446696284
0.2334359742479702	0.24385863017333612
0.21384694144394473	0.2366863175211792
0.20976589294310607	0.23130708303206146
0.15834468183253925	0.15689433926593316
0.1844633922379065	0.19275590252671787
0.1754850855360615	0.18916974620063942
0.1722202467353906	0.1694458864072078
0.18527960193807425	0.17123896457024707
0.20894968324293836	0.1981351370158356
0.22527387724629291	0.23758285660269876
0.20078758624126108	0.18558358987456092
0.19344169893975152	0.19723859793431597
0.19589032804025472	0.1694458864072078
0.204052425041932	0.2035143715049533
0.20078758624126108	0.1936524416082375
0.20242000564159654	0.17661819905936474
0.18283097283757108	0.17661819905936474
0.19670653774042246	0.19185936344519827
0.1754850855360615	0.2035143715049533
0.20323621534176425	0.20082475426039445
0.18527960193807425	0.18648012895608054
0.1869120213384097	0.18199743354848247
0.1722202467353906	0.17751473814088436
0.1844633922379065	0.19006628528215905
0.2073172638426029	0.20261783242343367
0.17630129523622923	0.17661819905936474
0.18772823103857744	0.18199743354848247
0.17303645643555834	0.18916974620063942
0.18201476313740333	0.17482512089632551
0.1754850855360615	0.18468705079304132
0.19262548923958378	0.17751473814088436
0.16324194003354559	0.17572165997784514
0.1714040370352229	0.17213550365176666
0.17874992433673242	0.17482512089632551
0.1722202467353906	0.17661819905936474
0.18201476313740333	0.16675626916264893
0.16650677883421652	0.17572165997784514
0.1722202467353906	0.16675626916264893
0.17058782733505515	0.17930781630392362
0.16650677883421652	0.16227357375505086
0.1722202467353906	0.17392858181480592
0.1567122624322038	0.17392858181480592
0.18527960193807425	0.17213550365176666
0.17630129523622923	0.1837905117115217
0.15099879453102966	0.178411277222404
0.1567122624322038	0.17661819905936474
0.17303645643555834	0.16765280824416856
0.18201476313740333	0.17661819905936474
0.16813919823455195	0.17930781630392362
0.15018258483086197	0.14703240936921738
0.15589605273203605	0.15241164385833508
0.15018258483086197	0.16317011283657049
0.1485501654305265	0.16585973008112934
0.14446911692968784	0.14613587028769776
0.15997710123287467	0.159583956510492
0.1567122624322038	0.15241164385833508
0.14610153633002332	0.15779087834745276
0.1746688758358938	0.15689433926593316
0.1371232296281783	0.15330818293985468
0.16405814973371333	0.15151510477681546
0.14283669752935238	0.1694458864072078
0.15589605273203605	0.16227357375505086
0.15099879453102966	0.16137703467353126
0.1518150042311974	0.15330818293985468
0.12896113262650102	0.13089470590186425
0.14610153633002332	0.13717047947250158
0.1403880684288492	0.14613587028769776
0.13140976172700422	0.14165317488009965
0.14528532662985558	0.15779087834745276
0.14283669752935238	0.15241164385833508
0.15589605273203605	0.1497220266137762
0.1395718587286815	0.16317011283657049
0.1542636333317006	0.1542047220213743
0.14283669752935238	0.15689433926593316
0.14936637513069423	0.12999816682034462
0.1371232296281783	0.14882548753225658
0.12324766472532693	0.1380670185540212
0.14446911692968784	0.15330818293985468
0.14773395573035877	0.14254971396161928
0.12651250352599783	0.15510126110289393
0.1167179871239851	0.129101627738825
0.13140976172700422	0.13717047947250158
0.14610153633002332	0.1380670185540212
0.13549081022784285	0.129101627738825
0.12896113262650102	0.13627394039098195
0.1256962938258301	0.13627394039098195
0.11590177742381738	0.13717047947250158
0.13630701992801056	0.1497220266137762
0.1224314550251592	0.12103277600514843
0.12079903562482373	0.1380670185540212
0.14446911692968784	0.13268778406490347
0.13875564902851376	0.14882548753225658
0.1256962938258301	0.15779087834745276
