WT-Tfh	WT-Th1
0.3608823984867663	0.4166887236787634
0.3587498038798189	0.40365937092392534
0.38054965986194794	0.4302192053857106
0.3859996238574802	0.4374855751912934
0.3831561643815503	0.4342282370025839
0.37107146160884835	0.4612892004164783
0.3973734617611997	0.4547745240390593
0.39002785811504753	0.45076549242218605
0.40448211045102433	0.4605375069883146
0.38718439863911763	0.45001379899402233
0.39168654280933995	0.44951267004191314
0.4075625248832817	0.4470070252813673
0.3886061283770825	0.4487609766137494
0.39405609237261485	0.4512666213742952
0.37723229047336304	0.45402283061089554
0.3992691014118196	0.48158492297689914
0.411590759140849	0.46003637803620545
0.3990321464554921	0.4625420227967512
0.4139603087041239	0.4775758913600259
0.41727767809270877	0.46755331231784275
0.44594922780833496	0.48935242173459104
0.43054715564704815	0.4873479059261544
0.4483187773716099	0.5134066114358306
0.4234385069572235	0.5081447574386845
0.43173193042868563	0.5041357258218112
0.42865151599642826	0.4898535506867002
0.4412101286817852	0.5106504021992302
0.44334272328873264	0.505388548202084
0.45116223684753975	0.5304449958075419
0.4620621648386043	0.5414698327539433
0.45139919180386723	0.5301944313314872
0.435286254773598	0.5048874192499749
0.4262819664331534	0.4898535506867002
0.44168403859444016	0.5214246746695771
0.45139919180386723	0.5211741101935224
0.4592187053626744	0.5329506405680876
0.44547531789568	0.5058896771541932
0.43812971424952785	0.5003772586809925
0.46490562431453414	0.510149273247121
0.4473709575462999	0.5111515311513394
0.4634838945765692	0.5402170103736705
0.4658534441398441	0.5399664458976159
0.4544796062361246	0.5522441052242902
0.48125551630113095	0.548235073607417
0.45945566031900187	0.5394653169455067
0.4497405071095748	0.5329506405680876
0.479359876650511	0.5479845091313624
0.458033930581037	0.5234291904780137
0.46964472344108393	0.5344540274244152
0.4852837505586982	0.5407181393257795
0.5082683813224647	0.5597610395059276
0.5099270660167572	0.5930861148211863
0.490022849685248	0.5575059592214363
0.48860111994728306	0.5637700711228009
0.4987901830693651	0.5587587816017092
0.48315115595175084	0.5537474920806176
0.512770525492687	0.5838152292071671
0.4935771740301603	0.5544991855087814
0.4855207055150257	0.5640206355988554
0.5061357867155173	0.5760477304494751
0.4857576604713532	0.5717881343565473
0.5082683813224647	0.5752960370213114
0.5267508679160088	0.5878242608240403
0.5049510119338798	0.5843163581592762
0.5139553002743245	0.5913321634888044
0.5348073364311435	0.6038603872915334
0.5163248498375993	0.5903299055845861
0.49950104793834765	0.5870725673958765
0.5217748138331316	0.6161380466182076
0.5352812463437985	0.6068671610041882
0.5371768859944185	0.6156369176660985
0.5407312103393308	0.6136324018576618
0.5412051202519857	0.6013547425309874
0.5412051202519857	0.6156369176660985
0.5314899670425587	0.607618854432352
0.5395464355576933	0.623654980899845
0.5544745978063251	0.628916834896991
0.5554224176316351	0.6296685283251547
0.5710614447492494	0.6304202217533186
0.5416790301646407	0.6216504650914083
0.5660853906663721	0.6559777983108855
0.5622941113651323	0.6316730441335915
0.537413840950746	0.617641433474535
0.5189313543572017	0.5928355503451318
0.522959588614769	0.5825624068268941
0.47722728204356357	0.5522441052242902
0.4739099126549787	0.5464811222750349
0.48836416499095553	0.5514924117961265
0.458033930581037	0.5169145141005946
0.4490296422405924	0.5114020956273939
0.47983378656316594	0.5216752391456316
0.49642063350609017	0.5462305577989803
0.7172626528033103	0.8080704352760144
0.5530528680683602	0.6359326402265193
0.5997329944648756	0.6359326402265193
0.46680126396515403	0.5096481442950119
0.7333755898335796	0.7960433404253947
0.9447394108777001	1.057131524474265
0.9369198973188929	1.0390908821983356
0.5324377868678686	0.5978468398662233
0.2362440914585069	0.2841401158458916
0.2362440914585069	0.2823861645135095
0.5397833905140208	0.6183931269026988
0.9134613566424715	1.029318867632207
0.969856636248414	1.0511179770489552
0.7580189052916384	0.8231043038392891
0.46727517387780904	0.5114020956273939
0.578644003351729	0.6376865915589013
0.5549485077189801	0.5988490977704417
0.668686886756175	0.7476843965468611
0.4810185613448034	0.5429732196102708
0.47177731804803136	0.538713623517343
0.4326797502539956	0.4873479059261544
0.44879268728426486	0.5088964508668482
0.4705925432663939	0.5239303194301229
0.4461861827646625	0.49511540468384635
0.4722512279606863	0.5261853997146141
0.5120596606237044	0.5762982949255298
0.5274617327849913	0.6073682899562974
0.5303051922609212	0.6026075649112603
0.5634788861467698	0.6181425624266442
0.5414420752083131	0.6143840952858255
0.5499724536361028	0.6409439297476108
0.5596876068455299	0.6374360270828467
0.5724831744872143	0.6339281244180827
0.546181174334863	0.6274134480406637
0.5615832464961498	0.6219010295674628
0.5468920392038454	0.6033592583394242
0.5518680932867228	0.617641433474535
0.5487876788544654	0.623654980899845
0.5352812463437985	0.6183931269026988
0.5201161291388392	0.5913321634888044
0.5314899670425587	0.5928355503451318
0.5272247778286638	0.5858197450156036
0.513718345317997	0.5983479688183325
0.5255660931343714	0.5975962753901688
0.5167987597502544	0.5930861148211863
0.5284095526103013	0.5920838569169682
0.512296615580032	0.5757971659734206
0.5179835345318918	0.5965940174859504
0.5208269940078216	0.5940883727254047
0.5198791741825116	0.5815601489226758
0.5047140569775523	0.5707858764523289
0.4852837505586982	0.5700341830241652
0.4805446514321484	0.5685307961678377
0.48125551630113095	0.545228299894762
0.48457288568971574	0.5417203972299979
0.48172942621378584	0.5642712000749099
0.4758055523055986	0.5444766064665982
0.4935771740301603	0.5550003144608906
0.4727251378733413	0.5256842707625049
0.48457288568971574	0.5577565236974908
0.4632469396202417	0.5264359641906686
0.46229911979493177	0.5337023339962513
0.4651425792708616	0.529192173427269
0.4739099126549787	0.5419709617060524
0.4729620928296688	0.5444766064665982
0.4658534441398441	0.5301944313314872
0.45471656119245213	0.524431448382232
0.4537687413671421	0.5171650785766492
0.4483187773716099	0.5281899155230507
0.44476445302669754	0.508395321914739
0.4480818224152824	0.5046368547739204
0.4497405071095748	0.5186684654329767
0.46537953422718914	0.5139077403879397
0.4431057683324051	0.5046368547739204
0.4426318584197501	0.5199212878132496
0.4476079125026274	0.5181673364808675
0.43173193042868563	0.49912443630071957
0.42438632678253346	0.4805826650726808
0.4414470836381127	0.5058896771541932
0.4272297862584633	0.46755331231784275
0.4388405791185103	0.4790792782163533
0.42438632678253346	0.4986233073486105
0.42201677721925857	0.49185806649513686
0.4139603087041239	0.48559395459377236
0.44097317372545775	0.49536596915990094
0.423201552000896	0.47481968212342557
0.4092212095775742	0.46880613469811566
0.399979966280802	0.4485104121376949
0.40542993027633434	0.47131177945866143
0.41087989427186655	0.4685555702220611
0.40685166001429923	0.4685555702220611
0.4127755339224865	0.45076549242218605
0.3881322184644276	0.44349912261660324
0.38955394820239253	0.4617903293685875
0.40851034470859166	0.45702960432355044
0.40187560593142196	0.4617903293685875
0.3945300022852698	0.4347293659546931
0.3720192814341583	0.42170001319985495
0.38908003828973753	0.4535217016587864
0.36941277691455593	0.4156864657745451
0.38363007429420526	0.4399912199518392
0.39476695724159727	0.4622914583206966
0.4059038401889893	0.43949009099973
0.37818011029867304	0.4332259790983656
0.368938867001901	0.4237045290082916
0.36396281291902366	0.41293025653794474
0.3833931193378778	0.42195057767590954
0.368464957089246	0.4111763052055627
