WT	KO
0.678153167271245	0.6136832279454691
0.8719112150630293	0.7609672026523817
0.678153167271245	0.5645885697098317
0.48439511947946073	0.638230557063288
0.43595560753151463	0.5154939114741941
0.7750321911671371	0.638230557063288
0.5812741433753529	0.638230557063288
0.8234717031150831	0.5154939114741941
0.7750321911671371	0.5891358988276504
0.6297136553232989	0.5645885697098317
0.7750321911671371	0.7609672026523817
0.38751609558356853	0.6873252152989255
0.9203507270109753	0.8100618608880193
1.0172297509068675	0.834609190005838
0.678153167271245	0.7364198735345631
0.9203507270109753	0.9327985064771132
1.0656692628548134	0.8591565191236569
0.8719112150630293	0.7855145317702006
0.29063707168767644	0.5891358988276504
0.6297136553232989	0.8100618608880193
0.9203507270109753	1.1782717976553008
1.0172297509068675	0.834609190005838
0.7750321911671371	0.834609190005838
1.0656692628548134	0.8591565191236569
0.5812741433753529	0.6136832279454691
0.9203507270109753	0.6627778861811067
0.678153167271245	0.9327985064771132
0.5812741433753529	0.7364198735345631
1.0172297509068675	0.8591565191236569
0.8234717031150831	0.9327985064771132
0.8234717031150831	0.7609672026523817
0.8719112150630293	0.7855145317702006
0.6297136553232989	0.5891358988276504
0.7265926792191911	1.055535152066207
0.9203507270109753	0.9082511773592945
0.8234717031150831	0.9082511773592945
0.5812741433753529	0.834609190005838
0.38751609558356853	0.5154939114741941
0.7265926792191911	0.5891358988276504
0.7750321911671371	0.638230557063288
0.7265926792191911	0.7364198735345631
0.6297136553232989	0.8100618608880193
0.9203507270109753	0.7855145317702006
1.1141087748027596	0.6627778861811067
1.1625482867507058	0.9327985064771132
0.9687902389589215	0.9082511773592945
0.7265926792191911	0.834609190005838
0.9203507270109753	0.6873252152989255
0.8234717031150831	0.834609190005838
0.8719112150630293	0.8837038482414756
0.9203507270109753	0.8837038482414756
0.8719112150630293	0.6873252152989255
0.5328346314274067	0.6627778861811067
0.8234717031150831	0.9818931647127508
0.7265926792191911	0.7609672026523817
1.1141087748027596	0.9327985064771132
0.6297136553232989	0.9082511773592945
0.7750321911671371	0.638230557063288
1.0172297509068675	1.0309878229483882
1.2109877986986517	0.9327985064771132
1.0172297509068675	1.0800824811840257
0.5812741433753529	0.6627778861811067
0.7265926792191911	0.6627778861811067
0.6297136553232989	0.7855145317702006
0.7750321911671371	0.9573458355949319
1.0656692628548134	0.8591565191236569
0.5812741433753529	0.638230557063288
0.9203507270109753	0.8591565191236569
0.8719112150630293	0.8100618608880193
1.0172297509068675	0.834609190005838
0.9687902389589215	1.0309878229483882
0.8234717031150831	0.6136832279454691
1.0172297509068675	0.9327985064771132
0.5812741433753529	0.6136832279454691
0.7750321911671371	0.638230557063288
0.7750321911671371	0.834609190005838
0.6297136553232989	0.6627778861811067
0.9687902389589215	0.8100618608880193
0.5328346314274067	0.6873252152989255
0.9203507270109753	0.5154939114741941
1.2594273106465979	0.7364198735345631
0.7265926792191911	0.7609672026523817
1.0656692628548134	0.8591565191236569
1.0172297509068675	1.0064404938305695
0.678153167271245	0.7609672026523817
0.7265926792191911	0.8100618608880193
0.9203507270109753	0.9818931647127508
0.7750321911671371	0.8100618608880193
0.7265926792191911	0.8837038482414756
0.8234717031150831	0.7609672026523817
0.48439511947946073	0.5891358988276504
0.8234717031150831	0.7855145317702006
0.7750321911671371	0.7364198735345631
0.678153167271245	0.5891358988276504
0.38751609558356853	0.6136832279454691
0.8719112150630293	0.5891358988276504
0.48439511947946073	0.638230557063288
1.1141087748027596	0.9327985064771132
0.9203507270109753	0.8100618608880193
0.9203507270109753	0.9818931647127508
1.1625482867507058	0.8837038482414756
1.0172297509068675	0.7118725444167443
0.678153167271245	0.7609672026523817
0.5328346314274067	0.5891358988276504
0.678153167271245	0.7855145317702006
0.8719112150630293	0.6136832279454691
0.6297136553232989	0.7118725444167443
0.8719112150630293	0.8837038482414756
1.0172297509068675	0.8100618608880193
0.678153167271245	0.6873252152989255
0.7265926792191911	0.8100618608880193
0.7750321911671371	0.7118725444167443
0.48439511947946073	0.6136832279454691
0.8234717031150831	0.8591565191236569
0.43595560753151463	0.834609190005838
0.7750321911671371	0.9818931647127508
1.2594273106465979	1.055535152066207
1.2594273106465979	0.9573458355949319
1.1625482867507058	0.8837038482414756
0.5812741433753529	0.7118725444167443
0.6297136553232989	0.7609672026523817
0.9687902389589215	0.8837038482414756
0.9203507270109753	0.7364198735345631
0.9203507270109753	0.834609190005838
0.48439511947946073	0.6627778861811067
0.8719112150630293	0.5400412405920129
1.404745846490436	1.0064404938305695
0.9687902389589215	0.7364198735345631
0.7750321911671371	0.7364198735345631
0.7265926792191911	0.7855145317702006
0.7265926792191911	0.834609190005838
1.2109877986986517	0.8591565191236569
1.2109877986986517	0.8100618608880193
0.7265926792191911	0.638230557063288
0.5328346314274067	0.6136832279454691
0.6297136553232989	0.6627778861811067
0.43595560753151463	0.6136832279454691
0.9687902389589215	0.6136832279454691
1.0172297509068675	0.7609672026523817
0.7265926792191911	0.6136832279454691
1.0656692628548134	0.9082511773592945
0.678153167271245	0.5891358988276504
0.678153167271245	0.6627778861811067
0.9687902389589215	0.8100618608880193
0.5812741433753529	0.8591565191236569
0.8234717031150831	0.834609190005838
0.5812741433753529	0.638230557063288
0.7265926792191911	0.7855145317702006
1.1141087748027596	0.7118725444167443
0.5328346314274067	0.7118725444167443
0.6297136553232989	0.638230557063288
0.43595560753151463	0.5154939114741941
0.5328346314274067	0.7364198735345631
0.8234717031150831	0.7855145317702006
0.6297136553232989	0.6873252152989255
0.38751609558356853	0.638230557063288
0.678153167271245	0.5400412405920129
0.6297136553232989	0.5891358988276504
0.29063707168767644	0.319115278531644
0.43595560753151463	0.5154939114741941
0.7265926792191911	0.6627778861811067
0.29063707168767644	0.5154939114741941
0.678153167271245	0.4909465823563754
0.678153167271245	0.638230557063288
0.7750321911671371	0.7609672026523817
0.8719112150630293	0.834609190005838
0.38751609558356853	0.4663992532385566
0.8234717031150831	0.7118725444167443
0.38751609558356853	0.2945679494138252
0.6297136553232989	0.5400412405920129
0.5812741433753529	0.6873252152989255
0.43595560753151463	0.2945679494138252
0.5328346314274067	0.4909465823563754
0.8719112150630293	0.5891358988276504
0.7265926792191911	0.5891358988276504
0.29063707168767644	0.5891358988276504
0.43595560753151463	0.4909465823563754
0.24219755973973037	0.2945679494138252
0.5328346314274067	0.36820993676728153
0.43595560753151463	0.3927572658851003
0.6297136553232989	0.7118725444167443
0.09687902389589213	0.5645885697098317
0.19375804779178427	0.12273664558909385
0.5328346314274067	0.5645885697098317
0.38751609558356853	0.5891358988276504
0.6297136553232989	0.3927572658851003
0.6297136553232989	0.4418519241207378
0.3390765836356225	0.417304595002919
0.3390765836356225	0.417304595002919
0.48439511947946073	0.417304595002919
0.678153167271245	0.7364198735345631
0.43595560753151463	0.7855145317702006
0.24219755973973037	0.417304595002919
0.43595560753151463	0.36820993676728153
0.29063707168767644	0.638230557063288
0.24219755973973037	0.319115278531644
0.3390765836356225	0.4418519241207378
0.3390765836356225	0.5645885697098317
0.14531853584383822	0.4418519241207378
0.19375804779178427	0.36820993676728153
