WT	KO
0.5638768538729215	0.5113450671162529
0.553984277489186	0.5564637495088635
0.39570305534941863	0.4612131977911301
0.38581047896568316	0.43614726312856866
0.5341991247217152	0.5113450671162529
0.4352733608843604	0.5063318801837406
0.6430174649428052	0.5715033103064003
0.44516593726809595	0.5163582540487652
0.3165624442795349	0.49630550631871606
0.3759179025819476	0.41609451539851955
0.6331248885590698	0.3810022068709335
0.5341991247217152	0.6116088057664986
0.6628026177102762	0.6266483665640354
0.6726951940940116	0.6316615534965477
0.6529100413265407	0.5163582540487652
0.4748436664193023	0.4461736369935933
0.5836620066403925	0.5364110017788143
0.4847362428030378	0.5063318801837406
0.553984277489186	0.6316615534965477
0.4847362428030378	0.5464373756438389
0.5243065483379796	0.46622638472364236
0.5836620066403925	0.5213714409812775
0.6034471594078633	0.5414241887113266
0.6232323121753344	0.5765164972389126
0.6628026177102762	0.5815296841714249
0.5341991247217152	0.5965692449689617
0.553984277489186	0.5564637495088635
0.7518358051638953	0.6467011142940846
0.5638768538729215	0.7018461705517197
0.7716209579313663	0.7118725444167443
0.5638768538729215	0.49129231938620377
0.5440917011054506	0.5765164972389126
0.7122654996289535	0.6968329836192074
0.5638768538729215	0.6065956188339863
0.6034471594078633	0.6216351796315231
0.5440917011054506	0.5213714409812775
0.5341991247217152	0.5715033103064003
0.6331248885590698	0.6065956188339863
0.830976416233779	0.6968329836192074
0.830976416233779	0.7319252921467934
0.8606541453849854	0.7569912268093547
0.8705467217687208	0.7820571614719163
0.830976416233779	0.6918197966866951
0.6924803468614825	0.6968329836192074
0.5935545830241279	0.6567274881591092
0.5440917011054506	0.5013186932512284
0.7221580760126889	0.6116088057664986
0.6924803468614825	0.6065956188339863
0.7617283815476309	0.6467011142940846
0.7914061106988373	0.7920835353369409
0.7122654996289535	0.6918197966866951
0.8606541453849854	0.7269121052142811
0.8408689926175145	0.741951666011818
0.8606541453849854	0.6817934228216705
0.7617283815476309	0.7218989182817688
0.702372923245218	0.6767802358891583
0.553984277489186	0.5263846279137898
0.5638768538729215	0.741951666011818
0.7716209579313663	0.6918197966866951
0.7617283815476309	0.7569912268093547
0.7320506523964244	0.7720307876068917
0.7617283815476309	0.6617406750916214
0.7518358051638953	0.6817934228216705
0.7221580760126889	0.671767048956646
0.999150214757282	0.8722945262571373
0.8210838398500436	0.7218989182817688
0.7320506523964244	0.6817934228216705
0.6628026177102762	0.7018461705517197
0.7617283815476309	0.7269121052142811
0.830976416233779	0.777043974539404
0.9299021800711337	0.7670176006743793
0.7617283815476309	0.7118725444167443
0.7221580760126889	0.7018461705517197
0.7716209579313663	0.671767048956646
0.7617283815476309	0.7519780398768425
0.7716209579313663	0.7118725444167443
0.7914061106988373	0.8121362830669899
0.9200096036873983	0.8071230961344776
0.8705467217687208	0.8021099092019655
0.8210838398500436	0.8472285915945759
0.830976416233779	0.6968329836192074
0.7122654996289535	0.7469648529443302
0.8705467217687208	0.8221626569320145
0.6924803468614825	0.7168857313492566
0.8705467217687208	0.762004413741867
0.7320506523964244	0.6868066097541828
0.5440917011054506	0.5313978148463021
0.8606541453849854	0.706859357484232
0.85076156900125	0.8071230961344776
1.1376462841295785	0.8372022177295514
0.7914061106988373	0.7319252921467934
0.5737694302566569	0.5364110017788143
0.6726951940940116	0.6667538620241337
0.9397947564548692	0.8472285915945759
1.1772165896645204	1.09788793822019
1.127753707745843	0.9575187041098462
0.7518358051638953	0.6567274881591092
0.8210838398500436	0.5915560580364495
0.6825877704777471	0.6918197966866951
0.9101170273036628	0.8071230961344776
0.9892576383735464	0.9274395825147725
1.107968554978372	0.9525055171773339
0.8408689926175145	0.7970967222694532
0.6628026177102762	0.6416879273615723
0.6034471594078633	0.5965692449689617
0.9101170273036628	0.8372022177295514
1.018935367524753	1.0126637603674813
1.0387205202922238	0.9675450779748707
0.9397947564548692	0.8221626569320145
0.5836620066403925	0.601582431901474
0.8606541453849854	0.7670176006743793
0.7617283815476309	0.706859357484232
0.7518358051638953	0.6567274881591092
0.830976416233779	0.706859357484232
0.7221580760126889	0.6517143012265969
0.5638768538729215	0.6216351796315231
0.4946288191867732	0.5564637495088635
0.8012986870825727	0.6166219926990109
0.8012986870825727	0.7018461705517197
0.7716209579313663	0.777043974539404
0.8705467217687208	0.7369384790793057
0.8804392981524565	0.8071230961344776
0.8705467217687208	0.7168857313492566
0.9496873328386046	0.762004413741867
0.9892576383735464	0.7670176006743793
0.95957990922234	0.7920835353369409
0.8012986870825727	0.6517143012265969
0.702372923245218	0.7269121052142811
0.9397947564548692	0.7720307876068917
0.6628026177102762	0.7369384790793057
0.830976416233779	0.8221626569320145
0.9200096036873983	0.7218989182817688
0.6331248885590698	0.7118725444167443
0.8210838398500436	0.8071230961344776
0.9299021800711337	0.7720307876068917
0.9101170273036628	0.8522417785270882
0.9200096036873983	0.6918197966866951
0.9200096036873983	0.7670176006743793
0.7122654996289535	0.777043974539404
0.7815135343151018	0.7218989182817688
0.8111912634663081	0.8071230961344776
0.7221580760126889	0.7168857313492566
0.8210838398500436	0.7870703484044286
0.7617283815476309	0.6817934228216705
0.6331248885590698	0.7018461705517197
0.6133397357915988	0.6667538620241337
0.6924803468614825	0.6416879273615723
0.8210838398500436	0.7519780398768425
0.8606541453849854	0.7820571614719163
0.5737694302566569	0.6517143012265969
0.6924803468614825	0.6416879273615723
0.702372923245218	0.566490123373888
0.6529100413265407	0.5915560580364495
0.6430174649428052	0.601582431901474
0.7320506523964244	0.6667538620241337
0.7617283815476309	0.5965692449689617
0.7815135343151018	0.6667538620241337
0.6430174649428052	0.6918197966866951
0.6232323121753344	0.5815296841714249
0.6331248885590698	0.6517143012265969
0.6529100413265407	0.5564637495088635
0.6628026177102762	0.6467011142940846
0.6628026177102762	0.6567274881591092
0.7320506523964244	0.6416879273615723
0.6034471594078633	0.6216351796315231
0.702372923245218	0.63667474042906
0.7518358051638953	0.63667474042906
0.6529100413265407	0.6617406750916214
0.6628026177102762	0.6617406750916214
0.6430174649428052	0.6416879273615723
0.6430174649428052	0.7218989182817688
0.6628026177102762	0.6767802358891583
0.6430174649428052	0.6065956188339863
0.5243065483379796	0.5614769364413758
0.6232323121753344	0.6116088057664986
0.5144139719542442	0.5163582540487652
0.553984277489186	0.6166219926990109
0.7518358051638953	0.6767802358891583
0.6726951940940116	0.6767802358891583
0.6825877704777471	0.5765164972389126
0.4847362428030378	0.63667474042906
0.5638768538729215	0.5965692449689617
0.6430174649428052	0.63667474042906
0.6331248885590698	0.7369384790793057
0.6825877704777471	0.6266483665640354
0.7716209579313663	0.6567274881591092
0.6034471594078633	0.6567274881591092
0.44516593726809595	0.6416879273615723
0.4748436664193023	0.5815296841714249
0.4550585136518314	0.5213714409812775
0.6133397357915988	0.5564637495088635
0.6232323121753344	0.671767048956646
0.6331248885590698	0.7168857313492566
0.7122654996289535	0.6416879273615723
0.4946288191867732	0.5013186932512284
0.5341991247217152	0.47123957165615465
0.5144139719542442	0.5213714409812775
0.4946288191867732	0.5765164972389126
0.5638768538729215	0.5965692449689617
0.5144139719542442	0.49630550631871606
