WT	KO
0.9657627694621748	0.4449203402604652
0.6145763078395657	0.35593627220837215
0.8779661540565226	0.4894123742865117
0.4389830770282613	0.5783964423386048
0.702372923245218	0.4894123742865117
0.5267796924339135	0.9788247485730234
0.1755932308113045	0.35593627220837215
0.1755932308113045	0.31144423818232564
0.5267796924339135	0.31144423818232564
0.4389830770282613	0.5783964423386048
0.4389830770282613	0.8453486464948838
0.4389830770282613	0.4449203402604652
0.5267796924339135	0.5339044083125583
0.5267796924339135	0.31144423818232564
0.5267796924339135	0.31144423818232564
0.702372923245218	0.4894123742865117
0.26338984621695677	0.4449203402604652
0.26338984621695677	0.31144423818232564
0.26338984621695677	0.2224601701302326
0.26338984621695677	0.4449203402604652
0.5267796924339135	0.6228884763646513
0.5267796924339135	0.6673805103906978
0.4389830770282613	0.6228884763646513
0.08779661540565226	0.40042830623441866
0.1755932308113045	0.6673805103906978
0.351186461622609	0.40042830623441866
0.351186461622609	0.6673805103906978
0.4389830770282613	0.40042830623441866
0.4389830770282613	0.4449203402604652
0.6145763078395657	0.5783964423386048
1.404745846490436	1.0678088166251165
1.5803390773017405	1.1567928846772095
0.7901695386508703	0.8898406805209303
0.26338984621695677	0.7118725444167443
0.1755932308113045	0.6228884763646513
0.702372923245218	0.6673805103906978
0.4389830770282613	0.5339044083125583
1.1413560002734793	0.6228884763646513
1.1413560002734793	0.9788247485730234
0.4389830770282613	0.8453486464948838
0.9657627694621748	0.8453486464948838
0.8779661540565226	0.7563645784427908
0.702372923245218	0.8453486464948838
1.2291526156791315	0.5339044083125583
0.6145763078395657	0.5783964423386048
1.2291526156791315	0.7563645784427908
0.8779661540565226	0.8898406805209303
0.8779661540565226	0.4894123742865117
0.5267796924339135	0.6673805103906978
0.6145763078395657	0.8898406805209303
0.702372923245218	0.5783964423386048
0.8779661540565226	1.0233167825990699
0.5267796924339135	1.1567928846772095
0.702372923245218	0.6228884763646513
0.351186461622609	0.6673805103906978
0.7901695386508703	0.5783964423386048
0.8779661540565226	0.5783964423386048
0.7901695386508703	0.8008566124688373
0.5267796924339135	0.6673805103906978
1.053559384867827	1.0678088166251165
0.4389830770282613	0.7563645784427908
0.9657627694621748	0.8008566124688373
0.8779661540565226	0.8898406805209303
0.702372923245218	0.7563645784427908
0.5267796924339135	0.6673805103906978
0.7901695386508703	0.5339044083125583
0.6145763078395657	0.9343327145469769
1.1413560002734793	1.0678088166251165
0.7901695386508703	0.7118725444167443
0.702372923245218	0.7563645784427908
0.6145763078395657	1.0233167825990699
0.5267796924339135	0.7118725444167443
0.5267796924339135	0.7118725444167443
0.351186461622609	0.5339044083125583
0.5267796924339135	0.7563645784427908
0.4389830770282613	0.4449203402604652
0.351186461622609	0.7118725444167443
1.3169492310847837	1.1567928846772095
1.404745846490436	1.0233167825990699
0.7901695386508703	0.4894123742865117
1.2291526156791315	0.8008566124688373
0.5267796924339135	0.40042830623441866
0.4389830770282613	0.31144423818232564
0.1755932308113045	0.40042830623441866
0.351186461622609	0.6228884763646513
1.2291526156791315	1.112300850651163
0.8779661540565226	0.6673805103906978
0.5267796924339135	0.5339044083125583
0.26338984621695677	0.31144423818232564
0.4389830770282613	0.4449203402604652
0.4389830770282613	0.6228884763646513
1.1413560002734793	0.9788247485730234
0.7901695386508703	0.6673805103906978
0.26338984621695677	0.40042830623441866
0.351186461622609	0.2669522041562791
0.5267796924339135	0.7118725444167443
1.1413560002734793	0.8898406805209303
0.8779661540565226	0.6228884763646513
0.6145763078395657	0.7118725444167443
0.26338984621695677	0.35593627220837215
0.08779661540565226	0.2224601701302326
0.702372923245218	0.6673805103906978
0.7901695386508703	0.8008566124688373
0.9657627694621748	0.7118725444167443
0.26338984621695677	0.5339044083125583
0.351186461622609	0.6228884763646513
0.1755932308113045	0.4894123742865117
0.702372923245218	0.5339044083125583
0.7901695386508703	0.7563645784427908
0.9657627694621748	0.6673805103906978
0.7901695386508703	0.31144423818232564
0.26338984621695677	0.6228884763646513
0.26338984621695677	0.4894123742865117
0.4389830770282613	0.6673805103906978
0.5267796924339135	0.4449203402604652
0.0	0.2224601701302326
0.351186461622609	0.4449203402604652
0.6145763078395657	0.6673805103906978
0.5267796924339135	0.8898406805209303
1.2291526156791315	0.7563645784427908
0.8779661540565226	0.5339044083125583
0.4389830770282613	0.4894123742865117
1.1413560002734793	0.7118725444167443
0.5267796924339135	0.4894123742865117
0.4389830770282613	0.6673805103906978
0.702372923245218	0.40042830623441866
0.5267796924339135	0.4894123742865117
0.702372923245218	0.8453486464948838
0.351186461622609	0.31144423818232564
0.6145763078395657	0.4449203402604652
0.702372923245218	0.6673805103906978
0.7901695386508703	0.5339044083125583
1.053559384867827	0.5783964423386048
0.5267796924339135	0.6228884763646513
0.6145763078395657	0.6228884763646513
0.9657627694621748	0.6228884763646513
0.4389830770282613	0.4894123742865117
0.351186461622609	0.5339044083125583
0.6145763078395657	0.35593627220837215
0.702372923245218	0.4894123742865117
0.702372923245218	0.4449203402604652
0.26338984621695677	0.2669522041562791
0.4389830770282613	0.31144423818232564
0.351186461622609	0.17796813610418608
0.702372923245218	0.7118725444167443
1.4925424618960883	1.1567928846772095
0.5267796924339135	0.9343327145469769
0.1755932308113045	0.6228884763646513
0.5267796924339135	0.5783964423386048
0.08779661540565226	0.40042830623441866
0.8779661540565226	0.5783964423386048
0.6145763078395657	0.6673805103906978
0.351186461622609	0.4449203402604652
0.702372923245218	0.5783964423386048
0.4389830770282613	0.4449203402604652
0.7901695386508703	0.6673805103906978
1.053559384867827	0.7118725444167443
0.6145763078395657	0.40042830623441866
1.404745846490436	0.8898406805209303
0.702372923245218	0.7118725444167443
0.4389830770282613	0.6673805103906978
0.702372923245218	0.5783964423386048
0.702372923245218	0.4894123742865117
0.6145763078395657	0.7563645784427908
1.1413560002734793	0.5783964423386048
0.4389830770282613	0.5783964423386048
0.5267796924339135	0.4449203402604652
0.6145763078395657	0.35593627220837215
1.1413560002734793	0.8453486464948838
0.702372923245218	0.5339044083125583
1.053559384867827	0.9788247485730234
0.702372923245218	0.5339044083125583
1.053559384867827	0.6228884763646513
0.4389830770282613	0.8453486464948838
0.702372923245218	0.6673805103906978
0.7901695386508703	0.8008566124688373
0.5267796924339135	0.5783964423386048
0.6145763078395657	0.8008566124688373
0.702372923245218	0.6673805103906978
1.053559384867827	0.8008566124688373
0.5267796924339135	0.6673805103906978
0.9657627694621748	0.5339044083125583
0.1755932308113045	0.5783964423386048
0.351186461622609	0.4449203402604652
0.8779661540565226	0.7118725444167443
0.351186461622609	0.08898406805209304
0.702372923245218	0.40042830623441866
0.26338984621695677	0.5339044083125583
0.5267796924339135	0.31144423818232564
0.9657627694621748	0.6673805103906978
0.351186461622609	0.4449203402604652
0.351186461622609	0.35593627220837215
0.1755932308113045	0.35593627220837215
0.351186461622609	0.2669522041562791
0.702372923245218	0.40042830623441866
0.7901695386508703	0.4449203402604652
0.6145763078395657	0.35593627220837215
0.26338984621695677	0.31144423818232564
0.1755932308113045	0.13347610207813956
0.5267796924339135	0.5339044083125583
