WT	KO
0.5226961289266738	0.5297656144496702
0.5226961289266738	0.3807690353857004
0.2613480644633369	0.48010008809501353
0.3920220966950054	0.4635449126434614
0.4573591128108397	0.6125414917074311
0.6533701611583423	0.5132104389981179
0.6533701611583423	0.6290966671589833
0.32668508057917117	0.48010008809501353
0.29401657252125407	0.5463207899012223
0.4900276208687568	0.48010008809501353
0.4246906047529225	0.5628759653527745
0.5226961289266738	0.4966552635465658
0.5553646369845909	0.5132104389981179
0.6207016531004252	0.695317368965192
0.6207016531004252	0.6456518426105354
0.7513756853320936	0.6290966671589833
0.4246906047529225	0.41387938628880483
0.3920220966950054	0.4635449126434614
0.4573591128108397	0.430434561740357
0.5553646369845909	0.4469897371919092
0.5553646369845909	0.5297656144496702
0.5880331450425081	0.6290966671589833
0.6207016531004252	0.6290966671589833
0.849381209505845	0.7449828953198487
0.3920220966950054	0.5628759653527745
0.4900276208687568	0.6787621935136399
0.6860386692162594	0.6125414917074311
0.5226961289266738	0.7118725444167443
0.5226961289266738	0.7284277198682965
0.4900276208687568	0.5463207899012223
0.7513756853320936	0.6787621935136399
0.9800552417375136	0.7946484216745052
0.8820497175637622	0.7615380707714008
0.6860386692162594	0.7284277198682965
0.4900276208687568	0.5794311408043268
0.6533701611583423	0.6787621935136399
0.9800552417375136	0.7449828953198487
0.9147182256216794	0.8277587725776097
0.9147182256216794	0.6787621935136399
0.8820497175637622	0.9270898252869229
0.9147182256216794	0.8277587725776097
0.9800552417375136	0.8112035971260575
0.7840441933900107	0.695317368965192
0.816712701447928	0.7946484216745052
0.7513756853320936	0.6787621935136399
0.8820497175637622	0.8939794743838184
1.2740718142587675	0.860869123480714
0.9800552417375136	0.6290966671589833
0.8820497175637622	0.5463207899012223
0.6533701611583423	0.6622070180620877
0.7513756853320936	0.778093246222953
1.0453922578533477	0.7946484216745052
0.9800552417375136	0.9767553516415793
0.6860386692162594	0.8443139480291619
0.7513756853320936	0.7449828953198487
0.5226961289266738	0.595986316255879
0.849381209505845	0.8774242989322661
0.8820497175637622	0.7449828953198487
0.6533701611583423	0.6622070180620877
0.4573591128108397	0.6290966671589833
0.9473867336795964	0.5132104389981179
0.6860386692162594	0.7118725444167443
0.7187071772741767	0.7118725444167443
0.9147182256216794	0.8277587725776097
0.7187071772741767	0.7118725444167443
0.7840441933900107	0.5297656144496702
0.7513756853320936	0.6622070180620877
0.7513756853320936	0.6622070180620877
0.9800552417375136	0.6622070180620877
0.9147182256216794	0.7118725444167443
0.849381209505845	0.7118725444167443
0.7840441933900107	0.8443139480291619
0.6860386692162594	0.5463207899012223
0.5553646369845909	0.5628759653527745
0.7840441933900107	0.6787621935136399
0.7513756853320936	0.8443139480291619
0.9800552417375136	0.7284277198682965
0.6533701611583423	0.695317368965192
0.9473867336795964	0.8774242989322661
1.2740718142587675	0.7946484216745052
0.9147182256216794	0.778093246222953
0.8820497175637622	0.8939794743838184
0.9473867336795964	0.7946484216745052
1.0780607659112649	0.695317368965192
0.6533701611583423	0.7284277198682965
0.5226961289266738	0.4966552635465658
0.849381209505845	0.595986316255879
0.7187071772741767	0.778093246222953
0.6533701611583423	0.9105346498353706
0.849381209505845	0.6290966671589833
0.6207016531004252	0.6290966671589833
1.0453922578533477	0.7118725444167443
1.2740718142587675	0.8939794743838184
0.9800552417375136	0.8774242989322661
1.2087347981429333	0.8443139480291619
0.6533701611583423	0.6290966671589833
0.9800552417375136	0.6787621935136399
1.2087347981429333	1.0595312288993404
0.816712701447928	0.8112035971260575
0.5880331450425081	0.4966552635465658
0.5226961289266738	0.430434561740357
0.3920220966950054	0.430434561740357
0.816712701447928	0.8774242989322661
0.9473867336795964	0.8443139480291619
0.7840441933900107	0.6622070180620877
0.5553646369845909	0.3807690353857004
0.7187071772741767	0.778093246222953
0.816712701447928	0.8939794743838184
0.9800552417375136	0.778093246222953
0.8820497175637622	0.860869123480714
0.7187071772741767	0.5628759653527745
0.6860386692162594	0.3807690353857004
0.5553646369845909	0.5628759653527745
0.3920220966950054	0.5794311408043268
0.35935358863708833	0.4469897371919092
0.6207016531004252	0.595986316255879
0.6860386692162594	0.6290966671589833
0.7513756853320936	0.7946484216745052
0.9800552417375136	0.6787621935136399
0.9473867336795964	0.7449828953198487
1.2087347981429333	1.0264208779962358
0.7513756853320936	0.7615380707714008
0.9800552417375136	0.8112035971260575
1.404745846490436	0.6622070180620877
1.0453922578533477	0.8277587725776097
0.9800552417375136	0.695317368965192
1.0127237497954305	0.6622070180620877
0.6860386692162594	0.5297656144496702
0.7840441933900107	0.8277587725776097
1.1107292739691819	0.8774242989322661
1.0453922578533477	0.8112035971260575
0.6860386692162594	0.8112035971260575
0.4900276208687568	0.5628759653527745
0.5553646369845909	0.5463207899012223
0.9473867336795964	0.6787621935136399
0.7840441933900107	0.695317368965192
0.5226961289266738	0.6622070180620877
0.5880331450425081	0.6125414917074311
0.8820497175637622	0.5463207899012223
0.7513756853320936	0.6456518426105354
0.849381209505845	0.7118725444167443
0.6860386692162594	0.695317368965192
0.849381209505845	0.6622070180620877
0.6533701611583423	0.595986316255879
0.6533701611583423	0.6456518426105354
0.6860386692162594	0.695317368965192
0.7840441933900107	0.6787621935136399
0.5226961289266738	0.7615380707714008
0.816712701447928	0.9933105270931316
0.849381209505845	0.860869123480714
0.816712701447928	0.6125414917074311
0.7840441933900107	0.6787621935136399
1.0453922578533477	0.7284277198682965
0.6860386692162594	0.695317368965192
0.8820497175637622	0.9270898252869229
0.4900276208687568	0.3807690353857004
0.7513756853320936	0.6456518426105354
0.6533701611583423	0.5628759653527745
0.5226961289266738	0.5628759653527745
1.0780607659112649	0.778093246222953
0.7840441933900107	0.695317368965192
0.7513756853320936	0.6787621935136399
0.5553646369845909	0.595986316255879
0.7187071772741767	0.595986316255879
0.7187071772741767	0.6787621935136399
0.7187071772741767	0.5794311408043268
0.7187071772741767	0.6290966671589833
0.7187071772741767	0.5794311408043268
0.7840441933900107	0.7615380707714008
0.7187071772741767	0.8443139480291619
0.9147182256216794	0.6125414917074311
0.7187071772741767	0.5132104389981179
0.5880331450425081	0.695317368965192
0.7513756853320936	0.595986316255879
0.6533701611583423	0.595986316255879
0.4900276208687568	0.48010008809501353
0.5880331450425081	0.5463207899012223
0.6860386692162594	0.5794311408043268
0.7513756853320936	0.6125414917074311
0.8820497175637622	0.5628759653527745
1.0127237497954305	0.7118725444167443
0.6860386692162594	0.7284277198682965
0.849381209505845	0.595986316255879
0.6860386692162594	0.778093246222953
0.6860386692162594	0.5297656144496702
0.4900276208687568	0.5463207899012223
0.5880331450425081	0.5132104389981179
0.6207016531004252	0.5297656144496702
0.29401657252125407	0.41387938628880483
0.4573591128108397	0.3973242108372526
0.5880331450425081	0.6622070180620877
0.5880331450425081	0.7118725444167443
0.5226961289266738	0.41387938628880483
0.2613480644633369	0.36421385993414823
0.5553646369845909	0.48010008809501353
0.7187071772741767	0.4966552635465658
0.5553646369845909	0.6290966671589833
0.3920220966950054	0.4966552635465658
0.4246906047529225	0.347658684482596
0.32668508057917117	0.430434561740357
