WT	KO
0.5016949451751558	0.5339044083125583
0.7525424177627336	0.7372965638601995
0.6522034287277024	0.5593284277560133
0.5518644396926713	0.6101764666429236
0.40135595614012454	0.4322083305387376
0.702372923245218	0.7372965638601995
0.5518644396926713	0.6864485249732891
1.053559384867827	0.45763234998219277
0.702372923245218	0.45763234998219277
0.5016949451751558	0.5339044083125583
0.5518644396926713	0.7118725444167443
0.2508474725875779	0.5847524471994685
0.9030509013152804	0.6864485249732891
0.9532203958327959	0.8135686221905648
0.6522034287277024	0.7881446027471097
0.8027119122802491	0.9915367582947509
0.8027119122802491	0.7372965638601995
0.8027119122802491	0.7372965638601995
0.3010169671050934	0.4067843110952824
0.5518644396926713	0.7118725444167443
1.1037288793853426	1.1949289138423922
0.8528814067977647	0.8898406805209303
0.9030509013152804	0.8135686221905648
0.8027119122802491	0.7627205833036546
0.702372923245218	0.5084803888691031
0.6020339342101868	0.6101764666429236
0.8027119122802491	0.9661127388512959
0.5518644396926713	0.6864485249732891
0.6522034287277024	0.8644166610774752
0.6522034287277024	0.8135686221905648
0.8528814067977647	0.7118725444167443
0.7525424177627336	0.7881446027471097
0.702372923245218	0.6864485249732891
0.4515254506576402	0.8135686221905648
0.6020339342101868	0.7627205833036546
0.5518644396926713	0.7627205833036546
0.4515254506576402	0.6864485249732891
0.4515254506576402	0.5847524471994685
0.8027119122802491	0.6356004860863789
0.8528814067977647	0.7627205833036546
0.9030509013152804	0.8135686221905648
0.702372923245218	0.6610245055298339
0.9532203958327959	0.8898406805209303
1.1037288793853426	0.8644166610774752
1.0033898903503116	0.7881446027471097
0.8528814067977647	0.8389926416340201
0.9030509013152804	0.9406887194078406
1.0033898903503116	0.6356004860863789
0.702372923245218	0.7881446027471097
0.5016949451751558	0.6864485249732891
0.8027119122802491	0.7372965638601995
0.7525424177627336	0.6610245055298339
0.4515254506576402	0.6356004860863789
0.6522034287277024	0.7881446027471097
0.4515254506576402	0.6610245055298339
0.8528814067977647	0.7881446027471097
0.5016949451751558	0.7627205833036546
0.6020339342101868	0.7118725444167443
0.9030509013152804	0.9661127388512959
0.9030509013152804	0.7881446027471097
0.7525424177627336	0.7372965638601995
0.4515254506576402	0.5339044083125583
0.40135595614012454	0.6101764666429236
0.6522034287277024	0.6864485249732891
0.702372923245218	0.8644166610774752
0.9532203958327959	0.8389926416340201
0.702372923245218	0.6610245055298339
0.7525424177627336	0.7372965638601995
0.6522034287277024	0.6864485249732891
0.9030509013152804	0.9152646999643855
1.2542373629378893	1.1186568555120266
0.8027119122802491	0.8135686221905648
0.9030509013152804	0.9406887194078406
0.4515254506576402	0.6610245055298339
0.4515254506576402	0.6356004860863789
0.702372923245218	0.7372965638601995
0.6020339342101868	0.5847524471994685
0.8027119122802491	0.6864485249732891
0.4515254506576402	0.5084803888691031
0.7525424177627336	0.5339044083125583
1.2040678684203736	0.7881446027471097
1.0033898903503116	1.0169607777382061
1.404745846490436	0.9661127388512959
1.2542373629378893	1.1440808749554818
0.6020339342101868	0.6864485249732891
0.9532203958327959	0.8898406805209303
1.053559384867827	1.2203529332858472
0.6020339342101868	0.7118725444167443
0.702372923245218	0.8135686221905648
0.7525424177627336	0.6356004860863789
0.5518644396926713	0.7118725444167443
1.153898373902858	0.8644166610774752
0.8027119122802491	0.7372965638601995
0.5016949451751558	0.6356004860863789
0.351186461622609	0.48305636942564795
0.8027119122802491	0.5593284277560133
0.40135595614012454	0.6610245055298339
0.9030509013152804	1.0169607777382061
1.0033898903503116	0.9152646999643855
1.0033898903503116	0.9915367582947509
0.9532203958327959	0.9152646999643855
1.404745846490436	0.7881446027471097
0.702372923245218	0.7881446027471097
0.6020339342101868	0.6864485249732891
0.6020339342101868	0.7627205833036546
0.702372923245218	0.5084803888691031
0.5016949451751558	0.5593284277560133
0.8528814067977647	0.6864485249732891
0.7525424177627336	0.8135686221905648
0.7525424177627336	0.6610245055298339
0.5016949451751558	0.6610245055298339
0.702372923245218	0.6864485249732891
0.6522034287277024	0.7881446027471097
0.8027119122802491	1.0169607777382061
0.40135595614012454	0.9152646999643855
0.7525424177627336	1.0932328360685717
0.9532203958327959	0.8898406805209303
1.1037288793853426	0.9661127388512959
1.2040678684203736	0.9406887194078406
0.7525424177627336	0.9661127388512959
0.702372923245218	0.8389926416340201
1.0033898903503116	0.8389926416340201
0.7525424177627336	0.7372965638601995
0.8027119122802491	0.7627205833036546
0.5518644396926713	0.7627205833036546
0.8027119122802491	0.6356004860863789
0.9532203958327959	1.042384797181661
0.702372923245218	0.6356004860863789
0.702372923245218	0.6864485249732891
1.0033898903503116	0.8644166610774752
0.7525424177627336	0.7372965638601995
1.0033898903503116	0.9152646999643855
0.9532203958327959	0.9915367582947509
0.351186461622609	0.5593284277560133
0.5518644396926713	0.7627205833036546
0.8528814067977647	0.6864485249732891
0.5016949451751558	0.8135686221905648
1.1037288793853426	0.6101764666429236
1.153898373902858	0.7118725444167443
0.9532203958327959	0.7881446027471097
1.2040678684203736	0.8389926416340201
0.5518644396926713	0.5339044083125583
0.5518644396926713	0.6101764666429236
1.153898373902858	0.9915367582947509
0.8528814067977647	1.0678088166251165
0.9532203958327959	1.0169607777382061
0.702372923245218	0.7627205833036546
0.9532203958327959	0.8135686221905648
1.153898373902858	0.7372965638601995
0.8027119122802491	0.8644166610774752
0.8528814067977647	0.7881446027471097
0.4515254506576402	0.6610245055298339
0.702372923245218	0.8644166610774752
0.8528814067977647	0.7881446027471097
0.5016949451751558	0.8389926416340201
1.153898373902858	0.8898406805209303
0.9030509013152804	0.7627205833036546
0.9030509013152804	0.7372965638601995
0.351186461622609	0.3813602916518273
0.6522034287277024	0.5593284277560133
0.8027119122802491	0.7372965638601995
0.4515254506576402	0.48305636942564795
0.6020339342101868	0.5339044083125583
0.5518644396926713	0.6864485249732891
0.8528814067977647	0.7881446027471097
0.8528814067977647	0.7627205833036546
0.702372923245218	0.6864485249732891
1.0033898903503116	0.7881446027471097
0.5016949451751558	0.48305636942564795
0.6020339342101868	0.6101764666429236
0.5016949451751558	0.6610245055298339
0.6020339342101868	0.5847524471994685
0.5518644396926713	0.7118725444167443
0.8027119122802491	0.7627205833036546
0.8027119122802491	0.6101764666429236
0.5016949451751558	0.7118725444167443
0.5518644396926713	0.6610245055298339
0.5016949451751558	0.5084803888691031
0.6522034287277024	0.3813602916518273
0.6522034287277024	0.5593284277560133
0.8027119122802491	0.8389926416340201
0.3010169671050934	0.6101764666429236
0.40135595614012454	0.27966421387800666
0.8027119122802491	0.7118725444167443
0.351186461622609	0.7118725444167443
0.9030509013152804	0.5084803888691031
0.702372923245218	0.7118725444167443
0.351186461622609	0.5847524471994685
0.3010169671050934	0.35593627220837215
0.40135595614012454	0.4067843110952824
0.6522034287277024	0.8135686221905648
0.5518644396926713	0.8898406805209303
0.351186461622609	0.5593284277560133
0.4515254506576402	0.4067843110952824
0.3010169671050934	0.7118725444167443
0.3010169671050934	0.5084803888691031
0.5016949451751558	0.6356004860863789
0.4515254506576402	0.6864485249732891
0.20067797807006227	0.5339044083125583
0.3010169671050934	0.6610245055298339
