WT-Tfh	WT-Th1
0.328135897495421	0.2915355071977687
0.25375842739645893	0.33318343679745
0.3150104615956042	0.35103254948302764
0.3150104615956042	0.28558580296924285
0.30188502569578735	0.27368639451219107
0.34126133339523784	0.27963609874071693
0.3543867692950547	0.35698225371155357
0.4243890940940778	0.35698225371155357
0.3587619145949937	0.4164792959968125
0.3806376410946884	0.36888166216860535
0.36751220519487154	0.33913314102597586
0.35001162399511576	0.36888166216860535
0.43751452999389473	0.37483136639713127
0.4025133675943831	0.4105295917682866
0.3850127863946273	0.3926804790827089
0.411263658194261	0.4283787044538643
0.3718873504948105	0.33913314102597586
0.3368861880952989	0.30343491565482056
0.4068885128943221	0.4283787044538643
0.3981382222944442	0.4045798875397607
0.4243890940940778	0.3629319579400795
0.3718873504948105	0.3807810706256571
0.34126133339523784	0.27963609874071693
0.4462648205937726	0.4224290002253384
0.4287642393940168	0.4045798875397607
0.46376540179352843	0.46407692982501964
0.46376540179352843	0.49977515519617494
0.38938793169456626	0.48192604251059734
0.411263658194261	0.4164792959968125
0.4068885128943221	0.37483136639713127
0.2975098803958484	0.3807810706256571
0.3718873504948105	0.35103254948302764
0.4681405470934673	0.48192604251059734
0.494391418893101	0.46407692982501964
0.4812659829932841	0.5354733805673304
0.4550151111936505	0.48192604251059734
0.43751452999389473	0.4045798875397607
0.41563880349419996	0.3926804790827089
0.5337677265925516	0.4581272255964937
0.5425180171924294	0.5652219017099598
0.5162671453927957	0.553322493252908
0.4593902564935894	0.4700266340535455
0.36751220519487154	0.4045798875397607
0.4506399658937115	0.4759763382820714
0.494391418893101	0.5057248594247008
0.5468931624923683	0.5652219017099598
0.3762624957947494	0.440278112910916
0.46376540179352843	0.3926804790827089
0.4418896752938336	0.5176242678817526
0.5250174359926737	0.5176242678817526
0.4812659829932841	0.5711716059384857
0.4287642393940168	0.3450828452545018
0.503141709492979	0.4105295917682866
0.43751452999389473	0.440278112910916
0.5381428718924904	0.49977515519617494
0.577519179591941	0.5652219017099598
0.5425180171924294	0.4045798875397607
0.4506399658937115	0.5116745636532267
0.5556434530922463	0.4759763382820714
0.5337677265925516	0.5235739721102786
0.5381428718924904	0.5414230847958562
0.5337677265925516	0.4343284086823902
0.411263658194261	0.4700266340535455
0.4331393846939557	0.35698225371155357
0.49876656419303994	0.440278112910916
0.5468931624923683	0.5830710143955374
0.48564112829322315	0.5295236763388045
0.490016273593162	0.5057248594247008
0.5293925812926126	0.49977515519617494
0.5337677265925516	0.5652219017099598
0.5206422906927346	0.49977515519617494
0.494391418893101	0.48192604251059734
0.4331393846939557	0.4283787044538643
0.4506399658937115	0.49977515519617494
0.48564112829322315	0.4343284086823902
0.5293925812926126	0.4343284086823902
0.5075168547929179	0.5176242678817526
0.5337677265925516	0.5830710143955374
0.4593902564935894	0.5116745636532267
0.48564112829322315	0.440278112910916
0.4681405470934673	0.5116745636532267
0.43751452999389473	0.5711716059384857
0.5512683077923074	0.49977515519617494
0.503141709492979	0.4759763382820714
0.4418896752938336	0.5057248594247008
0.4287642393940168	0.35103254948302764
0.5162671453927957	0.5116745636532267
0.4418896752938336	0.5414230847958562
0.3718873504948105	0.46407692982501964
0.3718873504948105	0.386730774854183
0.33251104279536	0.36888166216860535
0.4418896752938336	0.440278112910916
0.41563880349419996	0.440278112910916
0.4768908376933452	0.3926804790827089
0.4462648205937726	0.3629319579400795
0.4025133675943831	0.35103254948302764
0.47251569239340624	0.4283787044538643
0.3718873504948105	0.2915355071977687
0.5337677265925516	0.4700266340535455
0.6300209231912084	0.6247189439952187
0.6956481026902925	0.7675118454798402
0.6868978120904147	0.6901656905090036
0.5993949060916358	0.5830710143955374
0.33251104279536	0.27368639451219107
0.3806376410946884	0.35698225371155357
0.38938793169456626	0.35103254948302764
0.4768908376933452	0.48192604251059734
0.46376540179352843	0.4343284086823902
0.3587619145949937	0.30343491565482056
0.3981382222944442	0.33913314102597586
0.4331393846939557	0.3926804790827089
0.4768908376933452	0.5295236763388045
0.4287642393940168	0.4700266340535455
0.4506399658937115	0.4581272255964937
0.4812659829932841	0.33913314102597586
0.4812659829932841	0.3986301833112348
0.5250174359926737	0.5414230847958562
0.4812659829932841	0.5176242678817526
0.5118920000928568	0.5414230847958562
0.4243890940940778	0.4938254509676491
0.5118920000928568	0.4581272255964937
0.48564112829322315	0.44622781713944193
0.4550151111936505	0.4878757467391232
0.494391418893101	0.4283787044538643
0.34563647869517683	0.4045798875397607
0.4812659829932841	0.37483136639713127
0.4243890940940778	0.46407692982501964
0.5425180171924294	0.5176242678817526
0.4812659829932841	0.553322493252908
0.3850127863946273	0.4343284086823902
0.4462648205937726	0.3807810706256571
0.4418896752938336	0.4045798875397607
0.5862694701918189	0.553322493252908
0.5293925812926126	0.5949704228525893
0.38938793169456626	0.4105295917682866
0.4550151111936505	0.4105295917682866
0.4506399658937115	0.4343284086823902
0.43751452999389473	0.440278112910916
0.5206422906927346	0.5414230847958562
0.4812659829932841	0.5116745636532267
0.5425180171924294	0.440278112910916
0.5337677265925516	0.6247189439952187
0.6037700513915747	0.5711716059384857
0.5162671453927957	0.5771213101670116
0.494391418893101	0.5354733805673304
0.4593902564935894	0.5176242678817526
0.48564112829322315	0.5116745636532267
0.48564112829322315	0.4878757467391232
0.503141709492979	0.4581272255964937
0.490016273593162	0.3986301833112348
0.4068885128943221	0.4343284086823902
0.4331393846939557	0.46407692982501964
0.4593902564935894	0.4045798875397607
0.4768908376933452	0.4759763382820714
0.48564112829322315	0.44622781713944193
0.36751220519487154	0.44622781713944193
0.3806376410946884	0.4105295917682866
0.3631370598949326	0.3450828452545018
0.4462648205937726	0.46407692982501964
0.4506399658937115	0.3986301833112348
0.34563647869517683	0.4105295917682866
0.4550151111936505	0.44622781713944193
0.35001162399511576	0.4938254509676491
0.3718873504948105	0.49977515519617494
0.3850127863946273	0.4045798875397607
0.4200139487941389	0.44622781713944193
0.33251104279536	0.3450828452545018
0.36751220519487154	0.35698225371155357
0.3631370598949326	0.36888166216860535
0.38938793169456626	0.31533432411187234
0.4243890940940778	0.35698225371155357
0.3850127863946273	0.37483136639713127
0.35001162399511576	0.440278112910916
0.43751452999389473	0.36888166216860535
0.4025133675943831	0.440278112910916
0.4243890940940778	0.4045798875397607
0.4462648205937726	0.35698225371155357
0.36751220519487154	0.36888166216860535
0.4200139487941389	0.3807810706256571
0.34126133339523784	0.386730774854183
0.3368861880952989	0.36888166216860535
0.4068885128943221	0.386730774854183
0.3981382222944442	0.440278112910916
0.3806376410946884	0.44622781713944193
0.4287642393940168	0.44622781713944193
0.34126133339523784	0.2915355071977687
0.4025133675943831	0.3986301833112348
0.4068885128943221	0.386730774854183
0.41563880349419996	0.4343284086823902
0.3543867692950547	0.4164792959968125
0.328135897495421	0.33913314102597586
0.411263658194261	0.386730774854183
0.4418896752938336	0.37483136639713127
0.4331393846939557	0.5354733805673304
0.4506399658937115	0.44622781713944193
0.3368861880952989	0.4105295917682866
0.33251104279536	0.27963609874071693
0.2931347350959094	0.33913314102597586
0.3368861880952989	0.33913314102597586
0.41563880349419996	0.386730774854183
