WT-Tfh	WT-Th1
0.40744447058436956	0.34146700290567383
0.37428038576936273	0.3543525501851333
0.3411163009543559	0.28348204014810663
0.3648049329650751	0.3028103610672957
0.450084008203664	0.47676524933999753
0.36006720656293123	0.30925313470702537
0.43587082899723256	0.47676524933999753
0.39323129137793805	0.3930091920235115
0.2700504049221984	0.25771094558918783
0.3553294801607874	0.30925313470702537
0.41218219698651337	0.4058947393029708
0.40270674418222574	0.4058947393029708
0.42165764979080106	0.3930091920235115
0.3695426593672189	0.296367587427566
0.43113310259508875	0.44455138114134907
0.450084008203664	0.42522306022215994
0.41218219698651337	0.41233751294270055
0.3505917537586436	0.3028103610672957
0.40744447058436956	0.3543525501851333
0.5021989986272462	0.4316658338618896
0.4595594610079517	0.4316658338618896
0.47377264021438326	0.42522306022215994
0.450084008203664	0.42522306022215994
0.40744447058436956	0.38656641838378175
0.4548217346058079	0.3801236447440521
0.5021989986272462	0.42522306022215994
0.47377264021438326	0.3672380974645926
0.4548217346058079	0.4960935702591866
0.4879858194208147	0.5283074384578351
0.4927235458229585	0.44455138114134907
0.5116744514315339	0.5347502120975648
0.4406085553993764	0.41233751294270055
0.535363083442253	0.3930091920235115
0.50693672502939	0.5476357593770241
0.4595594610079517	0.4381086075016193
0.50693672502939	0.4703224757002678
0.47851036661652707	0.4187802865824303
0.4690349138122394	0.5347502120975648
0.4595594610079517	0.5347502120975648
0.4595594610079517	0.47676524933999753
0.4927235458229585	0.4381086075016193
0.563789441855116	0.47676524933999753
0.6301176114851297	0.5798496275756726
0.4690349138122394	0.5347502120975648
0.5164121778336777	0.5025363438989163
0.4595594610079517	0.3930091920235115
0.5116744514315339	0.5154218911783757
0.5874780738658352	0.6185062694140507
0.5874780738658352	0.6442773639729696
0.5258876306379654	0.4703224757002678
0.50693672502939	0.4638797020605381
0.5258876306379654	0.42522306022215994
0.5401008098443968	0.47676524933999753
0.5590517154529722	0.63783459033324
0.5021989986272462	0.5862924012154024
0.5306253570401092	0.5154218911783757
0.43113310259508875	0.4187802865824303
0.5543139890508284	0.508979117538646
0.4927235458229585	0.5025363438989163
0.6111667058765543	0.5283074384578351
0.41218219698651337	0.44455138114134907
0.40270674418222574	0.4638797020605381
0.4453462818015202	0.4316658338618896
0.5164121778336777	0.5347502120975648
0.6016912530722667	0.6185062694140507
0.5543139890508284	0.5283074384578351
0.41218219698651337	0.4316658338618896
0.49746127222510234	0.44455138114134907
0.4690349138122394	0.3672380974645926
0.5258876306379654	0.5411929857372945
0.5780026210615475	0.5154218911783757
0.5495762626486845	0.4896507966194569
0.49746127222510234	0.5862924012154024
0.5874780738658352	0.4896507966194569
0.5495762626486845	0.4187802865824303
0.4879858194208147	0.5025363438989163
0.4595594610079517	0.508979117538646
0.5685271682572598	0.6056207221345914
0.6253798850829858	0.592735174855132
0.50693672502939	0.44455138114134907
0.6253798850829858	0.5347502120975648
0.4690349138122394	0.5025363438989163
0.47851036661652707	0.4832080229797272
0.5401008098443968	0.5283074384578351
0.50693672502939	0.4638797020605381
0.450084008203664	0.39945196566324115
0.5211499042358215	0.3479097765454036
0.6111667058765543	0.6249490430537804
0.6490685170937049	0.6313918166935102
0.40270674418222574	0.3221386819864848
0.3269031217479244	0.3028103610672957
0.3316408481500683	0.2899248137878363
0.6727571491044242	0.7473617422086447
0.762773950745157	0.8633316677237792
0.5306253570401092	0.5154218911783757
0.5495762626486845	0.4832080229797272
0.3648049329650751	0.3672380974645926
0.6111667058765543	0.6958195530908072
0.6822326019087118	0.7151478740099962
0.42165764979080106	0.4316658338618896
0.40270674418222574	0.2899248137878363
0.4406085553993764	0.3543525501851333
0.7580362243430131	0.7022623267305369
0.6964457811151433	0.676491232171618
0.4879858194208147	0.4832080229797272
0.5780026210615475	0.592735174855132
0.705921233919431	0.5669640802962133
0.8243643939730267	0.7989039313264823
0.6111667058765543	0.6507201376126993
0.3411163009543559	0.3156959083467551
0.36006720656293123	0.38656641838378175
0.4406085553993764	0.47676524933999753
0.7296098659301502	0.7087051003702666
0.6159044322786982	0.657162911252429
0.5164121778336777	0.44455138114134907
0.41218219698651337	0.45099415478107874
0.4879858194208147	0.34146700290567383
0.5164121778336777	0.5411929857372945
0.4406085553993764	0.5347502120975648
0.5732648946594037	0.5540785330167538
0.5448385362465408	0.5154218911783757
0.5211499042358215	0.5669640802962133
0.50693672502939	0.5411929857372945
0.5164121778336777	0.5347502120975648
0.49746127222510234	0.6056207221345914
0.6159044322786982	0.6120634957743211
0.6538062434958488	0.5154218911783757
0.5306253570401092	0.5218646648181053
0.4690349138122394	0.4896507966194569
0.5116744514315339	0.47676524933999753
0.535363083442253	0.508979117538646
0.5448385362465408	0.5025363438989163
0.5258876306379654	0.508979117538646
0.4832480930186709	0.4960935702591866
0.5448385362465408	0.5025363438989163
0.5448385362465408	0.4638797020605381
0.5021989986272462	0.5476357593770241
0.5448385362465408	0.508979117538646
0.40744447058436956	0.4638797020605381
0.4548217346058079	0.5283074384578351
0.5543139890508284	0.6442773639729696
0.47377264021438326	0.5283074384578351
0.5401008098443968	0.5476357593770241
0.5021989986272462	0.5025363438989163
0.4642971874100955	0.5154218911783757
0.5306253570401092	0.5991779484948617
0.5306253570401092	0.5154218911783757
0.5116744514315339	0.5411929857372945
0.5543139890508284	0.5154218911783757
0.4879858194208147	0.4574369284208084
0.49746127222510234	0.5154218911783757
0.41218219698651337	0.44455138114134907
0.5021989986272462	0.4960935702591866
0.4548217346058079	0.508979117538646
0.43113310259508875	0.4896507966194569
0.5164121778336777	0.5540785330167538
0.4406085553993764	0.5218646648181053
0.50693672502939	0.5347502120975648
0.5258876306379654	0.5476357593770241
0.4832480930186709	0.44455138114134907
0.5827403474636914	0.4896507966194569
0.5495762626486845	0.5605213066564836
0.4642971874100955	0.44455138114134907
0.5543139890508284	0.5991779484948617
0.4595594610079517	0.42522306022215994
0.4263953761929449	0.41233751294270055
0.43587082899723256	0.37368087110432235
0.4595594610079517	0.41233751294270055
0.4927235458229585	0.5025363438989163
0.4548217346058079	0.39945196566324115
0.4832480930186709	0.45099415478107874
0.40270674418222574	0.36079532382486296
0.4690349138122394	0.5862924012154024
0.5543139890508284	0.5605213066564836
0.4263953761929449	0.5605213066564836
0.4690349138122394	0.4896507966194569
0.47377264021438326	0.4896507966194569
0.5164121778336777	0.4381086075016193
0.50693672502939	0.5347502120975648
0.5543139890508284	0.5734068539359429
0.4548217346058079	0.5283074384578351
0.3837558385736504	0.41233751294270055
0.47377264021438326	0.4896507966194569
0.4879858194208147	0.5218646648181053
0.5306253570401092	0.4574369284208084
0.5021989986272462	0.4896507966194569
0.4879858194208147	0.5154218911783757
0.4595594610079517	0.45099415478107874
0.4548217346058079	0.4832080229797272
0.4832480930186709	0.4187802865824303
0.47851036661652707	0.4316658338618896
0.39323129137793805	0.4316658338618896
0.4406085553993764	0.45099415478107874
0.36006720656293123	0.42522306022215994
0.4832480930186709	0.4832080229797272
0.37901811217150655	0.38656641838378175
0.36006720656293123	0.39945196566324115
0.4169199233886572	0.3930091920235115
0.37901811217150655	0.38656641838378175
0.40270674418222574	0.37368087110432235
