WT-Tfh	WT-Th1
0.6823563904845398	0.8088205995415532
0.6660613125028195	0.8282101344620699
0.639581810782524	0.7534219283400769
0.6579137735119592	0.8143604666617008
0.6314342717916637	0.8642192707430294
0.6680981972505345	0.8614493371829556
0.6701350819982496	0.8669892043031032
0.7108727769525504	0.8420598022624389
0.7434629329159911	0.9251578090646533
0.7434629329159911	0.8420598022624389
0.5968072310805079	0.7783513303807412
0.6701350819982496	0.8586794036228818
0.7190203159434106	0.8808388721034722
0.6884670447276849	0.8448297358225128
0.7434629329159911	0.914078074824358
0.6660613125028195	0.9029983405840628
0.6762457362413946	0.9223878755045795
0.7149465464479805	0.914078074824358
0.7332785091774159	0.9334676097448747
0.7210572006911257	0.8448297358225128
0.6905039294754	0.8586794036228818
0.6864301599799699	0.8392898687023651
0.7943850516088672	0.8974584734639152
0.7780899736271469	0.9362375433049486
0.6640244277551044	0.900228407023989
0.6721719667459646	0.8531395365027342
0.7251309701865558	0.9639368789056867
0.7597580108977114	0.9860963473862772
0.7210572006911257	0.9417774104250962
0.7169834311956955	0.94454734398517
0.786237512618007	0.9639368789056867
0.7230940854388407	0.914078074824358
0.7149465464479805	0.94454734398517
0.7230940854388407	0.9223878755045795
0.7699424346362866	0.9251578090646533
0.7312416244297009	0.9860963473862772
0.7454998176637062	0.914078074824358
0.7475367024114212	0.9611669453456129
0.786237512618007	0.9860963473862772
0.786237512618007	0.9639368789056867
0.788274397365722	0.914078074824358
0.7923481668611522	0.94454734398517
0.7780899736271469	0.9057682741441366
0.8269752075723079	1.0221054836672367
0.8819710957606142	1.1162832247097463
0.8290120923200229	1.044264952147827
0.7964219363565823	0.9611669453456129
0.7577211261499964	0.9611669453456129
0.8778973262651841	1.019335550107163
0.8514178245448885	1.091353822669082
0.8656760177788938	1.0387250850276795
0.8330858618154531	1.06088455350827
0.8453071703017433	1.0414950185877534
0.9206719059671999	1.1993812315119607
0.8473440550494583	1.0719642877485653
0.8595653635357486	1.0664244206284177
0.8208645533291627	0.988866280946351
0.8575284787880336	1.0359551514676058
0.8941924042469044	1.0830440219888606
0.8616022482834637	1.238160301352994
0.9003030584900494	1.1855315637115917
0.8921555194991893	1.077504154868713
0.9023399432377646	1.1273629589500416
0.9084505974809097	1.1689119623511488
0.8432702855540283	1.1384426931903369
0.8493809397971734	1.107973424029525
0.8554915940403186	1.0664244206284177
0.9165981364717699	1.0858139555489343
0.9614096009215009	1.193841364391813
0.9227087907149151	1.1301328925101155
0.8840079805083293	1.091353822669082
0.8880817500037592	1.094123756229156
0.9003030584900494	1.1190531582698202
0.9451145229397804	1.1689119623511488
0.871786672022039	1.149522427430632
0.9349300992012054	1.121823091829894
0.9899259873895115	1.2437001684731417
1.0184423738575221	1.2298505006727727
1.0143686043620919	1.207691032192182
1.0184423738575221	1.193841364391813
0.9552989466783557	1.179991696591444
0.8921555194991893	1.1190531582698202
0.8473440550494583	1.0525747528280487
0.7312416244297009	0.9500872111053177
0.8004957058520124	0.8891486727836937
0.6945776989708301	0.8475996693825866
0.6986514684662603	0.8559094700628079
0.639581810782524	0.6453945194971982
0.5560695361262071	0.6703239215378626
0.6049547700713681	0.7534219283400769
0.8269752075723079	1.016565616547089
1.0408481060823875	1.2104609657522558
0.8188276685814477	1.1107433575895986
0.7556842414022814	0.883608805663546
0.786237512618007	0.8642192707430294
0.6660613125028195	0.8309800680221437
1.0347374518392425	1.2630897033936586
1.0265899128483822	1.257549836273511
0.7679055498885716	0.8669892043031032
0.5010736479379009	0.5706063133752054
0.3320122138775522	0.36840116348981705
0.4908892241993257	0.5789161140554268
0.7454998176637062	0.8974584734639152
1.0571431840641081	1.2824792383141752
0.9858522178940814	1.1384426931903369
0.7617948956454265	0.8919186063437675
0.7454998176637062	0.811590533101627
0.7475367024114212	0.9390074768650224
0.8982661737423344	1.1135132911496726
0.9430776381920656	1.1467524938705582
0.6680981972505345	0.9251578090646533
0.5947703463327929	0.6287749181367555
0.5784752683510725	0.6703239215378626
0.649766234521099	0.7672715961404459
0.6660613125028195	0.8143604666617008
0.7006883532139752	0.914078074824358
0.7556842414022814	0.9417774104250962
0.7923481668611522	1.016565616547089
0.8208645533291627	0.9639368789056867
0.8819710957606142	1.1190531582698202
0.9736309094077912	1.2104609657522558
0.9939997568849417	1.207691032192182
0.9308563297057753	1.2464701020332156
0.9634464856692159	1.179991696591444
0.9186350212194849	1.221540699992551
0.9777046789032212	1.2021511650720347
0.9369669839489204	1.1384426931903369
0.9614096009215009	1.1883014972716655
0.9552989466783557	1.2353903677929203
0.9206719059671999	1.06088455350827
0.9267825602103451	1.1606021616709272
0.8962292889946194	1.1356727596302632
0.8371596313108832	0.9306976761848009
0.8004957058520124	0.9473172775452439
0.8554915940403186	1.0885838891090083
0.8962292889946194	1.1190531582698202
0.8514178245448885	1.091353822669082
0.7964219363565823	0.9833264138262033
0.8229014380768779	0.9362375433049486
0.869749787274324	1.1162832247097463
0.7842006278702921	1.0054858823067938
0.8025325905997274	0.9473172775452439
0.7740162041317168	0.988866280946351
0.7638317803931416	0.9279277426247271
0.780126858374862	0.9694767460258342
0.8269752075723079	1.0414950185877534
0.7454998176637062	1.0581146199481963
0.8453071703017433	1.0885838891090083
0.737352278672846	0.9029983405840628
0.7006883532139752	0.8974584734639152
0.7434629329159911	0.900228407023989
0.6925408142231151	0.8946885399038413
0.7190203159434106	0.8891486727836937
0.7617948956454265	0.8448297358225128
0.6925408142231151	0.9750166131459819
0.7292047396819857	0.94454734398517
0.7516104719068514	0.9556270782254652
0.7434629329159911	0.8254402009019961
0.6925408142231151	0.883608805663546
0.8045694753474425	0.9223878755045795
0.739389163420561	0.9085382077042105
0.7129096617002655	0.9113081412642843
0.7230940854388407	0.8863787392236199
0.737352278672846	0.8448297358225128
0.786237512618007	1.00271594874672
0.7210572006911257	0.869759137863177
0.6925408142231151	0.9057682741441366
0.7251309701865558	0.781121263940815
0.6069916548190832	0.7589617954602245
0.6640244277551044	0.8642192707430294
0.6762457362413946	0.8863787392236199
0.6762457362413946	0.7866611310609627
0.6742088514936796	0.8420598022624389
0.649766234521099	0.8032807324214055
0.7129096617002655	0.8420598022624389
0.6151391938099433	0.8503696029426604
0.6192129633053735	0.8143604666617008
0.6375449260348088	0.7340323934195603
0.6864301599799699	0.8088205995415532
0.6762457362413946	0.9223878755045795
0.6823563904845398	0.8282101344620699
0.6090285395667983	0.7617317290202983
0.6049547700713681	0.7534219283400769
0.6884670447276849	0.7201827256191912
0.6192129633053735	0.7645016625803721
0.6049547700713681	0.7035631242587483
0.5866228073419327	0.7118729249389698
0.647729349773384	0.6980232571386007
0.6232867328008035	0.7617317290202983
0.639581810782524	0.6952533235785269
0.5703277293602124	0.648164453057272
0.5968072310805079	0.7146428584990436
0.5805121530987877	0.6315448516968293
0.5560695361262071	0.6398546523770506
0.6171760785576583	0.6703239215378626
0.5825490378465027	0.6841735893382316
0.5805121530987877	0.7146428584990436
0.5968072310805079	0.7451121276598555
0.6090285395667983	0.7174127920591175
0.6049547700713681	0.6703239215378626
