WT-Tfh	WT-Th1
0.30823604306666647	0.28481809919782014
0.2489598809384614	0.33855736319740887
0.3477534844854699	0.38154877439707985
0.3358982520598289	0.32243558399753225
0.3279947637760682	0.30093987839769676
0.3358982520598289	0.2686963199979435
0.3319465079179485	0.33318343679745
0.430740111464957	0.34930521599732656
0.38727092590427326	0.4299141119967097
0.3714639493367519	0.3546791423972855
0.38727092590427326	0.3546791423972855
0.35565697276923053	0.36005306879724436
0.43864359974871764	0.38154877439707985
0.3951744141880339	0.4245401855967508
0.3635604610529912	0.38154877439707985
0.4188848790393159	0.45140981759654514
0.37541569347863224	0.3654269951972032
0.3477534844854699	0.3116877311976145
0.4070296466136749	0.4299141119967097
0.38727092590427326	0.3869227007970387
0.4030779024717946	0.36005306879724436
0.36751220519487154	0.3546791423972855
0.3517052286273502	0.2740702463979024
0.47420929702564074	0.45140981759654514
0.41098139075555523	0.38154877439707985
0.45840232045811935	0.4406619647966274
0.45840232045811935	0.5212708607960105
0.4267883673230766	0.49977515519617494
0.430740111464957	0.4406619647966274
0.4465470880324783	0.3869227007970387
0.3121877872085468	0.34930521599732656
0.3714639493367519	0.3654269951972032
0.45445057631623903	0.44603589119658626
0.490016273593162	0.4944012287962161
0.5176784825863244	0.5588883455957225
0.43864359974871764	0.46753159679642176
0.4070296466136749	0.3761748479971209
0.41098139075555523	0.3708009215971621
0.4979197618769228	0.44603589119658626
0.5374372032957261	0.5481404927958048
0.5413889474376065	0.542766566395846
0.45840232045811935	0.4944012287962161
0.3714639493367519	0.39229662719699754
0.4504988321743586	0.45140981759654514
0.4821127853094014	0.4836533759962984
0.5690511564307689	0.580384051195558
0.3991261583299142	0.45140981759654514
0.4702575528837603	0.40841840639687416
0.42283662318119625	0.5105230079960927
0.490016273593162	0.4836533759962984
0.46235406459999967	0.5481404927958048
0.4149331348974356	0.3654269951972032
0.490016273593162	0.4245401855967508
0.430740111464957	0.45140981759654514
0.5334854591538457	0.4944012287962161
0.5532441798632475	0.537392639995887
0.5532441798632475	0.4137923327968331
0.43864359974871764	0.4836533759962984
0.5571959240051277	0.5051490815961339
0.5453406915794868	0.5266447871959693
0.5927616212820509	0.580384051195558
0.5730029005726491	0.45140981759654514
0.3991261583299142	0.4621576703964629
0.45840232045811935	0.3654269951972032
0.513726738444444	0.46753159679642176
0.5571959240051277	0.5588883455957225
0.5097749943025638	0.5588883455957225
0.5176784825863244	0.5158969343960517
0.5611476681470082	0.5105230079960927
0.5650994122888885	0.5965058303954347
0.5532441798632475	0.5212708607960105
0.49396801773504234	0.48902730239625725
0.43864359974871764	0.4621576703964629
0.4188848790393159	0.45140981759654514
0.47420929702564074	0.4406619647966274
0.5413889474376065	0.4621576703964629
0.4860645294512817	0.4944012287962161
0.5453406915794868	0.580384051195558
0.43864359974871764	0.49977515519617494
0.47816104116752106	0.45140981759654514
0.513726738444444	0.5535144191957637
0.44259534389059796	0.5696361983956403
0.5492924357213671	0.4836533759962984
0.4702575528837603	0.46753159679642176
0.4504988321743586	0.4836533759962984
0.42283662318119625	0.3546791423972855
0.5295337150119654	0.5320187135959282
0.47816104116752106	0.5481404927958048
0.37541569347863224	0.4299141119967097
0.3951744141880339	0.3869227007970387
0.3596087169111109	0.39229662719699754
0.43864359974871764	0.40841840639687416
0.4188848790393159	0.45678374399650407
0.5176784825863244	0.39767055359695647
0.4465470880324783	0.3654269951972032
0.3991261583299142	0.3708009215971621
0.4465470880324783	0.4299141119967097
0.3596087169111109	0.3116877311976145
0.5532441798632475	0.48902730239625725
0.6599412716940166	0.6609929471949411
0.7271209221059824	0.8060889599938306
0.69945871311282	0.7201061375944887
0.6046168537076918	0.6341233151951468
0.3279947637760682	0.25794846719802583
0.38727092590427326	0.36005306879724436
0.41098139075555523	0.3654269951972032
0.4504988321743586	0.48902730239625725
0.47816104116752106	0.46753159679642176
0.3833191817623929	0.3546791423972855
0.4149331348974356	0.34393128959736774
0.4346918556068373	0.39229662719699754
0.4702575528837603	0.4782794495963395
0.4346918556068373	0.48902730239625725
0.47420929702564074	0.4621576703964629
0.4821127853094014	0.3654269951972032
0.49396801773504234	0.4245401855967508
0.5058232501606834	0.4782794495963395
0.45445057631623903	0.49977515519617494
0.5097749943025638	0.5105230079960927
0.41098139075555523	0.5051490815961339
0.4860645294512817	0.4245401855967508
0.4821127853094014	0.4137923327968331
0.44259534389059796	0.46753159679642176
0.45445057631623903	0.4245401855967508
0.3398499962017092	0.4137923327968331
0.490016273593162	0.3761748479971209
0.4346918556068373	0.4191662591967919
0.5255819708700851	0.5212708607960105
0.49396801773504234	0.5320187135959282
0.3991261583299142	0.4191662591967919
0.44259534389059796	0.38154877439707985
0.4149331348974356	0.4191662591967919
0.5769546447145295	0.5481404927958048
0.5176784825863244	0.5750101247955991
0.3912226700461536	0.4406619647966274
0.45840232045811935	0.4137923327968331
0.4504988321743586	0.4245401855967508
0.4504988321743586	0.4137923327968331
0.513726738444444	0.537392639995887
0.49396801773504234	0.5051490815961339
0.5295337150119654	0.4621576703964629
0.5255819708700851	0.5965058303954347
0.5809063888564098	0.5588883455957225
0.5058232501606834	0.585757977595517
0.47816104116752106	0.49977515519617494
0.46235406459999967	0.5158969343960517
0.490016273593162	0.5051490815961339
0.46630580874188	0.4782794495963395
0.490016273593162	0.48902730239625725
0.501871506018803	0.40841840639687416
0.4346918556068373	0.4352880383966685
0.45840232045811935	0.46753159679642176
0.4702575528837603	0.40841840639687416
0.47420929702564074	0.4944012287962161
0.4979197618769228	0.4621576703964629
0.38727092590427326	0.4406619647966274
0.41098139075555523	0.3869227007970387
0.3319465079179485	0.3170616575975734
0.4188848790393159	0.4191662591967919
0.4504988321743586	0.3869227007970387
0.37541569347863224	0.4299141119967097
0.45840232045811935	0.4245401855967508
0.3477534844854699	0.45140981759654514
0.38727092590427326	0.48902730239625725
0.37936743762051256	0.39767055359695647
0.4030779024717946	0.4352880383966685
0.3319465079179485	0.33855736319740887
0.35565697276923053	0.3278095103974911
0.3438017403435895	0.33318343679745
0.36751220519487154	0.32243558399753225
0.43864359974871764	0.33855736319740887
0.37936743762051256	0.39229662719699754
0.3517052286273502	0.40841840639687416
0.430740111464957	0.3546791423972855
0.4267883673230766	0.4836533759962984
0.430740111464957	0.4137923327968331
0.4504988321743586	0.3708009215971621
0.37541569347863224	0.39767055359695647
0.4465470880324783	0.4137923327968331
0.3833191817623929	0.40841840639687416
0.3319465079179485	0.3546791423972855
0.4267883673230766	0.3708009215971621
0.3833191817623929	0.40841840639687416
0.4149331348974356	0.44603589119658626
0.4267883673230766	0.4352880383966685
0.3438017403435895	0.3170616575975734
0.3991261583299142	0.4030444799969153
0.42283662318119625	0.4030444799969153
0.4267883673230766	0.4406619647966274
0.4030779024717946	0.4299141119967097
0.3319465079179485	0.33318343679745
0.38727092590427326	0.3546791423972855
0.42283662318119625	0.38154877439707985
0.430740111464957	0.5105230079960927
0.4504988321743586	0.45678374399650407
0.3398499962017092	0.39767055359695647
0.3240430196341878	0.26332239359798465
0.2805738340735041	0.33318343679745
0.3358982520598289	0.34393128959736774
0.41098139075555523	0.39767055359695647
