WT	KO
0.7200539294627899	0.2834254828736512
1.1520862871404638	0.2834254828736512
0.7200539294627899	1.1337019314946049
0.7200539294627899	0.4251382243104768
0.4320323576776739	0.8502764486209536
0.0	0.1417127414368256
0.28802157178511595	0.2834254828736512
0.14401078589255797	0.2834254828736512
0.28802157178511595	0.0
0.5760431435702319	0.5668509657473024
0.0	0.2834254828736512
0.14401078589255797	0.0
0.14401078589255797	0.4251382243104768
0.14401078589255797	0.1417127414368256
0.8640647153553478	0.9919891900577792
1.008075501247906	0.8502764486209536
0.7200539294627899	0.5668509657473024
0.0	0.1417127414368256
0.28802157178511595	0.0
0.4320323576776739	0.1417127414368256
1.008075501247906	0.9919891900577792
0.4320323576776739	0.2834254828736512
0.28802157178511595	0.7085637071841281
0.0	0.2834254828736512
0.28802157178511595	0.4251382243104768
0.14401078589255797	0.7085637071841281
0.5760431435702319	0.4251382243104768
0.14401078589255797	0.0
1.1520862871404638	0.5668509657473024
0.8640647153553478	0.5668509657473024
0.5760431435702319	0.5668509657473024
0.4320323576776739	0.4251382243104768
0.5760431435702319	0.5668509657473024
0.28802157178511595	0.1417127414368256
1.008075501247906	0.8502764486209536
0.8640647153553478	0.9919891900577792
1.296097073033022	0.8502764486209536
0.14401078589255797	0.0
0.7200539294627899	0.5668509657473024
0.4320323576776739	0.5668509657473024
0.28802157178511595	0.5668509657473024
0.4320323576776739	0.0
0.5760431435702319	0.5668509657473024
0.8640647153553478	0.8502764486209536
0.14401078589255797	0.4251382243104768
0.5760431435702319	0.8502764486209536
0.28802157178511595	0.0
0.14401078589255797	0.4251382243104768
1.008075501247906	0.5668509657473024
0.7200539294627899	1.1337019314946049
0.28802157178511595	1.1337019314946049
0.5760431435702319	0.2834254828736512
0.14401078589255797	0.4251382243104768
0.5760431435702319	0.2834254828736512
1.1520862871404638	0.7085637071841281
1.008075501247906	0.5668509657473024
0.8640647153553478	0.4251382243104768
0.14401078589255797	0.4251382243104768
1.4401078589255798	0.9919891900577792
1.008075501247906	1.1337019314946049
1.1520862871404638	0.5668509657473024
0.4320323576776739	0.7085637071841281
0.14401078589255797	0.4251382243104768
0.8640647153553478	0.7085637071841281
0.8640647153553478	0.8502764486209536
0.7200539294627899	0.7085637071841281
0.5760431435702319	1.1337019314946049
1.008075501247906	0.8502764486209536
0.5760431435702319	0.5668509657473024
1.1520862871404638	0.9919891900577792
0.8640647153553478	0.2834254828736512
1.008075501247906	0.4251382243104768
1.008075501247906	0.4251382243104768
0.5760431435702319	0.5668509657473024
1.008075501247906	0.2834254828736512
0.4320323576776739	0.4251382243104768
1.296097073033022	0.2834254828736512
0.7200539294627899	0.5668509657473024
0.5760431435702319	0.2834254828736512
1.296097073033022	0.8502764486209536
0.5760431435702319	0.9919891900577792
0.0	0.1417127414368256
0.8640647153553478	0.5668509657473024
0.8640647153553478	0.7085637071841281
1.1520862871404638	0.4251382243104768
0.7200539294627899	0.8502764486209536
0.0	0.1417127414368256
0.7200539294627899	0.8502764486209536
0.28802157178511595	0.2834254828736512
0.28802157178511595	0.0
0.0	0.1417127414368256
0.28802157178511595	0.9919891900577792
0.14401078589255797	0.4251382243104768
0.4320323576776739	0.5668509657473024
0.28802157178511595	0.5668509657473024
0.14401078589255797	0.2834254828736512
0.28802157178511595	0.4251382243104768
0.7200539294627899	0.0
0.4320323576776739	0.4251382243104768
1.008075501247906	0.2834254828736512
0.7200539294627899	0.8502764486209536
1.1520862871404638	0.4251382243104768
0.4320323576776739	0.8502764486209536
0.28802157178511595	0.1417127414368256
0.5760431435702319	0.5668509657473024
0.5760431435702319	0.2834254828736512
0.4320323576776739	0.5668509657473024
0.8640647153553478	1.1337019314946049
0.4320323576776739	0.4251382243104768
0.28802157178511595	0.4251382243104768
0.4320323576776739	0.1417127414368256
0.28802157178511595	0.4251382243104768
0.28802157178511595	0.4251382243104768
0.4320323576776739	0.1417127414368256
0.8640647153553478	1.1337019314946049
0.8640647153553478	1.2754146729314306
1.008075501247906	1.1337019314946049
0.28802157178511595	0.1417127414368256
0.0	0.4251382243104768
0.4320323576776739	0.1417127414368256
2.016151002495812	1.4171274143682562
0.7200539294627899	1.1337019314946049
0.5760431435702319	0.1417127414368256
0.28802157178511595	0.0
0.14401078589255797	0.2834254828736512
0.4320323576776739	0.7085637071841281
0.4320323576776739	0.9919891900577792
0.5760431435702319	0.2834254828736512
0.4320323576776739	0.1417127414368256
0.5760431435702319	0.1417127414368256
0.7200539294627899	0.4251382243104768
0.4320323576776739	0.7085637071841281
0.28802157178511595	0.5668509657473024
0.14401078589255797	0.0
0.0	0.1417127414368256
0.28802157178511595	0.2834254828736512
0.5760431435702319	0.9919891900577792
0.14401078589255797	0.5668509657473024
0.4320323576776739	0.4251382243104768
0.7200539294627899	0.2834254828736512
0.7200539294627899	0.2834254828736512
0.7200539294627899	0.5668509657473024
0.28802157178511595	0.2834254828736512
0.7200539294627899	0.7085637071841281
0.8640647153553478	0.5668509657473024
0.5760431435702319	0.2834254828736512
0.28802157178511595	0.4251382243104768
0.28802157178511595	0.1417127414368256
0.4320323576776739	0.7085637071841281
0.14401078589255797	0.1417127414368256
0.14401078589255797	0.2834254828736512
0.28802157178511595	0.0
0.28802157178511595	0.2834254828736512
0.14401078589255797	0.5668509657473024
0.4320323576776739	0.4251382243104768
0.14401078589255797	0.2834254828736512
0.14401078589255797	0.2834254828736512
0.14401078589255797	0.1417127414368256
0.0	0.0
0.14401078589255797	0.4251382243104768
0.14401078589255797	0.1417127414368256
0.0	0.5668509657473024
0.5760431435702319	0.1417127414368256
0.0	0.1417127414368256
0.5760431435702319	0.1417127414368256
0.14401078589255797	0.5668509657473024
0.4320323576776739	0.1417127414368256
0.7200539294627899	0.4251382243104768
0.7200539294627899	0.1417127414368256
0.5760431435702319	0.2834254828736512
0.28802157178511595	0.2834254828736512
0.7200539294627899	0.2834254828736512
0.4320323576776739	0.1417127414368256
0.0	0.1417127414368256
0.7200539294627899	0.5668509657473024
0.5760431435702319	0.8502764486209536
0.5760431435702319	0.0
1.1520862871404638	0.1417127414368256
0.28802157178511595	0.2834254828736512
0.14401078589255797	0.0
0.14401078589255797	0.4251382243104768
0.14401078589255797	0.4251382243104768
0.28802157178511595	0.2834254828736512
0.28802157178511595	0.1417127414368256
0.14401078589255797	0.0
1.008075501247906	0.2834254828736512
0.8640647153553478	0.0
0.7200539294627899	0.2834254828736512
0.5760431435702319	0.2834254828736512
0.28802157178511595	0.1417127414368256
0.7200539294627899	0.2834254828736512
0.4320323576776739	0.1417127414368256
0.7200539294627899	0.7085637071841281
0.8640647153553478	0.8502764486209536
0.28802157178511595	0.4251382243104768
0.14401078589255797	0.2834254828736512
0.28802157178511595	0.2834254828736512
0.5760431435702319	0.7085637071841281
1.008075501247906	0.7085637071841281
0.28802157178511595	0.4251382243104768
