WT	KO
0.31017707730704797	0.38153430386837667
0.4394175261849846	0.2543562025789177
0.28432898753146063	0.35609868361048486
0.28432898753146063	0.33066306335259305
0.15508853865352398	0.27979182283680953
0.38772134663380997	0.27979182283680953
0.33602516708263525	0.33066306335259305
0.38772134663380997	0.5087124051578354
0.7495946034920326	0.228920582321026
0.4394175261849846	0.40696992412626837
0.4394175261849846	0.35609868361048486
0.38772134663380997	0.2543562025789177
0.20678471820469863	0.20348496206313418
0.33602516708263525	0.15261372154735067
0.232632807980286	0.228920582321026
0.31017707730704797	0.2543562025789177
0.2584808977558733	0.27979182283680953
0.4394175261849846	0.40696992412626837
0.33602516708263525	0.40696992412626837
0.49111370573615926	0.27979182283680953
0.49111370573615926	0.40696992412626837
0.465265615960572	0.4324055443841602
0.36187325685822264	0.457841164642052
0.465265615960572	0.38153430386837667
0.41356943640939725	0.38153430386837667
0.28432898753146063	0.40696992412626837
0.4394175261849846	0.35609868361048486
0.232632807980286	0.4324055443841602
0.28432898753146063	0.40696992412626837
0.36187325685822264	0.30522744309470135
0.31017707730704797	0.35609868361048486
0.41356943640939725	0.38153430386837667
0.232632807980286	0.27979182283680953
0.18093662842911132	0.2543562025789177
0.2584808977558733	0.2543562025789177
0.49111370573615926	0.30522744309470135
0.2584808977558733	0.228920582321026
0.4394175261849846	0.2543562025789177
0.36187325685822264	0.20348496206313418
0.232632807980286	0.30522744309470135
0.5945060648385085	0.30522744309470135
0.31017707730704797	0.33066306335259305
0.4394175261849846	0.40696992412626837
0.49111370573615926	0.38153430386837667
0.20678471820469863	0.35609868361048486
0.232632807980286	0.20348496206313418
0.20678471820469863	0.30522744309470135
0.49111370573615926	0.17804934180524243
0.36187325685822264	0.48327678489994375
0.33602516708263525	0.2543562025789177
0.33602516708263525	0.35609868361048486
0.6978984239408579	0.4324055443841602
0.465265615960572	0.5595836456736191
0.38772134663380997	0.33066306335259305
0.41356943640939725	0.30522744309470135
0.465265615960572	0.457841164642052
0.38772134663380997	0.2543562025789177
0.5169617955117466	0.5341480254157273
0.5686579750629213	0.30522744309470135
0.12924044887793665	0.35609868361048486
0.36187325685822264	0.33066306335259305
0.41356943640939725	0.27979182283680953
0.5686579750629213	0.2543562025789177
0.41356943640939725	0.4324055443841602
0.36187325685822264	0.457841164642052
0.5428098852873339	0.5087124051578354
0.5428098852873339	0.40696992412626837
0.36187325685822264	0.38153430386837667
0.7495946034920326	0.33066306335259305
0.465265615960572	0.35609868361048486
0.38772134663380997	0.38153430386837667
0.4394175261849846	0.33066306335259305
0.5945060648385085	0.5087124051578354
0.5945060648385085	0.6358905064472944
0.5945060648385085	0.7376329874788615
0.6462022443896833	0.35609868361048486
0.6720503341652705	0.5087124051578354
0.5428098852873339	0.48327678489994375
0.49111370573615926	0.40696992412626837
0.5169617955117466	0.38153430386837667
0.6462022443896833	0.6867617469630779
0.5686579750629213	0.40696992412626837
0.5169617955117466	0.4324055443841602
0.6462022443896833	0.5341480254157273
0.41356943640939725	0.4324055443841602
0.465265615960572	0.6104548861894027
0.465265615960572	0.5595836456736191
0.5428098852873339	0.38153430386837667
0.4394175261849846	0.4324055443841602
0.49111370573615926	0.35609868361048486
0.31017707730704797	0.30522744309470135
0.28432898753146063	0.228920582321026
0.38772134663380997	0.38153430386837667
0.5169617955117466	0.5850192659315109
0.6203541546140959	0.8139398482525367
0.49111370573615926	0.6104548861894027
0.31017707730704797	0.27979182283680953
0.4394175261849846	0.27979182283680953
0.5945060648385085	0.5087124051578354
0.7237465137164453	0.5595836456736191
0.8788350523699692	0.6867617469630779
0.5169617955117466	0.30522744309470135
0.28432898753146063	0.30522744309470135
0.36187325685822264	0.33066306335259305
0.36187325685822264	0.33066306335259305
0.9822274114723185	0.5595836456736191
0.7237465137164453	0.6867617469630779
0.465265615960572	0.35609868361048486
0.49111370573615926	0.5341480254157273
0.5945060648385085	0.35609868361048486
0.7495946034920326	0.4324055443841602
0.5169617955117466	0.6358905064472944
0.5945060648385085	0.5341480254157273
0.49111370573615926	0.5850192659315109
0.5169617955117466	0.5087124051578354
0.28432898753146063	0.30522744309470135
0.41356943640939725	0.5341480254157273
0.36187325685822264	0.38153430386837667
0.38772134663380997	0.457841164642052
0.36187325685822264	0.457841164642052
0.5428098852873339	0.6358905064472944
0.6203541546140959	0.5595836456736191
0.41356943640939725	0.457841164642052
0.41356943640939725	0.5087124051578354
0.6978984239408579	0.5341480254157273
0.49111370573615926	0.5595836456736191
0.6978984239408579	0.38153430386837667
0.49111370573615926	0.4324055443841602
0.465265615960572	0.33066306335259305
0.41356943640939725	0.27979182283680953
0.5686579750629213	0.48327678489994375
0.5945060648385085	0.38153430386837667
0.4394175261849846	0.38153430386837667
0.465265615960572	0.4324055443841602
0.5686579750629213	0.38153430386837667
0.2584808977558733	0.4324055443841602
0.4394175261849846	0.38153430386837667
0.33602516708263525	0.48327678489994375
0.465265615960572	0.38153430386837667
0.5945060648385085	0.5595836456736191
0.36187325685822264	0.48327678489994375
0.36187325685822264	0.33066306335259305
0.31017707730704797	0.457841164642052
0.36187325685822264	0.48327678489994375
0.36187325685822264	0.48327678489994375
0.5169617955117466	0.6867617469630779
0.41356943640939725	0.33066306335259305
0.49111370573615926	0.40696992412626837
0.36187325685822264	0.40696992412626837
0.5945060648385085	0.6613261267051861
0.41356943640939725	0.5087124051578354
0.4394175261849846	0.2543562025789177
0.465265615960572	0.27979182283680953
0.31017707730704797	0.48327678489994375
0.5169617955117466	0.6358905064472944
0.41356943640939725	0.38153430386837667
0.465265615960572	0.35609868361048486
0.5428098852873339	0.2543562025789177
0.2584808977558733	0.38153430386837667
0.5945060648385085	0.5087124051578354
0.465265615960572	0.457841164642052
0.5169617955117466	0.457841164642052
0.49111370573615926	0.38153430386837667
0.465265615960572	0.38153430386837667
0.36187325685822264	0.228920582321026
0.36187325685822264	0.4324055443841602
0.5686579750629213	0.38153430386837667
0.33602516708263525	0.457841164642052
0.18093662842911132	0.30522744309470135
0.38772134663380997	0.4324055443841602
0.20678471820469863	0.27979182283680953
0.5169617955117466	0.35609868361048486
0.31017707730704797	0.30522744309470135
0.33602516708263525	0.228920582321026
0.5686579750629213	0.5087124051578354
0.465265615960572	0.40696992412626837
0.5169617955117466	0.27979182283680953
0.465265615960572	0.30522744309470135
0.38772134663380997	0.40696992412626837
0.5169617955117466	0.38153430386837667
0.36187325685822264	0.48327678489994375
0.41356943640939725	0.6613261267051861
0.2584808977558733	0.4324055443841602
0.33602516708263525	0.33066306335259305
0.4394175261849846	0.40696992412626837
0.232632807980286	0.27979182283680953
0.41356943640939725	0.40696992412626837
0.41356943640939725	0.2543562025789177
0.232632807980286	0.33066306335259305
0.38772134663380997	0.20348496206313418
0.41356943640939725	0.27979182283680953
0.4394175261849846	0.35609868361048486
0.5686579750629213	0.48327678489994375
0.36187325685822264	0.33066306335259305
0.4394175261849846	0.15261372154735067
0.2584808977558733	0.2543562025789177
0.38772134663380997	0.20348496206313418
0.28432898753146063	0.27979182283680953
0.6203541546140959	0.40696992412626837
0.38772134663380997	0.38153430386837667
