WT	KO
0.3780283129679647	0.1239986487572224
0.2520188753119765	0.3719959462716672
0.504037750623953	0.2479972975144448
0.6300471882799411	0.619993243786112
1.008075501247906	0.7439918925433344
0.8820660635919176	0.2479972975144448
0.0	0.2479972975144448
0.504037750623953	0.9919891900577792
0.504037750623953	0.619993243786112
1.638122689527847	0.619993243786112
0.7560566259359294	0.619993243786112
0.3780283129679647	0.619993243786112
0.3780283129679647	0.0
0.3780283129679647	0.1239986487572224
0.8820660635919176	0.8679905413005569
1.008075501247906	1.239986487572224
0.3780283129679647	0.619993243786112
0.3780283129679647	0.619993243786112
1.008075501247906	0.619993243786112
0.7560566259359294	0.9919891900577792
0.8820660635919176	0.619993243786112
0.6300471882799411	0.619993243786112
0.504037750623953	0.4959945950288896
0.7560566259359294	0.4959945950288896
0.8820660635919176	0.4959945950288896
0.3780283129679647	0.3719959462716672
0.504037750623953	0.8679905413005569
0.504037750623953	0.4959945950288896
0.8820660635919176	0.9919891900577792
1.134084938903894	0.9919891900577792
0.8820660635919176	0.8679905413005569
0.12600943765598824	0.2479972975144448
0.3780283129679647	0.4959945950288896
0.7560566259359294	0.2479972975144448
0.8820660635919176	0.619993243786112
0.12600943765598824	0.3719959462716672
0.6300471882799411	0.4959945950288896
1.2600943765598822	0.8679905413005569
0.6300471882799411	0.8679905413005569
1.134084938903894	0.7439918925433344
0.504037750623953	0.3719959462716672
0.504037750623953	0.619993243786112
0.3780283129679647	0.4959945950288896
0.2520188753119765	1.239986487572224
0.8820660635919176	0.7439918925433344
1.2600943765598822	0.4959945950288896
0.3780283129679647	0.619993243786112
0.504037750623953	0.3719959462716672
0.7560566259359294	0.9919891900577792
0.7560566259359294	0.7439918925433344
0.504037750623953	0.619993243786112
0.2520188753119765	0.4959945950288896
0.8820660635919176	0.8679905413005569
1.134084938903894	1.239986487572224
1.2600943765598822	0.8679905413005569
0.8820660635919176	0.8679905413005569
0.7560566259359294	0.2479972975144448
0.8820660635919176	0.2479972975144448
0.3780283129679647	0.8679905413005569
0.7560566259359294	0.619993243786112
0.7560566259359294	1.1159878388150017
0.7560566259359294	0.9919891900577792
0.6300471882799411	0.8679905413005569
0.504037750623953	1.239986487572224
0.7560566259359294	0.3719959462716672
1.134084938903894	0.619993243786112
0.6300471882799411	0.619993243786112
0.7560566259359294	0.2479972975144448
0.7560566259359294	0.1239986487572224
0.3780283129679647	0.2479972975144448
0.8820660635919176	0.4959945950288896
0.8820660635919176	1.4879837850866688
0.6300471882799411	0.3719959462716672
1.5121132518718587	0.7439918925433344
0.8820660635919176	0.619993243786112
0.8820660635919176	0.7439918925433344
0.2520188753119765	0.3719959462716672
0.6300471882799411	0.619993243786112
1.134084938903894	0.7439918925433344
0.7560566259359294	1.1159878388150017
0.7560566259359294	0.4959945950288896
0.6300471882799411	0.4959945950288896
0.2520188753119765	0.2479972975144448
0.8820660635919176	0.3719959462716672
0.7560566259359294	0.3719959462716672
1.134084938903894	0.7439918925433344
0.6300471882799411	0.8679905413005569
0.8820660635919176	1.239986487572224
0.3780283129679647	1.1159878388150017
0.504037750623953	0.4959945950288896
0.6300471882799411	0.1239986487572224
0.3780283129679647	0.2479972975144448
0.8820660635919176	0.619993243786112
0.8820660635919176	0.8679905413005569
0.6300471882799411	1.1159878388150017
0.504037750623953	0.2479972975144448
0.12600943765598824	0.1239986487572224
0.2520188753119765	0.1239986487572224
0.8820660635919176	0.4959945950288896
0.12600943765598824	0.619993243786112
0.2520188753119765	0.2479972975144448
0.3780283129679647	0.3719959462716672
0.7560566259359294	0.2479972975144448
0.6300471882799411	0.4959945950288896
0.6300471882799411	0.7439918925433344
0.504037750623953	0.2479972975144448
0.2520188753119765	0.4959945950288896
0.6300471882799411	0.3719959462716672
0.7560566259359294	0.4959945950288896
0.8820660635919176	0.4959945950288896
0.6300471882799411	0.7439918925433344
0.504037750623953	0.3719959462716672
0.504037750623953	0.7439918925433344
0.7560566259359294	0.3719959462716672
1.134084938903894	0.619993243786112
0.504037750623953	0.619993243786112
0.504037750623953	0.2479972975144448
0.3780283129679647	0.2479972975144448
0.504037750623953	0.619993243786112
0.8820660635919176	0.4959945950288896
0.504037750623953	0.619993243786112
0.6300471882799411	1.239986487572224
0.8820660635919176	0.8679905413005569
0.504037750623953	0.4959945950288896
0.8820660635919176	0.4959945950288896
0.6300471882799411	0.7439918925433344
0.0	0.2479972975144448
0.504037750623953	0.8679905413005569
0.6300471882799411	0.619993243786112
1.008075501247906	0.7439918925433344
0.8820660635919176	0.7439918925433344
0.12600943765598824	0.619993243786112
0.0	0.0
0.6300471882799411	0.3719959462716672
0.7560566259359294	0.619993243786112
1.5121132518718587	0.9919891900577792
1.008075501247906	0.7439918925433344
0.7560566259359294	0.8679905413005569
0.12600943765598824	0.2479972975144448
0.504037750623953	0.1239986487572224
0.3780283129679647	0.0
0.2520188753119765	0.4959945950288896
0.3780283129679647	0.9919891900577792
0.6300471882799411	0.4959945950288896
0.504037750623953	0.619993243786112
0.8820660635919176	1.1159878388150017
1.134084938903894	0.8679905413005569
0.12600943765598824	0.3719959462716672
0.504037750623953	0.4959945950288896
0.2520188753119765	0.3719959462716672
1.134084938903894	0.619993243786112
0.2520188753119765	0.7439918925433344
0.12600943765598824	0.2479972975144448
0.504037750623953	0.619993243786112
0.504037750623953	0.2479972975144448
0.2520188753119765	0.1239986487572224
0.504037750623953	0.4959945950288896
1.008075501247906	1.239986487572224
0.6300471882799411	0.8679905413005569
0.3780283129679647	0.4959945950288896
0.504037750623953	0.7439918925433344
0.504037750623953	0.7439918925433344
0.2520188753119765	0.3719959462716672
0.504037750623953	0.1239986487572224
0.2520188753119765	0.3719959462716672
0.2520188753119765	0.2479972975144448
0.6300471882799411	0.3719959462716672
0.8820660635919176	0.7439918925433344
1.2600943765598822	0.7439918925433344
0.2520188753119765	0.3719959462716672
0.2520188753119765	0.2479972975144448
0.2520188753119765	0.2479972975144448
0.2520188753119765	0.4959945950288896
0.6300471882799411	0.4959945950288896
0.2520188753119765	0.4959945950288896
0.504037750623953	0.3719959462716672
0.504037750623953	0.3719959462716672
0.3780283129679647	0.1239986487572224
0.504037750623953	0.7439918925433344
0.6300471882799411	0.4959945950288896
0.3780283129679647	0.2479972975144448
0.8820660635919176	0.4959945950288896
0.504037750623953	0.1239986487572224
0.2520188753119765	0.2479972975144448
0.504037750623953	0.1239986487572224
0.2520188753119765	0.1239986487572224
0.504037750623953	0.3719959462716672
0.3780283129679647	0.1239986487572224
0.8820660635919176	0.2479972975144448
0.504037750623953	0.8679905413005569
0.2520188753119765	0.1239986487572224
0.504037750623953	0.1239986487572224
0.6300471882799411	0.3719959462716672
0.3780283129679647	0.619993243786112
0.6300471882799411	0.7439918925433344
0.6300471882799411	0.4959945950288896
0.12600943765598824	0.4959945950288896
0.2520188753119765	0.3719959462716672
0.504037750623953	0.3719959462716672
0.6300471882799411	0.1239986487572224
