DKO	Bcl6KO
0.23907781920693694	0.2987670360450528
0.20492384503451738	0.24897253003754402
0.3756937158966152	0.3817578793909009
0.3756937158966152	0.331963373383392
0.10246192251725869	0.24897253003754402
0.3415397417241956	0.3983560480600704
0.5123096125862935	0.2655706987067136
0.23907781920693694	0.3153652047142224
0.20492384503451738	0.1991780240300352
0.1707698708620978	0.4315523853984097
0.23907781920693694	0.41495421672924004
0.23907781920693694	0.24897253003754402
0.546463586758713	0.3485615420525616
0.06830794834483912	0.2821688673758832
0.40984769006903476	0.23237436136837442
0.30738576755177605	0.3153652047142224
0.2732317933793565	0.21577619269920484
0.40984769006903476	0.3817578793909009
0.4440016642414544	0.3817578793909009
0.5123096125862935	0.44815055406757925
0.3756937158966152	0.5311413974134273
0.546463586758713	0.36515971072173126
0.546463586758713	0.3485615420525616
0.4781556384138739	0.2821688673758832
0.2732317933793565	0.2987670360450528
0.40984769006903476	0.4813468914059184
0.30738576755177605	0.24897253003754402
0.6147715351035521	0.4813468914059184
0.546463586758713	0.2987670360450528
0.2732317933793565	0.41495421672924004
0.6489255092759717	0.5477395660825969
0.5806175609311326	0.41495421672924004
0.6489255092759717	0.5145432287442576
0.23907781920693694	0.3153652047142224
0.20492384503451738	0.21577619269920484
0.2732317933793565	0.3485615420525616
0.4781556384138739	0.49794506007508804
0.6489255092759717	0.3983560480600704
0.3756937158966152	0.331963373383392
0.23907781920693694	0.2821688673758832
0.2732317933793565	0.44815055406757925
0.546463586758713	0.36515971072173126
0.4781556384138739	0.49794506007508804
0.7513874317932304	0.3817578793909009
0.6489255092759717	0.46474872273674883
0.3756937158966152	0.3817578793909009
0.30738576755177605	0.46474872273674883
0.5123096125862935	0.331963373383392
0.6489255092759717	0.3983560480600704
0.4440016642414544	0.5643377347517664
0.30738576755177605	0.41495421672924004
0.40984769006903476	0.44815055406757925
0.30738576755177605	0.44815055406757925
0.3415397417241956	0.4315523853984097
0.30738576755177605	0.46474872273674883
0.5123096125862935	0.580935903420936
0.4781556384138739	0.2655706987067136
0.3756937158966152	0.46474872273674883
0.546463586758713	0.580935903420936
0.7172334576208108	0.5477395660825969
0.6147715351035521	0.4315523853984097
0.546463586758713	0.49794506007508804
0.20492384503451738	0.4315523853984097
0.5123096125862935	0.5311413974134273
0.4781556384138739	0.5477395660825969
0.546463586758713	0.3983560480600704
0.4781556384138739	0.3817578793909009
0.4440016642414544	0.4315523853984097
0.23907781920693694	0.5311413974134273
0.6830794834483912	0.36515971072173126
0.5123096125862935	0.8631047707968194
0.5806175609311326	0.663926746766784
0.40984769006903476	0.5311413974134273
0.4781556384138739	0.5643377347517664
0.546463586758713	0.5145432287442576
0.546463586758713	0.580935903420936
0.4781556384138739	0.5145432287442576
0.546463586758713	0.4813468914059184
0.6830794834483912	0.6307304094284448
0.6489255092759717	0.4813468914059184
0.5806175609311326	0.44815055406757925
0.546463586758713	0.5145432287442576
0.40984769006903476	0.5311413974134273
0.5123096125862935	0.663926746766784
0.7172334576208108	0.5975340720901056
0.7513874317932304	0.5477395660825969
0.546463586758713	0.4813468914059184
0.4440016642414544	0.5145432287442576
0.8538493543104891	0.746917590112632
0.8538493543104891	0.6971230841051232
0.5806175609311326	0.4813468914059184
0.9563112768277477	0.6141322407592752
0.7513874317932304	0.7967120961201408
0.4781556384138739	0.663926746766784
0.5806175609311326	0.49794506007508804
0.4440016642414544	0.46474872273674883
0.8196953801380695	0.663926746766784
0.6147715351035521	0.5145432287442576
0.8538493543104891	0.5643377347517664
0.6830794834483912	0.46474872273674883
0.40984769006903476	0.2987670360450528
0.78554140596565	0.580935903420936
0.546463586758713	0.7967120961201408
0.6830794834483912	0.663926746766784
0.5123096125862935	0.746917590112632
0.30738576755177605	0.3817578793909009
0.4440016642414544	0.5477395660825969
0.9563112768277477	0.6473285780976145
0.9904652510001674	0.8963011081351585
0.30738576755177605	0.23237436136837442
0.6147715351035521	0.580935903420936
0.40984769006903476	0.4315523853984097
0.5123096125862935	0.5311413974134273
0.6147715351035521	0.6971230841051232
0.6147715351035521	0.4813468914059184
0.6830794834483912	0.7303194214434625
0.546463586758713	0.2987670360450528
0.30738576755177605	0.2987670360450528
0.3415397417241956	0.4315523853984097
0.78554140596565	0.7303194214434625
0.8880033284829087	0.746917590112632
0.3756937158966152	0.49794506007508804
0.546463586758713	0.3817578793909009
0.3756937158966152	0.3983560480600704
0.6830794834483912	0.5477395660825969
0.8538493543104891	0.7137212527742928
0.6489255092759717	0.44815055406757925
0.30738576755177605	0.2655706987067136
0.20492384503451738	0.3485615420525616
0.40984769006903476	0.3817578793909009
0.9221573026553284	0.7303194214434625
0.3756937158966152	0.21577619269920484
0.23907781920693694	0.44815055406757925
0.40984769006903476	0.1493835180225264
0.4440016642414544	0.49794506007508804
0.3756937158966152	0.7137212527742928
0.6147715351035521	0.5643377347517664
0.546463586758713	0.46474872273674883
0.6147715351035521	0.3817578793909009
0.2732317933793565	0.46474872273674883
0.5806175609311326	0.5311413974134273
0.40984769006903476	0.44815055406757925
0.7172334576208108	0.5643377347517664
0.546463586758713	0.3983560480600704
0.20492384503451738	0.3983560480600704
0.6830794834483912	0.41495421672924004
0.4781556384138739	0.46474872273674883
0.20492384503451738	0.49794506007508804
0.7513874317932304	0.49794506007508804
0.40984769006903476	0.2987670360450528
0.7172334576208108	0.5477395660825969
0.4781556384138739	0.46474872273674883
0.6147715351035521	0.3817578793909009
0.4781556384138739	0.4315523853984097
0.40984769006903476	0.4315523853984097
0.5806175609311326	0.41495421672924004
0.6489255092759717	0.2987670360450528
0.40984769006903476	0.6473285780976145
0.3415397417241956	0.2987670360450528
0.546463586758713	0.5311413974134273
0.5123096125862935	0.3485615420525616
0.2732317933793565	0.21577619269920484
0.4440016642414544	0.4315523853984097
0.30738576755177605	0.3983560480600704
0.4781556384138739	0.3983560480600704
0.6147715351035521	0.4813468914059184
0.3415397417241956	0.44815055406757925
0.3415397417241956	0.165981686691696
0.3756937158966152	0.331963373383392
0.4440016642414544	0.3983560480600704
0.6147715351035521	0.49794506007508804
0.30738576755177605	0.3817578793909009
0.6830794834483912	0.7303194214434625
0.546463586758713	0.46474872273674883
0.7513874317932304	0.41495421672924004
0.5806175609311326	0.36515971072173126
0.5123096125862935	0.23237436136837442
0.40984769006903476	0.3817578793909009
0.3415397417241956	0.49794506007508804
0.23907781920693694	0.24897253003754402
0.40984769006903476	0.36515971072173126
0.4440016642414544	0.3817578793909009
0.40984769006903476	0.2655706987067136
0.40984769006903476	0.44815055406757925
0.546463586758713	0.331963373383392
0.4440016642414544	0.3153652047142224
0.23907781920693694	0.2821688673758832
0.20492384503451738	0.2655706987067136
0.3415397417241956	0.5145432287442576
0.40984769006903476	0.331963373383392
0.20492384503451738	0.21577619269920484
0.4440016642414544	0.41495421672924004
0.23907781920693694	0.21577619269920484
0.1707698708620978	0.1991780240300352
0.30738576755177605	0.36515971072173126
0.23907781920693694	0.24897253003754402
0.4781556384138739	0.36515971072173126
0.1707698708620978	0.1991780240300352
0.1707698708620978	0.1327853493533568
0.4781556384138739	0.23237436136837442
