DKO	Bcl6KO
0.08438040677891892	0.24604344144886706
0.42190203389459463	0.28705068169034487
0.5062824406735136	0.36906516217330054
0.2531412203367568	0.36906516217330054
0.08438040677891892	0.12302172072443353
0.3375216271156757	0.28705068169034487
0.6750432542313514	0.28705068169034487
0.16876081355783784	0.24604344144886706
0.3375216271156757	0.3280579219318227
0.3375216271156757	0.08201448048295568
0.08438040677891892	0.24604344144886706
0.08438040677891892	0.3280579219318227
0.08438040677891892	0.2050362012073892
0.3375216271156757	0.24604344144886706
0.3375216271156757	0.24604344144886706
0.08438040677891892	0.04100724024147784
0.0	0.12302172072443353
0.08438040677891892	0.12302172072443353
0.3375216271156757	0.12302172072443353
0.42190203389459463	0.24604344144886706
0.08438040677891892	0.0
0.5906628474524325	0.4510796426562563
0.42190203389459463	0.24604344144886706
0.2531412203367568	0.16402896096591135
0.16876081355783784	0.12302172072443353
0.08438040677891892	0.04100724024147784
0.2531412203367568	0.12302172072443353
0.08438040677891892	0.24604344144886706
0.16876081355783784	0.2050362012073892
0.3375216271156757	0.24604344144886706
0.0	0.04100724024147784
0.2531412203367568	0.08201448048295568
0.2531412203367568	0.24604344144886706
0.3375216271156757	0.12302172072443353
0.42190203389459463	0.3280579219318227
0.3375216271156757	0.4920868828977341
0.2531412203367568	0.4100724024147784
0.16876081355783784	0.24604344144886706
0.5062824406735136	0.24604344144886706
0.3375216271156757	0.4920868828977341
0.6750432542313514	0.4510796426562563
0.2531412203367568	0.24604344144886706
0.2531412203367568	0.16402896096591135
0.0	0.24604344144886706
0.08438040677891892	0.16402896096591135
0.0	0.24604344144886706
0.3375216271156757	0.24604344144886706
0.7594236610102704	0.36906516217330054
0.2531412203367568	0.16402896096591135
0.3375216271156757	0.24604344144886706
0.2531412203367568	0.36906516217330054
0.2531412203367568	0.12302172072443353
0.5062824406735136	0.28705068169034487
0.6750432542313514	0.4510796426562563
0.2531412203367568	0.3280579219318227
0.2531412203367568	0.16402896096591135
0.16876081355783784	0.24604344144886706
0.3375216271156757	0.3280579219318227
0.3375216271156757	0.4510796426562563
0.5906628474524325	0.5741013633806897
0.5062824406735136	0.4510796426562563
0.5062824406735136	0.36906516217330054
0.2531412203367568	0.3280579219318227
0.2531412203367568	0.4920868828977341
0.5062824406735136	0.4510796426562563
0.2531412203367568	0.16402896096591135
0.16876081355783784	0.3280579219318227
0.08438040677891892	0.16402896096591135
0.0	0.36906516217330054
0.3375216271156757	0.3280579219318227
0.2531412203367568	0.2050362012073892
0.16876081355783784	0.3280579219318227
0.16876081355783784	0.12302172072443353
0.08438040677891892	0.4510796426562563
0.3375216271156757	0.3280579219318227
0.2531412203367568	0.3280579219318227
0.2531412203367568	0.3280579219318227
0.16876081355783784	0.28705068169034487
0.2531412203367568	0.24604344144886706
0.3375216271156757	0.2050362012073892
0.3375216271156757	0.4100724024147784
0.42190203389459463	0.3280579219318227
0.42190203389459463	0.24604344144886706
0.42190203389459463	0.28705068169034487
0.2531412203367568	0.28705068169034487
0.6750432542313514	0.3280579219318227
0.5062824406735136	0.4100724024147784
0.8438040677891893	0.28705068169034487
0.5062824406735136	0.36906516217330054
0.2531412203367568	0.2050362012073892
0.5062824406735136	0.36906516217330054
0.42190203389459463	0.16402896096591135
0.16876081355783784	0.4100724024147784
0.3375216271156757	0.5330941231392119
0.3375216271156757	0.24604344144886706
0.3375216271156757	0.28705068169034487
0.0	0.12302172072443353
0.0	0.08201448048295568
0.0	0.0
0.3375216271156757	0.6561158438636454
1.0969452881259458	1.025181006036946
0.5062824406735136	0.5330941231392119
0.0	0.16402896096591135
0.0	0.16402896096591135
0.16876081355783784	0.28705068169034487
0.42190203389459463	0.4100724024147784
0.3375216271156757	0.4100724024147784
0.42190203389459463	0.24604344144886706
0.2531412203367568	0.36906516217330054
0.2531412203367568	0.24604344144886706
0.2531412203367568	0.4920868828977341
0.3375216271156757	0.5330941231392119
0.3375216271156757	0.24604344144886706
0.3375216271156757	0.3280579219318227
0.5062824406735136	0.24604344144886706
0.5906628474524325	0.4510796426562563
1.0125648813470272	1.1482027267613795
0.3375216271156757	0.5330941231392119
0.42190203389459463	0.4100724024147784
0.5062824406735136	0.4920868828977341
0.5906628474524325	0.16402896096591135
0.7594236610102704	0.2050362012073892
0.5906628474524325	0.6151086036221676
0.42190203389459463	0.5330941231392119
0.2531412203367568	0.3280579219318227
0.08438040677891892	0.24604344144886706
0.2531412203367568	0.4510796426562563
0.2531412203367568	0.4920868828977341
0.5062824406735136	0.3280579219318227
0.5906628474524325	0.28705068169034487
0.42190203389459463	0.4920868828977341
0.5906628474524325	0.6561158438636454
0.16876081355783784	0.4100724024147784
0.16876081355783784	0.3280579219318227
0.42190203389459463	0.2050362012073892
0.5906628474524325	0.3280579219318227
0.9281844745681083	0.4100724024147784
0.3375216271156757	0.24604344144886706
0.5906628474524325	0.4510796426562563
0.3375216271156757	0.36906516217330054
0.5062824406735136	0.4510796426562563
0.42190203389459463	0.24604344144886706
0.2531412203367568	0.4100724024147784
1.0125648813470272	0.5741013633806897
0.5906628474524325	0.4510796426562563
0.7594236610102704	0.4510796426562563
0.3375216271156757	0.28705068169034487
0.3375216271156757	0.28705068169034487
0.16876081355783784	0.36906516217330054
0.08438040677891892	0.24604344144886706
0.2531412203367568	0.36906516217330054
0.8438040677891893	0.6971230841051232
0.8438040677891893	0.6561158438636454
1.0125648813470272	0.5330941231392119
0.5906628474524325	0.4920868828977341
0.2531412203367568	0.4510796426562563
0.2531412203367568	0.28705068169034487
0.2531412203367568	0.4100724024147784
0.3375216271156757	0.28705068169034487
0.3375216271156757	0.3280579219318227
0.5906628474524325	0.5330941231392119
0.0	0.24604344144886706
0.3375216271156757	0.2050362012073892
0.42190203389459463	0.5741013633806897
0.2531412203367568	0.12302172072443353
0.3375216271156757	0.24604344144886706
0.3375216271156757	0.36906516217330054
0.3375216271156757	0.24604344144886706
0.3375216271156757	0.4510796426562563
0.7594236610102704	0.4920868828977341
0.42190203389459463	0.4100724024147784
0.42190203389459463	0.24604344144886706
0.2531412203367568	0.4510796426562563
0.3375216271156757	0.3280579219318227
0.3375216271156757	0.3280579219318227
0.2531412203367568	0.4510796426562563
0.3375216271156757	0.28705068169034487
0.08438040677891892	0.24604344144886706
0.3375216271156757	0.3280579219318227
0.3375216271156757	0.4510796426562563
0.2531412203367568	0.3280579219318227
0.3375216271156757	0.4100724024147784
0.2531412203367568	0.16402896096591135
0.3375216271156757	0.28705068169034487
0.5906628474524325	0.7791375645880789
0.42190203389459463	0.4510796426562563
0.5906628474524325	0.4100724024147784
0.3375216271156757	0.28705068169034487
0.08438040677891892	0.2050362012073892
0.42190203389459463	0.24604344144886706
0.3375216271156757	0.24604344144886706
0.7594236610102704	0.4100724024147784
0.5062824406735136	0.4920868828977341
0.16876081355783784	0.28705068169034487
0.42190203389459463	0.36906516217330054
0.2531412203367568	0.28705068169034487
0.08438040677891892	0.24604344144886706
0.3375216271156757	0.24604344144886706
0.3375216271156757	0.08201448048295568
0.42190203389459463	0.4100724024147784
