DKO	Bcl6KO
0.4303400745724865	0.3625040037346641
0.1721360298289946	0.20913692523153696
0.22951470643865948	0.3346190803704592
0.3442720596579892	0.4182738504630739
0.5164080894869838	0.40433138878097147
0.22951470643865948	0.1673095401852296
0.3729613979628217	0.13942461682102467
0.2582040447434919	0.23702184859574194
0.1721360298289946	0.18125200186733206
0.14344669152416217	0.20913692523153696
0.28689338304832435	0.2927916953241518
0.3729613979628217	0.3346190803704592
0.20082536813382706	0.3067341570062542
0.40165073626765413	0.4322163121451764
0.45902941287731897	0.2509643102778444
0.22951470643865948	0.2509643102778444
0.1721360298289946	0.19519446354943454
0.2582040447434919	0.23702184859574194
0.1721360298289946	0.32067661868835673
0.3442720596579892	0.23702184859574194
0.3729613979628217	0.3625040037346641
0.1721360298289946	0.22307938691363946
0.28689338304832435	0.22307938691363946
0.2582040447434919	0.2509643102778444
0.40165073626765413	0.3346190803704592
0.22951470643865948	0.4461587738272789
0.3442720596579892	0.2509643102778444
0.3729613979628217	0.32067661868835673
0.40165073626765413	0.4461587738272789
0.14344669152416217	0.3625040037346641
0.3729613979628217	0.27884923364204933
0.14344669152416217	0.3764464654167666
0.3729613979628217	0.4182738504630739
0.659854781011146	0.3764464654167666
0.6024761044014811	0.599525852330406
0.6024761044014811	0.3903889270988691
0.40165073626765413	0.3346190803704592
0.5450974277918162	0.48798615887358626
0.2582040447434919	0.3485615420525616
0.4877187511821514	0.4182738504630739
0.659854781011146	0.47404369719148387
0.4877187511821514	0.48798615887358626
0.40165073626765413	0.3764464654167666
0.28689338304832435	0.40433138878097147
0.28689338304832435	0.22307938691363946
0.4303400745724865	0.3764464654167666
0.4877187511821514	0.4182738504630739
0.4303400745724865	0.47404369719148387
0.45902941287731897	0.3625040037346641
0.45902941287731897	0.48798615887358626
0.45902941287731897	0.46010123550938137
0.5450974277918162	0.4322163121451764
0.28689338304832435	0.3485615420525616
0.45902941287731897	0.5437560056019961
0.5737867660966487	0.47404369719148387
0.5164080894869838	0.3903889270988691
0.4877187511821514	0.4182738504630739
0.6885441193159784	0.47404369719148387
0.5450974277918162	0.6134683140125085
0.7172334576208108	0.5298135439198937
0.8319908108401405	0.5437560056019961
0.45902941287731897	0.5158710822377912
0.7172334576208108	0.40433138878097147
0.45902941287731897	0.5019286205556888
0.7172334576208108	0.3903889270988691
0.40165073626765413	0.3625040037346641
0.5450974277918162	0.5855833906483036
0.3729613979628217	0.571640928966201
0.3729613979628217	0.48798615887358626
0.4877187511821514	0.5437560056019961
0.7172334576208108	0.599525852330406
0.5737867660966487	0.5437560056019961
0.6024761044014811	0.5158710822377912
0.6311654427063136	0.5437560056019961
0.5450974277918162	0.5298135439198937
0.7172334576208108	0.47404369719148387
0.45902941287731897	0.3903889270988691
0.7746121342304758	0.6274107756946109
0.6311654427063136	0.5298135439198937
0.860680149144973	0.7668353925156356
0.5450974277918162	0.47404369719148387
0.3729613979628217	0.4461587738272789
0.5164080894869838	0.5576984672840987
0.4877187511821514	0.46010123550938137
0.3442720596579892	0.4182738504630739
0.5450974277918162	0.3903889270988691
0.3442720596579892	0.3067341570062542
0.3729613979628217	0.48798615887358626
0.5164080894869838	0.5158710822377912
0.3442720596579892	0.3764464654167666
0.4303400745724865	0.26490677195994683
0.5164080894869838	0.5019286205556888
0.7459227959256434	0.6552956990588158
0.5450974277918162	0.7668353925156356
0.4303400745724865	0.48798615887358626
0.4303400745724865	0.32067661868835673
0.28689338304832435	0.5298135439198937
0.7746121342304758	0.6134683140125085
0.4303400745724865	0.6413532373767135
0.3442720596579892	0.22307938691363946
0.14344669152416217	0.06971230841051233
0.3442720596579892	0.22307938691363946
0.6024761044014811	0.599525852330406
0.7746121342304758	0.6552956990588158
0.5737867660966487	0.5158710822377912
0.22951470643865948	0.4322163121451764
0.7172334576208108	0.5855833906483036
0.7459227959256434	0.6552956990588158
0.8033014725353083	0.6274107756946109
0.45902941287731897	0.46010123550938137
0.2582040447434919	0.3625040037346641
0.45902941287731897	0.3485615420525616
0.3442720596579892	0.46010123550938137
0.3442720596579892	0.4182738504630739
0.3442720596579892	0.4322163121451764
0.3442720596579892	0.32067661868835673
0.5164080894869838	0.27884923364204933
0.5164080894869838	0.48798615887358626
0.3442720596579892	0.3764464654167666
0.3729613979628217	0.5019286205556888
0.7746121342304758	0.5576984672840987
0.4877187511821514	0.47404369719148387
0.5450974277918162	0.4322163121451764
0.6024761044014811	0.7110655457872257
0.5164080894869838	0.7389504691514307
0.4303400745724865	0.5158710822377912
0.40165073626765413	0.5158710822377912
0.2582040447434919	0.5576984672840987
0.7746121342304758	0.5437560056019961
0.4303400745724865	0.46010123550938137
0.40165073626765413	0.4461587738272789
0.5450974277918162	0.571640928966201
0.5450974277918162	0.599525852330406
0.5164080894869838	0.48798615887358626
0.6885441193159784	0.48798615887358626
0.45902941287731897	0.48798615887358626
0.6024761044014811	0.6274107756946109
0.3155827213531568	0.47404369719148387
0.4877187511821514	0.4182738504630739
0.45902941287731897	0.3903889270988691
0.40165073626765413	0.5158710822377912
0.45902941287731897	0.6971230841051232
0.5450974277918162	0.5298135439198937
0.3729613979628217	0.571640928966201
0.40165073626765413	0.5158710822377912
0.45902941287731897	0.3903889270988691
0.6024761044014811	0.4461587738272789
0.5164080894869838	0.5019286205556888
0.4303400745724865	0.48798615887358626
0.5164080894869838	0.4182738504630739
0.5450974277918162	0.5298135439198937
0.3729613979628217	0.2927916953241518
0.3442720596579892	0.3625040037346641
0.3442720596579892	0.23702184859574194
0.40165073626765413	0.3067341570062542
0.3729613979628217	0.4182738504630739
0.28689338304832435	0.46010123550938137
0.45902941287731897	0.3903889270988691
0.6024761044014811	0.3067341570062542
0.28689338304832435	0.3067341570062542
0.22951470643865948	0.2927916953241518
0.14344669152416217	0.26490677195994683
0.28689338304832435	0.47404369719148387
0.4877187511821514	0.40433138878097147
0.3729613979628217	0.3485615420525616
0.40165073626765413	0.23702184859574194
0.22951470643865948	0.3764464654167666
0.2582040447434919	0.3764464654167666
0.22951470643865948	0.3067341570062542
0.3729613979628217	0.19519446354943454
0.2582040447434919	0.26490677195994683
0.20082536813382706	0.20913692523153696
0.28689338304832435	0.3067341570062542
0.20082536813382706	0.32067661868835673
0.4303400745724865	0.4461587738272789
0.3729613979628217	0.3067341570062542
0.3155827213531568	0.26490677195994683
0.20082536813382706	0.20913692523153696
0.20082536813382706	0.20913692523153696
0.3155827213531568	0.27884923364204933
0.28689338304832435	0.32067661868835673
0.45902941287731897	0.3485615420525616
0.3442720596579892	0.3764464654167666
0.11475735321932974	0.13942461682102467
0.5164080894869838	0.26490677195994683
0.3442720596579892	0.27884923364204933
0.40165073626765413	0.23702184859574194
0.5450974277918162	0.3625040037346641
0.1721360298289946	0.27884923364204933
0.05737867660966487	0.20913692523153696
0.2582040447434919	0.2509643102778444
0.3442720596579892	0.27884923364204933
0.3155827213531568	0.20913692523153696
0.1721360298289946	0.1673095401852296
0.11475735321932974	0.2509643102778444
0.20082536813382706	0.26490677195994683
0.1721360298289946	0.22307938691363946
0.14344669152416217	0.3485615420525616
0.2582040447434919	0.3067341570062542
0.28689338304832435	0.26490677195994683
