WT	KO
0.3614507775847525	0.4426605499900561
0.18072538879237626	0.22133027499502805
0.18072538879237626	0.22133027499502805
0.5421761663771287	0.8853210999801122
0.18072538879237626	0.22133027499502805
0.722901555169505	0.4426605499900561
0.0	0.8853210999801122
0.3614507775847525	0.4426605499900561
0.3614507775847525	0.4426605499900561
1.0843523327542575	0.6639908249850841
0.18072538879237626	0.6639908249850841
0.18072538879237626	0.4426605499900561
0.18072538879237626	0.0
0.722901555169505	0.8853210999801122
0.18072538879237626	0.22133027499502805
0.3614507775847525	1.1066513749751403
0.5421761663771287	1.7706421999602244
0.3614507775847525	0.6639908249850841
0.18072538879237626	0.4426605499900561
0.0	0.22133027499502805
0.0	0.6639908249850841
0.5421761663771287	0.0
0.5421761663771287	0.22133027499502805
0.18072538879237626	0.22133027499502805
0.5421761663771287	0.6639908249850841
0.3614507775847525	0.8853210999801122
0.18072538879237626	0.8853210999801122
0.0	0.22133027499502805
0.0	0.0
0.0	0.0
0.0	0.22133027499502805
0.18072538879237626	0.8853210999801122
0.0	0.4426605499900561
0.18072538879237626	0.0
0.722901555169505	0.6639908249850841
0.0	0.0
0.18072538879237626	0.6639908249850841
0.722901555169505	0.4426605499900561
0.9036269439618813	1.1066513749751403
0.5421761663771287	0.22133027499502805
0.0	0.22133027499502805
0.18072538879237626	0.4426605499900561
0.3614507775847525	0.22133027499502805
1.0843523327542575	0.4426605499900561
0.9036269439618813	0.6639908249850841
0.9036269439618813	0.6639908249850841
0.3614507775847525	0.22133027499502805
0.0	0.0
0.3614507775847525	0.4426605499900561
0.5421761663771287	1.1066513749751403
0.18072538879237626	0.6639908249850841
0.18072538879237626	0.22133027499502805
0.3614507775847525	0.8853210999801122
0.5421761663771287	0.22133027499502805
0.3614507775847525	0.6639908249850841
0.9036269439618813	0.8853210999801122
0.18072538879237626	0.6639908249850841
0.722901555169505	1.1066513749751403
0.18072538879237626	0.6639908249850841
0.722901555169505	1.3279816499701682
1.0843523327542575	1.9919724749552525
0.3614507775847525	0.4426605499900561
0.722901555169505	0.8853210999801122
0.0	0.4426605499900561
0.3614507775847525	0.4426605499900561
0.18072538879237626	0.22133027499502805
0.5421761663771287	0.0
1.2650777215466338	0.4426605499900561
0.18072538879237626	0.6639908249850841
0.722901555169505	0.8853210999801122
0.18072538879237626	0.8853210999801122
0.3614507775847525	0.6639908249850841
0.3614507775847525	0.6639908249850841
0.3614507775847525	0.8853210999801122
0.9036269439618813	1.9919724749552525
0.3614507775847525	0.8853210999801122
0.3614507775847525	0.4426605499900561
0.18072538879237626	0.22133027499502805
0.18072538879237626	0.6639908249850841
0.3614507775847525	0.22133027499502805
0.3614507775847525	0.22133027499502805
0.18072538879237626	0.6639908249850841
0.722901555169505	0.8853210999801122
0.5421761663771287	0.8853210999801122
0.0	0.6639908249850841
0.3614507775847525	1.1066513749751403
0.722901555169505	1.1066513749751403
0.9036269439618813	0.8853210999801122
0.9036269439618813	0.6639908249850841
0.3614507775847525	0.4426605499900561
0.5421761663771287	0.0
0.722901555169505	0.4426605499900561
0.3614507775847525	1.5493119249651963
0.722901555169505	0.8853210999801122
0.5421761663771287	0.4426605499900561
0.18072538879237626	0.6639908249850841
0.722901555169505	0.22133027499502805
0.9036269439618813	0.6639908249850841
0.9036269439618813	0.6639908249850841
0.722901555169505	0.6639908249850841
0.18072538879237626	1.5493119249651963
1.0843523327542575	0.8853210999801122
0.722901555169505	1.3279816499701682
0.5421761663771287	1.5493119249651963
0.722901555169505	1.5493119249651963
0.18072538879237626	0.8853210999801122
0.3614507775847525	1.1066513749751403
0.722901555169505	1.5493119249651963
0.3614507775847525	1.1066513749751403
0.5421761663771287	0.6639908249850841
0.5421761663771287	0.0
0.5421761663771287	0.8853210999801122
0.9036269439618813	0.6639908249850841
0.5421761663771287	0.8853210999801122
0.722901555169505	1.5493119249651963
0.3614507775847525	1.3279816499701682
0.3614507775847525	0.6639908249850841
1.44580311033901	1.1066513749751403
0.722901555169505	0.4426605499900561
0.5421761663771287	1.1066513749751403
1.0843523327542575	1.7706421999602244
1.0843523327542575	0.6639908249850841
0.3614507775847525	0.4426605499900561
0.3614507775847525	0.6639908249850841
0.18072538879237626	0.22133027499502805
0.722901555169505	1.1066513749751403
1.2650777215466338	1.3279816499701682
0.5421761663771287	0.6639908249850841
0.3614507775847525	0.22133027499502805
0.5421761663771287	0.8853210999801122
0.5421761663771287	0.8853210999801122
0.3614507775847525	0.6639908249850841
0.3614507775847525	0.22133027499502805
0.5421761663771287	0.22133027499502805
0.18072538879237626	0.0
0.5421761663771287	0.6639908249850841
0.5421761663771287	0.6639908249850841
0.0	0.4426605499900561
0.0	0.22133027499502805
0.0	0.4426605499900561
0.3614507775847525	0.6639908249850841
0.722901555169505	1.1066513749751403
0.5421761663771287	0.4426605499900561
0.3614507775847525	0.0
0.0	0.6639908249850841
0.722901555169505	1.3279816499701682
1.44580311033901	1.9919724749552525
0.722901555169505	1.1066513749751403
0.0	0.22133027499502805
0.5421761663771287	0.6639908249850841
0.0	0.0
0.9036269439618813	0.6639908249850841
0.3614507775847525	0.8853210999801122
0.722901555169505	0.22133027499502805
0.0	0.8853210999801122
0.0	0.22133027499502805
0.0	1.1066513749751403
0.722901555169505	0.22133027499502805
0.18072538879237626	0.8853210999801122
1.2650777215466338	1.1066513749751403
0.0	0.0
0.18072538879237626	0.22133027499502805
0.0	0.0
0.0	0.22133027499502805
0.18072538879237626	1.3279816499701682
0.722901555169505	0.8853210999801122
0.3614507775847525	0.22133027499502805
0.18072538879237626	0.6639908249850841
0.0	0.22133027499502805
0.18072538879237626	0.6639908249850841
0.5421761663771287	0.4426605499900561
0.3614507775847525	0.8853210999801122
0.18072538879237626	0.8853210999801122
1.2650777215466338	1.5493119249651963
0.5421761663771287	0.6639908249850841
0.3614507775847525	0.6639908249850841
0.0	0.22133027499502805
0.18072538879237626	0.22133027499502805
0.722901555169505	0.22133027499502805
0.9036269439618813	0.4426605499900561
0.722901555169505	0.4426605499900561
0.0	0.4426605499900561
0.18072538879237626	0.8853210999801122
0.5421761663771287	0.0
0.3614507775847525	0.22133027499502805
0.3614507775847525	0.6639908249850841
0.0	0.6639908249850841
0.18072538879237626	0.0
0.18072538879237626	0.0
0.18072538879237626	0.6639908249850841
0.18072538879237626	0.0
0.5421761663771287	0.4426605499900561
0.18072538879237626	0.0
0.18072538879237626	0.4426605499900561
0.3614507775847525	1.1066513749751403
0.18072538879237626	0.22133027499502805
0.722901555169505	0.6639908249850841
0.18072538879237626	0.22133027499502805
0.18072538879237626	0.22133027499502805
0.0	0.6639908249850841
