WT	KO
0.7745373805387553	0.7904652678393859
0.7745373805387553	1.1066513749751403
1.419985197654385	1.4228374821108947
1.1618060708081333	1.1066513749751403
0.5163582536925035	0.948558321407263
0.38726869026937766	1.1066513749751403
0.7745373805387553	1.4228374821108947
0.6454478171156295	0.948558321407263
0.25817912684625177	0.31618610713575435
0.25817912684625177	0.4742791607036315
0.9036269439618813	0.4742791607036315
0.9036269439618813	0.7904652678393859
1.032716507385007	0.6323722142715087
0.5163582536925035	1.1066513749751403
0.6454478171156295	0.4742791607036315
0.5163582536925035	1.2647444285430174
0.9036269439618813	1.1066513749751403
0.7745373805387553	0.7904652678393859
0.12908956342312589	0.15809305356787717
0.6454478171156295	0.6323722142715087
0.9036269439618813	0.15809305356787717
0.6454478171156295	0.6323722142715087
0.38726869026937766	0.7904652678393859
0.12908956342312589	0.31618610713575435
0.5163582536925035	0.4742791607036315
0.7745373805387553	0.4742791607036315
0.9036269439618813	1.2647444285430174
1.290895634231259	1.1066513749751403
0.6454478171156295	0.948558321407263
0.5163582536925035	0.6323722142715087
1.419985197654385	0.948558321407263
1.290895634231259	1.7390235892466488
1.6781643245006368	1.4228374821108947
0.6454478171156295	0.31618610713575435
0.38726869026937766	0.31618610713575435
0.25817912684625177	0.4742791607036315
0.9036269439618813	0.4742791607036315
1.032716507385007	1.1066513749751403
0.38726869026937766	0.6323722142715087
0.7745373805387553	0.948558321407263
0.7745373805387553	0.948558321407263
1.290895634231259	1.1066513749751403
1.8072538879237625	1.2647444285430174
0.5163582536925035	0.15809305356787717
0.5163582536925035	0.15809305356787717
0.38726869026937766	0.6323722142715087
1.1618060708081333	1.1066513749751403
1.6781643245006368	1.897116642814526
1.1618060708081333	1.7390235892466488
1.5490747610775106	1.7390235892466488
0.7745373805387553	1.2647444285430174
0.9036269439618813	0.948558321407263
0.6454478171156295	1.1066513749751403
1.1618060708081333	0.6323722142715087
0.7745373805387553	0.948558321407263
0.9036269439618813	0.4742791607036315
1.1618060708081333	1.7390235892466488
1.6781643245006368	2.8456749642217893
1.8072538879237625	1.2647444285430174
0.6454478171156295	0.948558321407263
1.1618060708081333	0.15809305356787717
1.290895634231259	1.1066513749751403
1.419985197654385	0.948558321407263
1.419985197654385	1.2647444285430174
0.7745373805387553	0.6323722142715087
1.032716507385007	0.948558321407263
1.5490747610775106	1.4228374821108947
1.290895634231259	1.2647444285430174
0.7745373805387553	1.5809305356787717
1.032716507385007	1.1066513749751403
1.290895634231259	0.948558321407263
0.38726869026937766	1.2647444285430174
1.1618060708081333	0.7904652678393859
2.065433014770014	1.7390235892466488
1.1618060708081333	1.5809305356787717
1.419985197654385	1.1066513749751403
0.6454478171156295	0.0
0.7745373805387553	0.31618610713575435
1.6781643245006368	0.948558321407263
1.5490747610775106	1.4228374821108947
1.419985197654385	1.2647444285430174
0.9036269439618813	0.948558321407263
0.9036269439618813	0.4742791607036315
1.1618060708081333	0.948558321407263
0.5163582536925035	1.5809305356787717
1.5490747610775106	0.948558321407263
1.290895634231259	1.2647444285430174
1.032716507385007	0.6323722142715087
1.1618060708081333	1.4228374821108947
1.419985197654385	0.4742791607036315
0.9036269439618813	0.948558321407263
2.065433014770014	2.0552096963824034
1.6781643245006368	1.5809305356787717
0.9036269439618813	0.7904652678393859
0.6454478171156295	0.7904652678393859
1.6781643245006368	1.7390235892466488
2.19452257819314	1.897116642814526
2.065433014770014	1.7390235892466488
1.419985197654385	0.6323722142715087
0.6454478171156295	0.6323722142715087
0.7745373805387553	0.7904652678393859
1.032716507385007	0.948558321407263
2.452701705039392	2.2133027499502806
0.9036269439618813	1.1066513749751403
1.032716507385007	0.7904652678393859
0.5163582536925035	0.4742791607036315
0.25817912684625177	0.31618610713575435
2.065433014770014	1.5809305356787717
1.5490747610775106	1.2647444285430174
0.38726869026937766	0.948558321407263
1.032716507385007	1.1066513749751403
1.032716507385007	1.2647444285430174
1.290895634231259	1.5809305356787717
0.9036269439618813	0.948558321407263
0.6454478171156295	0.6323722142715087
1.1618060708081333	1.2647444285430174
0.38726869026937766	0.4742791607036315
1.419985197654385	1.2647444285430174
1.9363434513468885	1.4228374821108947
0.25817912684625177	0.6323722142715087
0.6454478171156295	0.948558321407263
0.9036269439618813	0.948558321407263
1.5490747610775106	1.5809305356787717
1.419985197654385	0.7904652678393859
1.290895634231259	1.5809305356787717
1.290895634231259	2.2133027499502806
1.290895634231259	1.4228374821108947
0.9036269439618813	1.1066513749751403
1.5490747610775106	1.2647444285430174
1.032716507385007	0.948558321407263
0.9036269439618813	1.5809305356787717
0.9036269439618813	1.1066513749751403
1.290895634231259	1.1066513749751403
1.8072538879237625	1.1066513749751403
0.7745373805387553	0.31618610713575435
0.7745373805387553	0.6323722142715087
0.0	0.0
0.38726869026937766	0.15809305356787717
1.419985197654385	0.6323722142715087
1.1618060708081333	0.948558321407263
1.290895634231259	1.2647444285430174
0.5163582536925035	0.7904652678393859
0.0	0.31618610713575435
0.5163582536925035	0.31618610713575435
1.290895634231259	0.948558321407263
1.1618060708081333	1.4228374821108947
0.9036269439618813	1.4228374821108947
0.38726869026937766	0.4742791607036315
0.38726869026937766	0.15809305356787717
0.25817912684625177	0.31618610713575435
1.1618060708081333	0.7904652678393859
1.1618060708081333	1.2647444285430174
0.6454478171156295	0.6323722142715087
1.032716507385007	0.6323722142715087
0.5163582536925035	0.4742791607036315
1.032716507385007	0.948558321407263
0.5163582536925035	1.2647444285430174
0.38726869026937766	0.4742791607036315
0.9036269439618813	1.2647444285430174
1.032716507385007	0.7904652678393859
1.032716507385007	0.948558321407263
0.6454478171156295	0.7904652678393859
0.25817912684625177	0.31618610713575435
0.5163582536925035	0.4742791607036315
0.25817912684625177	0.4742791607036315
0.0	0.0
0.5163582536925035	0.31618610713575435
0.25817912684625177	0.4742791607036315
0.7745373805387553	0.4742791607036315
0.7745373805387553	0.15809305356787717
1.032716507385007	0.948558321407263
0.9036269439618813	0.6323722142715087
0.5163582536925035	0.948558321407263
0.5163582536925035	0.4742791607036315
0.5163582536925035	0.31618610713575435
0.12908956342312589	0.4742791607036315
0.0	0.4742791607036315
0.5163582536925035	0.6323722142715087
0.7745373805387553	1.1066513749751403
0.6454478171156295	0.6323722142715087
0.38726869026937766	0.7904652678393859
0.38726869026937766	0.4742791607036315
1.032716507385007	0.31618610713575435
0.12908956342312589	0.4742791607036315
0.38726869026937766	0.31618610713575435
0.5163582536925035	0.31618610713575435
0.9036269439618813	1.1066513749751403
0.5163582536925035	0.4742791607036315
1.290895634231259	1.2647444285430174
1.419985197654385	1.1066513749751403
1.032716507385007	0.4742791607036315
1.1618060708081333	0.4742791607036315
0.38726869026937766	0.0
0.38726869026937766	0.4742791607036315
1.032716507385007	0.948558321407263
0.9036269439618813	0.31618610713575435
0.25817912684625177	0.4742791607036315
0.0	0.31618610713575435
0.38726869026937766	0.6323722142715087
0.7745373805387553	0.7904652678393859
