DKO	Prdm1KO
0.2625870885274608	0.28391257008712767
0.2398943771732358	0.28774922643965645
0.26582890443520724	0.23787269385678267
0.26096618057358756	0.24938266291436892
0.26907072034295365	0.23787269385678267
0.2301689294499965	0.22252606844666767
0.24313619308098225	0.23787269385678267
0.2723125362507001	0.23787269385678267
0.27393344420457333	0.29542253914471395
0.27879616806619295	0.3069325082023002
0.2496198248964751	0.23019938115172517
0.24151528512710901	0.25321931926689767
0.27555435215844654	0.27240260102954145
0.2625870885274608	0.2263627247991964
0.2820379839739394	0.19566947397896636
0.27717526011231974	0.2340360375042539
0.29986797146654476	0.2608926319719552
0.27393344420457333	0.2186894120941389
0.27393344420457333	0.26472928832448395
0.26096618057358756	0.2186894120941389
0.2625870885274608	0.24554600656184017
0.2496198248964751	0.26856594467701267
0.27393344420457333	0.18799616127390886
0.27393344420457333	0.29542253914471395
0.2674498123890805	0.25705597561942645
0.26582890443520724	0.27623925738207017
0.26907072034295365	0.26472928832448395
0.26582890443520724	0.28391257008712767
0.27879616806619295	0.3146058209073577
0.3144561430514037	0.31076916455482895
0.3144561430514037	0.3222791336124152
0.27717526011231974	0.26856594467701267
0.30148887942041797	0.27623925738207017
0.3258024987285162	0.25321931926689767
0.29662615555879834	0.29542253914471395
0.31931886691302336	0.29158588279218517
0.324181590774643	0.27240260102954145
0.31121432714365727	0.27623925738207017
0.31931886691302336	0.3376257590225302
0.3322861305440091	0.29158588279218517
0.3225606828207698	0.29542253914471395
0.3225606828207698	0.3606456971377027
0.3290443146362626	0.341462415375059
0.3565997498521073	0.3299524463174727
0.30635160328203764	0.3836656352528753
0.3630833816676001	0.372155666195289
0.3339070384978823	0.3644823534902315
0.3225606828207698	0.31844247725988645
0.3258024987285162	0.30309585184977145
0.3614624737137269	0.30309585184977145
0.3582206578059805	0.3529723844326452
0.3647042896214734	0.3299524463174727
0.3322861305440091	0.27240260102954145
0.3614624737137269	0.3299524463174727
0.3387697623595019	0.31076916455482895
0.3679461055292198	0.3990122606629903
0.3582206578059805	0.35680904078517395
0.4019851725605573	0.3990122606629903
0.39874335665281085	0.42586885513069156
0.3760506452985859	0.3913389479579327
0.3452533941749948	0.341462415375059
0.392259724837318	0.41819554242563406
0.41981516005316266	0.4527254495983928
0.39874335665281085	0.4373788241882778
0.34039067031337517	0.3452990717275877
0.38739700097569835	0.3376257590225302
0.3825342771140787	0.35680904078517395
0.38739700097569835	0.341462415375059
0.4279196998225287	0.4143588860731053
0.41008971232992336	0.3913389479579327
0.39550154074506444	0.3913389479579327
0.3565997498521073	0.42586885513069156
0.3890179089295716	0.42586885513069156
0.35497884189823403	0.3146058209073577
0.392259724837318	0.3529723844326452
0.41333152823766983	0.3337891026700015
0.32742340668238945	0.3222791336124152
0.39063881688344476	0.41819554242563406
0.41333152823766983	0.4143588860731053
0.40522698846830374	0.44121548054080656
0.41171062028379657	0.3913389479579327
0.3339070384978823	0.26472928832448395
0.3436324862211216	0.3644823534902315
0.3825342771140787	0.326115789964944
0.3501161180366144	0.3452990717275877
0.3225606828207698	0.3146058209073577
0.30959341918978406	0.28391257008712767
0.3031097873742912	0.25705597561942645
0.3306652225901358	0.31844247725988645
0.37929246120633225	0.44121548054080656
0.3647042896214734	0.372155666195289
0.5284159929626681	0.6100283600520717
0.3971224486989377	0.40284891701551906
0.4230569759609091	0.433542167835749
0.3420115782672483	0.26472928832448395
0.5511087043168931	0.5639884838217266
0.7310294871968199	0.7136180815703479
0.6645722610880181	0.6790881743975892
0.3890179089295716	0.372155666195289
0.1653326112950679	0.1534662541011501
0.15560716357182863	0.13811962869103508
0.40522698846830374	0.341462415375059
0.656467721318652	0.667578205340003
0.768310370135904	0.7097814252178193
0.6370168258721735	0.5563151711166692
0.31931886691302336	0.3146058209073577
0.41008971232992336	0.3376257590225302
0.39874335665281085	0.40284891701551906
0.44574968731513415	0.4373788241882778
0.3679461055292198	0.38750229160540406
0.3436324862211216	0.3376257590225302
0.38739700097569835	0.31076916455482895
0.324181590774643	0.3337891026700015
0.35984156575985377	0.326115789964944
0.30959341918978406	0.3146058209073577
0.3452533941749948	0.3069325082023002
0.3501161180366144	0.3452990717275877
0.35497884189823403	0.3299524463174727
0.41981516005316266	0.448888793245864
0.39388063279119123	0.448888793245864
0.40522698846830374	0.3337891026700015
0.3711879214369662	0.29925919549724267
0.40522698846830374	0.3376257590225302
0.3776715532524591	0.3836656352528753
0.4441287793612609	0.3836656352528753
0.42629879186865555	0.3529723844326452
0.4214360680070359	0.3529723844326452
0.384155185067952	0.3222791336124152
0.39874335665281085	0.4105222297205765
0.4084688043760502	0.3683190098427602
0.34687430212886794	0.3990122606629903
0.3760506452985859	0.3644823534902315
0.39063881688344476	0.4220321987781628
0.3776715532524591	0.3606456971377027
0.38739700097569835	0.45656210595092156
0.39874335665281085	0.38750229160540406
0.3711879214369662	0.41819554242563406
0.44574968731513415	0.326115789964944
0.3647042896214734	0.3222791336124152
0.3614624737137269	0.3376257590225302
0.33552794645175554	0.29925919549724267
0.35984156575985377	0.28007591373459895
0.3533579339443609	0.25321931926689767
0.3322861305440091	0.27240260102954145
0.29014252374330546	0.3452990717275877
0.3776715532524591	0.3376257590225302
0.3047306953281644	0.341462415375059
0.3517370259904877	0.40284891701551906
0.3322861305440091	0.31844247725988645
0.3339070384978823	0.3222791336124152
0.3371488544056287	0.29925919549724267
0.30797251123591085	0.28007591373459895
0.30635160328203764	0.3337891026700015
0.3760506452985859	0.3644823534902315
0.3825342771140787	0.3606456971377027
0.3258024987285162	0.35680904078517395
0.3436324862211216	0.24554600656184017
0.3225606828207698	0.29925919549724267
0.30635160328203764	0.29158588279218517
0.324181590774643	0.3069325082023002
0.30959341918978406	0.28007591373459895
0.3582206578059805	0.35680904078517395
0.33552794645175554	0.31844247725988645
0.28041707602006616	0.25321931926689767
0.3436324862211216	0.3069325082023002
0.2950052476049251	0.28391257008712767
0.2917634316971787	0.341462415375059
0.3711879214369662	0.38750229160540406
0.30635160328203764	0.29158588279218517
0.24637800898872866	0.25705597561942645
0.26096618057358756	0.26472928832448395
0.29824706351267155	0.26472928832448395
0.3339070384978823	0.3299524463174727
0.30797251123591085	0.3376257590225302
0.2820379839739394	0.27623925738207017
0.2723125362507001	0.2186894120941389
0.28041707602006616	0.22252606844666767
0.324181590774643	0.3222791336124152
0.31121432714365727	0.27240260102954145
0.2723125362507001	0.26856594467701267
0.30635160328203764	0.25705597561942645
0.27555435215844654	0.24170935020931145
0.29986797146654476	0.26472928832448395
0.2577243646658412	0.25705597561942645
0.2577243646658412	0.25321931926689767
0.2496198248964751	0.24554600656184017
0.24799891694260187	0.24554600656184017
0.26420799648133403	0.29542253914471395
0.2398943771732358	0.3222791336124152
0.2512407328503483	0.25321931926689767
0.2577243646658412	0.27240260102954145
0.28041707602006616	0.2110160993890814
0.2723125362507001	0.2608926319719552
0.2512407328503483	0.22252606844666767
0.23827346921936257	0.26856594467701267
0.26096618057358756	0.22252606844666767
0.2674498123890805	0.2608926319719552
0.29014252374330546	0.25705597561942645
0.2398943771732358	0.22252606844666767
0.2269271135422501	0.26472928832448395
