DKO	Prdm1KO
0.40258084183676984	0.38979270898018187
0.30967757064366913	0.38979270898018187
0.35096791339615835	0.4356506747425562
0.44387118458925906	0.550295589148492
0.3612904990842806	0.5961535549108663
0.43354859890113684	0.45857965762374336
0.5058066987179929	0.48150864050493053
0.38193567046052523	0.6420115206732406
0.43354859890113684	0.48150864050493053
0.5161292844061153	0.45857965762374336
0.4851615273417483	0.5961535549108663
0.49548411302987067	0.550295589148492
0.6400003126635829	0.45857965762374336
0.5470970414704821	0.6190825377920535
0.5367744557823598	0.6649405035544278
0.5264518700942376	0.8254433837227381
0.609032555599216	0.5732245720296791
0.6400003126635829	0.8025144008415508
0.681290655416072	0.7795854179603637
0.7741939266091727	0.7107984693168021
0.5161292844061153	0.5732245720296791
0.5264518700942376	0.38979270898018187
0.5161292844061153	0.5044376233861176
0.681290655416072	0.7566564350791765
0.7432261695448059	0.5732245720296791
0.7019358267923167	0.6190825377920535
0.5470970414704821	0.45857965762374336
0.5161292844061153	0.6649405035544278
0.5883873842229713	0.2522188116930588
0.40258084183676984	0.36686372609899465
0.45419377027738145	0.3210057603366203
0.681290655416072	0.550295589148492
0.681290655416072	0.7795854179603637
0.7845165122972951	0.7107984693168021
0.6916132411041943	0.687869486435615
0.6193551412873383	0.550295589148492
0.6606454840398275	0.7337274521979893
0.6400003126635829	0.8942303323662995
0.5367744557823598	0.48150864050493053
0.5677422128467268	0.36686372609899465
0.5058066987179929	0.550295589148492
0.7019358267923167	1.0088752467722353
0.8670971978022737	0.687869486435615
0.6606454840398275	0.5961535549108663
0.681290655416072	0.7795854179603637
0.5574196271586045	0.5732245720296791
0.5987099699110937	0.5732245720296791
0.5264518700942376	0.6649405035544278
0.6400003126635829	0.7566564350791765
0.7535487552329282	0.8483723666039251
0.5883873842229713	0.8942303323662995
0.7225809981685613	0.8483723666039251
0.609032555599216	0.6190825377920535
0.712258412480439	0.8025144008415508
0.6400003126635829	0.687869486435615
0.6916132411041943	0.6420115206732406
0.7329035838566835	0.8025144008415508
0.7225809981685613	0.6190825377920535
0.6709680697279498	0.6190825377920535
0.9600004689953743	1.0088752467722353
0.8051616836735397	1.123520161178171
0.6400003126635829	0.6649405035544278
0.6709680697279498	0.6649405035544278
0.6503228983517052	0.5732245720296791
0.5883873842229713	0.5732245720296791
0.6503228983517052	0.6420115206732406
0.6709680697279498	0.7795854179603637
0.7845165122972951	1.0547332125346096
0.7535487552329282	0.7107984693168021
0.712258412480439	0.7337274521979893
0.7638713409210505	0.6649405035544278
0.6916132411041943	0.5732245720296791
0.6709680697279498	0.8942303323662995
0.712258412480439	0.6420115206732406
0.8361294407379066	0.6649405035544278
0.8051616836735397	1.0547332125346096
0.9703230546834966	0.8713013494851124
0.7225809981685613	0.550295589148492
0.7638713409210505	0.8713013494851124
0.6606454840398275	0.5044376233861176
0.7019358267923167	0.7107984693168021
1.0012908117478636	1.0088752467722353
0.7535487552329282	0.7566564350791765
0.7845165122972951	1.123520161178171
0.7329035838566835	0.7566564350791765
0.681290655416072	0.8713013494851124
0.7845165122972951	0.7337274521979893
0.6400003126635829	0.550295589148492
0.5470970414704821	0.8483723666039251
0.6296777269754605	0.687869486435615
0.5470970414704821	0.48150864050493053
0.6296777269754605	0.4356506747425562
0.5367744557823598	0.38979270898018187
0.43354859890113684	0.3210057603366203
0.5058066987179929	0.45857965762374336
0.38193567046052523	0.275147794574246
0.32000015633179146	0.38979270898018187
0.18580654238620148	0.20636084593068452
0.25806464220305764	0.16050288016831016
0.9290327119310073	0.8254433837227381
1.0219359831241082	1.0088752467722353
0.8051616836735397	0.8025144008415508
0.2890323992674245	0.29807677745543315
0.18580654238620148	0.137573897287123
0.38193567046052523	0.3210057603366203
0.38193567046052523	0.5273666062673048
0.43354859890113684	0.36686372609899465
0.44387118458925906	0.41272169186136903
0.6193551412873383	0.5961535549108663
0.7432261695448059	0.687869486435615
0.8567746121141512	0.9400882981286738
0.5264518700942376	0.7337274521979893
0.7741939266091727	0.8713013494851124
0.6193551412873383	0.7337274521979893
0.815484269361662	0.687869486435615
0.9496778833072521	1.100591178296984
0.815484269361662	1.0088752467722353
0.9290327119310073	0.9630172810098611
0.8051616836735397	0.7795854179603637
0.8774197834903958	0.8254433837227381
0.712258412480439	0.8942303323662995
0.6400003126635829	0.45857965762374336
0.7535487552329282	0.7566564350791765
0.6503228983517052	0.5961535549108663
0.7019358267923167	0.6649405035544278
0.8980649548666404	0.8025144008415508
0.7638713409210505	0.7566564350791765
0.7845165122972951	0.6649405035544278
0.7019358267923167	0.5273666062673048
0.7225809981685613	0.7107984693168021
0.7741939266091727	0.7107984693168021
0.9187101262428851	0.7566564350791765
0.7432261695448059	0.8254433837227381
0.5987099699110937	0.7337274521979893
0.7638713409210505	0.7566564350791765
0.8361294407379066	0.6190825377920535
0.7535487552329282	1.100591178296984
0.6503228983517052	0.7337274521979893
0.45419377027738145	0.41272169186136903
0.7225809981685613	0.550295589148492
0.7432261695448059	0.8483723666039251
0.8670971978022737	0.8483723666039251
0.7638713409210505	0.8025144008415508
0.8258068550497843	0.8483723666039251
0.7019358267923167	0.8483723666039251
0.7638713409210505	0.6649405035544278
0.7535487552329282	0.7795854179603637
0.7535487552329282	0.8942303323662995
0.5367744557823598	0.48150864050493053
0.6193551412873383	0.7566564350791765
0.6400003126635829	0.8713013494851124
0.7432261695448059	0.9400882981286738
0.6709680697279498	0.7795854179603637
0.6400003126635829	0.550295589148492
0.609032555599216	0.6420115206732406
0.7638713409210505	0.8254433837227381
0.7741939266091727	0.7337274521979893
0.8051616836735397	0.687869486435615
0.6709680697279498	0.687869486435615
0.6606454840398275	0.687869486435615
0.5677422128467268	0.8713013494851124
0.7432261695448059	0.5044376233861176
0.5987099699110937	0.6649405035544278
0.5574196271586045	0.48150864050493053
0.6503228983517052	0.7337274521979893
0.5470970414704821	0.4356506747425562
0.6296777269754605	0.8025144008415508
0.47483894165362606	0.6190825377920535
0.45419377027738145	0.48150864050493053
0.712258412480439	0.8483723666039251
0.609032555599216	0.7107984693168021
0.7019358267923167	0.3439347432178075
0.681290655416072	0.8483723666039251
0.6709680697279498	0.8254433837227381
0.609032555599216	0.6190825377920535
0.47483894165362606	0.5273666062673048
0.44387118458925906	0.4356506747425562
0.5677422128467268	0.36686372609899465
0.5161292844061153	0.38979270898018187
0.6193551412873383	0.4356506747425562
0.578064798534849	0.48150864050493053
0.5161292844061153	0.5732245720296791
0.609032555599216	0.687869486435615
0.6709680697279498	0.5732245720296791
0.5677422128467268	0.5961535549108663
0.49548411302987067	0.5273666062673048
0.578064798534849	0.41272169186136903
0.6296777269754605	0.6420115206732406
0.5367744557823598	0.6190825377920535
0.5677422128467268	0.45857965762374336
0.609032555599216	0.6649405035544278
0.6400003126635829	0.5044376233861176
0.609032555599216	0.550295589148492
0.5470970414704821	0.6649405035544278
0.3612904990842806	0.36686372609899465
0.45419377027738145	0.38979270898018187
0.5367744557823598	0.5961535549108663
0.5677422128467268	0.5961535549108663
0.7329035838566835	0.7337274521979893
0.6296777269754605	0.38979270898018187
