WT	KO
0.14294995688278625	0.4282931672803527
0.2144249353241794	0.2855287781869018
0.2144249353241794	0.4282931672803527
0.5003248490897519	0.5710575563738036
0.4288498706483588	0.5710575563738036
0.35737489220696567	0.5710575563738036
0.2858999137655725	0.21414658364017636
0.2858999137655725	0.3569109727336273
0.4288498706483588	0.3569109727336273
0.5003248490897519	0.4282931672803527
0.7862247628553245	0.6424397509205292
0.4288498706483588	0.4996753618270782
0.5003248490897519	0.6424397509205292
0.571799827531145	0.6424397509205292
0.6432748059725383	0.6424397509205292
0.571799827531145	0.927968529107431
0.7147497844139313	0.5710575563738036
0.6432748059725383	0.7138219454672546
0.9291747197381108	0.4282931672803527
0.7147497844139313	0.927968529107431
0.571799827531145	0.4996753618270782
0.5003248490897519	0.3569109727336273
0.2858999137655725	0.4282931672803527
0.6432748059725383	0.7138219454672546
0.8576997412967176	0.7138219454672546
0.5003248490897519	0.4282931672803527
0.2144249353241794	0.2855287781869018
0.7147497844139313	0.4282931672803527
0.6432748059725383	0.7138219454672546
0.5003248490897519	0.7138219454672546
0.5003248490897519	0.4282931672803527
0.571799827531145	0.6424397509205292
0.571799827531145	0.7138219454672546
0.2858999137655725	0.6424397509205292
0.571799827531145	0.9993507236541564
0.7862247628553245	0.4996753618270782
0.571799827531145	0.6424397509205292
0.4288498706483588	0.6424397509205292
0.8576997412967176	0.6424397509205292
0.5003248490897519	0.5710575563738036
0.7147497844139313	0.7138219454672546
0.2144249353241794	0.1427643890934509
0.571799827531145	0.4282931672803527
0.2858999137655725	0.21414658364017636
0.6432748059725383	0.6424397509205292
0.5003248490897519	0.6424397509205292
0.2858999137655725	0.3569109727336273
0.571799827531145	0.7138219454672546
0.2858999137655725	0.8565863345607054
0.571799827531145	0.7852041400139801
0.35737489220696567	0.4282931672803527
0.6432748059725383	0.8565863345607054
0.7862247628553245	1.1421151127476072
0.6432748059725383	0.7852041400139801
0.35737489220696567	0.3569109727336273
0.14294995688278625	0.4282931672803527
0.4288498706483588	0.6424397509205292
0.35737489220696567	0.6424397509205292
0.6432748059725383	0.7138219454672546
0.5003248490897519	0.21414658364017636
0.14294995688278625	0.2855287781869018
0.5003248490897519	0.2855287781869018
0.6432748059725383	0.6424397509205292
1.0006496981795039	0.7138219454672546
1.14359965506229	0.7852041400139801
0.9291747197381108	0.927968529107431
0.35737489220696567	0.9993507236541564
0.6432748059725383	1.1421151127476072
0.7862247628553245	1.2134973072943327
0.8576997412967176	0.5710575563738036
0.4288498706483588	0.21414658364017636
0.4288498706483588	0.5710575563738036
0.5003248490897519	0.8565863345607054
0.6432748059725383	1.2848795018410584
0.9291747197381108	1.3562616963877838
0.7147497844139313	0.927968529107431
0.571799827531145	0.7852041400139801
0.4288498706483588	0.3569109727336273
0.7862247628553245	0.7138219454672546
0.571799827531145	0.6424397509205292
0.4288498706483588	0.5710575563738036
0.2144249353241794	0.4996753618270782
0.7147497844139313	0.4996753618270782
0.4288498706483588	0.4996753618270782
0.35737489220696567	0.3569109727336273
0.5003248490897519	0.7852041400139801
0.5003248490897519	0.7852041400139801
0.35737489220696567	0.4282931672803527
0.5003248490897519	0.4996753618270782
0.2144249353241794	0.3569109727336273
0.2144249353241794	0.3569109727336273
0.2144249353241794	0.07138219454672545
0.6432748059725383	0.3569109727336273
1.072124676620897	0.5710575563738036
0.07147497844139312	0.2855287781869018
0.4288498706483588	0.0
0.35737489220696567	0.1427643890934509
0.2144249353241794	0.07138219454672545
0.35737489220696567	0.1427643890934509
0.5003248490897519	0.3569109727336273
0.571799827531145	0.2855287781869018
0.571799827531145	0.6424397509205292
0.14294995688278625	0.6424397509205292
0.14294995688278625	0.21414658364017636
0.2144249353241794	0.6424397509205292
0.35737489220696567	0.4282931672803527
0.4288498706483588	0.8565863345607054
0.8576997412967176	0.9993507236541564
0.6432748059725383	0.7138219454672546
0.6432748059725383	0.5710575563738036
0.35737489220696567	0.21414658364017636
0.6432748059725383	0.4282931672803527
0.571799827531145	1.0707329182008818
0.7862247628553245	0.7852041400139801
0.571799827531145	0.3569109727336273
0.7147497844139313	0.6424397509205292
0.7147497844139313	0.7852041400139801
1.0006496981795039	1.0707329182008818
0.5003248490897519	0.7852041400139801
0.9291747197381108	0.8565863345607054
0.6432748059725383	0.6424397509205292
0.7147497844139313	0.5710575563738036
0.6432748059725383	0.927968529107431
0.571799827531145	0.7852041400139801
0.5003248490897519	0.7138219454672546
0.14294995688278625	0.3569109727336273
0.2144249353241794	0.21414658364017636
0.07147497844139312	0.2855287781869018
0.6432748059725383	0.4282931672803527
0.6432748059725383	0.5710575563738036
0.4288498706483588	0.5710575563738036
0.8576997412967176	0.7138219454672546
0.4288498706483588	0.4282931672803527
0.35737489220696567	0.4282931672803527
0.2858999137655725	0.3569109727336273
0.2858999137655725	0.6424397509205292
0.7862247628553245	0.927968529107431
0.2858999137655725	0.6424397509205292
0.5003248490897519	0.3569109727336273
0.2144249353241794	0.7852041400139801
0.4288498706483588	0.5710575563738036
0.35737489220696567	0.2855287781869018
0.2144249353241794	0.4996753618270782
0.4288498706483588	0.5710575563738036
0.7862247628553245	0.927968529107431
0.4288498706483588	0.4282931672803527
0.2144249353241794	0.5710575563738036
0.2144249353241794	0.21414658364017636
0.5003248490897519	0.3569109727336273
0.2144249353241794	0.2855287781869018
0.6432748059725383	0.7138219454672546
0.2144249353241794	0.5710575563738036
0.2858999137655725	0.3569109727336273
0.5003248490897519	0.4996753618270782
0.2144249353241794	0.0
0.5003248490897519	0.4996753618270782
0.14294995688278625	0.21414658364017636
0.0	0.1427643890934509
0.4288498706483588	0.21414658364017636
0.2858999137655725	0.21414658364017636
0.6432748059725383	0.4282931672803527
0.2144249353241794	0.2855287781869018
0.4288498706483588	0.5710575563738036
0.6432748059725383	0.7138219454672546
0.35737489220696567	0.3569109727336273
0.14294995688278625	0.0
0.2858999137655725	0.21414658364017636
0.4288498706483588	0.5710575563738036
0.4288498706483588	0.3569109727336273
0.07147497844139312	0.3569109727336273
0.2858999137655725	0.4282931672803527
0.2144249353241794	0.07138219454672545
0.5003248490897519	0.4282931672803527
0.5003248490897519	0.4282931672803527
0.14294995688278625	0.21414658364017636
0.14294995688278625	0.1427643890934509
0.14294995688278625	0.21414658364017636
0.14294995688278625	0.3569109727336273
0.2144249353241794	0.2855287781869018
0.2858999137655725	0.1427643890934509
0.2144249353241794	0.3569109727336273
0.2144249353241794	0.4282931672803527
0.14294995688278625	0.0
0.07147497844139312	0.21414658364017636
0.2144249353241794	0.2855287781869018
0.14294995688278625	0.0
0.2144249353241794	0.1427643890934509
0.07147497844139312	0.2855287781869018
0.2144249353241794	0.0
0.35737489220696567	0.21414658364017636
0.4288498706483588	0.3569109727336273
0.35737489220696567	0.2855287781869018
0.0	0.2855287781869018
0.07147497844139312	0.4996753618270782
0.2144249353241794	0.4282931672803527
0.35737489220696567	0.2855287781869018
0.14294995688278625	0.0
0.0	0.07138219454672545
0.0	0.07138219454672545
0.14294995688278625	0.3569109727336273
