WT	KO
0.2931789187624316	0.0
0.0	0.0
0.2931789187624316	0.0
0.2931789187624316	0.7579747655809204
0.2931789187624316	0.3789873827904602
0.0	0.0
0.2931789187624316	0.0
0.8795367562872948	0.3789873827904602
0.8795367562872948	0.7579747655809204
0.2931789187624316	0.3789873827904602
0.5863578375248631	0.7579747655809204
0.8795367562872948	0.3789873827904602
0.5863578375248631	1.1369621483713805
0.8795367562872948	0.7579747655809204
0.0	0.0
0.0	0.0
0.5863578375248631	0.0
0.8795367562872948	0.3789873827904602
0.5863578375248631	0.3789873827904602
0.2931789187624316	0.3789873827904602
0.0	0.3789873827904602
0.2931789187624316	0.0
0.0	0.0
0.5863578375248631	1.1369621483713805
0.8795367562872948	0.7579747655809204
0.8795367562872948	0.3789873827904602
0.0	0.0
1.4658945938121581	0.7579747655809204
0.8795367562872948	1.5159495311618407
1.1727156750497263	0.7579747655809204
0.5863578375248631	0.0
0.8795367562872948	0.3789873827904602
0.2931789187624316	0.3789873827904602
0.8795367562872948	0.3789873827904602
1.1727156750497263	1.1369621483713805
0.2931789187624316	0.3789873827904602
0.2931789187624316	1.1369621483713805
0.5863578375248631	0.7579747655809204
1.7590735125745895	1.1369621483713805
1.1727156750497263	1.5159495311618407
0.2931789187624316	0.0
0.5863578375248631	0.0
0.5863578375248631	0.7579747655809204
1.7590735125745895	0.3789873827904602
1.4658945938121581	1.8949369139523011
1.1727156750497263	0.7579747655809204
1.4658945938121581	0.7579747655809204
0.8795367562872948	0.7579747655809204
1.1727156750497263	1.1369621483713805
0.2931789187624316	0.3789873827904602
0.5863578375248631	0.0
0.2931789187624316	0.3789873827904602
0.0	0.0
0.8795367562872948	1.5159495311618407
2.0522524313370214	3.0318990623236814
1.1727156750497263	1.5159495311618407
0.5863578375248631	1.1369621483713805
1.1727156750497263	0.0
1.1727156750497263	0.7579747655809204
1.1727156750497263	0.3789873827904602
1.1727156750497263	1.5159495311618407
0.8795367562872948	0.7579747655809204
0.2931789187624316	0.3789873827904602
1.1727156750497263	1.5159495311618407
0.8795367562872948	0.0
0.8795367562872948	1.8949369139523011
1.7590735125745895	0.0
0.0	0.7579747655809204
0.2931789187624316	0.3789873827904602
1.7590735125745895	1.5159495311618407
2.638610268861884	2.6529116795332217
1.7590735125745895	1.8949369139523011
1.7590735125745895	1.5159495311618407
1.4658945938121581	0.0
0.8795367562872948	0.3789873827904602
0.8795367562872948	0.3789873827904602
1.7590735125745895	0.7579747655809204
1.7590735125745895	1.5159495311618407
0.8795367562872948	1.5159495311618407
1.7590735125745895	1.1369621483713805
1.1727156750497263	0.7579747655809204
0.2931789187624316	1.1369621483713805
1.4658945938121581	0.3789873827904602
1.4658945938121581	1.5159495311618407
1.4658945938121581	1.1369621483713805
1.4658945938121581	1.1369621483713805
1.7590735125745895	0.0
1.1727156750497263	1.1369621483713805
2.638610268861884	2.273924296742761
2.0522524313370214	1.8949369139523011
0.0	0.3789873827904602
0.2931789187624316	0.0
1.4658945938121581	1.5159495311618407
2.9317891876243163	2.6529116795332217
1.7590735125745895	2.6529116795332217
0.8795367562872948	0.7579747655809204
0.5863578375248631	0.3789873827904602
1.1727156750497263	0.7579747655809204
1.1727156750497263	1.1369621483713805
2.9317891876243163	3.0318990623236814
1.4658945938121581	0.7579747655809204
0.2931789187624316	0.0
0.5863578375248631	0.0
0.2931789187624316	0.3789873827904602
2.638610268861884	1.8949369139523011
1.4658945938121581	1.8949369139523011
0.0	0.3789873827904602
0.8795367562872948	0.7579747655809204
1.1727156750497263	1.1369621483713805
1.7590735125745895	2.273924296742761
1.1727156750497263	1.1369621483713805
0.2931789187624316	0.0
0.8795367562872948	0.3789873827904602
0.8795367562872948	0.7579747655809204
2.0522524313370214	1.1369621483713805
2.0522524313370214	1.8949369139523011
0.2931789187624316	0.0
0.0	0.0
1.1727156750497263	1.1369621483713805
2.0522524313370214	2.6529116795332217
1.4658945938121581	1.1369621483713805
1.4658945938121581	1.5159495311618407
1.1727156750497263	1.5159495311618407
1.4658945938121581	1.1369621483713805
1.4658945938121581	1.8949369139523011
1.4658945938121581	2.273924296742761
0.5863578375248631	0.7579747655809204
0.8795367562872948	1.5159495311618407
0.5863578375248631	1.1369621483713805
1.1727156750497263	1.1369621483713805
2.3454313500994526	1.8949369139523011
1.1727156750497263	0.3789873827904602
1.4658945938121581	1.5159495311618407
0.0	0.0
0.0	0.0
0.8795367562872948	0.3789873827904602
1.4658945938121581	1.5159495311618407
1.7590735125745895	2.273924296742761
0.8795367562872948	1.1369621483713805
0.0	0.0
0.0	0.3789873827904602
1.4658945938121581	1.8949369139523011
1.4658945938121581	1.5159495311618407
0.8795367562872948	1.5159495311618407
0.2931789187624316	0.0
0.2931789187624316	0.0
0.0	0.3789873827904602
1.4658945938121581	1.5159495311618407
1.4658945938121581	1.8949369139523011
0.5863578375248631	0.0
0.5863578375248631	0.3789873827904602
0.8795367562872948	0.7579747655809204
1.7590735125745895	2.273924296742761
0.8795367562872948	2.6529116795332217
0.5863578375248631	0.7579747655809204
1.4658945938121581	1.8949369139523011
1.1727156750497263	0.7579747655809204
0.5863578375248631	0.0
0.0	0.3789873827904602
0.0	0.0
0.5863578375248631	0.3789873827904602
0.2931789187624316	0.7579747655809204
0.0	0.0
0.5863578375248631	0.3789873827904602
0.5863578375248631	1.1369621483713805
1.1727156750497263	0.7579747655809204
1.4658945938121581	0.3789873827904602
1.1727156750497263	0.7579747655809204
0.8795367562872948	1.1369621483713805
0.0	0.7579747655809204
0.8795367562872948	0.3789873827904602
0.0	0.0
0.0	0.0
0.0	0.0
0.0	0.3789873827904602
0.2931789187624316	0.3789873827904602
1.1727156750497263	0.3789873827904602
0.8795367562872948	1.5159495311618407
0.8795367562872948	1.1369621483713805
1.1727156750497263	0.7579747655809204
0.2931789187624316	0.3789873827904602
0.2931789187624316	0.3789873827904602
0.8795367562872948	0.7579747655809204
1.7590735125745895	1.5159495311618407
0.2931789187624316	0.7579747655809204
0.8795367562872948	0.3789873827904602
1.7590735125745895	1.1369621483713805
1.1727156750497263	1.1369621483713805
2.0522524313370214	1.1369621483713805
0.8795367562872948	0.0
0.5863578375248631	0.7579747655809204
1.4658945938121581	1.5159495311618407
1.4658945938121581	0.7579747655809204
0.2931789187624316	0.7579747655809204
0.0	0.7579747655809204
0.5863578375248631	0.0
0.5863578375248631	0.3789873827904602
0.5863578375248631	1.5159495311618407
1.4658945938121581	0.7579747655809204
0.8795367562872948	0.3789873827904602
