condition1	condition1
0.15319776185572104	0.1448103045147542
0.15576819410162238	0.15696994840530612
0.16193723149178565	0.16857688120992378
0.16245131794096593	0.1846055027020149
0.16964852822948973	0.16028621492091116
0.16039497214424484	0.16526061469431874
0.15062732960981967	0.16857688120992378
0.15114141605899994	0.16304977035058202
0.16604992308522784	0.17576212532706809
0.17016261467867	0.1735512809833314
0.18558520815407814	0.16802417012398962
0.17119078757703055	0.17244585881146304
0.17273304692457137	0.16194434817871367
0.1799302572130952	0.17023501446772632
0.1850711217048979	0.18792176921761997
0.17273304692457137	0.16968230338179213
0.17633165206883328	0.17023501446772632
0.17119078757703055	0.1663660368661871
0.17684573851801355	0.16747145903805544
0.17684573851801355	0.16912959229585797
0.18198660300981626	0.18626363595981746
0.17530347917047273	0.19123803573322504
0.18250068945899653	0.1917907468191592
0.17581756561965298	0.18792176921761997
0.18866972684915978	0.18792176921761997
0.19689511003604415	0.18626363595981746
0.19278241844260197	0.1901326135613567
0.18969789974752033	0.1895799024754225
0.19535285068850333	0.20450310179564526
0.21334587640981284	0.19565972442069846
0.19740919648522443	0.21611003460026298
0.19278241844260197	0.1989759909363035
0.17581756561965298	0.17023501446772632
0.17890208431473464	0.18405279161608074
0.20409232032456795	0.21113563482685538
0.21128953061309175	0.21058292374092122
0.1958669371376836	0.18847448030355415
0.1938105913409625	0.1989759909363035
0.18609929460325844	0.18405279161608074
0.2138599628589931	0.19731785767850096
0.18969789974752033	0.18847448030355415
0.2143740493081734	0.19289616899102757
0.2195149137999761	0.1984232798503693
0.2030641474262074	0.21003021265498703
0.20923318481637068	0.2056085239675136
0.21540222220653393	0.20173954636597438
0.2030641474262074	0.22053172328773638
0.21540222220653393	0.21445190134246042
0.20923318481637068	0.20616123505344777
0.2251698647409591	0.2227425676314731
0.22208534604587746	0.22550612306114398
0.2159163086557142	0.20505581288157942
0.20409232032456795	0.20339767962377692
0.20049371518030604	0.21887359002993384
0.22774029698686046	0.20284496853784273
0.22671212408849992	0.2249534119752098
0.2138599628589931	0.2199790122018022
0.22362760539341828	0.2271642563189465
0.22928255633440128	0.21500461242839464
0.24110654466554754	0.2343495004360908
0.25138827364915295	0.23490221152202495
0.22671212408849992	0.22384798980334145
0.23390933437702371	0.23987661129543256
0.2200290002491564	0.23103323392048575
0.2431628904622686	0.22661154523301233
0.23339524792784344	0.24650914432664267
0.23133890213112235	0.22384798980334145
0.22465577829177882	0.2365603447798275
0.24778966850489104	0.24208745563916925
0.24624740915735027	0.2547998106156553
0.2488178414032516	0.24153474455323506
0.24419106336062918	0.2387711891235642
0.23133890213112235	0.2271642563189465
0.23493750727538426	0.23103323392048575
0.22568395119013937	0.23932390020949837
0.240078371767187	0.24871998867037937
0.2452192362589897	0.23987661129543256
0.25036010075079246	0.2553525217015895
0.2328811614786632	0.22550612306114398
0.23699385307210535	0.24650914432664267
0.2472755820557108	0.23103323392048575
0.23339524792784344	0.23821847803763002
0.24059245821636724	0.25314167735785276
0.2544727923442346	0.24871998867037937
0.26886721292128224	0.2481672775844452
0.24933192785243188	0.2498254108422477
0.22157125959669718	0.23048052283455156
0.23390933437702371	0.22771696740488068
0.2179726544524353	0.22605883414707814
0.19843736938358494	0.1917907468191592
0.2539587058950543	0.24374558889697182
0.26989538581964273	0.2641958990765363
0.26064182973439787	0.2525889662719186
0.18969789974752033	0.17576212532706809
0.1372610819311326	0.14923199320222763
0.22157125959669718	0.22605883414707814
0.22208534604587746	0.20284496853784273
0.2596136568360373	0.2387711891235642
0.23133890213112235	0.22882238957674902
0.17119078757703055	0.14978470428816182
0.17581756561965298	0.1613916370927795
0.16245131794096593	0.15641723731937193
0.15628228055080268	0.17465670315519974
0.2431628904622686	0.2315859450064199
0.25909957038685705	0.24485101106884016
0.22671212408849992	0.2221898565455389
0.20769092546882983	0.2244007008892756
0.1449723786688367	0.14259946017101752
0.18815564039997953	0.19344888007696176
0.2539587058950543	0.26253776581873384
0.27246581806554415	0.2686175877640097
0.24162063111472779	0.21666274568619714
0.18969789974752033	0.18847448030355415
0.19638102358686388	0.1895799024754225
0.19535285068850333	0.20229225745190857
0.24624740915735027	0.2343495004360908
0.23647976662292508	0.21666274568619714
0.24419106336062918	0.2735919875374173
0.2539587058950543	0.2619850547327996
0.2431628904622686	0.23490221152202495
0.24984601430161213	0.24761456649851102
0.24624740915735027	0.23269136717828826
0.2303107292327618	0.2575633660453262
0.24264880401308836	0.2431928778110376
0.23647976662292508	0.26253776581873384
0.2585854839376768	0.2686175877640097
0.25241644654751355	0.25037812192818193
0.24830375495407137	0.24429829998290598
0.2328811614786632	0.24650914432664267
0.22465577829177882	0.2409820334673009
0.23493750727538426	0.23048052283455156
0.2323670750294829	0.21334647917059207
0.2251698647409591	0.22826967849081484
0.25344461944587404	0.25093083301411606
0.24110654466554754	0.24374558889697182
0.228768469885221	0.22550612306114398
0.2303107292327618	0.21058292374092122
0.22054308669833664	0.22053172328773638
0.24367697691144888	0.22550612306114398
0.23185298858030265	0.24153474455323506
0.22208534604587746	0.22771696740488068
0.23647976662292508	0.2293751006626832
0.22362760539341828	0.2127937680846579
0.23699385307210535	0.23048052283455156
0.2128317899606326	0.2271642563189465
0.21180361706227205	0.2244007008892756
0.22054308669833664	0.20118683528004022
0.21488813575735366	0.21224105699872373
0.19175424554424142	0.22826967849081484
0.21745856800325503	0.20837207939718452
0.20614866612128904	0.20947750156905287
0.21128953061309175	0.2244007008892756
0.21488813575735366	0.22550612306114398
0.20100780162948634	0.20284496853784273
0.2128317899606326	0.20947750156905287
0.2030641474262074	0.21389919025652626
0.20049371518030604	0.21611003460026298
0.2143740493081734	0.21168834591278957
0.20203597452784686	0.20173954636597438
0.1999796287311258	0.20892479048311868
0.1922683319934217	0.20947750156905287
0.19535285068850333	0.19621243550663262
0.19329650489178224	0.1989759909363035
0.20255006097702713	0.19952870202223766
0.20614866612128904	0.20450310179564526
0.20152188807866658	0.19400159116289592
0.20357823387538768	0.18571092487388327
0.1902119861967006	0.21445190134246042
0.20614866612128904	0.22108443437367054
0.18558520815407814	0.19565972442069846
0.1850711217048979	0.18792176921761997
0.1830147759081768	0.1895799024754225
0.18609929460325844	0.1901326135613567
0.17684573851801355	0.1989759909363035
0.18404294880653735	0.17631483641300227
0.18609929460325844	0.17963110292860734
0.1799302572130952	0.18350008053014655
0.19483876423932306	0.19068532464729085
0.19329650489178224	0.1984232798503693
0.16862035533112918	0.18350008053014655
0.1866133810524387	0.17244585881146304
0.17478939272129243	0.1663660368661871
0.1799302572130952	0.17576212532706809
0.17581756561965298	0.17631483641300227
0.16450766373768702	0.17299856989739723
0.16964852822948973	0.1945543022488301
0.19278241844260197	0.19400159116289592
0.19843736938358494	0.18184194727234404
0.16553583663604754	0.18847448030355415
0.17273304692457137	0.16249705926464786
0.16604992308522784	0.1735512809833314
0.17016261467867	0.18681634704575162
0.16862035533112918	0.16857688120992378
0.17684573851801355	0.17023501446772632
0.16450766373768702	0.16360248143651623
0.17273304692457137	0.16470790360838458
0.17324713337375164	0.17576212532706809
0.17119078757703055	0.17631483641300227
0.15885271279670402	0.1431521712569517
0.15525410765244213	0.15973350383497698
