WT	KO
0.5901610458165925	0.5545031604571594
0.5532759804530554	0.7723436877796148
0.6639311765436665	0.5941105290612423
0.7008162419072034	0.633717897665325
0.5163909150895184	0.6535215819673664
0.8483565033613515	0.8713621092898219
0.8114714379978145	0.6733252662694079
0.7008162419072034	0.7129326348734907
0.33196558827183326	0.633717897665325
0.8483565033613515	0.6733252662694079
0.7008162419072034	0.8119510563836977
0.7745863726342774	0.9109694778939047
0.8114714379978145	0.9307731621959461
0.7008162419072034	0.35646631743674534
0.4795058497259813	0.7525400034775734
0.5901610458165925	0.7327363191755321
0.7745863726342774	0.6931289505714492
0.40573571899890726	0.6535215819673664
0.6270461111801294	0.6139142133632836
0.40573571899890726	0.4752884232489938
0.7745863726342774	0.8911657935918633
0.7745863726342774	0.9109694778939047
0.9590116994519626	0.7525400034775734
0.5163909150895184	0.6931289505714492
0.4795058497259813	0.6535215819673664
0.29508052290829623	0.633717897665325
1.180322091633185	0.9307731621959461
0.8852415687248886	1.1090063209143188
1.0696668955425737	0.970380530800029
0.8483565033613515	0.9901842151020703
0.5901610458165925	0.6535215819673664
0.8114714379978145	0.9901842151020703
0.7377013072707406	1.0099878994041116
0.6639311765436665	0.633717897665325
0.5532759804530554	0.9307731621959461
0.7377013072707406	0.7723436877796148
0.9221266340884255	0.8119510563836977
0.8114714379978145	0.9307731621959461
0.8114714379978145	0.8515584249877804
0.9958967648154996	1.1090063209143188
0.9958967648154996	1.0099878994041116
0.5532759804530554	0.8317547406857391
0.4795058497259813	0.5148957918530767
0.5163909150895184	0.8713621092898219
1.0327818301790368	1.0495952680081946
0.8852415687248886	0.9109694778939047
0.7745863726342774	1.0099878994041116
0.5901610458165925	0.8119510563836977
0.40573571899890726	0.8515584249877804
0.6639311765436665	0.7723436877796148
0.8483565033613515	0.9109694778939047
0.9221266340884255	0.8515584249877804
0.7377013072707406	0.8317547406857391
0.5532759804530554	0.5941105290612423
0.8114714379978145	0.8911657935918633
0.8852415687248886	1.0099878994041116
0.8483565033613515	0.7327363191755321
0.8114714379978145	1.0099878994041116
0.8852415687248886	0.970380530800029
0.8114714379978145	0.9109694778939047
0.7008162419072034	1.1090063209143188
1.0327818301790368	0.9505768464979876
0.7745863726342774	0.7723436877796148
0.7745863726342774	0.6535215819673664
0.9221266340884255	0.8515584249877804
0.7377013072707406	0.9901842151020703
0.5163909150895184	0.9901842151020703
0.8483565033613515	1.0495952680081946
0.4426207843624443	0.7327363191755321
0.8114714379978145	0.9505768464979876
0.8483565033613515	0.8317547406857391
0.8483565033613515	0.6931289505714492
0.6639311765436665	0.8119510563836977
0.9958967648154996	0.8911657935918633
0.6270461111801294	0.8911657935918633
0.9590116994519626	0.9901842151020703
0.5532759804530554	0.6733252662694079
0.33196558827183326	0.7129326348734907
0.8852415687248886	0.7921473720816563
0.7008162419072034	0.8119510563836977
0.7745863726342774	0.9109694778939047
0.7008162419072034	0.7129326348734907
0.6270461111801294	0.6139142133632836
0.8114714379978145	0.8515584249877804
0.7745863726342774	0.8119510563836977
0.5532759804530554	0.8515584249877804
0.9221266340884255	0.8317547406857391
0.6639311765436665	0.6535215819673664
0.5532759804530554	0.6931289505714492
0.4795058497259813	0.6139142133632836
0.3688506536353703	0.6931289505714492
0.7377013072707406	0.7327363191755321
0.5532759804530554	0.5346994761551179
0.8852415687248886	1.0099878994041116
0.7745863726342774	0.5545031604571594
0.29508052290829623	0.2376442116244969
0.40573571899890726	0.5941105290612423
0.4426207843624443	0.43568105464491097
0.8852415687248886	0.8911657935918633
0.7008162419072034	1.0495952680081946
1.327862353087333	1.2278284267265671
0.9590116994519626	1.1882210581224846
0.7377013072707406	0.9307731621959461
0.33196558827183326	0.39607368604082815
0.5163909150895184	0.6535215819673664
0.5532759804530554	0.6139142133632836
0.4795058497259813	0.7129326348734907
0.3688506536353703	0.49509210755103517
0.40573571899890726	0.6139142133632836
0.8114714379978145	0.8911657935918633
0.5532759804530554	0.6733252662694079
0.5532759804530554	0.45548473894695235
0.5163909150895184	0.7723436877796148
0.4426207843624443	0.5346994761551179
0.8114714379978145	0.8911657935918633
0.4426207843624443	0.8515584249877804
0.6270461111801294	0.7129326348734907
0.8483565033613515	0.6535215819673664
0.8114714379978145	0.9901842151020703
0.5163909150895184	0.7327363191755321
0.7377013072707406	0.9307731621959461
0.5532759804530554	0.8515584249877804
0.5532759804530554	0.6139142133632836
0.7008162419072034	0.970380530800029
0.4426207843624443	0.7525400034775734
0.8114714379978145	0.8317547406857391
0.9958967648154996	0.8119510563836977
0.8852415687248886	0.8713621092898219
0.6270461111801294	0.9901842151020703
0.4426207843624443	0.7525400034775734
0.7745863726342774	0.7129326348734907
0.8114714379978145	0.7525400034775734
1.180322091633185	0.9307731621959461
0.7008162419072034	0.7525400034775734
0.8483565033613515	0.6931289505714492
0.40573571899890726	0.6139142133632836
0.5901610458165925	1.0297915837061533
0.7377013072707406	0.8317547406857391
0.9221266340884255	0.9901842151020703
0.7377013072707406	0.8119510563836977
0.9590116994519626	0.6535215819673664
0.7745863726342774	0.8515584249877804
0.9590116994519626	1.1684173738204429
0.8483565033613515	1.0693989523102359
0.8852415687248886	0.8713621092898219
1.0696668955425737	0.9109694778939047
0.7377013072707406	0.8515584249877804
0.9590116994519626	0.8911657935918633
0.9221266340884255	1.0495952680081946
0.29508052290829623	0.5941105290612423
0.7377013072707406	0.7525400034775734
0.40573571899890726	0.7129326348734907
0.5901610458165925	0.8713621092898219
0.8114714379978145	0.8911657935918633
0.5163909150895184	0.6931289505714492
0.5901610458165925	0.5941105290612423
0.33196558827183326	0.5941105290612423
0.4795058497259813	0.5346994761551179
0.7745863726342774	0.8119510563836977
0.5901610458165925	0.5941105290612423
0.29508052290829623	0.5545031604571594
0.4426207843624443	0.5545031604571594
0.4795058497259813	0.5148957918530767
0.6639311765436665	0.7327363191755321
0.5163909150895184	0.9109694778939047
0.5901610458165925	0.6139142133632836
0.6270461111801294	0.7129326348734907
0.5901610458165925	0.633717897665325
0.3688506536353703	0.45548473894695235
0.4426207843624443	0.6535215819673664
0.5901610458165925	0.633717897665325
0.6639311765436665	0.6535215819673664
0.5901610458165925	0.7525400034775734
0.6639311765436665	0.8317547406857391
0.7008162419072034	0.5743068447592008
0.5532759804530554	0.633717897665325
0.8852415687248886	0.8515584249877804
0.8114714379978145	0.7921473720816563
0.5163909150895184	0.7921473720816563
0.5901610458165925	0.6931289505714492
0.5532759804530554	0.6931289505714492
0.7377013072707406	0.9109694778939047
0.7008162419072034	0.5941105290612423
0.6270461111801294	0.6931289505714492
0.4426207843624443	0.5346994761551179
0.5163909150895184	0.5148957918530767
0.5901610458165925	0.5941105290612423
0.7008162419072034	0.7129326348734907
0.4426207843624443	0.7525400034775734
0.5532759804530554	0.633717897665325
0.7745863726342774	0.5743068447592008
0.5901610458165925	0.5941105290612423
0.6270461111801294	0.6931289505714492
0.5163909150895184	0.5545031604571594
0.6639311765436665	0.8119510563836977
0.8114714379978145	0.9109694778939047
0.7008162419072034	0.6733252662694079
0.4426207843624443	0.6931289505714492
0.5163909150895184	0.7129326348734907
0.5163909150895184	0.5743068447592008
