WT	KO
0.4640141222732958	0.42498706512180856
0.6550787608564175	0.820664677476596
0.7915535027015045	0.6741174136414895
0.32753938042820874	0.410332338738298
0.4640141222732958	0.6594626872579789
0.5458989673803479	0.35171343320425535
0.6277838124874001	0.5861890553404256
0.7096686575944524	0.5275701498063831
1.0372080380226611	0.7180815927920214
1.0645029863916786	0.8353194038601065
1.0372080380226611	0.776700498326064
0.7369636059634698	0.571534328956915
0.4640141222732958	0.7180815927920214
0.5186040190113306	0.571534328956915
0.7096686575944524	0.5422248761898937
0.8461433994395393	0.7473910455590427
0.6004888641183828	0.6301532344909575
0.49130907064231316	0.3810228859712767
0.6823737092254349	0.43964179150531923
0.7096686575944524	0.7180815927920214
0.6550787608564175	0.8939383093941491
0.7369636059634698	0.6154985081074469
0.7642585543324872	0.7327363191755321
0.7369636059634698	0.4982606970393618
0.7096686575944524	0.9085930357776597
0.8188484510705218	0.8939383093941491
0.7915535027015045	0.6008437817239363
0.27294948369017397	0.7034268664085107
0.6550787608564175	0.7913552247095746
0.8188484510705218	0.6448079608744682
0.9280282445465916	0.6301532344909575
0.6004888641183828	0.9085930357776597
0.6277838124874001	0.7034268664085107
0.6277838124874001	0.7620457719425534
0.4640141222732958	0.5129154234228724
0.6550787608564175	0.6741174136414895
0.9553231929156089	0.6741174136414895
1.1463878314987306	0.8792835830106385
0.7642585543324872	0.8353194038601065
0.7096686575944524	0.7473910455590427
0.7642585543324872	0.9965213940787236
0.9280282445465916	0.6008437817239363
0.8461433994395393	0.7913552247095746
0.3548343287972262	0.7473910455590427
0.9826181412846263	0.820664677476596
0.6823737092254349	0.6301532344909575
0.7642585543324872	0.6448079608744682
1.173682779867748	0.8646288566271277
0.7369636059634698	0.9379024885446811
0.9280282445465916	0.7473910455590427
0.4094242255352609	0.5861890553404256
0.5186040190113306	0.7913552247095746
0.3821292771662436	0.5861890553404256
0.6550787608564175	0.9379024885446811
0.7642585543324872	0.5275701498063831
0.9007332961775741	0.7620457719425534
0.3002444320591914	0.5568796025734044
0.2183595869521392	0.7913552247095746
0.7642585543324872	0.9232477621611704
1.0917979347606959	0.7327363191755321
0.6550787608564175	0.5568796025734044
0.8188484510705218	0.8792835830106385
0.6550787608564175	0.5422248761898937
0.6277838124874001	0.6448079608744682
1.0917979347606959	0.7620457719425534
0.6004888641183828	0.7620457719425534
0.6550787608564175	0.7327363191755321
0.4640141222732958	0.7620457719425534
0.7096686575944524	0.8060099510930854
0.9007332961775741	0.776700498326064
0.6004888641183828	0.6154985081074469
0.4367191739042784	0.6741174136414895
0.5458989673803479	0.43964179150531923
0.5731939157493653	0.7034268664085107
1.2009777282367655	0.6594626872579789
0.7642585543324872	0.9379024885446811
0.8734383478085568	0.820664677476596
0.9826181412846263	0.8060099510930854
0.5731939157493653	0.6448079608744682
0.6823737092254349	0.8060099510930854
1.0917979347606959	1.2163422898313831
1.5285171086649745	1.2749611953654258
0.8188484510705218	0.820664677476596
0.49130907064231316	0.6301532344909575
0.3821292771662436	0.3810228859712767
0.6277838124874001	0.410332338738298
0.8734383478085568	0.7327363191755321
0.9553231929156089	0.8353194038601065
1.0099130896536437	0.6887721400250001
0.5458989673803479	0.6887721400250001
0.6004888641183828	0.46895124427234053
0.9553231929156089	1.2456517425984044
1.228272676605783	0.9965213940787236
1.0645029863916786	0.8499741302436171
0.3002444320591914	0.4836059706558512
0.7915535027015045	0.8353194038601065
1.0372080380226611	1.1723781106808513
1.2555676249748002	1.14306865791383
0.5731939157493653	0.45429651788882985
0.13647474184508698	0.5568796025734044
0.16376969021410437	0.35171343320425535
0.5458989673803479	0.5861890553404256
0.9280282445465916	1.0111761204622343
1.173682779867748	0.981866667695213
0.6550787608564175	0.7620457719425534
0.49130907064231316	0.36636815958776603
0.8734383478085568	0.820664677476596
0.9553231929156089	1.0111761204622343
1.1463878314987306	0.9965213940787236
0.5731939157493653	0.5568796025734044
1.173682779867748	0.7620457719425534
0.8734383478085568	0.981866667695213
0.8188484510705218	0.9085930357776597
0.7369636059634698	0.7913552247095746
0.7369636059634698	0.6741174136414895
0.7642585543324872	0.7034268664085107
0.6004888641183828	0.7034268664085107
0.6823737092254349	0.6741174136414895
0.6004888641183828	0.6154985081074469
1.1190928831297133	0.8353194038601065
0.9553231929156089	1.0404855732292555
0.8734383478085568	0.9525572149281917
0.8461433994395393	0.7913552247095746
0.6823737092254349	0.776700498326064
0.9007332961775741	0.6887721400250001
0.7642585543324872	0.8792835830106385
0.49130907064231316	0.7473910455590427
0.7642585543324872	0.8939383093941491
0.7642585543324872	0.8060099510930854
0.9826181412846263	0.8792835830106385
0.7369636059634698	1.0404855732292555
0.8734383478085568	0.9672119413117024
1.0917979347606959	0.9965213940787236
0.6823737092254349	0.8499741302436171
0.5458989673803479	0.6594626872579789
0.6277838124874001	0.5275701498063831
0.32753938042820874	0.6008437817239363
0.6277838124874001	0.5129154234228724
0.27294948369017397	0.571534328956915
0.9826181412846263	0.8499741302436171
0.9553231929156089	0.8060099510930854
0.7369636059634698	0.8353194038601065
0.4367191739042784	0.7180815927920214
0.9826181412846263	0.6594626872579789
1.0099130896536437	0.9085930357776597
0.6823737092254349	0.981866667695213
0.3821292771662436	0.5129154234228724
0.3548343287972262	0.30774925405372344
0.4367191739042784	0.46895124427234053
0.7096686575944524	0.7180815927920214
0.6004888641183828	0.7913552247095746
0.7915535027015045	0.820664677476596
0.3821292771662436	0.4836059706558512
0.3548343287972262	0.5422248761898937
0.4094242255352609	0.8060099510930854
0.6277838124874001	0.7913552247095746
0.7915535027015045	0.6448079608744682
0.3821292771662436	0.776700498326064
0.9553231929156089	0.6008437817239363
0.7369636059634698	0.6594626872579789
0.3821292771662436	0.6448079608744682
0.9007332961775741	0.6887721400250001
0.9007332961775741	0.7473910455590427
0.6004888641183828	0.5275701498063831
0.7642585543324872	0.6008437817239363
0.3548343287972262	0.5129154234228724
0.32753938042820874	0.43964179150531923
0.8461433994395393	0.410332338738298
0.6550787608564175	0.6008437817239363
0.8461433994395393	0.7620457719425534
0.8188484510705218	0.7620457719425534
0.7915535027015045	0.7327363191755321
0.5731939157493653	0.7180815927920214
0.7642585543324872	0.6594626872579789
0.49130907064231316	0.6594626872579789
0.7096686575944524	0.6448079608744682
0.6550787608564175	0.9379024885446811
0.9280282445465916	0.8499741302436171
0.9007332961775741	0.8060099510930854
0.4640141222732958	0.4836059706558512
0.8188484510705218	0.6008437817239363
0.4367191739042784	0.7620457719425534
0.7642585543324872	0.6887721400250001
0.5731939157493653	0.6301532344909575
0.7642585543324872	0.36636815958776603
0.6004888641183828	0.5568796025734044
0.4367191739042784	0.571534328956915
0.3821292771662436	0.820664677476596
0.7369636059634698	0.7180815927920214
0.7915535027015045	0.8646288566271277
0.8461433994395393	0.7034268664085107
0.6277838124874001	0.42498706512180856
0.5731939157493653	0.43964179150531923
0.4640141222732958	0.42498706512180856
0.7369636059634698	0.6594626872579789
0.6004888641183828	0.6594626872579789
0.9007332961775741	0.776700498326064
0.4640141222732958	0.5861890553404256
0.4640141222732958	0.42498706512180856
0.7096686575944524	0.42498706512180856
