WT	KO
0.5325843584198516	0.4914694823738325
0.49375008228507083	0.5361485262259991
0.4382725449496696	0.5004052911442658
0.5214888509527714	0.4765764677564436
0.6102529106894133	0.4914694823738325
0.5492276196204721	0.5659345554607768
0.543679865886932	0.5152983057616547
0.5769663882881727	0.5361485262259991
0.6657304480248145	0.5093410999146991
0.5880618957552529	0.5272127174555657
0.6213484181564936	0.5778489671546878
0.6657304480248145	0.551041540843388
0.7267557390937559	0.6076349963894656
0.6546349405577343	0.6523140402416322
0.7323034928272961	0.5927419817720767
0.7544945077614565	0.6850786723998876
0.6657304480248145	0.589763378848599
0.5825141420217127	0.5659345554607768
0.6768259554918948	0.6195494080833768
0.6546349405577343	0.5808275700781657
0.5936096494887929	0.5957205846955546
0.5714186345546325	0.5808275700781657
0.6990169704260554	0.589763378848599
0.6934692166925153	0.5867847759251211
0.7267557390937559	0.6135922022364212
0.6546349405577343	0.62848521685381
0.5936096494887929	0.6076349963894656
0.6768259554918948	0.562955952537299
0.6435394330906541	0.589763378848599
0.6213484181564936	0.5421057320729546
0.7045647241595954	0.6076349963894656
0.6823737092254349	0.6612498490120655
0.7156602316266757	0.7148647016346654
0.7933287838962374	0.6523140402416322
0.7544945077614565	0.6791214665529322
0.7378512465608361	0.6582712460885877
0.637991679357114	0.6791214665529322
0.6990169704260554	0.667207054859021
0.7323034928272961	0.6850786723998876
0.6601826942912745	0.6225280110068545
0.637991679357114	0.6761428636294543
0.6435394330906541	0.7267791133285765
0.8543540749651787	0.7714581571807431
0.8044242913633177	0.70890749578771
0.6823737092254349	0.7357149220990099
0.7101124778931356	0.7118860987111877
0.7323034928272961	0.62848521685381
0.7433990002943762	0.6850786723998876
0.7655900152285369	0.70890749578771
0.6158006644229534	0.6403996285477211
0.6546349405577343	0.6761428636294543
0.8488063212316386	0.7267791133285765
0.8266153062974781	0.7833725688746542
0.8820928436328793	0.8012441864155209
0.7822332764291571	0.8101799951859542
0.9042838585670397	0.8310302156502984
0.8155197988303978	0.7923083776450875
0.8876405973664194	0.786351171798132
0.8155197988303978	0.6314638197772878
0.7655900152285369	0.7386935250224875
0.7877810301626973	0.7893297747216097
0.8044242913633177	0.8161372010329097
0.9542136421689009	0.8637948478085541
0.7822332764291571	0.7744367601042208
0.8044242913633177	0.8757092595024651
0.776685522695617	0.8101799951859542
0.7988765376297774	0.8816664653494207
0.8266153062974781	0.8816664653494207
0.8155197988303978	0.8429446273442096
0.870997336165799	0.8310302156502984
0.9653091496359811	0.9263455092015872
0.8543540749651787	0.8816664653494207
0.8321630600310183	0.8578376419615984
0.8266153062974781	0.8340088185737763
0.9819524108366015	0.8935808770433318
0.9486658884353607	0.8637948478085541
0.9264748735012003	0.8667734507320318
0.9764046571030613	0.9054952887372429
0.9320226272347405	0.8876236711963763
1.059620963106163	0.9442171267424538
0.8543540749651787	0.8906022741198539
0.8820928436328793	0.8280516127268208
0.7600422614949967	0.7297577162520543
0.5991574032223331	0.6433782314711989
0.5936096494887929	0.5689131583842545
0.5936096494887929	0.5986991876190323
0.5769663882881727	0.6255066139303322
0.6268961718900338	0.551041540843388
0.8765450898993392	0.7476293337929208
0.5825141420217127	0.5957205846955546
0.5825141420217127	0.5540201437668657
0.6047051569558732	0.5927419817720767
0.7877810301626973	0.694014481170321
0.8432585674980985	0.7774153630276986
0.9653091496359811	0.7952869805685653
0.6102529106894133	0.6106135993129435
0.7933287838962374	0.6552926431651099
0.7045647241595954	0.7506079367163987
0.7877810301626973	0.6433782314711989
0.6435394330906541	0.6195494080833768
0.6324439256235739	0.6344424227007656
0.7267557390937559	0.62848521685381
0.7378512465608361	0.6493354373181545
0.6324439256235739	0.5957205846955546
0.6047051569558732	0.6344424227007656
0.8820928436328793	0.8072013922624763
0.8876405973664194	0.8101799951859542
0.9264748735012003	0.7803939659511764
0.7045647241595954	0.6999716870172766
0.6158006644229534	0.6106135993129435
0.6823737092254349	0.62848521685381
0.8155197988303978	0.7625223484103099
0.7489467540279164	0.6374210256242433
0.6490871868241942	0.6374210256242433
0.6268961718900338	0.6255066139303322
0.6324439256235739	0.6165708051598989
0.7655900152285369	0.6910358782468432
0.776685522695617	0.7684795542572653
0.7600422614949967	0.8101799951859542
0.9320226272347405	0.8459232302676875
0.870997336165799	0.8459232302676875
0.8987361048334997	0.8608162448850762
0.865449582432259	0.8042227893389987
0.8488063212316386	0.8280516127268208
0.9542136421689009	0.9144310975076763
0.9486658884353607	0.8161372010329097
1.0152389332378422	0.8101799951859542
0.9042838585670397	0.8280516127268208
0.8931883510999595	0.929324112125065
0.7933287838962374	0.8310302156502984
1.0207866869713822	0.8548590390381208
1.0429777019055428	0.9114524945841984
0.870997336165799	0.8072013922624763
0.8155197988303978	0.825073009803343
0.7433990002943762	0.7148647016346654
0.6990169704260554	0.7684795542572653
0.8266153062974781	0.7267791133285765
0.8820928436328793	0.8072013922624763
0.6268961718900338	0.7684795542572653
0.7323034928272961	0.8489018331911651
0.870997336165799	0.7774153630276986
0.8876405973664194	0.7744367601042208
0.8876405973664194	0.786351171798132
0.7267557390937559	0.7625223484103099
0.7655900152285369	0.813158598109432
0.7711377689620769	0.6999716870172766
0.8044242913633177	0.7893297747216097
0.7433990002943762	0.7684795542572653
0.8987361048334997	0.8072013922624763
0.8488063212316386	0.8757092595024651
0.865449582432259	0.7923083776450875
0.9486658884353607	0.7952869805685653
0.7156602316266757	0.7952869805685653
0.7655900152285369	0.7327363191755321
0.7489467540279164	0.7386935250224875
0.8543540749651787	0.8697520536555096
0.7711377689620769	0.7923083776450875
0.776685522695617	0.8042227893389987
0.7433990002943762	0.720821907481621
0.7822332764291571	0.8161372010329097
0.821067552563938	0.6314638197772878
0.6934692166925153	0.6880572753233655
0.6934692166925153	0.6910358782468432
0.7600422614949967	0.720821907481621
0.8266153062974781	0.7297577162520543
0.7877810301626973	0.798265583492043
0.870997336165799	0.7506079367163987
0.8044242913633177	0.6701856577824988
0.7544945077614565	0.6821000694764099
0.6435394330906541	0.6195494080833768
0.7544945077614565	0.6463568343946766
0.5325843584198516	0.6403996285477211
0.6324439256235739	0.60167779054251
0.5492276196204721	0.6165708051598989
0.6324439256235739	0.7386935250224875
0.5991574032223331	0.6493354373181545
0.6657304480248145	0.6463568343946766
0.5048455897521511	0.5748703642312101
0.6213484181564936	0.5659345554607768
0.6324439256235739	0.6821000694764099
0.637991679357114	0.5838061730016434
0.5492276196204721	0.6314638197772878
0.6601826942912745	0.6523140402416322
0.7156602316266757	0.6642284519355433
0.7323034928272961	0.6582712460885877
0.7378512465608361	0.6612498490120655
0.6657304480248145	0.667207054859021
0.6768259554918948	0.5718917613077323
0.8099720450968577	0.6195494080833768
0.6934692166925153	0.5689131583842545
0.7156602316266757	0.6433782314711989
0.6047051569558732	0.5957205846955546
0.6823737092254349	0.6761428636294543
0.6546349405577343	0.5152983057616547
0.6047051569558732	0.5659345554607768
0.7655900152285369	0.6046563934659879
0.5936096494887929	0.5450843349964324
0.6490871868241942	0.5301913203790436
0.6546349405577343	0.562955952537299
0.6823737092254349	0.5808275700781657
