WT	KO
0.06179464826031427	0.20228288940723296
0.24717859304125708	0.1618263115257864
0.5561518343428284	0.36410920093301935
0.24717859304125708	0.28319604517012614
0.43256253782219983	0.4854789345773591
0.30897324130157133	0.36410920093301935
0.12358929652062854	0.4045657788144659
0.1853839447809428	0.12136973364433977
0.1853839447809428	0.28319604517012614
0.24717859304125708	0.3236526230515728
0.3707678895618856	0.20228288940723296
0.24717859304125708	0.3236526230515728
0.30897324130157133	0.4045657788144659
0.1853839447809428	0.20228288940723296
0.5561518343428284	0.24273946728867954
0.43256253782219983	0.3236526230515728
0.43256253782219983	0.28319604517012614
0.12358929652062854	0.12136973364433977
0.1853839447809428	0.28319604517012614
0.1853839447809428	0.24273946728867954
0.30897324130157133	0.24273946728867954
0.30897324130157133	0.3236526230515728
0.12358929652062854	0.36410920093301935
0.3707678895618856	0.44502235669591256
0.30897324130157133	0.36410920093301935
0.43256253782219983	0.20228288940723296
0.43256253782219983	0.5663920903402523
0.30897324130157133	0.3236526230515728
0.24717859304125708	0.3236526230515728
0.3707678895618856	0.4045657788144659
0.24717859304125708	0.24273946728867954
0.12358929652062854	0.28319604517012614
0.12358929652062854	0.1618263115257864
0.06179464826031427	0.44502235669591256
0.49435718608251417	0.36410920093301935
0.5561518343428284	0.5663920903402523
0.3707678895618856	0.44502235669591256
0.30897324130157133	0.36410920093301935
0.3707678895618856	0.4854789345773591
0.6179464826031427	0.36410920093301935
0.30897324130157133	0.44502235669591256
0.43256253782219983	0.36410920093301935
0.1853839447809428	0.36410920093301935
0.30897324130157133	0.1618263115257864
0.3707678895618856	0.28319604517012614
0.24717859304125708	0.36410920093301935
0.30897324130157133	0.24273946728867954
0.30897324130157133	0.6068486682216989
0.24717859304125708	0.36410920093301935
0.1853839447809428	0.1618263115257864
0.24717859304125708	0.36410920093301935
0.12358929652062854	0.5663920903402523
0.24717859304125708	0.3236526230515728
0.3707678895618856	0.4045657788144659
0.30897324130157133	0.28319604517012614
0.3707678895618856	0.28319604517012614
0.24717859304125708	0.28319604517012614
0.30897324130157133	0.3236526230515728
0.8033304273840856	0.5259355124588057
0.679741130863457	0.4854789345773591
0.43256253782219983	0.4045657788144659
0.6179464826031427	0.44502235669591256
0.49435718608251417	0.3236526230515728
0.43256253782219983	0.5259355124588057
0.3707678895618856	0.4854789345773591
0.3707678895618856	0.3236526230515728
0.1853839447809428	0.24273946728867954
0.3707678895618856	0.36410920093301935
0.49435718608251417	0.4854789345773591
0.6179464826031427	0.6473052461031455
0.43256253782219983	0.5663920903402523
0.1853839447809428	0.36410920093301935
0.1853839447809428	0.3236526230515728
0.12358929652062854	0.24273946728867954
0.06179464826031427	0.20228288940723296
0.49435718608251417	0.24273946728867954
0.30897324130157133	0.4045657788144659
0.30897324130157133	0.44502235669591256
0.7415357791237712	0.36410920093301935
0.12358929652062854	0.3236526230515728
0.7415357791237712	0.28319604517012614
0.30897324130157133	0.20228288940723296
0.1853839447809428	0.3236526230515728
0.43256253782219983	0.36410920093301935
0.1853839447809428	0.24273946728867954
0.3707678895618856	0.4045657788144659
0.1853839447809428	0.36410920093301935
0.3707678895618856	0.4854789345773591
0.24717859304125708	0.24273946728867954
0.1853839447809428	0.20228288940723296
0.0	0.24273946728867954
0.49435718608251417	0.24273946728867954
0.1853839447809428	0.28319604517012614
0.12358929652062854	0.36410920093301935
0.12358929652062854	0.1618263115257864
0.30897324130157133	0.28319604517012614
0.49435718608251417	0.3236526230515728
0.24717859304125708	0.28319604517012614
0.3707678895618856	0.24273946728867954
0.49435718608251417	0.4045657788144659
0.43256253782219983	0.4045657788144659
0.43256253782219983	0.4854789345773591
0.24717859304125708	0.6877618239845921
0.0	0.3236526230515728
0.0	0.20228288940723296
0.43256253782219983	0.3236526230515728
0.24717859304125708	0.28319604517012614
0.3707678895618856	0.44502235669591256
0.43256253782219983	0.4045657788144659
0.30897324130157133	0.20228288940723296
0.30897324130157133	0.5663920903402523
0.24717859304125708	0.3236526230515728
0.24717859304125708	0.3236526230515728
0.24717859304125708	0.44502235669591256
0.30897324130157133	0.3236526230515728
0.43256253782219983	0.44502235669591256
0.5561518343428284	0.4854789345773591
0.6179464826031427	0.5663920903402523
0.5561518343428284	0.44502235669591256
0.49435718608251417	0.36410920093301935
0.24717859304125708	0.24273946728867954
0.49435718608251417	0.36410920093301935
0.43256253782219983	0.3236526230515728
0.3707678895618856	0.24273946728867954
0.3707678895618856	0.44502235669591256
0.5561518343428284	0.36410920093301935
0.49435718608251417	0.28319604517012614
0.49435718608251417	0.5259355124588057
0.3707678895618856	0.6068486682216989
0.7415357791237712	0.6473052461031455
0.1853839447809428	0.44502235669591256
0.43256253782219983	0.44502235669591256
0.43256253782219983	0.5259355124588057
0.1853839447809428	0.3236526230515728
0.49435718608251417	0.28319604517012614
0.49435718608251417	0.24273946728867954
0.5561518343428284	0.6068486682216989
0.9887143721650283	0.7686749797474852
0.49435718608251417	0.3236526230515728
0.30897324130157133	0.3236526230515728
0.12358929652062854	0.24273946728867954
0.3707678895618856	0.3236526230515728
0.49435718608251417	0.5663920903402523
0.43256253782219983	0.44502235669591256
0.30897324130157133	0.5663920903402523
0.24717859304125708	0.4854789345773591
0.12358929652062854	0.24273946728867954
0.30897324130157133	0.6473052461031455
0.43256253782219983	0.28319604517012614
0.3707678895618856	0.4045657788144659
0.30897324130157133	0.5663920903402523
0.12358929652062854	0.3236526230515728
0.3707678895618856	0.4854789345773591
0.5561518343428284	0.5663920903402523
0.49435718608251417	0.36410920093301935
0.30897324130157133	0.4854789345773591
0.24717859304125708	0.20228288940723296
0.12358929652062854	0.20228288940723296
0.30897324130157133	0.28319604517012614
0.43256253782219983	0.5663920903402523
0.5561518343428284	0.36410920093301935
0.24717859304125708	0.28319604517012614
0.1853839447809428	0.3236526230515728
0.06179464826031427	0.24273946728867954
0.3707678895618856	0.36410920093301935
0.43256253782219983	0.44502235669591256
0.43256253782219983	0.36410920093301935
0.3707678895618856	0.4045657788144659
0.30897324130157133	0.20228288940723296
0.3707678895618856	0.24273946728867954
0.3707678895618856	0.36410920093301935
0.49435718608251417	0.5663920903402523
0.30897324130157133	0.24273946728867954
0.12358929652062854	0.20228288940723296
0.12358929652062854	0.12136973364433977
0.30897324130157133	0.36410920093301935
0.24717859304125708	0.4045657788144659
0.49435718608251417	0.28319604517012614
0.24717859304125708	0.28319604517012614
0.12358929652062854	0.1618263115257864
0.3707678895618856	0.36410920093301935
0.30897324130157133	0.36410920093301935
0.06179464826031427	0.20228288940723296
0.1853839447809428	0.4045657788144659
0.1853839447809428	0.12136973364433977
0.679741130863457	0.44502235669591256
0.3707678895618856	0.28319604517012614
0.3707678895618856	0.36410920093301935
0.24717859304125708	0.36410920093301935
0.1853839447809428	0.20228288940723296
0.1853839447809428	0.12136973364433977
0.06179464826031427	0.20228288940723296
0.06179464826031427	0.12136973364433977
0.12358929652062854	0.28319604517012614
0.30897324130157133	0.3236526230515728
0.12358929652062854	0.20228288940723296
0.0	0.28319604517012614
0.12358929652062854	0.12136973364433977
0.12358929652062854	0.1618263115257864
0.49435718608251417	0.20228288940723296
