WT	KO
0.22135396391754364	0.20530203701032598
0.16601547293815774	0.2898381698969308
0.2582462912371343	0.2656849890721866
0.2582462912371343	0.2415318082474423
0.22135396391754364	0.15699567536083753
0.22135396391754364	0.2294552178350702
0.14756930927836243	0.2415318082474423
0.2582462912371343	0.18114885618558177
0.18446163659795303	0.3019147603093029
0.36892327319590607	0.2415318082474423
0.18446163659795303	0.2415318082474423
0.3135847822165202	0.36229771237116354
0.27669245489692956	0.2415318082474423
0.23980012757733896	0.2536083986598145
0.18446163659795303	0.2536083986598145
0.36892327319590607	0.2294552178350702
0.3135847822165202	0.2173786274226981
0.2582462912371343	0.2898381698969308
0.16601547293815774	0.2536083986598145
0.4058156005154967	0.3019147603093029
0.2582462912371343	0.2173786274226981
0.22135396391754364	0.2294552178350702
0.20290780025774835	0.2173786274226981
0.27669245489692956	0.39852748360827983
0.27669245489692956	0.32606794113404713
0.36892327319590607	0.32606794113404713
0.3135847822165202	0.16907226577320963
0.20290780025774835	0.18114885618558177
0.36892327319590607	0.39852748360827983
0.3504771095361108	0.2898381698969308
0.27669245489692956	0.3019147603093029
0.3135847822165202	0.2656849890721866
0.29513861855672485	0.2294552178350702
0.23980012757733896	0.2777615794845587
0.29513861855672485	0.3019147603093029
0.4058156005154967	0.2173786274226981
0.16601547293815774	0.2294552178350702
0.22135396391754364	0.2415318082474423
0.4058156005154967	0.31399135072167506
0.424261764175292	0.3019147603093029
0.36892327319590607	0.4347572548453962
0.29513861855672485	0.3019147603093029
0.424261764175292	0.42268066443302404
0.23980012757733896	0.33814453154641927
0.3320309458763155	0.2294552178350702
0.23980012757733896	0.33814453154641927
0.29513861855672485	0.42268066443302404
0.3320309458763155	0.2294552178350702
0.3320309458763155	0.2415318082474423
0.29513861855672485	0.4709870260825126
0.27669245489692956	0.2536083986598145
0.20290780025774835	0.36229771237116354
0.36892327319590607	0.39852748360827983
0.4611540914948826	0.2536083986598145
0.3135847822165202	0.44683384525776837
0.424261764175292	0.39852748360827983
0.3135847822165202	0.36229771237116354
0.4980464188144732	0.44683384525776837
0.4427079278350873	0.33814453154641927
0.424261764175292	0.4589104356701404
0.4611540914948826	0.3743743027835356
0.3873694368557014	0.3019147603093029
0.424261764175292	0.2415318082474423
0.22135396391754364	0.35022112195879135
0.4427079278350873	0.38645089319590775
0.4058156005154967	0.35022112195879135
0.3504771095361108	0.33814453154641927
0.4427079278350873	0.41060407402065197
0.3873694368557014	0.41060407402065197
0.3873694368557014	0.3743743027835356
0.3504771095361108	0.4347572548453962
0.4058156005154967	0.2898381698969308
0.29513861855672485	0.35022112195879135
0.29513861855672485	0.42268066443302404
0.5718310734536545	0.5434465685567453
0.4427079278350873	0.5675997493814895
0.3135847822165202	0.33814453154641927
0.4058156005154967	0.4830636164948846
0.3873694368557014	0.32606794113404713
0.5349387461340638	0.5313699781443731
0.3873694368557014	0.5434465685567453
0.4611540914948826	0.3743743027835356
0.3504771095361108	0.32606794113404713
0.2582462912371343	0.4830636164948846
0.36892327319590607	0.42268066443302404
0.3320309458763155	0.42268066443302404
0.424261764175292	0.36229771237116354
0.2582462912371343	0.36229771237116354
0.16601547293815774	0.2777615794845587
0.2582462912371343	0.32606794113404713
0.36892327319590607	0.41060407402065197
0.36892327319590607	0.36229771237116354
0.29513861855672485	0.44683384525776837
0.3873694368557014	0.507216797319629
0.7378465463918121	0.507216797319629
0.22135396391754364	0.2536083986598145
0.11067698195877182	0.12076590412372115
0.20290780025774835	0.2898381698969308
0.22135396391754364	0.2294552178350702
0.36892327319590607	0.42268066443302404
0.5349387461340638	0.4347572548453962
0.3320309458763155	0.31399135072167506
0.27669245489692956	0.18114885618558177
0.07378465463918121	0.2777615794845587
0.36892327319590607	0.32606794113404713
0.3135847822165202	0.38645089319590775
0.6271695644330404	0.3743743027835356
0.3135847822165202	0.31399135072167506
0.29513861855672485	0.35022112195879135
0.4427079278350873	0.31399135072167506
0.29513861855672485	0.36229771237116354
0.5718310734536545	0.4347572548453962
0.4611540914948826	0.38645089319590775
0.27669245489692956	0.32606794113404713
0.424261764175292	0.39852748360827983
0.4980464188144732	0.4830636164948846
0.3873694368557014	0.41060407402065197
0.4058156005154967	0.519293387732001
0.4796002551546779	0.5555231589691174
0.4796002551546779	0.5313699781443731
0.7009542190722216	0.519293387732001
0.6456157280928356	0.4347572548453962
0.5349387461340638	0.4709870260825126
0.29513861855672485	0.36229771237116354
0.3504771095361108	0.35022112195879135
0.2582462912371343	0.3743743027835356
0.4427079278350873	0.3743743027835356
0.3504771095361108	0.2898381698969308
0.5164925824742685	0.5313699781443731
0.3873694368557014	0.5675997493814895
0.424261764175292	0.41060407402065197
0.4796002551546779	0.3743743027835356
0.3135847822165202	0.36229771237116354
0.424261764175292	0.2294552178350702
0.2582462912371343	0.2536083986598145
0.3135847822165202	0.31399135072167506
0.36892327319590607	0.35022112195879135
0.4058156005154967	0.4347572548453962
0.3873694368557014	0.35022112195879135
0.2582462912371343	0.31399135072167506
0.20290780025774835	0.2777615794845587
0.2582462912371343	0.2294552178350702
0.36892327319590607	0.2898381698969308
0.27669245489692956	0.2777615794845587
0.424261764175292	0.32606794113404713
0.2582462912371343	0.36229771237116354
0.4611540914948826	0.3743743027835356
0.36892327319590607	0.32606794113404713
0.3320309458763155	0.33814453154641927
0.3135847822165202	0.2898381698969308
0.3873694368557014	0.31399135072167506
0.29513861855672485	0.2898381698969308
0.3135847822165202	0.2415318082474423
0.27669245489692956	0.2294552178350702
0.27669245489692956	0.36229771237116354
0.3135847822165202	0.3019147603093029
0.3135847822165202	0.2777615794845587
0.3135847822165202	0.39852748360827983
0.14756930927836243	0.44683384525776837
0.27669245489692956	0.31399135072167506
0.3504771095361108	0.20530203701032598
0.09223081829897652	0.3019147603093029
0.23980012757733896	0.2898381698969308
0.3504771095361108	0.41060407402065197
0.29513861855672485	0.39852748360827983
0.23980012757733896	0.36229771237116354
0.2582462912371343	0.2656849890721866
0.22135396391754364	0.33814453154641927
0.27669245489692956	0.36229771237116354
0.18446163659795303	0.2898381698969308
0.3504771095361108	0.2173786274226981
0.14756930927836243	0.2536083986598145
0.3873694368557014	0.31399135072167506
0.20290780025774835	0.2656849890721866
0.27669245489692956	0.2777615794845587
0.20290780025774835	0.10868931371134904
0.3873694368557014	0.2415318082474423
0.18446163659795303	0.2173786274226981
0.36892327319590607	0.31399135072167506
0.29513861855672485	0.36229771237116354
0.16601547293815774	0.2777615794845587
0.12912314561856714	0.09661272329897694
0.11067698195877182	0.2173786274226981
0.09223081829897652	0.15699567536083753
0.20290780025774835	0.2898381698969308
0.036892327319590607	0.2777615794845587
0.22135396391754364	0.2173786274226981
0.5164925824742685	0.3019147603093029
0.16601547293815774	0.2173786274226981
0.18446163659795303	0.1328424945360933
0.14756930927836243	0.2415318082474423
0.23980012757733896	0.19322544659795388
0.27669245489692956	0.2294552178350702
0.22135396391754364	0.10868931371134904
0.14756930927836243	0.16907226577320963
0.22135396391754364	0.2294552178350702
0.07378465463918121	0.19322544659795388
0.09223081829897652	0.2173786274226981
0.29513861855672485	0.2898381698969308
0.11067698195877182	0.18114885618558177
