WT	KO
0.2580435861419717	0.15115644483177848
0.20371862063839868	0.20450577830181793
0.08148744825535947	0.13337333367509865
0.19013737926250546	0.15115644483177848
0.13581241375893247	0.18672266714513813
0.20371862063839868	0.15115644483177848
0.16297489651071895	0.18672266714513813
0.16297489651071895	0.18672266714513813
0.17655613788661217	0.23118044503683766
0.13581241375893247	0.21339733388015786
0.13581241375893247	0.14226488925343858
0.13581241375893247	0.14226488925343858
0.17655613788661217	0.16004800041011838
0.13581241375893247	0.22228888945849778
0.13581241375893247	0.14226488925343858
0.12223117238303921	0.3112044452418969
0.1493936551348257	0.1689395559884583
0.1493936551348257	0.2667466673501973
0.27162482751786493	0.21339733388015786
0.1493936551348257	0.23118044503683766
0.16297489651071895	0.1689395559884583
0.20371862063839868	0.3289875563985767
0.21729986201429194	0.24007200061517758
0.13581241375893247	0.1778311115667982
0.21729986201429194	0.1689395559884583
0.17655613788661217	0.2489635561935175
0.19013737926250546	0.30231288966355696
0.16297489651071895	0.3112044452418969
0.17655613788661217	0.13337333367509865
0.2580435861419717	0.19561422272347803
0.12223117238303921	0.1689395559884583
0.21729986201429194	0.2578551117718574
0.2308811033901852	0.3112044452418969
0.16297489651071895	0.2578551117718574
0.19013737926250546	0.21339733388015786
0.21729986201429194	0.18672266714513813
0.2308811033901852	0.32009600082023676
0.27162482751786493	0.27563822292853724
0.21729986201429194	0.3289875563985767
0.35311227577322435	0.39122844544695606
0.2308811033901852	0.2489635561935175
0.36669351714911763	0.37344533429027627
0.24446234476607842	0.3289875563985767
0.3938559999009041	0.400120001025296
0.3395310343973312	0.3556622231335964
0.28520606889375816	0.3289875563985767
0.3802747585250109	0.3467706675552565
0.2987873102696514	0.28452977850687716
0.40743724127679737	0.30231288966355696
0.21729986201429194	0.27563822292853724
0.21729986201429194	0.28452977850687716
0.36669351714911763	0.3112044452418969
0.3395310343973312	0.2578551117718574
0.31236855164554467	0.2489635561935175
0.42101848265269065	0.28452977850687716
0.3259497930214379	0.2667466673501973
0.4345997240285839	0.3467706675552565
0.28520606889375816	0.3112044452418969
0.24446234476607842	0.28452977850687716
0.24446234476607842	0.3112044452418969
0.2580435861419717	0.2489635561935175
0.24446234476607842	0.3378791119769166
0.2308811033901852	0.3289875563985767
0.2580435861419717	0.2489635561935175
0.2987873102696514	0.3289875563985767
0.27162482751786493	0.2578551117718574
0.2987873102696514	0.29342133408521703
0.31236855164554467	0.3112044452418969
0.31236855164554467	0.29342133408521703
0.36669351714911763	0.2578551117718574
0.40743724127679737	0.27563822292853724
0.35311227577322435	0.28452977850687716
0.24446234476607842	0.30231288966355696
0.31236855164554467	0.3556622231335964
0.21729986201429194	0.27563822292853724
0.3938559999009041	0.2667466673501973
0.31236855164554467	0.3467706675552565
0.3938559999009041	0.3378791119769166
0.24446234476607842	0.27563822292853724
0.3395310343973312	0.3112044452418969
0.19013737926250546	0.29342133408521703
0.3938559999009041	0.27563822292853724
0.16297489651071895	0.2489635561935175
0.2580435861419717	0.2667466673501973
0.20371862063839868	0.23118044503683766
0.2308811033901852	0.2489635561935175
0.24446234476607842	0.2489635561935175
0.2580435861419717	0.3289875563985767
0.31236855164554467	0.27563822292853724
0.3259497930214379	0.36455377871193634
0.4617622067803704	0.2667466673501973
0.35311227577322435	0.3467706675552565
0.3395310343973312	0.30231288966355696
0.31236855164554467	0.2489635561935175
0.42101848265269065	0.38233688986861614
0.42101848265269065	0.40901155660363586
0.4617622067803704	0.45346933449533544
0.4481809654044771	0.4356862233386556
0.27162482751786493	0.2667466673501973
0.28520606889375816	0.3112044452418969
0.21729986201429194	0.24007200061517758
0.5025059309080501	0.40901155660363586
0.4345997240285839	0.497927112387035
0.2987873102696514	0.27563822292853724
0.36669351714911763	0.3112044452418969
0.2987873102696514	0.3467706675552565
0.4345997240285839	0.36455377871193634
0.5025059309080501	0.48903555680869504
0.27162482751786493	0.3378791119769166
0.40743724127679737	0.3112044452418969
0.24446234476607842	0.24007200061517758
0.3395310343973312	0.3289875563985767
0.3938559999009041	0.29342133408521703
0.35311227577322435	0.38233688986861614
0.27162482751786493	0.2667466673501973
0.27162482751786493	0.30231288966355696
0.35311227577322435	0.23118044503683766
0.36669351714911763	0.38233688986861614
0.27162482751786493	0.23118044503683766
0.2987873102696514	0.3467706675552565
0.35311227577322435	0.3112044452418969
0.35311227577322435	0.3112044452418969
0.27162482751786493	0.3378791119769166
0.3395310343973312	0.3289875563985767
0.24446234476607842	0.30231288966355696
0.36669351714911763	0.3378791119769166
0.2987873102696514	0.27563822292853724
0.3938559999009041	0.39122844544695606
0.2580435861419717	0.28452977850687716
0.2308811033901852	0.3378791119769166
0.28520606889375816	0.30231288966355696
0.3395310343973312	0.2489635561935175
0.31236855164554467	0.3467706675552565
0.27162482751786493	0.3378791119769166
0.31236855164554467	0.28452977850687716
0.2308811033901852	0.3289875563985767
0.3395310343973312	0.36455377871193634
0.35311227577322435	0.39122844544695606
0.21729986201429194	0.32009600082023676
0.3259497930214379	0.28452977850687716
0.24446234476607842	0.3289875563985767
0.3395310343973312	0.2667466673501973
0.3395310343973312	0.28452977850687716
0.3259497930214379	0.2489635561935175
0.3395310343973312	0.27563822292853724
0.24446234476607842	0.21339733388015786
0.35311227577322435	0.3289875563985767
0.3395310343973312	0.27563822292853724
0.35311227577322435	0.29342133408521703
0.2580435861419717	0.2578551117718574
0.3259497930214379	0.3378791119769166
0.28520606889375816	0.2578551117718574
0.31236855164554467	0.32009600082023676
0.28520606889375816	0.20450577830181793
0.42101848265269065	0.30231288966355696
0.28520606889375816	0.24007200061517758
0.42101848265269065	0.3112044452418969
0.2580435861419717	0.3112044452418969
0.3938559999009041	0.27563822292853724
0.2580435861419717	0.32009600082023676
0.36669351714911763	0.2667466673501973
0.3938559999009041	0.36455377871193634
0.31236855164554467	0.27563822292853724
0.27162482751786493	0.29342133408521703
0.24446234476607842	0.3378791119769166
0.2987873102696514	0.30231288966355696
0.35311227577322435	0.4356862233386556
0.31236855164554467	0.29342133408521703
0.3259497930214379	0.3378791119769166
0.28520606889375816	0.3289875563985767
0.3395310343973312	0.30231288966355696
0.35311227577322435	0.30231288966355696
0.28520606889375816	0.36455377871193634
0.27162482751786493	0.30231288966355696
0.28520606889375816	0.32009600082023676
0.19013737926250546	0.2489635561935175
0.24446234476607842	0.1689395559884583
0.2580435861419717	0.19561422272347803
0.2987873102696514	0.24007200061517758
0.19013737926250546	0.21339733388015786
0.28520606889375816	0.13337333367509865
0.20371862063839868	0.13337333367509865
0.31236855164554467	0.23118044503683766
0.3259497930214379	0.23118044503683766
0.3259497930214379	0.19561422272347803
0.13581241375893247	0.18672266714513813
0.19013737926250546	0.13337333367509865
0.17655613788661217	0.19561422272347803
0.31236855164554467	0.1689395559884583
0.1493936551348257	0.16004800041011838
0.21729986201429194	0.19561422272347803
0.24446234476607842	0.19561422272347803
0.17655613788661217	0.15115644483177848
0.17655613788661217	0.27563822292853724
0.13581241375893247	0.15115644483177848
0.12223117238303921	0.1689395559884583
0.17655613788661217	0.1778311115667982
0.13581241375893247	0.21339733388015786
0.13581241375893247	0.18672266714513813
0.10864993100714597	0.21339733388015786
