WT-Tfh	WT-Th1
0.5083117955984658	0.49304973773613997
0.4967592547894098	0.616312172170175
0.3696813058897933	0.40060291191061376
0.32347114265356913	0.49304973773613997
0.4274440099350735	0.1848936516510525
0.288813520226401	0.40060291191061376
0.2541558977992329	0.15407804304254374
0.288813520226401	0.369787303302105
0.4736541731712977	0.5238653463446488
0.4274440099350735	0.46223412912763123
0.3119186018445131	0.49304973773613997
0.48520671398035375	0.616312172170175
0.3696813058897933	0.6779433893871926
0.4389965507441295	0.5238653463446488
0.3696813058897933	0.24652486886806999
0.41589146912601743	0.40060291191061376
0.3927863875079054	0.862837041038245
0.35812876508073727	0.369787303302105
0.38123384669884935	0.1848936516510525
0.4389965507441295	0.5854965635616662
0.4274440099350735	0.5854965635616662
0.4043389283169614	0.5238653463446488
0.30036606103545704	0.3389716946935963
0.4389965507441295	0.46223412912763123
0.32347114265356913	0.46223412912763123
0.23105081618112083	0.27734047747657875
0.577627040452802	0.9860994754722799
0.4274440099350735	0.5238653463446488
0.46210163236224167	0.8320214324297363
0.45054909155318557	0.369787303302105
0.6584948261161944	0.46223412912763123
0.3350236834626252	0.6779433893871926
0.5083117955984658	0.49304973773613997
0.5198643364075218	0.862837041038245
0.4043389283169614	0.49304973773613997
0.4736541731712977	0.40060291191061376
0.41589146912601743	0.3389716946935963
0.45054909155318557	0.369787303302105
0.48520671398035375	0.7087589979957013
0.46210163236224167	0.8012058238212275
0.5198643364075218	0.369787303302105
0.35812876508073727	0.5546809549531575
0.6238372036890262	0.8936526496467537
0.7278100709705305	0.7703902152127188
0.4967592547894098	0.49304973773613997
0.4274440099350735	0.40060291191061376
0.577627040452802	0.5546809549531575
0.6469422853071383	0.5854965635616662
0.4043389283169614	0.369787303302105
0.35812876508073727	0.5238653463446488
0.4967592547894098	0.6779433893871926
0.5891795812618581	0.8320214324297363
0.566074499643746	0.6471277807786838
0.577627040452802	0.5238653463446488
0.55452195883469	0.40060291191061376
0.41589146912601743	0.5854965635616662
0.55452195883469	0.5238653463446488
0.38123384669884935	0.862837041038245
0.6007321220709141	0.5854965635616662
0.5198643364075218	0.9244682582552625
0.4967592547894098	0.73957460660421
0.566074499643746	0.7087589979957013
0.8086778566339228	0.7703902152127188
0.4967592547894098	0.6471277807786838
0.577627040452802	0.46223412912763123
0.5429694180256339	0.6779433893871926
0.5891795812618581	0.8936526496467537
0.566074499643746	0.73957460660421
0.55452195883469	0.6471277807786838
0.7624676933976987	1.1401775185148237
0.6931524485433624	0.8320214324297363
0.577627040452802	0.7703902152127188
0.7162575301614745	0.8320214324297363
0.4043389283169614	0.5238653463446488
0.4274440099350735	0.6779433893871926
0.5429694180256339	0.5546809549531575
0.5083117955984658	0.40060291191061376
0.566074499643746	0.49304973773613997
0.46210163236224167	0.5238653463446488
0.6700473669252504	1.0785463012978063
0.48520671398035375	0.6471277807786838
0.32347114265356913	0.5238653463446488
0.35812876508073727	0.6779433893871926
0.5083117955984658	0.40060291191061376
0.6122846628799702	0.73957460660421
0.6122846628799702	0.7087589979957013
0.6584948261161944	0.9244682582552625
0.6700473669252504	0.5854965635616662
0.6122846628799702	0.862837041038245
0.6931524485433624	0.9244682582552625
0.26570843860828897	0.40060291191061376
0.6353897444980823	0.9552838668637712
0.6584948261161944	0.9244682582552625
0.6238372036890262	0.6471277807786838
0.35812876508073727	0.4314185205191225
0.4967592547894098	0.8320214324297363
0.6931524485433624	0.8320214324297363
0.9357558055335394	0.73957460660421
0.48520671398035375	0.8012058238212275
0.23105081618112083	0.40060291191061376
0.3350236834626252	0.49304973773613997
0.48520671398035375	0.40060291191061376
0.9473083463425954	1.1709931271233325
0.6584948261161944	0.5854965635616662
0.46210163236224167	0.27734047747657875
0.38123384669884935	0.46223412912763123
0.5314168772165779	0.6779433893871926
0.55452195883469	0.6471277807786838
0.7162575301614745	0.9552838668637712
0.38123384669884935	0.24652486886806999
0.577627040452802	0.9244682582552625
0.6700473669252504	0.7087589979957013
0.5314168772165779	0.616312172170175
0.5198643364075218	0.369787303302105
0.26570843860828897	0.5546809549531575
0.5891795812618581	0.8320214324297363
0.45054909155318557	0.5238653463446488
0.3350236834626252	0.3389716946935963
0.46210163236224167	0.46223412912763123
0.5891795812618581	0.5238653463446488
0.6931524485433624	0.8012058238212275
0.6122846628799702	0.862837041038245
0.41589146912601743	0.3081560860850875
0.5083117955984658	0.3081560860850875
0.3927863875079054	0.49304973773613997
0.577627040452802	0.6471277807786838
0.5083117955984658	0.9552838668637712
0.6815999077343063	0.9244682582552625
0.6700473669252504	1.0785463012978063
0.7047049893524184	0.7087589979957013
0.4967592547894098	0.7087589979957013
0.38123384669884935	0.24652486886806999
0.5198643364075218	0.4314185205191225
0.5429694180256339	0.862837041038245
0.4043389283169614	0.46223412912763123
0.6700473669252504	0.6471277807786838
0.6584948261161944	0.49304973773613997
0.277260979417345	0.3081560860850875
0.5314168772165779	1.0169150840807888
0.48520671398035375	0.73957460660421
0.5083117955984658	0.5854965635616662
0.41589146912601743	0.3081560860850875
0.48520671398035375	0.5546809549531575
0.5891795812618581	0.40060291191061376
0.41589146912601743	0.40060291191061376
0.3119186018445131	0.5238653463446488
0.23105081618112083	0.21570926025956125
0.4274440099350735	0.5854965635616662
0.6122846628799702	0.46223412912763123
0.5083117955984658	0.5854965635616662
0.46210163236224167	0.46223412912763123
0.3119186018445131	0.369787303302105
0.566074499643746	0.369787303302105
0.5314168772165779	0.8320214324297363
0.6238372036890262	0.6471277807786838
0.4389965507441295	0.73957460660421
0.4043389283169614	0.3389716946935963
0.5429694180256339	0.40060291191061376
0.24260335699017688	0.24652486886806999
0.46210163236224167	0.8012058238212275
0.4389965507441295	0.1848936516510525
0.566074499643746	0.5546809549531575
0.5891795812618581	0.8320214324297363
0.4274440099350735	0.3389716946935963
0.3696813058897933	0.49304973773613997
0.5083117955984658	0.7087589979957013
0.32347114265356913	0.369787303302105
0.3696813058897933	0.061631217217017496
0.5198643364075218	0.27734047747657875
0.35812876508073727	0.5546809549531575
0.6238372036890262	0.6779433893871926
0.3350236834626252	0.24652486886806999
0.32347114265356913	0.5854965635616662
0.3465762242716812	0.27734047747657875
0.3927863875079054	0.5546809549531575
0.6469422853071383	1.0785463012978063
0.5314168772165779	0.6779433893871926
0.3119186018445131	0.24652486886806999
0.32347114265356913	0.12326243443403499
0.5314168772165779	0.40060291191061376
0.577627040452802	0.7703902152127188
0.48520671398035375	0.8012058238212275
0.3927863875079054	0.3389716946935963
0.32347114265356913	0.1848936516510525
0.4274440099350735	0.5238653463446488
0.2541558977992329	0.4314185205191225
0.48520671398035375	0.27734047747657875
0.3696813058897933	0.5546809549531575
0.46210163236224167	0.46223412912763123
0.48520671398035375	0.40060291191061376
0.38123384669884935	0.21570926025956125
0.45054909155318557	0.49304973773613997
0.45054909155318557	0.369787303302105
0.277260979417345	0.4314185205191225
0.3465762242716812	0.24652486886806999
0.46210163236224167	0.4314185205191225
0.4389965507441295	0.5546809549531575
0.3465762242716812	0.3081560860850875
0.3350236834626252	0.21570926025956125
0.3927863875079054	0.030815608608508748
