WT-Tfh	WT-Th1
0.4723338827931199	0.46663635892884675
0.4023584927496947	0.23331817946442338
0.2973954076845569	0.5132999948217315
0.4723338827931199	0.5132999948217315
0.26240771266284435	0.2799818153573081
0.4023584927496947	0.5599636307146162
0.3498769502171258	0.2799818153573081
0.20992617013027548	0.2799818153573081
0.3498769502171258	0.23331817946442338
0.4023584927496947	0.5132999948217315
0.4023584927496947	0.3266454512501928
0.6122846628799702	0.41997272303596206
0.3848646452388384	0.2799818153573081
0.3498769502171258	0.3733090871430774
0.3673707977279821	0.2799818153573081
0.3323831027062695	0.41997272303596206
0.3498769502171258	0.46663635892884675
0.3848646452388384	0.1866545435715387
0.5248154253256887	0.6066272666075009
0.4023584927496947	0.6066272666075009
0.3498769502171258	0.2799818153573081
0.20992617013027548	0.1866545435715387
0.13995078008685033	0.13999090767865405
0.20992617013027548	0.1866545435715387
0.1924323226194192	0.23331817946442338
0.2274200176411318	0.3266454512501928
0.5772969678582576	0.6532909025003856
0.27990156017370066	0.6532909025003856
0.3673707977279821	0.5599636307146162
0.4023584927496947	0.46663635892884675
0.4548400352822636	0.23331817946442338
0.43734618777140727	0.41997272303596206
0.24491386515198807	0.13999090767865405
0.4023584927496947	0.23331817946442338
0.43734618777140727	0.3266454512501928
0.5073215778148324	0.13999090767865405
0.3848646452388384	0.46663635892884675
0.6122846628799702	0.5599636307146162
0.2973954076845569	0.5132999948217315
0.3848646452388384	0.41997272303596206
0.2973954076845569	0.09332727178576936
0.3498769502171258	0.41997272303596206
0.3848646452388384	0.1866545435715387
0.43734618777140727	0.41997272303596206
0.4723338827931199	0.5132999948217315
0.3498769502171258	0.3733090871430774
0.4548400352822636	0.41997272303596206
0.2973954076845569	0.2799818153573081
0.43734618777140727	0.2799818153573081
0.3673707977279821	0.3266454512501928
0.43734618777140727	0.7932818101790395
0.6122846628799702	0.6532909025003856
0.4548400352822636	0.46663635892884675
0.4023584927496947	0.5132999948217315
0.3848646452388384	0.5132999948217315
0.4023584927496947	0.5599636307146162
0.4023584927496947	0.41997272303596206
0.4548400352822636	0.3266454512501928
0.24491386515198807	0.23331817946442338
0.3148892551954132	0.6532909025003856
0.43734618777140727	0.6066272666075009
0.5073215778148324	0.7466181742861548
0.41985234026055096	0.41997272303596206
0.3148892551954132	0.2799818153573081
0.41985234026055096	0.5599636307146162
0.24491386515198807	0.2799818153573081
0.3323831027062695	0.13999090767865405
0.5248154253256887	0.3733090871430774
0.1924323226194192	0.3266454512501928
0.43734618777140727	0.3266454512501928
0.5947908153691138	0.7466181742861548
0.2274200176411318	0.3266454512501928
0.3848646452388384	0.5132999948217315
0.3498769502171258	0.3733090871430774
0.3848646452388384	0.2799818153573081
0.5073215778148324	0.6532909025003856
0.3148892551954132	0.1866545435715387
0.2973954076845569	0.46663635892884675
0.3848646452388384	0.46663635892884675
0.542309272836545	0.6532909025003856
0.41985234026055096	0.46663635892884675
0.27990156017370066	0.23331817946442338
0.27990156017370066	0.3266454512501928
0.4548400352822636	0.41997272303596206
0.4723338827931199	0.46663635892884675
0.3323831027062695	0.6066272666075009
0.3673707977279821	0.2799818153573081
0.3673707977279821	0.1866545435715387
0.3498769502171258	0.2799818153573081
0.48982773030397614	0.3266454512501928
0.3498769502171258	0.3733090871430774
0.2973954076845569	0.3266454512501928
0.2973954076845569	0.04666363589288468
0.2973954076845569	0.23331817946442338
0.27990156017370066	0.23331817946442338
0.27990156017370066	0.04666363589288468
0.27990156017370066	0.3266454512501928
0.41985234026055096	0.41997272303596206
0.41985234026055096	0.41997272303596206
0.48982773030397614	0.6532909025003856
0.26240771266284435	0.41997272303596206
0.4723338827931199	0.46663635892884675
0.43734618777140727	0.41997272303596206
0.20992617013027548	0.13999090767865405
0.1749384751085629	0.1866545435715387
0.3148892551954132	0.13999090767865405
0.26240771266284435	0.23331817946442338
0.3498769502171258	0.5599636307146162
0.2274200176411318	0.23331817946442338
0.4548400352822636	0.5599636307146162
0.48982773030397614	0.3733090871430774
0.2973954076845569	0.41997272303596206
0.2973954076845569	0.1866545435715387
0.4723338827931199	0.13999090767865405
0.3848646452388384	0.3266454512501928
0.43734618777140727	0.5132999948217315
0.6472723579016828	0.46663635892884675
0.48982773030397614	0.46663635892884675
0.43734618777140727	0.46663635892884675
0.3848646452388384	0.41997272303596206
0.43734618777140727	0.6066272666075009
0.3848646452388384	0.46663635892884675
0.4723338827931199	0.3733090871430774
0.43734618777140727	0.23331817946442338
0.43734618777140727	0.3266454512501928
0.43734618777140727	0.2799818153573081
0.2973954076845569	0.23331817946442338
0.41985234026055096	0.3733090871430774
0.48982773030397614	0.41997272303596206
0.4023584927496947	0.46663635892884675
0.5947908153691138	0.6066272666075009
0.3848646452388384	0.23331817946442338
0.3148892551954132	0.23331817946442338
0.5772969678582576	0.6532909025003856
0.3498769502171258	0.46663635892884675
0.664766205412539	0.5599636307146162
0.4548400352822636	0.3733090871430774
0.542309272836545	0.5599636307146162
0.3673707977279821	0.6066272666075009
0.20992617013027548	0.46663635892884675
0.41985234026055096	0.46663635892884675
0.5598031203474013	0.6532909025003856
0.4723338827931199	0.3266454512501928
0.41985234026055096	0.41997272303596206
0.5947908153691138	0.5599636307146162
0.3323831027062695	0.2799818153573081
0.26240771266284435	0.23331817946442338
0.27990156017370066	0.2799818153573081
0.1574446275977066	0.1866545435715387
0.3148892551954132	0.3266454512501928
0.3673707977279821	0.6066272666075009
0.5598031203474013	0.6532909025003856
0.542309272836545	0.7466181742861548
0.3848646452388384	0.5132999948217315
0.48982773030397614	0.46663635892884675
0.43734618777140727	0.5132999948217315
0.27990156017370066	0.3266454512501928
0.43734618777140727	0.3266454512501928
0.20992617013027548	0.13999090767865405
0.27990156017370066	0.2799818153573081
0.2973954076845569	0.23331817946442338
0.2274200176411318	0.23331817946442338
0.2973954076845569	0.46663635892884675
0.24491386515198807	0.41997272303596206
0.41985234026055096	0.46663635892884675
0.5248154253256887	0.3266454512501928
0.27990156017370066	0.3266454512501928
0.43734618777140727	0.3266454512501928
0.26240771266284435	0.5132999948217315
0.3673707977279821	0.1866545435715387
0.3148892551954132	0.13999090767865405
0.26240771266284435	0.04666363589288468
0.41985234026055096	0.5599636307146162
0.3848646452388384	0.3733090871430774
0.5248154253256887	0.2799818153573081
0.3148892551954132	0.2799818153573081
0.3148892551954132	0.2799818153573081
0.43734618777140727	0.5599636307146162
0.4723338827931199	0.41997272303596206
0.26240771266284435	0.2799818153573081
0.3323831027062695	0.1866545435715387
0.2973954076845569	0.41997272303596206
0.3673707977279821	0.2799818153573081
0.3498769502171258	0.3733090871430774
0.26240771266284435	0.3733090871430774
0.4723338827931199	0.41997272303596206
0.4548400352822636	0.41997272303596206
0.664766205412539	0.6999545383932702
0.5598031203474013	0.3266454512501928
0.26240771266284435	0.3733090871430774
0.27990156017370066	0.2799818153573081
0.3148892551954132	0.13999090767865405
0.1924323226194192	0.41997272303596206
0.3323831027062695	0.23331817946442338
0.1574446275977066	0.09332727178576936
0.3848646452388384	0.3733090871430774
0.2973954076845569	0.2799818153573081
0.3323831027062695	0.5132999948217315
0.20992617013027548	0.23331817946442338
0.27990156017370066	0.3733090871430774
