DKO	Bcl6KO
0.2029270140748258	0.26539718457561695
0.21282589281018316	0.1516555340432097
0.2029270140748258	0.27487565545331755
0.24252252901625523	0.23696177194251514
0.24747196838393387	0.23696177194251514
0.24252252901625523	0.31278953896412
0.21282589281018316	0.27487565545331755
0.2029270140748258	0.1516555340432097
0.21777533217786182	0.1895694175540121
0.1979775747071471	0.1611340049209103
0.2375730896485765	0.1800909466763115
0.19302813533946844	0.2843541263310182
0.2771686045900059	0.22748330106481454
0.2771686045900059	0.2938325972087188
0.3415113163698288	0.25591871369791636
0.25737084711929126	0.1516555340432097
0.24252252901625523	0.21800483018711395
0.24252252901625523	0.24644024282021576
0.30191580142839936	0.3033110680864194
0.18312925660411108	0.25591871369791636
0.28211804395768464	0.22748330106481454
0.306865240796078	0.3791388351080242
0.22767421091321915	0.1800909466763115
0.2722191652223273	0.21800483018711395
0.3514101951051861	0.3317464807195212
0.2870674833253633	0.26539718457561695
0.1979775747071471	0.1421770631655091
0.2623202864869699	0.23696177194251514
0.3761573919435795	0.27487565545331755
0.3514101951051861	0.4360096603742279
0.3959551494142942	0.3412249515972218
0.3613090738405435	0.20852635930941332
0.1979775747071471	0.23696177194251514
0.24747196838393387	0.2843541263310182
0.24252252901625523	0.1706124757986109
0.25737084711929126	0.25591871369791636
0.30191580142839936	0.26539718457561695
0.3613090738405435	0.26539718457561695
0.3514101951051861	0.3317464807195212
0.3514101951051861	0.4360096603742279
0.30191580142839936	0.2938325972087188
0.21282589281018316	0.31278953896412
0.29201692269304197	0.3317464807195212
0.2771686045900059	0.3412249515972218
0.22272477154554052	0.1611340049209103
0.2672697258546486	0.3033110680864194
0.2672697258546486	0.2938325972087188
0.29696636206072063	0.2843541263310182
0.2623202864869699	0.3791388351080242
0.4058540281496516	0.3222680098418206
0.2029270140748258	0.38861730598572486
0.4009045887819729	0.22748330106481454
0.3761573919435795	0.3412249515972218
0.33656187700215007	0.3222680098418206
0.22767421091321915	0.20852635930941332
0.36625851320822217	0.4360096603742279
0.3316124376344714	0.21800483018711395
0.4207023462526876	0.4834020147627309
0.34646075573750745	0.2843541263310182
0.28211804395768464	0.39809577686342545
0.475146179297153	0.2938325972087188
0.44544954309108103	0.5687082526620364
0.49989337613554646	0.5213158982735333
0.4503989824587597	0.4454881312519285
0.46029786119411703	0.5023589565181321
0.4553484218264383	0.4549666021296291
0.3910057100466156	0.2843541263310182
0.32171355889911407	0.3033110680864194
0.3910057100466156	0.360181893352623
0.430601224988045	0.41705271861882665
0.5493877698123333	0.5023589565181321
0.475146179297153	0.4549666021296291
0.4108034675173303	0.5213158982735333
0.48999449740018913	0.5497513109066351
0.43555066435572365	0.3791388351080242
0.48009561866483175	0.38861730598572486
0.3514101951051861	0.27487565545331755
0.41575290688500893	0.3317464807195212
0.49494393676786774	0.5118374273958327
0.5097922548709038	0.62557907792824
0.41575290688500893	0.4834020147627309
0.31676411953143535	0.21800483018711395
0.2722191652223273	0.3222680098418206
0.3118146801637567	0.4360096603742279
0.4256517856203663	0.4075742477411261
0.29696636206072063	0.3412249515972218
0.2870674833253633	0.25591871369791636
0.4108034675173303	0.360181893352623
0.36625851320822217	0.4454881312519285
0.48504505803251047	0.4360096603742279
0.31676411953143535	0.360181893352623
0.4553484218264383	0.5876651944174376
0.5939327241214413	0.41705271861882665
0.4108034675173303	0.41705271861882665
0.2870674833253633	0.360181893352623
0.48504505803251047	0.4265311894965273
0.6186799209598347	0.9288901460146595
0.5889832847537627	0.8530623789930546
0.2771686045900059	0.31278953896412
0.15838205976571768	0.19904788843171273
0.21777533217786182	0.19904788843171273
0.1979775747071471	0.3033110680864194
0.6384776784305495	0.6350575488059407
0.5246405729739398	0.5402728400289346
0.3563596344728648	0.4454881312519285
0.20787645344250447	0.23696177194251514
0.41575290688500893	0.4739235438850303
0.49989337613554646	0.7108853158275455
0.5840338453860839	0.5687082526620364
0.32171355889911407	0.3033110680864194
0.3910057100466156	0.4454881312519285
0.5741349666507266	0.7393207284606473
0.475146179297153	0.4265311894965273
0.4405001037234023	0.4739235438850303
0.48999449740018913	0.23696177194251514
0.3613090738405435	0.19904788843171273
0.15838205976571768	0.1706124757986109
0.4207023462526876	0.3412249515972218
0.4058540281496516	0.36966036423032367
0.49989337613554646	0.38861730598572486
0.4503989824587597	0.4739235438850303
0.3910057100466156	0.46444507300732973
0.49494393676786774	0.3317464807195212
0.41575290688500893	0.4549666021296291
0.4701967399294744	0.5118374273958327
0.4108034675173303	0.4360096603742279
0.4405001037234023	0.2843541263310182
0.44544954309108103	0.4454881312519285
0.49494393676786774	0.5213158982735333
0.5196911336062612	0.6066221361728388
0.4207023462526876	0.36966036423032367
0.32171355889911407	0.2938325972087188
0.34646075573750745	0.26539718457561695
0.32171355889911407	0.27487565545331755
0.33656187700215007	0.360181893352623
0.34646075573750745	0.4549666021296291
0.32171355889911407	0.4360096603742279
0.3761573919435795	0.2843541263310182
0.4009045887819729	0.3317464807195212
0.28211804395768464	0.3507034224749225
0.49989337613554646	0.4265311894965273
0.3959551494142942	0.41705271861882665
0.3563596344728648	0.4928804856404315
0.4503989824587597	0.3791388351080242
0.41575290688500893	0.3791388351080242
0.34646075573750745	0.25591871369791636
0.3316124376344714	0.22748330106481454
0.3860562706789369	0.4739235438850303
0.3415113163698288	0.3507034224749225
0.3415113163698288	0.5307943691512339
0.3118146801637567	0.41705271861882665
0.4108034675173303	0.4360096603742279
0.44544954309108103	0.4739235438850303
0.46524730056179575	0.6161006070505394
0.41575290688500893	0.2938325972087188
0.430601224988045	0.41705271861882665
0.44544954309108103	0.3507034224749225
0.3910057100466156	0.578186723539737
0.3514101951051861	0.31278953896412
0.3613090738405435	0.26539718457561695
0.2375730896485765	0.31278953896412
0.32171355889911407	0.24644024282021576
0.41575290688500893	0.4265311894965273
0.29201692269304197	0.41705271861882665
0.3811068313112582	0.5307943691512339
0.4058540281496516	0.3791388351080242
0.2771686045900059	0.3222680098418206
0.30191580142839936	0.22748330106481454
0.24747196838393387	0.3033110680864194
0.5097922548709038	0.39809577686342545
0.4207023462526876	0.4739235438850303
0.3811068313112582	0.21800483018711395
0.36625851320822217	0.1706124757986109
0.3316124376344714	0.3507034224749225
0.430601224988045	0.3222680098418206
0.430601224988045	0.31278953896412
0.2722191652223273	0.20852635930941332
0.25737084711929126	0.19904788843171273
0.2623202864869699	0.23696177194251514
0.36625851320822217	0.360181893352623
0.3860562706789369	0.22748330106481454
0.32171355889911407	0.26539718457561695
0.2722191652223273	0.3791388351080242
0.2672697258546486	0.31278953896412
0.29696636206072063	0.24644024282021576
0.33656187700215007	0.3033110680864194
0.2870674833253633	0.26539718457561695
0.306865240796078	0.2843541263310182
0.32171355889911407	0.39809577686342545
0.30191580142839936	0.3222680098418206
0.30191580142839936	0.26539718457561695
0.3761573919435795	0.3412249515972218
0.3811068313112582	0.31278953896412
0.2672697258546486	0.1800909466763115
0.33656187700215007	0.38861730598572486
0.30191580142839936	0.21800483018711395
0.29696636206072063	0.26539718457561695
0.29201692269304197	0.23696177194251514
0.29696636206072063	0.2843541263310182
0.30191580142839936	0.3317464807195212
