DKO	Bcl6KO
0.3170915355866291	0.40432418771580647
0.32585537199731485	0.42721046249217287
0.346569894422572	0.43178771744744615
0.3401961952148006	0.45009673726853927
0.324261947195372	0.3738091546806513
0.33939948281382915	0.38296366459119785
0.3330257836060577	0.4180559525816263
0.3609107176400578	0.4623027504826014
0.3609107176400578	0.4867147769107255
0.33541592080897203	0.39059242284998663
0.3704712664517149	0.4180559525816263
0.3704712664517149	0.42721046249217287
0.3561304432342292	0.43789072405447715
0.3887956516740578	0.5187555615976385
0.3720646912536578	0.4607769988308436
0.3601140052390863	0.4790860186519367
0.35852058043714347	0.4195817042333841
0.39437263848085785	0.42263320753689954
0.38162524006531495	0.4684057570896324
0.3911857888769721	0.4760345153484212
0.36569099204588634	0.451622488920297
0.39915291288668636	0.4760345153484212
0.3704712664517149	0.4638285021343591
0.3864055144711436	0.5019722934283031
0.3856088020701721	0.4790860186519367
0.3720646912536578	0.5157040582941229
0.4047298996934864	0.47756026700017895
0.4158838733070864	0.5187555615976385
0.4071200368964007	0.521807064901154
0.4134937361041721	0.5553736012398247
0.3808285276643435	0.4790860186519367
0.38481208966920066	0.48824052856248323
0.403933187292515	0.45619974387557033
0.3903890764760007	0.5019722934283031
0.45173593135080076	0.6026719024443152
0.4270378469206864	0.5355388297669739
0.4007463376886292	0.48518902525896773
0.4166805857080579	0.5309615748117006
0.4358016833313722	0.4867147769107255
0.4246477097177722	0.5294358231599428
0.46687346696925797	0.5950431441855265
0.4533293561527436	0.6164036673101351
0.47802744058285795	0.566053862802129
0.4589063429595437	0.5843628826232222
0.4764340157809151	0.6057234057478308
0.4684668917712008	0.6194551706136506
0.47563730337994364	0.5797856276679488
0.46687346696925797	0.5736826210609178
0.4573129181576008	0.5401160847222471
0.44536223214302934	0.5752083727126756
0.44536223214302934	0.5126525549906075
0.49396168860228656	0.5797856276679488
0.4525326437517722	0.5752083727126756
0.47484059097897224	0.5630023594986135
0.46528004216731506	0.5538478495880669
0.4437688073410865	0.5370645814187316
0.4429720949401151	0.5767341243644334
0.4836044273896579	0.648444451997048
0.5138794986265723	0.6606504652111101
0.5083025118197723	0.591991640882011
0.4429720949401151	0.5126525549906075
0.43420825852942935	0.5630023594986135
0.5146762110275438	0.630135432175955
0.5067090870178295	0.6316611838277127
0.5075057994188009	0.6194551706136506
0.48440113979062943	0.5767341243644334
0.46049976776148654	0.5782598760161911
0.48599456459257223	0.566053862802129
0.5537151186751439	0.6194551706136506
0.48838470179548654	0.6530217069523213
0.49316497620131516	0.648444451997048
0.5433578574625152	0.6469187003452903
0.5154729234285153	0.6041976540960731
0.5178630606314294	0.67438223007693
0.5624789550858296	0.6865882432909921
0.5218466226362866	0.6698049751216567
0.5656658046897153	0.7125260213708741
0.5178630606314294	0.6621762168628679
0.5728362162984582	0.7201547796296629
0.574429641100401	0.6652277201663834
0.5417644326605724	0.6438671970417749
0.517066348230458	0.630135432175955
0.5337973086508581	0.6347126871312283
0.4716537413750865	0.6087749090513463
0.46528004216731506	0.5614766078468557
0.42385099731680076	0.5065495483835764
0.39277921367891494	0.48366327360721
0.4549227809546865	0.591991640882011
0.494758401003258	0.656073210255837
0.489181414196458	0.6072491573995886
0.5194564854333723	0.6804852366839611
0.437395108133315	0.49739503847302985
0.5067090870178295	0.668279223469899
0.5616822426848581	0.6957427532015387
0.6883595144393155	0.7872878523070043
0.6564910184004583	0.8239058919491905
0.4334115461284579	0.5355388297669739
0.40313647489154353	0.44246797900975043
0.4421753825391436	0.5187555615976385
0.5959408759266296	0.7399895511025137
0.7210247228791441	0.8818844547159854
0.6214356727577154	0.7033715114603275
0.4509392189498294	0.5538478495880669
0.403933187292515	0.4821375219554523
0.4071200368964007	0.5065495483835764
0.6907496516422298	0.8712041931536811
0.7138543112704012	0.8422149117702836
0.5943474511246868	0.6881139949427498
0.4899781265974294	0.5935173925337688
0.4007463376886292	0.5157040582941229
0.5154729234285153	0.6621762168628679
0.48599456459257223	0.5492705946327937
0.47324716617702944	0.559950856195098
0.44536223214302934	0.5416418363740049
0.41508716090611497	0.4592512471790858
0.42146086011388645	0.48976628021424107
0.42066414771291505	0.5065495483835764
0.44536223214302934	0.5767341243644334
0.528220321844058	0.6774337333804455
0.591160601520801	0.7155775246743895
0.5489348442693153	0.6881139949427498
0.5194564854333723	0.6499702036488059
0.5019288126120008	0.5996203991407998
0.4963518258052009	0.6530217069523213
0.5624789550858296	0.7155775246743895
0.5489348442693153	0.6911654982462654
0.5234400474382295	0.6209809222654085
0.48838470179548654	0.6453929486935326
0.4764340157809151	0.6087749090513463
0.528220321844058	0.6453929486935326
0.5090992242207437	0.6514959553005636
0.5138794986265723	0.5996203991407998
0.5345940210518295	0.6240324255689239
0.489181414196458	0.6225066739171662
0.489181414196458	0.5813113793197067
0.5146762110275438	0.6194551706136506
0.4963518258052009	0.5492705946327937
0.5098959366217152	0.5752083727126756
0.5242367598392009	0.6225066739171662
0.46049976776148654	0.5553736012398247
0.46049976776148654	0.5263843198564273
0.4174772981090293	0.5309615748117006
0.48041757778577227	0.5828371309714644
0.47563730337994364	0.5706311177574024
0.4692636041721723	0.5324873264634583
0.44058195773720077	0.5584251045433403
0.45412606855371507	0.5324873264634583
0.4533293561527436	0.5187555615976385
0.4533293561527436	0.5019722934283031
0.4437688073410865	0.5691053661056446
0.4573129181576008	0.5263843198564273
0.4549227809546865	0.5355388297669739
0.4071200368964007	0.4760345153484212
0.41030688650028646	0.4714572603931479
0.42305428491582925	0.5263843198564273
0.44058195773720077	0.5553736012398247
0.4740438785780008	0.5675796144538868
0.4437688073410865	0.5340130781152161
0.3824219524662864	0.4714572603931479
0.409510174099315	0.4760345153484212
0.40233976249057213	0.44246797900975043
0.39915291288668636	0.5187555615976385
0.4358016833313722	0.5004465417765454
0.41269702370320077	0.5309615748117006
0.437395108133315	0.5294358231599428
0.46448332976634366	0.527910071508185
0.4286312717226293	0.5050237967318186
0.4461589445440008	0.5523220979363092
0.42305428491582925	0.4943435351695143
0.38162524006531495	0.4668800054378746
0.4071200368964007	0.4989207901247876
0.40791674929737215	0.5034980450800608
0.3935759260798864	0.47756026700017895
0.43659839573234366	0.5080753000353342
0.42146086011388645	0.49739503847302985
0.4071200368964007	0.5126525549906075
0.3903890764760007	0.49281778351775657
0.39198250127794354	0.48518902525896773
0.4071200368964007	0.45619974387557033
0.35453701843228635	0.45772549552732805
0.38162524006531495	0.4165302009298685
0.36648770444685774	0.48061177030369445
0.39915291288668636	0.4409422273579927
0.38162524006531495	0.4668800054378746
0.3433830448186863	0.4012726844122909
0.3728614036546292	0.3844894162429556
0.3832186648672578	0.41500444927811075
0.3561304432342292	0.40279843606404875
0.35294359363034344	0.41500444927811075
0.36569099204588634	0.407375691019322
0.36409756724394354	0.4409422273579927
0.3864055144711436	0.44704523396502377
0.3864055144711436	0.39364392615350213
0.36808112924880065	0.42721046249217287
0.35533373083325775	0.4058499393675642
0.3306356464031434	0.3844894162429556
0.34178962001674346	0.38296366459119785
0.3704712664517149	0.3783864096359245
0.3378060580118863	0.39364392615350213
0.34417975721965777	0.4439937306615082
