DKO	Bcl6KO
0.3090716173816697	0.35346702482721587
0.32126035722207363	0.36347080854874086
0.3499909582744542	0.3684727004095033
0.3090716173816697	0.37514188955718664
0.33257847278816294	0.41515702444328656
0.28730601052380567	0.38014378141794913
0.3299665999652192	0.38681297056563246
0.3238722300450173	0.39681675428715746
0.34041409125699396	0.4184916190171282
0.320389732947759	0.4134897271563657
0.30820099310735516	0.35179972754029504
0.3230016057707027	0.36013621397489914
0.32213098149638814	0.4351645918863365
0.36217969811485806	0.38681297056563246
0.3299665999652192	0.46184134847706976
0.3656621952121163	0.40015134886099907
0.3578265767432852	0.3834783759917908
0.34563783690288136	0.3834783759917908
0.37523906222957654	0.46184134847706976
0.35347345537171243	0.41515702444328656
0.33083722423953377	0.40015134886099907
0.35956782529191433	0.3784764841310283
0.33083722423953377	0.4218262135909699
0.38916905061860946	0.4318299973124949
0.3656621952121163	0.440166483747099
0.3508615825487687	0.40015134886099907
0.37001531658368914	0.430162700025574
0.36740344376074546	0.44683567289478227
0.38307468069840755	0.4451683756078615
0.3778509350525202	0.440166483747099
0.3795921836011493	0.44850297018170315
0.3656621952121163	0.37514188955718664
0.36043844956622895	0.40848783529560323
0.35695595246897066	0.47184513219859475
0.39352217199018236	0.4701778349116739
0.3865571777956658	0.45683945661630726
0.4065815361049008	0.4334972945994157
0.37001531658368914	0.4351645918863365
0.3987459176360697	0.46851053762475314
0.4048402875562716	0.5035237806500905
0.3656621952121163	0.3884802678525533
0.39787529336175514	0.4368318891732573
0.39439279626449686	0.45683945661630726
0.4126759060251027	0.5068583752239322
0.4126759060251027	0.4918526996416447
0.4309590157857085	0.5151948616585363
0.4266058944141357	0.5018564833631697
0.41789965167099	0.4768470240593572
0.3987459176360697	0.4868508077808822
0.3804628078754639	0.4735124294855156
0.41006403320215895	0.44183378103401977
0.44053588280316874	0.4601740511901489
0.4065815361049008	0.4768470240593572
0.4701371081298638	0.508525672510853
0.4501127498206289	0.5251986453800613
0.44053588280316874	0.4801816186331989
0.451853998369258	0.5251986453800613
0.4475008769976852	0.5118602670846947
0.4744902295014366	0.5985597260045779
0.43531213715728134	0.5535426992577155
0.451853998369258	0.536869726388507
0.4440183799004269	0.4735124294855156
0.4083227846535299	0.45350486204246565
0.4266058944141357	0.5051910779370113
0.4431477556261124	0.5318678345277446
0.45794836828945995	0.5235313480931405
0.47884335087300944	0.6102308070130237
0.4736196052271221	0.5318678345277446
0.4466302527233706	0.5352024291015863
0.45968961683808907	0.5652137802661612
0.48842021789046963	0.5135275643716155
0.4675252353069201	0.5302005372408238
0.4823258479702677	0.5268659426669821
0.48319647224458223	0.556877293831557
0.4910320907134133	0.576884861274607
0.4736196052271221	0.5585445911184779
0.4858083450675259	0.5402043209623488
0.48406709651889684	0.5718829694138445
0.4736196052271221	0.5602118884053987
0.4814552236959531	0.5418716182492695
0.45446587119220166	0.4835162132070406
0.4440183799004269	0.5268659426669821
0.44837150127199976	0.4801816186331989
0.45446587119220166	0.5435389155361905
0.40919340892784445	0.4935199969285656
0.39003967489292407	0.450170267468624
0.3778509350525202	0.49018540235472385
0.43531213715728134	0.5235313480931405
0.43357088860865217	0.5652137802661612
0.41093465747647356	0.46684324033783225
0.44140650707748325	0.5452062128231112
0.48493772079321135	0.5518754019707945
0.5511051656411181	0.7486164818274526
0.5006089577308734	0.538537023675428
0.47971397514732395	0.556877293831557
0.47971397514732395	0.528533239953903
0.5206333160401084	0.5952251314307362
0.605083870648621	0.6635843201944901
0.4927733392620424	0.6319056717429944
0.4196409002196192	0.4318299973124949
0.36740344376074546	0.4818489159201197
0.5659057783044656	0.6285710771691527
0.6338144717010016	0.7802951302789481
0.5232451888630522	0.5835540504222904
0.40222841473332793	0.518529456232378
0.501479582005188	0.5718829694138445
0.48493772079321135	0.5885559422830529
0.5928951308082171	0.6585824283337276
0.4231233973168774	0.548540807396953
0.4083227846535299	0.49518729421548635
0.36217969811485806	0.44683567289478227
0.39352217199018236	0.4801816186331989
0.40919340892784445	0.5068583752239322
0.39700466908744053	0.4351645918863365
0.3378022184340503	0.41015513258252406
0.3726271894066328	0.49018540235472385
0.36305032238917256	0.4218262135909699
0.38829842634429496	0.4351645918863365
0.4292177672370794	0.5518754019707945
0.451853998369258	0.5135275643716155
0.45446587119220166	0.5652137802661612
0.45446587119220166	0.4918526996416447
0.43182964006002306	0.5101929697977738
0.4266058944141357	0.4885181050678031
0.41789965167099	0.5051910779370113
0.45272462264357255	0.5335351318146655
0.41789965167099	0.5035237806500905
0.41354653029941724	0.4918526996416447
0.41528777884804635	0.49018540235472385
0.4457596284490561	0.5552099965446362
0.4631721139353473	0.528533239953903
0.4535952469178871	0.5251986453800613
0.4509833740949435	0.4701778349116739
0.4118052817507881	0.5168621589454572
0.4649133624839764	0.49852188878932807
0.4692664838555492	0.4885181050678031
0.4161584031223609	0.4851835104939614
0.4231233973168774	0.4551721593293864
0.437924009980225	0.45850675390322815
0.41441715457373185	0.43849918646017816
0.4248646458655066	0.47184513219859475
0.38916905061860946	0.440166483747099
0.43270026433433767	0.44683567289478227
0.4205115244939337	0.5051910779370113
0.41789965167099	0.450170267468624
0.3856865535213513	0.4268281054517324
0.41354653029941724	0.45350486204246565
0.38829842634429496	0.4218262135909699
0.42834714296276477	0.4751797267724364
0.39787529336175514	0.420158916304049
0.3769803107782056	0.450170267468624
0.38481592924703667	0.4184916190171282
0.35695595246897066	0.36347080854874086
0.39352217199018236	0.4368318891732573
0.4074521603792153	0.4735124294855156
0.43618276143159584	0.44850297018170315
0.39352217199018236	0.47184513219859475
0.382204056424093	0.3934821597133158
0.37001531658368914	0.3934821597133158
0.41093465747647356	0.41682432173020745
0.37088594085800364	0.4184916190171282
0.4205115244939337	0.41015513258252406
0.39265154771586774	0.450170267468624
0.35956782529191433	0.41682432173020745
0.39439279626449686	0.45683945661630726
0.3778509350525202	0.430162700025574
0.3769803107782056	0.46684324033783225
0.39178092344155313	0.45850675390322815
0.3734978136809473	0.4284954027386532
0.3726271894066328	0.4334972945994157
0.37088594085800364	0.4251608081648115
0.35173220682308326	0.3884802678525533
0.3795921836011493	0.40181864614791996
0.3839453049727221	0.4218262135909699
0.39787529336175514	0.430162700025574
0.3378022184340503	0.3734745922702658
0.3447672126285668	0.40015134886099907
0.3186484843991299	0.41182242986944495
0.32474285431933186	0.3901475651394741
0.34737908545151047	0.40515324072176157
0.34389658835425224	0.371807294983345
0.3526028310973979	0.41182242986944495
0.37175656513231825	0.3834783759917908
0.3351903456111066	0.36513810583566164
0.3351903456111066	0.3467978356795326
0.33344909706247744	0.33012486281032427
0.33083722423953377	0.27677134962885774
0.31342473875324256	0.35179972754029504
0.35347345537171243	0.35846891668797837
0.3282253514165901	0.35846891668797837
0.320389732947759	0.33679405195800755
0.32213098149638814	0.3901475651394741
0.33954346698267945	0.35680161940105753
0.33083722423953377	0.40848783529560323
0.36043844956622895	0.39514945700023657
0.3412847155313085	0.3784764841310283
0.3465084611771959	0.3451305383926117
0.3526028310973979	0.3784764841310283
0.32213098149638814	0.3401286465318492
0.2994947503642095	0.36680540312258253
