WT	KO
0.34125765332871255	0.0
0.6825153066574251	0.36629215134288906
0.6825153066574251	0.36629215134288906
0.8531441333217814	0.18314607567144453
1.3650306133148502	0.5494382270143335
0.8531441333217814	0.4578651891786113
1.194401786650494	0.5494382270143335
0.8531441333217814	0.27471911350716677
0.34125765332871255	0.09157303783572227
0.8531441333217814	0.36629215134288906
0.6825153066574251	0.27471911350716677
0.5118864799930688	0.4578651891786113
0.5118864799930688	0.36629215134288906
0.0	0.27471911350716677
0.0	0.09157303783572227
0.0	0.09157303783572227
0.5118864799930688	0.18314607567144453
0.17062882666435628	0.09157303783572227
0.34125765332871255	0.27471911350716677
0.8531441333217814	0.18314607567144453
0.5118864799930688	0.5494382270143335
0.6825153066574251	0.4578651891786113
0.34125765332871255	0.27471911350716677
0.5118864799930688	0.36629215134288906
1.0237729599861376	0.7325843026857781
0.8531441333217814	0.9157303783572226
0.5118864799930688	0.5494382270143335
0.34125765332871255	0.5494382270143335
0.5118864799930688	0.18314607567144453
0.0	0.27471911350716677
0.17062882666435628	0.09157303783572227
0.34125765332871255	0.09157303783572227
0.17062882666435628	0.18314607567144453
0.34125765332871255	0.36629215134288906
0.34125765332871255	0.27471911350716677
0.34125765332871255	0.36629215134288906
0.6825153066574251	0.5494382270143335
0.5118864799930688	0.7325843026857781
0.8531441333217814	0.6410112648500558
0.8531441333217814	0.6410112648500558
1.0237729599861376	0.4578651891786113
0.6825153066574251	0.6410112648500558
0.8531441333217814	0.4578651891786113
1.5356594399792065	1.0073034161929448
1.194401786650494	0.5494382270143335
0.6825153066574251	0.36629215134288906
0.17062882666435628	0.27471911350716677
0.6825153066574251	0.18314607567144453
0.0	0.4578651891786113
0.5118864799930688	0.18314607567144453
0.5118864799930688	0.4578651891786113
0.8531441333217814	0.4578651891786113
0.6825153066574251	0.5494382270143335
1.7062882666435628	0.8241573405215004
0.8531441333217814	0.7325843026857781
0.5118864799930688	0.5494382270143335
0.6825153066574251	0.7325843026857781
0.8531441333217814	0.5494382270143335
0.34125765332871255	0.5494382270143335
0.8531441333217814	0.7325843026857781
0.5118864799930688	0.6410112648500558
1.194401786650494	0.36629215134288906
0.8531441333217814	0.6410112648500558
0.34125765332871255	0.27471911350716677
0.34125765332871255	0.5494382270143335
0.34125765332871255	0.4578651891786113
0.5118864799930688	0.5494382270143335
0.6825153066574251	0.8241573405215004
0.5118864799930688	0.4578651891786113
0.17062882666435628	0.36629215134288906
0.8531441333217814	0.4578651891786113
1.194401786650494	0.5494382270143335
0.5118864799930688	0.4578651891786113
0.5118864799930688	0.27471911350716677
0.34125765332871255	0.09157303783572227
0.8531441333217814	0.18314607567144453
1.0237729599861376	0.7325843026857781
1.194401786650494	1.098876454028667
0.8531441333217814	0.5494382270143335
0.34125765332871255	0.36629215134288906
1.194401786650494	1.0073034161929448
1.3650306133148502	1.098876454028667
1.876917093307919	0.8241573405215004
1.5356594399792065	1.0073034161929448
1.876917093307919	0.5494382270143335
1.3650306133148502	0.36629215134288906
0.8531441333217814	0.4578651891786113
0.8531441333217814	0.8241573405215004
1.194401786650494	0.27471911350716677
1.0237729599861376	0.4578651891786113
0.8531441333217814	0.09157303783572227
0.8531441333217814	0.27471911350716677
0.8531441333217814	0.27471911350716677
1.0237729599861376	0.4578651891786113
0.8531441333217814	0.7325843026857781
1.0237729599861376	0.4578651891786113
0.17062882666435628	0.4578651891786113
0.34125765332871255	0.18314607567144453
0.17062882666435628	0.0
0.6825153066574251	0.6410112648500558
0.8531441333217814	0.4578651891786113
0.5118864799930688	0.5494382270143335
0.6825153066574251	0.4578651891786113
0.34125765332871255	0.27471911350716677
0.5118864799930688	0.36629215134288906
0.17062882666435628	0.7325843026857781
0.8531441333217814	0.6410112648500558
0.5118864799930688	0.7325843026857781
0.34125765332871255	0.7325843026857781
0.5118864799930688	0.7325843026857781
0.8531441333217814	0.6410112648500558
0.0	0.4578651891786113
0.5118864799930688	0.9157303783572226
0.5118864799930688	0.7325843026857781
0.17062882666435628	0.6410112648500558
0.5118864799930688	0.4578651891786113
0.5118864799930688	0.5494382270143335
0.6825153066574251	0.36629215134288906
1.0237729599861376	0.9157303783572226
1.3650306133148502	0.7325843026857781
0.8531441333217814	0.6410112648500558
1.3650306133148502	0.7325843026857781
1.7062882666435628	0.9157303783572226
2.047545919972275	1.0073034161929448
1.194401786650494	1.1904494918643893
1.0237729599861376	0.8241573405215004
0.6825153066574251	0.7325843026857781
0.6825153066574251	0.7325843026857781
0.6825153066574251	0.36629215134288906
0.5118864799930688	0.4578651891786113
0.5118864799930688	0.5494382270143335
0.17062882666435628	0.18314607567144453
0.5118864799930688	0.27471911350716677
0.17062882666435628	0.18314607567144453
0.17062882666435628	0.09157303783572227
0.0	0.18314607567144453
0.0	0.0
0.0	0.18314607567144453
0.0	0.09157303783572227
0.17062882666435628	0.27471911350716677
0.34125765332871255	0.18314607567144453
0.17062882666435628	0.0
0.17062882666435628	0.09157303783572227
0.34125765332871255	0.27471911350716677
0.0	0.18314607567144453
1.0237729599861376	0.4578651891786113
1.0237729599861376	0.4578651891786113
0.6825153066574251	0.27471911350716677
0.17062882666435628	0.0
0.0	0.0
0.34125765332871255	0.36629215134288906
0.34125765332871255	0.18314607567144453
0.6825153066574251	0.27471911350716677
1.0237729599861376	0.4578651891786113
0.0	0.36629215134288906
0.34125765332871255	0.27471911350716677
0.34125765332871255	0.27471911350716677
0.34125765332871255	0.36629215134288906
0.34125765332871255	0.18314607567144453
0.6825153066574251	0.36629215134288906
0.17062882666435628	0.27471911350716677
0.34125765332871255	0.7325843026857781
0.34125765332871255	0.36629215134288906
1.0237729599861376	0.6410112648500558
0.6825153066574251	1.5567416432072785
1.194401786650494	0.6410112648500558
1.0237729599861376	1.098876454028667
1.194401786650494	0.8241573405215004
0.6825153066574251	0.4578651891786113
0.8531441333217814	0.7325843026857781
0.5118864799930688	0.5494382270143335
1.876917093307919	0.9157303783572226
1.5356594399792065	0.7325843026857781
1.194401786650494	0.5494382270143335
1.194401786650494	0.27471911350716677
1.5356594399792065	0.5494382270143335
1.3650306133148502	0.7325843026857781
1.3650306133148502	0.8241573405215004
0.34125765332871255	0.5494382270143335
0.8531441333217814	0.8241573405215004
0.8531441333217814	0.9157303783572226
0.8531441333217814	0.7325843026857781
1.876917093307919	1.1904494918643893
0.34125765332871255	0.5494382270143335
0.5118864799930688	0.18314607567144453
0.6825153066574251	0.5494382270143335
0.6825153066574251	0.27471911350716677
0.6825153066574251	0.5494382270143335
0.6825153066574251	0.5494382270143335
0.8531441333217814	0.7325843026857781
1.5356594399792065	0.9157303783572226
0.5118864799930688	0.8241573405215004
0.6825153066574251	0.5494382270143335
1.194401786650494	1.1904494918643893
0.8531441333217814	1.2820225297001115
0.8531441333217814	0.8241573405215004
0.8531441333217814	0.7325843026857781
0.34125765332871255	0.36629215134288906
1.194401786650494	1.0073034161929448
1.7062882666435628	0.9157303783572226
