WT	KO
0.36289136189014626	0.3429247910346121
0.456206283519041	0.3514979108104774
0.3991804980791609	0.32577855148288154
0.3577071995774299	0.41150974924153455
0.4354696342681756	0.36007103058634277
0.3006814141375498	0.32577855148288154
0.26957644026125155	0.32577855148288154
0.3473388749519971	0.3000591921552856
0.3836280111410118	0.3429247910346121
0.34215471263928077	0.3857903899139386
0.3577071995774299	0.3857903899139386
0.38881217345372815	0.32577855148288154
0.3525230372647135	0.32577855148288154
0.46657460814447377	0.5058140667760529
0.42510130964274273	0.4886678272243223
0.42510130964274273	0.42008286901739983
0.4043646603918773	0.4715215876725916
0.42510130964274273	0.4372291085691305
0.456206283519041	0.41150974924153455
0.4769429327699065	0.540106545879514
0.5495212051479358	0.5486796656553794
0.3784438488282954	0.3857903899139386
0.5287845558970703	0.480094707448457
0.4458379588936083	0.4715215876725916
0.4458379588936083	0.6172646238623017
0.47175877045719017	0.5143871865519182
0.4821270950826229	0.4372291085691305
0.5028637443334883	0.4286559887932651
0.3991804980791609	0.5743990249829752
0.4821270950826229	0.45437534812086106
0.4406537965808919	0.3772172701380733
0.5028637443334883	0.5572527854312447
0.4769429327699065	0.5315334261036487
0.41473298501731004	0.5143871865519182
0.5339687182097866	0.5572527854312447
0.5132320689589212	0.5915452645347059
0.5443370428352193	0.6344108634140324
0.49249541970805566	0.5058140667760529
0.523600393584354	0.45437534812086106
0.5028637443334883	0.4886678272243223
0.6169153152132487	0.540106545879514
0.5391528805225031	0.6001183843105712
0.5443370428352193	0.56582590520711
0.5184162312716375	0.42008286901739983
0.49249541970805566	0.4286559887932651
0.5132320689589212	0.480094707448457
0.49249541970805566	0.4458022283449958
0.5495212051479358	0.5143871865519182
0.4406537965808919	0.6601302227416282
0.5547053674606522	0.6172646238623017
0.5132320689589212	0.540106545879514
0.49767958202077206	0.49724094700018756
0.5443370428352193	0.6086915040864365
0.5650736920860849	0.7201420611726855
0.6480202890895469	0.5486796656553794
0.6065469905878159	0.480094707448457
0.46657460814447377	0.3429247910346121
0.4873112573953393	0.6172646238623017
0.5858103413369504	0.49724094700018756
0.6428361267768306	0.6601302227416282
0.6117311529005323	0.6258377436381671
0.5754420167115176	0.540106545879514
0.6376519644641141	0.5915452645347059
0.5909945036496668	0.5486796656553794
0.6739411006531288	0.480094707448457
0.5909945036496668	0.5572527854312447
0.5650736920860849	0.5829721447588405
0.6065469905878159	0.6601302227416282
0.6272836398386814	0.6172646238623017
0.6013628282750996	0.6001183843105712
0.5702578543988013	0.6772764622933589
0.6480202890895469	0.45437534812086106
0.5132320689589212	0.4715215876725916
0.663572776027696	0.5572527854312447
0.705046074529427	0.6344108634140324
0.663572776027696	0.5829721447588405
0.6583886137149797	0.7029958216209548
0.689493587591278	0.5572527854312447
0.6687569383404124	0.5486796656553794
0.7413352107184417	0.7458614205002813
0.5754420167115176	0.6515571029657631
0.5391528805225031	0.540106545879514
0.6013628282750996	0.6258377436381671
0.5391528805225031	0.5743990249829752
0.5650736920860849	0.5058140667760529
0.5495212051479358	0.480094707448457
0.5598895297733685	0.46294846789672633
0.5702578543988013	0.5229603063277835
0.5339687182097866	0.480094707448457
0.6324678021513978	0.5829721447588405
0.6324678021513978	0.6772764622933589
0.9175967293507984	0.7115689413968201
0.7309668860930089	0.6001183843105712
0.7413352107184417	0.763007660052012
0.5909945036496668	0.5315334261036487
0.8190976454091872	0.9001775764658567
1.1249632218594536	1.191663648845277
1.0575691117941406	1.2345292477246035
0.5961786659623832	0.5915452645347059
0.3162339010756989	0.3000591921552856
0.3266022257011316	0.2400473537242285
0.6065469905878159	0.4886678272243223
1.353066363618974	1.1573711697418159
1.2130939811756318	1.2088098883970075
0.9279650539762312	0.7544345402761466
0.47175877045719017	0.40293662946566927
0.6687569383404124	0.6172646238623017
0.6998619122167107	0.8230194984830691
0.8605709439109184	0.874458217138261
0.5287845558970703	0.5315334261036487
0.4510221212063246	0.3857903899139386
0.4354696342681756	0.5143871865519182
0.5443370428352193	0.45437534812086106
0.5909945036496668	0.5915452645347059
0.5287845558970703	0.5058140667760529
0.5028637443334883	0.480094707448457
0.5391528805225031	0.46294846789672633
0.6220994775259651	0.6515571029657631
0.6169153152132487	0.5829721447588405
0.6791252629658452	0.6344108634140324
0.6687569383404124	0.6429839831898977
0.6117311529005323	0.7115689413968201
0.6169153152132487	0.5572527854312447
0.6220994775259651	0.6258377436381671
0.6480202890895469	0.6601302227416282
0.5598895297733685	0.5058140667760529
0.6843094252785615	0.6086915040864365
0.6169153152132487	0.7458614205002813
0.705046074529427	0.6687033425174936
0.7102302368421434	0.4372291085691305
0.663572776027696	0.6944227018450896
0.5909945036496668	0.5315334261036487
0.689493587591278	0.6687033425174936
0.5391528805225031	0.49724094700018756
0.5961786659623832	0.5915452645347059
0.5287845558970703	0.5058140667760529
0.5806261790242341	0.6258377436381671
0.6220994775259651	0.5572527854312447
0.6480202890895469	0.6687033425174936
0.7154143991548598	0.6944227018450896
0.6480202890895469	0.5572527854312447
0.5702578543988013	0.5486796656553794
0.5443370428352193	0.5229603063277835
0.6013628282750996	0.6772764622933589
0.5961786659623832	0.6258377436381671
0.5754420167115176	0.540106545879514
0.5287845558970703	0.4458022283449958
0.5806261790242341	0.49724094700018756
0.5650736920860849	0.5058140667760529
0.6117311529005323	0.540106545879514
0.7257827237802925	0.7029958216209548
0.5754420167115176	0.3343516712587468
0.42510130964274273	0.4286559887932651
0.5339687182097866	0.4715215876725916
0.6117311529005323	0.5486796656553794
0.6117311529005323	0.5829721447588405
0.46657460814447377	0.40293662946566927
0.4406537965808919	0.3000591921552856
0.3991804980791609	0.3857903899139386
0.4769429327699065	0.3857903899139386
0.5132320689589212	0.6772764622933589
0.5287845558970703	0.4715215876725916
0.47175877045719017	0.49724094700018756
0.5391528805225031	0.4715215876725916
0.456206283519041	0.42008286901739983
0.5443370428352193	0.45437534812086106
0.5132320689589212	0.6429839831898977
0.5495212051479358	0.480094707448457
0.4613904458317574	0.40293662946566927
0.4821270950826229	0.4372291085691305
0.4613904458317574	0.42008286901739983
0.36807552420286266	0.3857903899139386
0.4873112573953393	0.4715215876725916
0.4613904458317574	0.36864415036220805
0.4406537965808919	0.3172054317070162
0.47175877045719017	0.5915452645347059
0.373259686515579	0.36007103058634277
0.49249541970805566	0.4286559887932651
0.36807552420286266	0.3172054317070162
0.3266022257011316	0.36864415036220805
0.3525230372647135	0.3514979108104774
0.4354696342681756	0.42008286901739983
0.4406537965808919	0.5058140667760529
0.4510221212063246	0.3514979108104774
0.31104973876298253	0.3000591921552856
0.2954972518248334	0.30863231193115087
0.38881217345372815	0.3343516712587468
0.3836280111410118	0.3943635096898039
0.3162339010756989	0.3000591921552856
0.3369705503265644	0.15431615596557544
0.4043646603918773	0.2571935932759591
0.31104973876298253	0.2400473537242285
0.4510221212063246	0.3429247910346121
0.31104973876298253	0.2571935932759591
0.3577071995774299	0.4286559887932651
0.4043646603918773	0.45437534812086106
0.36289136189014626	0.2743398328276897
0.3577071995774299	0.36864415036220805
0.29031308951211704	0.3172054317070162
0.3525230372647135	0.2229011141724979
