WT	KO
0.38300900668576204	0.36467748300322556
0.5338913426528804	0.47983879342529684
0.45264700790135515	0.2687097243181662
0.44104067436542294	0.4990323451623087
0.3597963396138977	0.40306458647724935
0.4758596749732195	0.47983879342529684
0.4874660085091517	0.5758065521103561
0.5106786755810161	0.44145168995127304
0.6035293438684736	0.5374194486363324
0.5919230103325414	0.4990323451623087
0.6035293438684736	0.595000103847368
0.5106786755810161	0.4606452416882849
0.5338913426528804	0.6141936555843799
0.45264700790135515	0.5758065521103561
0.6267420109403379	0.44145168995127304
0.6035293438684736	0.5182258968993205
0.5454976761888126	0.4990323451623087
0.5338913426528804	0.5182258968993205
0.4990723420450839	0.5374194486363324
0.5454976761888126	0.5758065521103561
0.7195926792277954	0.6909678625324274
0.4990723420450839	0.5566130003733443
0.39461534022169426	0.5374194486363324
0.5454976761888126	0.5566130003733443
0.4990723420450839	0.44145168995127304
0.4990723420450839	0.5758065521103561
0.44104067436542294	0.3838710347402374
0.44104067436542294	0.3838710347402374
0.568710343260677	0.5566130003733443
0.6499546780122023	0.5566130003733443
0.5106786755810161	0.6141936555843799
0.5803166767966093	0.5374194486363324
0.5106786755810161	0.3838710347402374
0.4874660085091517	0.4990323451623087
0.4874660085091517	0.47983879342529684
0.5803166767966093	0.36467748300322556
0.5803166767966093	0.6909678625324274
0.5338913426528804	0.42225813821426117
0.6499546780122023	0.5182258968993205
0.5454976761888126	0.5758065521103561
0.568710343260677	0.42225813821426117
0.6731673450840666	0.42225813821426117
0.4062216737576264	0.24951617258115436
0.4758596749732195	0.4606452416882849
0.4874660085091517	0.3838710347402374
0.5106786755810161	0.6333872073213918
0.6383483444762701	0.7293549660064511
0.6267420109403379	0.6717743107954155
0.4062216737576264	0.42225813821426117
0.5454976761888126	0.47983879342529684
0.5571040097247448	0.5182258968993205
0.6383483444762701	0.3838710347402374
0.6499546780122023	0.4990323451623087
0.5919230103325414	0.3838710347402374
0.45264700790135515	0.36467748300322556
0.45264700790135515	0.36467748300322556
0.6035293438684736	0.6141936555843799
0.6267420109403379	0.6525807590584037
0.6151356774044057	0.5182258968993205
0.6615610115481345	0.6141936555843799
0.4990723420450839	0.4606452416882849
0.4062216737576264	0.47983879342529684
0.5454976761888126	0.42225813821426117
0.696380012155931	0.5758065521103561
0.7776243469074563	0.8445162764285223
0.7311990127637276	0.5758065521103561
0.5454976761888126	0.4606452416882849
0.5222850091169483	0.47983879342529684
0.4758596749732195	0.40306458647724935
0.6035293438684736	0.6333872073213918
0.5919230103325414	0.5182258968993205
0.6267420109403379	0.5374194486363324
0.6151356774044057	0.5182258968993205
0.5222850091169483	0.3838710347402374
0.6035293438684736	0.595000103847368
0.696380012155931	0.5566130003733443
0.4874660085091517	0.5374194486363324
0.5803166767966093	0.4606452416882849
0.5222850091169483	0.4606452416882849
0.568710343260677	0.42225813821426117
0.4990723420450839	0.5374194486363324
0.6615610115481345	0.3454839312662137
0.5454976761888126	0.44145168995127304
0.4874660085091517	0.5182258968993205
0.6267420109403379	0.6717743107954155
0.6731673450840666	0.7101614142694394
0.6267420109403379	0.6333872073213918
0.5454976761888126	0.5758065521103561
0.5338913426528804	0.44145168995127304
0.5338913426528804	0.40306458647724935
0.45264700790135515	0.4990323451623087
0.2785520048623724	0.28790327605517807
0.2669456713264402	0.2687097243181662
0.22052033718271147	0.15354841389609497
0.5106786755810161	0.3454839312662137
0.6035293438684736	0.5566130003733443
0.44104067436542294	0.5566130003733443
0.4758596749732195	0.47983879342529684
0.4642533414372873	0.28790327605517807
0.3714026731498299	0.3838710347402374
0.24373300425457586	0.15354841389609497
0.2669456713264402	0.3838710347402374
0.38300900668576204	0.40306458647724935
0.44104067436542294	0.40306458647724935
0.3597963396138977	0.4606452416882849
0.5222850091169483	0.5566130003733443
0.5222850091169483	0.47983879342529684
0.3365836725420333	0.1919355173701187
0.2901583383983046	0.28790327605517807
0.32497733900610115	0.30709682779218994
0.4990723420450839	0.28790327605517807
0.6151356774044057	0.3454839312662137
0.6151356774044057	0.6333872073213918
0.5919230103325414	0.47983879342529684
0.6151356774044057	0.3454839312662137
0.6035293438684736	0.5374194486363324
0.5571040097247448	0.3454839312662137
0.4874660085091517	0.36467748300322556
0.4758596749732195	0.32629037952920187
0.5338913426528804	0.42225813821426117
0.5919230103325414	0.5758065521103561
0.6615610115481345	0.4990323451623087
0.5338913426528804	0.6717743107954155
0.5338913426528804	0.42225813821426117
0.5571040097247448	0.47983879342529684
0.4178280072935586	0.5374194486363324
0.6499546780122023	0.4606452416882849
0.6035293438684736	0.3838710347402374
0.5571040097247448	0.6141936555843799
0.4874660085091517	0.3454839312662137
0.5222850091169483	0.47983879342529684
0.5106786755810161	0.36467748300322556
0.6267420109403379	0.4990323451623087
0.6151356774044057	0.4990323451623087
0.5803166767966093	0.47983879342529684
0.6267420109403379	0.47983879342529684
0.5338913426528804	0.42225813821426117
0.3365836725420333	0.3454839312662137
0.44104067436542294	0.4606452416882849
0.4062216737576264	0.40306458647724935
0.5222850091169483	0.5566130003733443
0.6035293438684736	0.5566130003733443
0.5338913426528804	0.5758065521103561
0.5454976761888126	0.47983879342529684
0.3481900060779655	0.4606452416882849
0.4990723420450839	0.4606452416882849
0.3714026731498299	0.47983879342529684
0.4874660085091517	0.5182258968993205
0.4062216737576264	0.42225813821426117
0.3017646719342368	0.4990323451623087
0.38300900668576204	0.23032262084414246
0.3714026731498299	0.36467748300322556
0.4178280072935586	0.4606452416882849
0.39461534022169426	0.36467748300322556
0.5454976761888126	0.36467748300322556
0.5338913426528804	0.5374194486363324
0.42943434082949083	0.3838710347402374
0.3597963396138977	0.3454839312662137
0.32497733900610115	0.21112906910713058
0.31337100547016894	0.24951617258115436
0.4062216737576264	0.3838710347402374
0.3597963396138977	0.4606452416882849
0.42943434082949083	0.4990323451623087
0.4178280072935586	0.3454839312662137
0.44104067436542294	0.36467748300322556
0.4062216737576264	0.28790327605517807
0.32497733900610115	0.21112906910713058
0.4178280072935586	0.42225813821426117
0.3597963396138977	0.40306458647724935
0.2669456713264402	0.28790327605517807
0.4062216737576264	0.3838710347402374
0.3017646719342368	0.40306458647724935
0.39461534022169426	0.3454839312662137
0.25533933779050805	0.15354841389609497
0.38300900668576204	0.32629037952920187
0.44104067436542294	0.32629037952920187
0.3365836725420333	0.30709682779218994
0.4178280072935586	0.3454839312662137
0.4062216737576264	0.36467748300322556
0.3481900060779655	0.28790327605517807
0.3714026731498299	0.3838710347402374
0.3017646719342368	0.4606452416882849
0.44104067436542294	0.23032262084414246
0.3017646719342368	0.30709682779218994
0.45264700790135515	0.3454839312662137
0.2901583383983046	0.44145168995127304
0.39461534022169426	0.3838710347402374
0.3017646719342368	0.3838710347402374
0.3365836725420333	0.32629037952920187
0.2669456713264402	0.24951617258115436
0.3597963396138977	0.40306458647724935
0.38300900668576204	0.3454839312662137
0.5222850091169483	0.42225813821426117
0.4178280072935586	0.42225813821426117
0.3365836725420333	0.24951617258115436
0.3017646719342368	0.1343548621590831
0.3597963396138977	0.3454839312662137
0.4062216737576264	0.30709682779218994
0.38300900668576204	0.4990323451623087
0.4178280072935586	0.3838710347402374
