WT	KO
0.3314464429441617	0.5059546097231982
0.4461779039632946	0.49541388868729824
0.38243820339710966	0.4005473993641986
0.3505683531140172	0.46379172557959836
0.4461779039632946	0.548117493866798
0.4143080536802022	0.41108812040009857
0.3505683531140172	0.3900066783282986
0.3505683531140172	0.47433244661549834
0.3569423231706357	0.3794659572923986
0.3569423231706357	0.43216956247189847
0.38243820339710966	0.48487316765139826
0.3569423231706357	0.48487316765139826
0.3059505627176877	0.3478437941846988
0.3314464429441617	0.41108812040009857
0.48442172430300556	0.5375767728308981
0.39518614351034664	0.48487316765139826
0.4461779039632946	0.5691989359385979
0.4971696644162426	0.5059546097231982
0.38243820339710966	0.3794659572923986
0.38243820339710966	0.6008210990462979
0.47804775424638707	0.49541388868729824
0.4206820237368207	0.6113618200821977
0.43342996385005755	0.5164953307590981
0.541787454812572	0.558658214902698
0.40156011356696514	0.6324432621539977
0.4525518740199131	0.558658214902698
0.5609093649824275	0.5797396569744979
0.4589258440765316	0.5164953307590981
0.49079569435962406	0.548117493866798
0.5099176045294795	0.49541388868729824
0.5035436344728611	0.4216288414359985
0.5354134847559535	0.6008210990462979
0.516291574586098	0.5059546097231982
0.5927792152655199	0.6429839831898977
0.5481614248691905	0.6429839831898977
0.516291574586098	0.47433244661549834
0.631023035605231	0.6640654252616977
0.7521284666809823	0.8643391249437969
0.5864052452089015	0.6956875883693976
0.554535394925809	0.6429839831898977
0.49079569435962406	0.3794659572923986
0.516291574586098	0.5164953307590981
0.631023035605231	0.6535247042257977
0.7266325864545083	0.6956875883693976
0.6119011254353754	0.6956875883693976
0.4652998141331501	0.46379172557959836
0.47804775424638707	0.47433244661549834
0.5736573050956645	0.7589319145847973
0.6246490655486124	0.5270360517949981
0.6055271553787569	0.843257682871997
0.5226655446427165	0.6008210990462979
0.541787454812572	0.5270360517949981
0.656518915831705	0.8116355197642972
0.5736573050956645	0.6956875883693976
0.5481614248691905	0.5375767728308981
0.643770975718468	0.8116355197642972
0.541787454812572	0.7062283094052976
0.643770975718468	0.6113618200821977
0.5099176045294795	0.5375767728308981
0.5991531853221385	0.5902803780103979
0.580031275152283	0.7062283094052976
0.7393805265677453	0.8116355197642972
0.631023035605231	0.853798403907897
0.6756408260015604	0.8221762408001971
0.5481614248691905	0.5164953307590981
0.643770975718468	0.7378504725129973
0.7457544966243638	0.5059546097231982
0.656518915831705	0.7167690304411974
0.5609093649824275	0.6535247042257977
0.7457544966243638	0.853798403907897
0.5927792152655199	0.7167690304411974
0.6246490655486124	0.6640654252616977
0.7648764067942193	0.7062283094052976
0.6883887661147974	0.9170427301232967
0.7202586163978899	0.7905540776924972
0.8222421373037857	1.0224499404822964
0.7839983169640747	0.8854205670155968
0.7202586163978899	0.9065020090873968
0.8222421373037857	0.8116355197642972
0.7967462570773117	0.8116355197642972
0.7330065565111269	0.9065020090873968
0.6373970056618494	0.853798403907897
0.8094941971905487	0.8643391249437969
0.567283335039046	0.8221762408001971
0.6692668559449418	0.6324432621539977
0.5099176045294795	0.6535247042257977
0.38243820339710966	0.46379172557959836
0.5481614248691905	0.5902803780103979
0.4716737841897686	0.6640654252616977
0.631023035605231	0.5691989359385979
0.5609093649824275	0.7483911935488973
0.7202586163978899	0.7589319145847973
0.8541119875868783	0.8010947987283972
0.8668599277001151	0.9697463353027965
0.656518915831705	0.7483911935488973
0.4716737841897686	0.46379172557959836
0.5354134847559535	0.6219025411180977
0.8158681672471673	0.8010947987283972
0.8413640474736414	0.7694726356206972
0.42705599379343917	0.47433244661549834
0.2358368920948843	0.2213551417538992
0.4971696644162426	0.47433244661549834
0.7776243469074563	0.7800133566565972
0.8541119875868783	0.7483911935488973
0.6501449457750864	0.548117493866798
0.47804775424638707	0.5691989359385979
0.6246490655486124	0.7905540776924972
0.9305996282663002	0.9275834511591967
0.8668599277001151	0.8854205670155968
0.6501449457750864	0.6219025411180977
0.4589258440765316	0.5164953307590981
0.567283335039046	0.5691989359385979
0.5927792152655199	0.7800133566565972
0.5864052452089015	0.6324432621539977
0.48442172430300556	0.5691989359385979
0.48442172430300556	0.6640654252616977
0.6119011254353754	0.7167690304411974
0.6119011254353754	0.7167690304411974
0.6501449457750864	0.6746061462975976
0.631023035605231	0.7062283094052976
0.6947627361714158	0.8221762408001971
0.8796078678133521	0.8959612880514968
0.9624694785493926	1.0329906615181963
0.8413640474736414	0.9908277773745965
0.7521284666809823	0.8643391249437969
0.6246490655486124	0.7800133566565972
0.631023035605231	0.9170427301232967
0.7776243469074563	0.8748798459796968
0.7521284666809823	0.8643391249437969
0.6692668559449418	0.6219025411180977
0.6182750954919939	0.6113618200821977
0.6947627361714158	0.7800133566565972
0.8732338977567338	0.8854205670155968
0.7202586163978899	0.8748798459796968
0.7393805265677453	0.6324432621539977
0.631023035605231	0.8221762408001971
0.5736573050956645	0.7062283094052976
0.5991531853221385	0.7273097514770974
0.5927792152655199	0.8221762408001971
0.5481614248691905	0.49541388868729824
0.5354134847559535	0.7062283094052976
0.6373970056618494	0.7167690304411974
0.5354134847559535	0.5797396569744979
0.516291574586098	0.7589319145847973
0.5991531853221385	0.6956875883693976
0.6055271553787569	0.6640654252616977
0.580031275152283	0.4532510045436984
0.5927792152655199	0.558658214902698
0.5035436344728611	0.4427102835077984
0.4971696644162426	0.48487316765139826
0.6501449457750864	0.6219025411180977
0.5927792152655199	0.5691989359385979
0.6692668559449418	0.6008210990462979
0.5481614248691905	0.6324432621539977
0.541787454812572	0.49541388868729824
0.7393805265677453	0.7905540776924972
0.516291574586098	0.5902803780103979
0.4971696644162426	0.4532510045436984
0.4143080536802022	0.4005473993641986
0.43342996385005755	0.6008210990462979
0.5991531853221385	0.6324432621539977
0.5864052452089015	0.548117493866798
0.49079569435962406	0.6851468673334976
0.5609093649824275	0.7273097514770974
0.49079569435962406	0.5797396569744979
0.5035436344728611	0.6429839831898977
0.529039514699335	0.6113618200821977
0.541787454812572	0.47433244661549834
0.516291574586098	0.3900066783282986
0.43980393390667605	0.4532510045436984
0.49079569435962406	0.558658214902698
0.4206820237368207	0.3794659572923986
0.49079569435962406	0.49541388868729824
0.37606423334049116	0.4532510045436984
0.3505683531140172	0.49541388868729824
0.4652998141331501	0.4427102835077984
0.4971696644162426	0.5270360517949981
0.4143080536802022	0.5691989359385979
0.4525518740199131	0.5902803780103979
0.5035436344728611	0.5059546097231982
0.4206820237368207	0.32676235211289884
0.36969026328387267	0.5059546097231982
0.42705599379343917	0.5059546097231982
0.4716737841897686	0.5375767728308981
0.4461779039632946	0.5164953307590981
0.4461779039632946	0.5902803780103979
0.4525518740199131	0.548117493866798
0.3378204130007802	0.4216288414359985
0.39518614351034664	0.29514018900519895
0.36969026328387267	0.4427102835077984
0.4206820237368207	0.3478437941846988
0.3123245327743062	0.3583845152205987
0.3378204130007802	0.46379172557959836
0.38243820339710966	0.43216956247189847
0.3569423231706357	0.4005473993641986
0.40793408362358363	0.3900066783282986
0.3378204130007802	0.3478437941846988
0.37606423334049116	0.48487316765139826
0.3505683531140172	0.3056809100410989
0.3186985028309247	0.41108812040009857
