WT	KO
0.3506933329190489	0.27736563980740686
0.27445565184969045	0.30258069797171655
0.33544579670517727	0.4538710469575749
0.2287130432080754	0.2521505816430971
0.396435941560664	0.35301081430033604
0.33544579670517727	0.4034409306289554
0.33544579670517727	0.32779575613602624
0.28970318806356216	0.35301081430033604
0.27445565184969045	0.22693552347878745
0.42693101398840744	0.37822587246464573
0.47267362263002244	0.529516221450504
0.396435941560664	0.35301081430033604
0.4116834777745357	0.529516221450504
0.28970318806356216	0.27736563980740686
0.4116834777745357	0.4034409306289554
0.3659408691329206	0.4286559887932651
0.38118840534679227	0.5043011632861942
0.3201982604913055	0.4790861051218846
0.28970318806356216	0.4538710469575749
0.38118840534679227	0.4790861051218846
0.47267362263002244	0.529516221450504
0.38118840534679227	0.4538710469575749
0.42693101398840744	0.2521505816430971
0.3201982604913055	0.30258069797171655
0.24396057942194707	0.2521505816430971
0.24396057942194707	0.4790861051218846
0.47267362263002244	0.30258069797171655
0.33544579670517727	0.4034409306289554
0.48792115884389414	0.27736563980740686
0.15247536213871693	0.17650540715016802
0.33544579670517727	0.32779575613602624
0.33544579670517727	0.32779575613602624
0.396435941560664	0.2521505816430971
0.47267362263002244	0.37822587246464573
0.3201982604913055	0.27736563980740686
0.396435941560664	0.22693552347878745
0.28970318806356216	0.37822587246464573
0.3201982604913055	0.27736563980740686
0.33544579670517727	0.4790861051218846
0.25920811563581875	0.27736563980740686
0.27445565184969045	0.35301081430033604
0.38118840534679227	0.30258069797171655
0.44217855020227903	0.2017204653144777
0.3201982604913055	0.529516221450504
0.5031686950577658	0.5547312796148137
0.42693101398840744	0.27736563980740686
0.38118840534679227	0.27736563980740686
0.3201982604913055	0.2017204653144777
0.4574260864161508	0.4538710469575749
0.30495072427743386	0.37822587246464573
0.44217855020227903	0.4286559887932651
0.5184162312716375	0.4790861051218846
0.44217855020227903	0.37822587246464573
0.3659408691329206	0.37822587246464573
0.38118840534679227	0.37822587246464573
0.47267362263002244	0.5547312796148137
0.5031686950577658	0.5547312796148137
0.3506933329190489	0.30258069797171655
0.38118840534679227	0.22693552347878745
0.33544579670517727	0.4538710469575749
0.3659408691329206	0.37822587246464573
0.4116834777745357	0.32779575613602624
0.42693101398840744	0.37822587246464573
0.3506933329190489	0.4790861051218846
0.25920811563581875	0.27736563980740686
0.47267362263002244	0.4790861051218846
0.5641588399132526	0.7564517449292915
0.594653912340996	0.4286559887932651
0.6556440571964828	0.4034409306289554
0.48792115884389414	0.4538710469575749
0.44217855020227903	0.5799463377791234
0.3506933329190489	0.4790861051218846
0.33544579670517727	0.22693552347878745
0.396435941560664	0.4286559887932651
0.3659408691329206	0.4034409306289554
0.5184162312716375	0.5799463377791234
0.640396520982611	0.4286559887932651
0.5641588399132526	0.37822587246464573
0.47267362263002244	0.4790861051218846
0.6251489847687394	0.6555915122720525
0.5336637674855093	0.529516221450504
0.47267362263002244	0.5547312796148137
0.38118840534679227	0.4034409306289554
0.3506933329190489	0.22693552347878745
0.48792115884389414	0.6051613959434331
0.5184162312716375	0.5043011632861942
0.4574260864161508	0.4538710469575749
0.396435941560664	0.32779575613602624
0.3659408691329206	0.22693552347878745
0.3506933329190489	0.4286559887932651
0.3659408691329206	0.35301081430033604
0.792871883121328	1.0086023265723885
0.5794063761271243	0.781666803093601
0.4116834777745357	0.4034409306289554
0.3659408691329206	0.32779575613602624
0.25920811563581875	0.529516221450504
0.5794063761271243	0.7564517449292915
0.3506933329190489	0.4538710469575749
0.5336637674855093	0.27736563980740686
0.4574260864161508	0.30258069797171655
0.2287130432080754	0.4538710469575749
0.6861391296242261	0.6303764541077428
0.6251489847687394	0.6555915122720525
0.27445565184969045	0.27736563980740686
0.4116834777745357	0.30258069797171655
0.3506933329190489	0.17650540715016802
0.38118840534679227	0.30258069797171655
0.44217855020227903	0.4034409306289554
0.25920811563581875	0.30258069797171655
0.42693101398840744	0.4538710469575749
0.28970318806356216	0.4538710469575749
0.44217855020227903	0.37822587246464573
0.44217855020227903	0.2521505816430971
0.44217855020227903	0.4538710469575749
0.3201982604913055	0.6051613959434331
0.5031686950577658	0.4538710469575749
0.4574260864161508	0.529516221450504
0.27445565184969045	0.4538710469575749
0.396435941560664	0.37822587246464573
0.3506933329190489	0.4538710469575749
0.48792115884389414	0.30258069797171655
0.396435941560664	0.4790861051218846
0.47267362263002244	0.4034409306289554
0.5489113036993809	0.529516221450504
0.5489113036993809	0.4286559887932651
0.42693101398840744	0.529516221450504
0.47267362263002244	0.32779575613602624
0.38118840534679227	0.37822587246464573
0.30495072427743386	0.5043011632861942
0.5031686950577658	0.5799463377791234
0.33544579670517727	0.5547312796148137
0.42693101398840744	0.5043011632861942
0.6099014485548677	0.529516221450504
0.4574260864161508	0.4538710469575749
0.3659408691329206	0.4286559887932651
0.3506933329190489	0.35301081430033604
0.6251489847687394	0.4286559887932651
0.5794063761271243	0.4790861051218846
0.30495072427743386	0.6051613959434331
0.25920811563581875	0.2017204653144777
0.396435941560664	0.30258069797171655
0.44217855020227903	0.30258069797171655
0.396435941560664	0.35301081430033604
0.4574260864161508	0.4286559887932651
0.6099014485548677	0.6555915122720525
0.396435941560664	0.27736563980740686
0.21346550699420372	0.22693552347878745
0.25920811563581875	0.30258069797171655
0.3659408691329206	0.529516221450504
0.3506933329190489	0.4790861051218846
0.27445565184969045	0.4286559887932651
0.3659408691329206	0.27736563980740686
0.30495072427743386	0.22693552347878745
0.27445565184969045	0.30258069797171655
0.33544579670517727	0.32779575613602624
0.48792115884389414	0.529516221450504
0.4574260864161508	0.35301081430033604
0.33544579670517727	0.2017204653144777
0.3659408691329206	0.30258069797171655
0.3201982604913055	0.4286559887932651
0.5336637674855093	0.529516221450504
0.4574260864161508	0.30258069797171655
0.38118840534679227	0.35301081430033604
0.396435941560664	0.5043011632861942
0.5489113036993809	0.5547312796148137
0.5336637674855093	0.7312366867649817
0.5184162312716375	0.4286559887932651
0.44217855020227903	0.529516221450504
0.44217855020227903	0.35301081430033604
0.44217855020227903	0.4538710469575749
0.44217855020227903	0.30258069797171655
0.4574260864161508	0.2521505816430971
0.44217855020227903	0.4034409306289554
0.38118840534679227	0.37822587246464573
0.396435941560664	0.4034409306289554
0.5641588399132526	0.5799463377791234
0.396435941560664	0.32779575613602624
0.30495072427743386	0.17650540715016802
0.3506933329190489	0.2017204653144777
0.4116834777745357	0.35301081430033604
0.44217855020227903	0.32779575613602624
0.4116834777745357	0.35301081430033604
0.3659408691329206	0.2521505816430971
0.33544579670517727	0.27736563980740686
0.38118840534679227	0.2017204653144777
0.3506933329190489	0.4034409306289554
0.5184162312716375	0.4034409306289554
0.4574260864161508	0.4034409306289554
0.47267362263002244	0.4538710469575749
0.3506933329190489	0.4538710469575749
0.38118840534679227	0.27736563980740686
0.3659408691329206	0.2017204653144777
0.30495072427743386	0.32779575613602624
0.4116834777745357	0.30258069797171655
0.396435941560664	0.4034409306289554
0.4574260864161508	0.27736563980740686
0.38118840534679227	0.4034409306289554
0.38118840534679227	0.35301081430033604
0.28970318806356216	0.4790861051218846
0.42693101398840744	0.4286559887932651
