WT	KO
0.32990123808195115	0.33273297032204496
0.30633686393324033	0.30875221570423994
0.3226506614208094	0.3057546213770143
0.2809598456192441	0.2877690554136605
0.2900230664456714	0.3027570270497887
0.25558282730524784	0.34472334763094753
0.3244633055860948	0.3537161306126244
0.32808859391666567	0.3027570270497887
0.33352652641252206	0.35971131926707567
0.30633686393324033	0.32374018734036814
0.32990123808195115	0.32973537599481934
0.3081495080985258	0.3057546213770143
0.32083801725552397	0.35971131926707567
0.34440239140423473	0.3746992909032038
0.36434147722237464	0.34472334763094753
0.3462150355695202	0.38069447955765506
0.34802767973480564	0.4316535831204908
0.3734046980488019	0.33273297032204496
0.369779409718231	0.36570650792152687
0.369779409718231	0.36570650792152687
0.3715920538835164	0.38968726253933195
0.418720802180938	0.4556343377382958
0.36615412138766007	0.36870410224875255
0.3552782563959474	0.4316535831204908
0.4114702255197962	0.4316535831204908
0.36252883305708916	0.4016776398482345
0.38065527470994365	0.3836920738848807
0.3969690721975127	0.44364396042939325
0.43503459966850705	0.4106704228299114
0.4096575813545108	0.44963914908384456
0.4368472438337924	0.3717016965759781
0.43322195550322157	0.4196632058115882
0.42234609051150895	0.4316535831204908
0.42778402300736523	0.4586319320655215
0.4821633479659286	0.5455621675550647
0.4477231088255052	0.4526367434110702
0.4459104646602197	0.4826126866833265
0.4477231088255052	0.47361990370164964
0.4404725321643634	0.4316535831204908
0.4585989738172178	0.4646271207199727
0.4096575813545108	0.4106704228299114
0.42778402300736523	0.46162952639274707
0.5329173845939211	0.49760065831945466
0.4549736854866469	0.4826126866833265
0.4549736854866469	0.4076728285026857
0.4549736854866469	0.39868004552100883
0.4767254154700723	0.4316535831204908
0.4459104646602197	0.4796150923561009
0.5075403662799248	0.5005982526466802
0.5075403662799248	0.5485597618822904
0.5256668079327793	0.49760065831945466
0.45678632965193233	0.5365693845733879
0.5347300287592066	0.542564573227839
0.46584955047835963	0.5185838186100341
0.5419806054203483	0.5095910356283572
0.5256668079327793	0.5155862242828084
0.5746082003954863	0.5665453278456442
0.4386598879990779	0.46162952639274707
0.5220415196022085	0.5245790072644854
0.5456058937509192	0.49460306399222903
0.5927346420483408	0.5725405165000954
0.5782334887260573	0.5695429221728697
0.5673576237343446	0.6085116484268029
0.5166035871063521	0.5155862242828084
0.5311047404286356	0.5485597618822904
0.54923118208149	0.4856102810105521
0.5945472862136263	0.6294948087173824
0.5057277221146393	0.5215814129372597
0.5311047404286356	0.5095910356283572
0.5129782987757812	0.4586319320655215
0.5021024337840685	0.41366801715713697
0.54923118208149	0.5095910356283572
0.5963599303789117	0.5095910356283572
0.5093530104452103	0.5695429221728697
0.5456058937509192	0.5635477335184185
0.621736948692908	0.5875284881362236
0.6036105070400535	0.5485597618822904
0.5456058937509192	0.5065934413011315
0.5347300287592066	0.4886078753377778
0.5166035871063521	0.47062230937442395
0.5419806054203483	0.5455621675550647
0.5329173845939211	0.5185838186100341
0.5220415196022085	0.5545549505367416
0.45678632965193233	0.5125886299555827
0.47310012713950145	0.4766174980288752
0.45134839715607605	0.4556343377382958
0.5075403662799248	0.47361990370164964
0.43322195550322157	0.4796150923561009
0.4749127713047868	0.4346511774477164
0.48578863629649954	0.49160546966500335
0.5075403662799248	0.5575525448639672
0.5909219978830554	0.5815332994817723
0.6090484395359098	0.7014370725707975
0.5329173845939211	0.6025164597723517
0.601797862874768	0.6115092427540286
0.4785380596353577	0.5245790072644854
0.6489266111721896	0.6894466952618951
0.6326128136846206	0.680453912280218
0.6525518995027605	0.6504779690079617
0.45134839715607605	0.4346511774477164
0.5220415196022085	0.49460306399222903
0.6815542061473276	0.6175044314084799
0.7159944452877511	0.7254178271886026
0.6162990161970516	0.575538110827321
0.500289789618783	0.5035958469739059
0.5238541637674938	0.5065934413011315
0.5836714212219136	0.6384875916990593
0.6833668503126131	0.6744587236257669
0.552856470412061	0.5935236767906749
0.43322195550322157	0.4046752341754601
0.40059436052808356	0.41666561148436265
0.4404725321643634	0.4076728285026857
0.503915077949354	0.5365693845733879
0.44409782049493424	0.4016776398482345
0.42234609051150895	0.4766174980288752
0.36071618889180374	0.33273297032204496
0.4531610413213615	0.5095910356283572
0.503915077949354	0.4646271207199727
0.4549736854866469	0.47062230937442395
0.5093530104452103	0.44664155475661893
0.48578863629649954	0.5185838186100341
0.5945472862136263	0.5515573562095161
0.6199243045276225	0.5845308938089979
0.5619196912384882	0.5785357051545467
0.4966645012882122	0.5635477335184185
0.48397599213121406	0.5185838186100341
0.5093530104452103	0.5365693845733879
0.54923118208149	0.5485597618822904
0.6072357953706243	0.6115092427540286
0.5510438262467755	0.5365693845733879
0.5474185379162047	0.5455621675550647
0.536542672924492	0.5215814129372597
0.5746082003954863	0.6175044314084799
0.5655449795690591	0.5035958469739059
0.520228875436923	0.5095910356283572
0.5746082003954863	0.5245790072644854
0.48397599213121406	0.5275766015917109
0.5021024337840685	0.5065934413011315
0.5419806054203483	0.5245790072644854
0.48397599213121406	0.4826126866833265
0.5311047404286356	0.5185838186100341
0.4767254154700723	0.5155862242828084
0.5292920962633503	0.5845308938089979
0.5147909429410666	0.4886078753377778
0.49303921295764125	0.4796150923561009
0.4477231088255052	0.3926848568665576
0.467662194643645	0.46162952639274707
0.49303921295764125	0.41666561148436265
0.5166035871063521	0.47062230937442395
0.5582944029079173	0.49760065831945466
0.46403690631307415	0.4046752341754601
0.44228517632964875	0.42565839446603954
0.43503459966850705	0.3926848568665576
0.43503459966850705	0.47062230937442395
0.42234609051150895	0.44963914908384456
0.45134839715607605	0.44963914908384456
0.4404725321643634	0.4016776398482345
0.39334378386694174	0.3057546213770143
0.37702998637937274	0.3627089135943013
0.3951564280322272	0.38668966821210626
0.3951564280322272	0.36870410224875255
0.3752173422140873	0.4046752341754601
0.39153113970165637	0.3627089135943013
0.41328286968508166	0.3627089135943013
0.402407004693369	0.38069447955765506
0.3987817163627981	0.39568245119378326
0.4604116179825033	0.39568245119378326
0.36071618889180374	0.4196632058115882
0.40603229302393984	0.35071853628539873
0.3715920538835164	0.3537161306126244
0.4169081580156526	0.4196632058115882
0.418720802180938	0.38069447955765506
0.3860932072058	0.37769688523042944
0.31358744059438215	0.3267377816675937
0.36071618889180374	0.39868004552100883
0.3552782563959474	0.39868004552100883
0.4531610413213615	0.43764877177494205
0.3589035447265183	0.4016776398482345
0.36615412138766007	0.38668966821210626
0.36071618889180374	0.3357305646492706
0.37702998637937274	0.38668966821210626
0.3462150355695202	0.4286559887932651
0.36071618889180374	0.32074259301314245
0.36071618889180374	0.33273297032204496
0.32083801725552397	0.3477209419581731
0.3570909005612328	0.35671372493985
0.3589035447265183	0.3836920738848807
0.36434147722237464	0.38668966821210626
0.3353391705778075	0.26378830079585547
0.3425897472389493	0.3387281589764963
0.3371518147430929	0.3027570270497887
0.36252883305708916	0.3477209419581731
0.3389644589083784	0.32374018734036814
0.29908628727209857	0.35071853628539873
0.32990123808195115	0.2937642440681118
0.32627594975138025	0.3387281589764963
0.3462150355695202	0.3926848568665576
0.36615412138766007	0.38668966821210626
0.33352652641252206	0.32973537599481934
0.3244633055860948	0.31174981003146557
