DKO	Prdm1KO
0.42188329770051997	0.4891721624815726
0.5070340550345699	0.5973049562932887
0.5263864998832175	0.5715590530047848
0.4373652535794381	0.4222328139314626
0.3638259631545768	0.4891721624815726
0.3870488969729541	0.47887380116617106
0.3947898749124132	0.6076033176086901
0.5031635660648404	0.566409872347084
0.5070340550345699	0.6024541369509894
0.4373652535794381	0.5406639690585802
0.47219965430700395	0.5303656077431786
0.4489767204886268	0.44797871721996646
0.48381112121619263	0.5252164270854779
0.522516010913488	0.566409872347084
0.5031635660648404	0.5355147884008795
0.4992930770951107	0.5458131497162809
0.4605881873978154	0.5097688851123756
0.5070340550345699	0.5046197044546749
0.5263864998832175	0.6076033176086901
0.5070340550345699	0.6590951241856977
0.4915520991556517	0.5612606916893833
0.4915520991556517	0.6230508595817924
0.5147750329740289	0.6024541369509894
0.5612209006107834	0.6848410274742016
0.5767028564897015	0.7414820147089101
0.5109045440042994	0.6436475822125955
0.615407746186997	0.6590951241856977
0.572832367519972	0.6384984015548948
0.6076667682475378	0.6282000402394932
0.6192782351567265	0.7002885694473039
0.5457389447318652	0.5509623303739818
0.5883143233988902	0.5715590530047848
0.572832367519972	0.6282000402394932
0.4954225881253812	0.4840229818238718
0.5767028564897015	0.6590951241856977
0.5302569888529471	0.6230508595817924
0.6308897020659151	0.7105869307627054
0.5960553013383493	0.5870065949778871
0.5805733454594311	0.6590951241856977
0.5689618785502425	0.6282000402394932
0.5844438344291607	0.633349220897194
0.6192782351567265	0.6745426661588001
0.5573504116410539	0.5973049562932887
0.6502421469145628	0.6179016789240916
0.5534799226713243	0.6024541369509894
0.5186455219437585	0.5406639690585802
0.5999257903080788	0.6590951241856977
0.5573504116410539	0.7105869307627054
0.5457389447318652	0.6127524982663909
0.6192782351567265	0.5870065949778871
0.565091389580513	0.6693934855010993
0.4644586763675449	0.5097688851123756
0.48381112121619263	0.6024541369509894
0.6115372572172675	0.6951393887896031
0.5883143233988902	0.653945943527997
0.6463716579448333	0.7157361114204062
0.5496094337015948	0.7414820147089101
0.5805733454594311	0.5715590530047848
0.5921848123686198	0.6436475822125955
0.5186455219437585	0.5818574143201863
0.5263864998832175	0.5973049562932887
0.5263864998832175	0.5973049562932887
0.572832367519972	0.653945943527997
0.5767028564897015	0.6230508595817924
0.5418684557621357	0.5973049562932887
0.5805733454594311	0.6230508595817924
0.5960553013383493	0.7157361114204062
0.6889470366118582	0.7672279179974137
0.6463716579448333	0.7105869307627054
0.7082994814605059	0.7414820147089101
0.6347601910356446	0.6848410274742016
0.6541126358842924	0.7260344727358077
0.6347601910356446	0.7260344727358077
0.615407746186997	0.6848410274742016
0.7121699704302354	0.7466311953666108
0.6734650807329401	0.6179016789240916
0.5844438344291607	0.6951393887896031
0.5534799226713243	0.6693934855010993
0.6425011689751038	0.7878246406282169
0.615407746186997	0.7414820147089101
0.6734650807329401	0.6642443048433985
0.7624863270367196	0.7208852920781069
0.5999257903080788	0.6693934855010993
0.7005585035210469	0.7929738212859176
0.6618536138237514	0.7517803760243116
0.7740977939459082	0.8032721826013192
0.7121699704302354	0.7981230019436184
0.6115372572172675	0.5973049562932887
0.48381112121619263	0.5509623303739818
0.5418684557621357	0.6179016789240916
0.7005585035210469	0.8084213632590199
0.8050617057037446	0.8753607118091299
0.6192782351567265	0.5973049562932887
0.7392633932183423	0.7672279179974137
0.7702273049761786	0.8650623504937284
0.7740977939459082	0.7878246406282169
0.7082994814605059	0.5767082336624856
0.39091938594268366	0.38103936866985655
0.5844438344291607	0.6848410274742016
0.8786009961286059	0.937150879701539
0.9056944189167127	0.8599131698360276
1.0334205549177875	1.1894607319288764
0.801191216734015	0.8084213632590199
0.34060302933619957	0.3964869106429588
0.623148724126456	0.6693934855010993
0.716040459399965	0.7723770986551145
0.7973207277642854	0.8856590731245314
0.7237814373394241	0.6899902081319024
0.623148724126456	0.7981230019436184
0.7973207277642854	0.7569295566820123
0.7392633932183423	0.7826754599705161
0.6425011689751038	0.7620787373397131
0.6425011689751038	0.6024541369509894
0.6270192130961856	0.6590951241856977
0.7121699704302354	0.7311836533935084
0.572832367519972	0.7620787373397131
0.7315224152788832	0.8753607118091299
0.615407746186997	0.7569295566820123
0.6695945917632106	0.7569295566820123
0.7353929042486127	0.8341672665475237
0.7044289924907764	0.7981230019436184
0.7044289924907764	0.8599131698360276
0.665724102793481	0.7208852920781069
0.5960553013383493	0.6848410274742016
0.7005585035210469	0.7054377501050048
0.6308897020659151	0.7002885694473039
0.7276519263091537	0.8599131698360276
0.5960553013383493	0.6693934855010993
0.6695945917632106	0.8496148085206261
0.615407746186997	0.6848410274742016
0.7005585035210469	0.7569295566820123
0.7276519263091537	0.7620787373397131
0.6734650807329401	0.7260344727358077
0.6502421469145628	0.7208852920781069
0.6579831248540219	0.7002885694473039
0.6773355697026696	0.7414820147089101
0.7044289924907764	0.8187197245744215
0.615407746186997	0.7002885694473039
0.6076667682475378	0.7208852920781069
0.572832367519972	0.5870065949778871
0.7276519263091537	0.7775262793128154
0.6463716579448333	0.7054377501050048
0.623148724126456	0.6024541369509894
0.6192782351567265	0.6796918468165009
0.5844438344291607	0.6384984015548948
0.7237814373394241	0.6848410274742016
0.6347601910356446	0.6745426661588001
0.6076667682475378	0.6127524982663909
0.5767028564897015	0.5767082336624856
0.5844438344291607	0.633349220897194
0.6618536138237514	0.6487967628702963
0.6425011689751038	0.5870065949778871
0.5921848123686198	0.6642443048433985
0.5457389447318652	0.6076033176086901
0.6541126358842924	0.6384984015548948
0.6347601910356446	0.7723770986551145
0.6115372572172675	0.6745426661588001
0.615407746186997	0.6127524982663909
0.5689618785502425	0.6436475822125955
0.6541126358842924	0.6745426661588001
0.6076667682475378	0.6590951241856977
0.572832367519972	0.5767082336624856
0.48768161018592215	0.5303656077431786
0.5999257903080788	0.6024541369509894
0.5341274778226767	0.6076033176086901
0.5534799226713243	0.566409872347084
0.572832367519972	0.5973049562932887
0.615407746186997	0.5252164270854779
0.5573504116410539	0.5973049562932887
0.5457389447318652	0.6024541369509894
0.5109045440042994	0.5509623303739818
0.6270192130961856	0.6436475822125955
0.5999257903080788	0.7723770986551145
0.5379979667924062	0.6024541369509894
0.5031635660648404	0.5715590530047848
0.48381112121619263	0.458277078535368
0.4760701432767336	0.6024541369509894
0.6192782351567265	0.6899902081319024
0.5960553013383493	0.6282000402394932
0.5883143233988902	0.6848410274742016
0.5883143233988902	0.5509623303739818
0.5109045440042994	0.4685754398507695
0.5263864998832175	0.5303656077431786
0.5805733454594311	0.566409872347084
0.5109045440042994	0.5458131497162809
0.5379979667924062	0.5715590530047848
0.5109045440042994	0.5303656077431786
0.5263864998832175	0.6230508595817924
0.5496094337015948	0.5252164270854779
0.5883143233988902	0.5767082336624856
0.5302569888529471	0.5303656077431786
0.522516010913488	0.5149180657700764
0.48768161018592215	0.5406639690585802
0.4644586763675449	0.5200672464277771
0.4489767204886268	0.5097688851123756
0.41801280873079044	0.4428295365622657
0.37543743006376545	0.458277078535368
0.44123574254916764	0.5097688851123756
0.5109045440042994	0.5355147884008795
0.5534799226713243	0.4943213431392733
