DKO	Prdm1KO
0.5411781774745407	0.39916535918040397
0.5411781774745407	0.35508574896416306
0.6056041509834145	0.37712555407228354
0.5706300510785972	0.4261028987569957
0.5743115352791043	0.42120516428852445
0.5743115352791043	0.38202328854075474
0.5540633721763154	0.3673300851353411
0.5467004037753013	0.3893698902434616
0.5816745036801185	0.34773914726145627
0.5724707931788507	0.3893698902434616
0.6350560245874711	0.411409695351582
0.627693056186457	0.4285517659912313
0.6534634455900066	0.43344950045970254
0.6884375454948238	0.4603870400362942
0.5632670826775831	0.386921023009226
0.579833761579865	0.39671649194616837
0.5927189562816397	0.4089608281173464
0.6589856718907672	0.45059157109935183
0.6792338349935562	0.43344950045970254
0.6111263772841751	0.4799779779101791
0.5724707931788507	0.37957442130651914
0.6019226667829074	0.4775291106759435
0.6203300877854429	0.42120516428852445
0.6700301244922885	0.443244969396645
0.6645078981915279	0.47263137620747225
0.7086857085976128	0.49712004854982833
0.5964004404821468	0.4456938366308806
0.7105264506978664	0.5167109864237132
0.668189382392035	0.5387507915318337
0.7473412927029371	0.5607905966399541
0.6258523140862035	0.4775291106759435
0.6700301244922885	0.4261028987569957
0.787837618908515	0.52405758812642
0.7344560980011623	0.5020177830182996
0.6737116086927956	0.4628359072705298
0.6700301244922885	0.46773364173900106
0.6571449297905136	0.41875629705428885
0.6442597350887388	0.37712555407228354
0.7381375822016694	0.48977344684712154
0.7952005873095291	0.5142621191894776
0.6865968033945703	0.4873245796128859
0.7013227401965987	0.49712004854982833
0.716048676998627	0.47508024344170785
0.7252523874998946	0.5216087208921844
0.763907971605219	0.46528477450476546
0.7031634822968522	0.4824268451444147
0.7528635190036977	0.49712004854982833
0.8485821082168817	0.5632394638741898
0.8246524609135858	0.580381534513839
0.7657487137054725	0.455489305567823
0.7970413294097827	0.5411996587660692
0.7970413294097827	0.5387507915318337
0.7602264874047119	0.5142621191894776
0.7252523874998946	0.5436485260003049
0.7491820348031907	0.5485462604687761
0.8191302346128252	0.4995689157840639
0.7786339084072472	0.5289553225948912
0.7896783610087685	0.5705860655768965
0.7859968768082615	0.52405758812642
0.815448750412318	0.6048702068561951
0.8430598819161211	0.6416032153697292
0.8651487871191637	0.5901770034507814
0.8264932030138393	0.5558928621714829
0.787837618908515	0.5338530570633624
0.7510227769034442	0.5167109864237132
0.7786339084072472	0.4995689157840639
0.8522635924173888	0.5069155174867708
0.859626560818403	0.5975236051534882
0.8541043345176423	0.568137198342661
0.8338561714148535	0.5950747379192526
0.8246524609135858	0.5852792689823102
0.8025635557105433	0.4799779779101791
0.811767266211811	0.4824268451444147
0.8228117188133323	0.5289553225948912
0.8890784344224596	0.5950747379192526
0.8577858187181494	0.6195634102616087
0.8522635924173888	0.6440520826039647
0.9185303080265163	0.6367054809012579
0.8982821449237274	0.6073190740904306
0.8614673029186566	0.5656883311084253
0.9222117922270233	0.6024213396219594
0.9663896026331082	0.6562964187751428
0.8633080450189101	0.5705860655768965
0.8007228136102897	0.6391543481354935
0.7896783610087685	0.5509951277030117
0.8191302346128252	0.48977344684712154
0.7896783610087685	0.5191598536579488
0.7050042243971057	0.42120516428852445
0.8099265241115574	0.5632394638741898
0.815448750412318	0.6171145430273731
0.8946006607232202	0.6489498170724359
0.6939597717955844	0.536301924297598
0.7731116821064866	0.52405758812642
0.9627081184326012	0.6979271617571481
1.0308155761419822	0.68568282558597
0.716048676998627	0.4848757123786503
0.48963739866744155	0.35018801449569187
0.6497819613894994	0.46773364173900106
0.7896783610087685	0.5485462604687761
0.9443006974300658	0.6122168085589018
0.9608673763323476	0.6024213396219594
0.787837618908515	0.48977344684712154
0.6645078981915279	0.4407961021624094
0.5062040775697234	0.31590387321639335
0.7123671927981199	0.5044666502525351
0.9663896026331082	0.6758873566490277
0.9130080817257556	0.6220122774958443
0.8099265241115574	0.5314041898291268
0.7712709400062331	0.5338530570633624
0.8725117555201778	0.6122168085589018
0.7786339084072472	0.5558928621714829
0.7970413294097827	0.49467118131559273
0.6884375454948238	0.511813251955242
0.6847560612943168	0.5069155174867708
0.7712709400062331	0.5607905966399541
0.8283339451140929	0.5289553225948912
0.8246524609135858	0.4995689157840639
0.7859968768082615	0.5460973932345404
0.7970413294097827	0.5950747379192526
0.9093265975252486	0.6220122774958443
0.9608673763323476	0.6024213396219594
0.8872376923222061	0.5950747379192526
0.8706710134199243	0.5191598536579488
0.7565450032042048	0.5558928621714829
0.8430598819161211	0.5656883311084253
0.9682303447333618	0.5999724723877238
0.8872376923222061	0.5583417294057185
0.8817154660214455	0.5852792689823102
0.8522635924173888	0.5607905966399541
0.8191302346128252	0.52405758812642
0.8688302713196707	0.5387507915318337
0.7786339084072472	0.5265064553606557
0.7970413294097827	0.5436485260003049
0.8320154293145999	0.6097679413246663
0.8633080450189101	0.5950747379192526
0.8946006607232202	0.5975236051534882
0.7896783610087685	0.5656883311084253
0.7841561347080079	0.5191598536579488
0.8651487871191637	0.5411996587660692
0.8393783977156141	0.580381534513839
0.7418190664021765	0.5460973932345404
0.7013227401965987	0.511813251955242
0.7694301979059796	0.5558928621714829
0.7694301979059796	0.5632394638741898
0.7510227769034442	0.5314041898291268
0.8209709767130787	0.536301924297598
0.7547042611039513	0.4848757123786503
0.7970413294097827	0.5069155174867708
0.7970413294097827	0.5289553225948912
0.8191302346128252	0.5142621191894776
0.767589455805726	0.5583417294057185
0.7142079348983734	0.4824268451444147
0.7436598085024301	0.5411996587660692
0.7952005873095291	0.511813251955242
0.6608264139910207	0.4016142264146396
0.6700301244922885	0.4383472349281738
0.6792338349935562	0.5142621191894776
0.7123671927981199	0.5265064553606557
0.6939597717955844	0.49222231408135714
0.7050042243971057	0.47508024344170785
0.668189382392035	0.46773364173900106
0.6755523507930491	0.5191598536579488
0.6884375454948238	0.4481427038651162
0.6497819613894994	0.47018250897323666
0.6902782875950774	0.46773364173900106
0.6092856351839215	0.4310006332254669
0.607444893083668	0.42120516428852445
0.6755523507930491	0.4628359072705298
0.7050042243971057	0.5069155174867708
0.6092856351839215	0.42120516428852445
0.6240115719859499	0.47263137620747225
0.6148078614846821	0.455489305567823
0.651622703489753	0.48977344684712154
0.6626671560912744	0.49712004854982833
0.6700301244922885	0.5044666502525351
0.7252523874998946	0.4383472349281738
0.651622703489753	0.35263688172992746
0.6129671193844286	0.4481427038651162
0.627693056186457	0.4407961021624094
0.5945596983818933	0.3722278196038123
0.5743115352791043	0.4481427038651162
0.6313745403869641	0.4481427038651162
0.5835152457803721	0.4065119608831108
0.6037634088831609	0.43344950045970254
0.5853559878806256	0.4089608281173464
0.5448596616750477	0.41630742982005325
0.5393374353742871	0.4065119608831108
0.5982411825824003	0.4824268451444147
0.6148078614846821	0.43589836769393814
0.5835152457803721	0.39916535918040397
0.5559041142765689	0.4040630936488752
0.559585598477076	0.37957442130651914
0.5559041142765689	0.41385856258581766
0.5651078247778366	0.4456938366308806
0.4859559144669344	0.3722278196038123
0.5651078247778366	0.43589836769393814
0.53565595117378	0.38447215577499033
0.5687893089783437	0.3648812179011055
0.5614263405773295	0.35753461619839866
0.48963739866744155	0.4261028987569957
