DKO	Prdm1KO
0.5028539269472619	0.4536771438144886
0.46817434577848527	0.5459504612004863
0.4912940665576697	0.5459504612004863
0.5028539269472619	0.37678271265949054
0.6011127402587959	0.4536771438144886
0.4970739967524659	0.4613665869299885
0.658912042206757	0.638223778586484
0.6242324610379804	0.5382610180849865
0.5144137873368542	0.42291937135248936
0.606892670453592	0.5843976767779854
0.5028539269472619	0.4844349162764878
0.5837729496744075	0.4613665869299885
0.5490933685056308	0.599776563008985
0.6300123912327765	0.5382610180849865
0.6704719025963493	0.5151926887384871
0.5375335081160386	0.561329347431486
0.6473521818171648	0.5536399043159861
0.5317535779212424	0.438298257583489
0.6242324610379804	0.5305715749694867
0.6531321120119609	0.5228821318539869
0.5201937175316502	0.49212435939198773
0.6473521818171648	0.4690560300454883
0.5433134383108348	0.41522992823698956
0.5375335081160386	0.4767454731609881
0.6646919724015532	0.5690187905469858
0.606892670453592	0.5305715749694867
0.5606532288952231	0.5767082336624856
0.5433134383108348	0.5459504612004863
0.6184525308431843	0.5151926887384871
0.6762518327911454	0.5382610180849865
0.5490933685056308	0.5075032456229873
0.5664331590900192	0.599776563008985
0.6357923214275726	0.6920498803949826
0.7398310649339027	0.5382610180849865
0.554873298700427	0.6074660061244848
0.8207500876610483	0.5690187905469858
0.757170855518291	0.561329347431486
0.6357923214275726	0.5459504612004863
0.6531321120119609	0.4844349162764878
0.6531321120119609	0.5843976767779854
0.6357923214275726	0.39216159889049024
0.6242324610379804	0.5767082336624856
0.6415722516223686	0.638223778586484
0.6935916233755338	0.6228448923554845
0.7224912743495143	0.6997393235104825
0.6993715535703299	0.7228076528569819
0.7051514837651259	0.5767082336624856
0.7167113441547182	0.5536399043159861
0.6126726006483881	0.5075032456229873
0.7918504366870677	0.6997393235104825
0.6415722516223686	0.7304970959724817
0.7167113441547182	0.6459132217019838
0.7976303668818638	0.6843604372794829
0.8207500876610483	0.8304598564739791
0.7224912743495143	0.7535654253189811
0.7167113441547182	0.6536026648174836
0.5722130892848154	0.5843976767779854
0.7398310649339027	0.7074287666259822
0.7976303668818638	0.7689443115499807
0.6935916233755338	0.7458759822034813
0.7224912743495143	0.6459132217019838
0.7167113441547182	0.6612921079329834
0.7745106461026793	0.6536026648174836
0.7687307159078832	0.761254868434481
0.7860705064922715	0.6305343354709841
0.8496497386350288	0.7920126408964802
0.7860705064922715	0.7381865390879815
0.8149701574662521	0.599776563008985
0.8785493896090094	0.7228076528569819
0.9190089009725823	0.7304970959724817
0.8438698084402327	0.638223778586484
0.8380898782454366	0.6689815510484832
0.8901092499986015	0.6997393235104825
0.7745106461026793	0.6305343354709841
0.7918504366870677	0.6536026648174836
0.7976303668818638	0.6536026648174836
0.8323099480506404	0.6612921079329834
0.7860705064922715	0.7920126408964802
0.8785493896090094	0.8073915271274797
0.913228970777786	0.6920498803949826
0.7745106461026793	0.6920498803949826
0.7224912743495143	0.5228821318539869
0.6531321120119609	0.6920498803949826
0.6878116931807376	0.599776563008985
0.6126726006483881	0.5690187905469858
0.606892670453592	0.4536771438144886
0.6646919724015532	0.6228448923554845
0.7513909253234949	0.6997393235104825
0.6531321120119609	0.599776563008985
0.6820317629859415	0.6459132217019838
0.6762518327911454	0.5920871198934852
0.9190089009725823	0.7920126408964802
0.8496497386350288	0.8612176289359785
0.7456109951286988	0.79970208401198
0.5837729496744075	0.42291937135248936
0.8265300178558443	0.6689815510484832
1.161765969154019	0.961180389437476
1.1502061087644269	1.1457270242094713
0.710931413959922	0.5305715749694867
0.3988151834409319	0.2998882815044925
0.3583556720773591	0.26913050904249325
0.9305687613621744	0.7381865390879815
1.2484649220759607	1.1687953535559708
1.2369050616863686	0.9688698325529757
0.8958891801933978	0.6920498803949826
0.5953328100639997	0.5459504612004863
0.8265300178558443	0.7074287666259822
0.9768082029205434	0.8227704133584794
1.0692870860372812	0.8919754013979776
0.6531321120119609	0.638223778586484
0.45083455519409693	0.39985104200599
0.6415722516223686	0.39985104200599
0.7282712045443104	0.7074287666259822
0.861209599024621	0.561329347431486
0.8091902272714561	0.6536026648174836
0.6762518327911454	0.599776563008985
0.7282712045443104	0.6228448923554845
0.8149701574662521	0.5151926887384871
0.7860705064922715	0.6151554492399846
0.8496497386350288	0.838149299589479
0.7802905762974754	0.7843231977809805
0.861209599024621	0.7843231977809805
0.7918504366870677	0.7151182097414821
0.8323099480506404	0.7689443115499807
0.757170855518291	0.6074660061244848
0.8265300178558443	0.6536026648174836
0.757170855518291	0.6305343354709841
0.7224912743495143	0.6536026648174836
0.7340511347391065	0.6843604372794829
0.8785493896090094	0.7074287666259822
0.7513909253234949	0.5843976767779854
0.8207500876610483	0.638223778586484
0.7745106461026793	0.6997393235104825
0.7860705064922715	0.6151554492399846
0.7976303668818638	0.6997393235104825
0.7456109951286988	0.6536026648174836
0.8669895292194172	0.8150809702429795
0.7918504366870677	0.6920498803949826
0.7687307159078832	0.6459132217019838
0.7340511347391065	0.6228448923554845
0.6993715535703299	0.5767082336624856
0.5895528798692037	0.5536399043159861
0.6820317629859415	0.6074660061244848
0.8034102970766599	0.5305715749694867
0.7398310649339027	0.6151554492399846
0.7456109951286988	0.7228076528569819
0.6184525308431843	0.599776563008985
0.7167113441547182	0.638223778586484
0.6531321120119609	0.6689815510484832
0.7918504366870677	0.6536026648174836
0.8669895292194172	0.676670994163983
0.7282712045443104	0.5459504612004863
0.7687307159078832	0.761254868434481
0.6184525308431843	0.5536399043159861
0.6993715535703299	0.5459504612004863
0.710931413959922	0.5920871198934852
0.7224912743495143	0.6459132217019838
0.6242324610379804	0.5767082336624856
0.6935916233755338	0.5843976767779854
0.6473521818171648	0.5075032456229873
0.5953328100639997	0.438298257583489
0.6300123912327765	0.6920498803949826
0.7224912743495143	0.6536026648174836
0.6935916233755338	0.5305715749694867
0.6300123912327765	0.4459877006989888
0.6011127402587959	0.4690560300454883
0.554873298700427	0.49212435939198773
0.6473521818171648	0.49212435939198773
0.5722130892848154	0.4459877006989888
0.6473521818171648	0.5690187905469858
0.606892670453592	0.5459504612004863
0.6184525308431843	0.5151926887384871
0.6993715535703299	0.4690560300454883
0.6011127402587959	0.5305715749694867
0.6184525308431843	0.5228821318539869
0.6242324610379804	0.4690560300454883
0.4739542759732813	0.4536771438144886
0.6878116931807376	0.49212435939198773
0.5606532288952231	0.5075032456229873
0.710931413959922	0.5536399043159861
0.6704719025963493	0.6612921079329834
0.6762518327911454	0.5536399043159861
0.5490933685056308	0.5536399043159861
0.5086338571420581	0.36909326954399074
0.5028539269472619	0.4844349162764878
0.4797342061680775	0.42291937135248936
0.606892670453592	0.4459877006989888
0.5664331590900192	0.5228821318539869
0.5606532288952231	0.4844349162764878
0.6242324610379804	0.5228821318539869
0.5375335081160386	0.49212435939198773
0.554873298700427	0.5075032456229873
0.5664331590900192	0.5305715749694867
0.5259736477264464	0.39985104200599
0.5490933685056308	0.4844349162764878
0.5028539269472619	0.5382610180849865
0.7167113441547182	0.4998138025074875
0.5895528798692037	0.5536399043159861
0.5375335081160386	0.3383354970819915
0.5317535779212424	0.43060881446798926
