DKO	Prdm1KO
0.478172498009595	0.4787160268284699
0.43711728353402374	0.3662659534123863
0.4202121952205532	0.4112459827788198
0.5047376367879058	0.42088456050019835
0.480587510625805	0.4433745751834151
0.48300252324201515	0.4979931822712271
0.47092746016096476	0.4722903083475508
0.4902475610906454	0.539760352397201
0.48541753585822517	0.491567463790308
0.5047376367879058	0.5044189007521461
0.5337177881824268	0.5558246485994986
0.5409628260310569	0.5108446192330651
0.5143976872527461	0.491567463790308
0.5965081162038888	0.5140574784735247
0.574773002657998	0.5558246485994986
0.5651129521931577	0.5365474931567414
0.5554529017283174	0.48835460454984847
0.5240577377175863	0.4947803230307676
0.49507758632306553	0.5301217746758223
0.5143976872527461	0.4819288860689295
0.5457928512634771	0.5269089154353629
0.5385478134148468	0.4658645898666318
0.5023226241716957	0.4819288860689295
0.509567662020326	0.43373599746203645
0.44436232138265397	0.436948856702496
0.5482078638796871	0.4979931822712271
0.5506228764958973	0.436948856702496
0.511982674636536	0.4851417453093889
0.49749259893927555	0.436948856702496
0.41296715737192297	0.4465874344238746
0.5264727503337965	0.4658645898666318
0.5023226241716957	0.539760352397201
0.5240577377175863	0.4979931822712271
0.5023226241716957	0.5140574784735247
0.47092746016096476	0.48835460454984847
0.4612674096961244	0.45301315290479366
0.4926625737068554	0.4819288860689295
0.49990761155548563	0.4433745751834151
0.572357990041788	0.5622503670804178
0.5216427251013763	0.491567463790308
0.5385478134148468	0.5429732116376605
0.4926625737068554	0.46907744910709137
0.5626979395769476	0.5301217746758223
0.5409628260310569	0.5429732116376605
0.5578679143445275	0.4819288860689295
0.5457928512634771	0.5879532410040939
0.5143976872527461	0.491567463790308
0.5554529017283174	0.5622503670804178
0.5651129521931577	0.6104432556873106
0.5457928512634771	0.5204831969544438
0.5892630783552584	0.6040175372063915
0.5868480657390484	0.6008046779659321
0.6158282171335693	0.6265075518896083
0.6834485703874514	0.5718889448017963
0.6303182928308297	0.5654632263208772
0.666543482073981	0.6714875812560417
0.6641284694577708	0.6040175372063915
0.6617134568415608	0.6104432556873106
0.6496383937605104	0.6329332703705274
0.6786185451550312	0.6618490035346631
0.6834485703874514	0.7196804698629347
0.7245037848630227	0.7100418921415561
0.7800490750358544	0.6875518774583393
0.7220887722468126	0.6232946926491487
0.7245037848630227	0.6393589888514464
0.7607289741061738	0.7325319068247726
0.7631439867223839	0.6457847073323655
0.8259343147438459	0.7261061883438538
0.8235193021276358	0.7004033144201776
0.7462388984089133	0.7325319068247726
0.8114442390465854	0.7389576253056918
0.767974011954804	0.6714875812560417
0.7897091255006947	0.861046276443154
0.7752190498034344	0.8224919655576396
0.796954163349325	0.7710862177102871
0.799369175965535	0.7742990769507466
0.8066142138141653	0.7871505139125847
0.8331793525924761	0.7485962030270703
0.7872941128844846	0.7710862177102871
0.7269187974792327	0.8321305432790181
0.7848791002682746	0.6875518774583393
0.6810335577712413	0.5879532410040939
0.6448083685280902	0.6747004404965012
0.5288877629500066	0.5333346339162819
0.4926625737068554	0.54618607087812
0.46368242231233453	0.4851417453093889
0.5240577377175863	0.4851417453093889
0.511982674636536	0.6072303964468512
0.671373507306401	0.6200818334086892
0.5626979395769476	0.5333346339162819
0.5796030278904182	0.5718889448017963
0.6013381414363088	0.5333346339162819
0.6762035325388212	0.7742990769507466
0.6810335577712413	0.7068290329010964
0.7003536587009219	0.7614476399889085
0.543377838647267	0.5879532410040939
0.5506228764958973	0.5718889448017963
0.6375633306794599	0.5686760855613368
0.5361328007986368	0.5558246485994986
0.49990761155548563	0.5558246485994986
0.5578679143445275	0.5783146632827153
0.5771880152742082	0.5333346339162819
0.6303182928308297	0.5879532410040939
0.5168126998689562	0.5429732116376605
0.5530378891121074	0.5365474931567414
0.6834485703874514	0.7646604992293681
0.6858635830036616	0.6329332703705274
0.7245037848630227	0.7068290329010964
0.6351483180632499	0.6522104258132845
0.49749259893927555	0.5558246485994986
0.574773002657998	0.5172703377139842
0.6737885199226111	0.6393589888514464
0.6230732549821996	0.594378959485013
0.5771880152742082	0.5236960561949033
0.5264727503337965	0.5044189007521461
0.5578679143445275	0.5269089154353629
0.5820180405066282	0.5590375078399582
0.6182432297497794	0.6232946926491487
0.6882785956198716	0.6425718480919059
0.6931086208522917	0.6843390182178798
0.7172587470143925	0.8032148101148824
0.8211042895114258	0.7357447660652323
0.7703890245710141	0.7421704845461514
0.6762035325388212	0.7228933291033941
0.7921241381169047	0.8032148101148824
0.7728040371872242	0.7678733584698276
0.7075986965495522	0.7903633731530443
0.6351483180632499	0.7614476399889085
0.6979386460847118	0.7325319068247726
0.7124287217819724	0.6843390182178798
0.6617134568415608	0.703616173660637
0.671373507306401	0.7196804698629347
0.6786185451550312	0.6714875812560417
0.6737885199226111	0.6875518774583393
0.608583179284939	0.6393589888514464
0.6496383937605104	0.6586361442942036
0.6206582423659894	0.6457847073323655
0.6810335577712413	0.6618490035346631
0.7172587470143925	0.7389576253056918
0.7051836839333421	0.6425718480919059
0.6641284694577708	0.5975918187254724
0.5965081162038888	0.5911661002445535
0.668958494690191	0.5654632263208772
0.5989231288200988	0.6168689741682297
0.7172587470143925	0.648997566572825
0.5892630783552584	0.6457847073323655
0.6351483180632499	0.648997566572825
0.606168166668729	0.5975918187254724
0.6375633306794599	0.5975918187254724
0.6254882675984096	0.6457847073323655
0.5892630783552584	0.5783146632827153
0.6544684189929305	0.6329332703705274
0.6303182928308297	0.6875518774583393
0.63997834329567	0.7100418921415561
0.5457928512634771	0.6136561149277701
0.49507758632306553	0.5526117893590391
0.6206582423659894	0.5783146632827153
0.606168166668729	0.5686760855613368
0.5626979395769476	0.539760352397201
0.5047376367879058	0.43373599746203645
0.4588523970799144	0.4787160268284699
0.5337177881824268	0.539760352397201
0.5820180405066282	0.5172703377139842
0.5554529017283174	0.539760352397201
0.6158282171335693	0.4819288860689295
0.5168126998689562	0.4658645898666318
0.5482078638796871	0.4819288860689295
0.5530378891121074	0.4819288860689295
0.5143976872527461	0.44016171594295556
0.507152649404116	0.44980029366433416
0.509567662020326	0.4947803230307676
0.48541753585822517	0.5429732116376605
0.5578679143445275	0.5558246485994986
0.5143976872527461	0.48835460454984847
0.5240577377175863	0.4562260121452532
0.49990761155548563	0.4594388713857127
0.5264727503337965	0.4594388713857127
0.5216427251013763	0.5879532410040939
0.5578679143445275	0.6104432556873106
0.5771880152742082	0.6265075518896083
0.5288877629500066	0.5493989301185795
0.5385478134148468	0.5558246485994986
0.5288877629500066	0.4851417453093889
0.5023226241716957	0.4787160268284699
0.46851244754475463	0.5108446192330651
0.4733424727771748	0.4240974197406579
0.5216427251013763	0.46907744910709137
0.509567662020326	0.491567463790308
0.6206582423659894	0.54618607087812
0.5313027755662166	0.5686760855613368
0.5047376367879058	0.4851417453093889
0.4202121952205532	0.44980029366433416
0.574773002657998	0.5429732116376605
0.478172498009595	0.4722903083475508
0.5506228764958973	0.45301315290479366
0.5216427251013763	0.4819288860689295
0.4926625737068554	0.4594388713857127
0.5385478134148468	0.4979931822712271
0.5651129521931577	0.5493989301185795
0.43953229615023376	0.4112459827788198
