WT	KO
0.19762227793102455	0.20206898982865779
0.2251517494836051	0.22327376036623298
0.24383246232285619	0.22327376036623298
0.2251517494836051	0.2382418336868743
0.2457988531480405	0.2307577970265536
0.2202357724206443	0.2469732097905817
0.20843742746953833	0.22452109980961973
0.24481565773544833	0.2220264209228462
0.22711814030878943	0.21828440259268586
0.2094206228821305	0.22327376036623298
0.21335340453249918	0.2382418336868743
0.24973163479840915	0.23948917313026105
0.24383246232285619	0.2382418336868743
0.23498370360952672	0.23325247591332715
0.242849266910264	0.22951045758316682
0.22711814030878943	0.2157897237059123
0.23989968067248754	0.2307577970265536
0.23989968067248754	0.2569519253376759
0.2359668990221189	0.2519625675641288
0.24678204856063268	0.24572587034719492
0.2536644164487778	0.2594466042244495
0.24776524397322483	0.24572587034719492
0.27627791093839754	0.2382418336868743
0.24186607149767186	0.2369944942434875
0.23105092195915808	0.2906300903091189
0.2566140026865543	0.2469732097905817
0.28316027882654266	0.273167338101704
0.27627791093839754	0.2569519253376759
0.2605467843369229	0.2594466042244495
0.27037873846284455	0.30310348474298665
0.2811938880013583	0.27067265921493044
0.27529471552580537	0.2557045858942891
0.26251317516210726	0.2794040353186379
0.2664459568124759	0.2694253197715437
0.26939554305025243	0.261941283111223
0.27726110635098966	0.29187742975250563
0.27529471552580537	0.29187742975250563
0.26251317516210726	0.2756620169884776
0.2605467843369229	0.2557045858942891
0.27234512928802884	0.28688807197895855
0.2811938880013583	0.2781566958752511
0.2782443017635819	0.27191999865831723
0.28414347423913483	0.28938275086573206
0.30184099166579376	0.273167338101704
0.2880762558895035	0.28189871420541146
0.2988914054280173	0.28688807197895855
0.2802106925887662	0.2681779803281569
0.279227497176174	0.28938275086573206
0.27037873846284455	0.2756620169884776
0.3047905779035702	0.29187742975250563
0.28512666965172695	0.2856407325355718
0.3057737733161624	0.28189871420541146
0.29004264671468777	0.2769093564318643
0.26251317516210726	0.2694253197715437
0.29594181919024076	0.30559816362976017
0.30184099166579376	0.2931247691958924
0.3047905779035702	0.28813541142234533
0.31068975037912316	0.295619448082666
0.2920090375398721	0.3006088058562131
0.3047905779035702	0.30435082418637344
0.29692501460283294	0.31058752140330725
0.30872335955393887	0.31058752140330725
0.3185553136798605	0.32306091583717506
0.3136393366168997	0.30559816362976017
0.321504899917637	0.29936146641282635
0.3116729457917154	0.30310348474298665
0.33035365863096644	0.33678164971442964
0.3608327164213235	0.35549174136523126
0.32052170450504486	0.3517497230350709
0.3392024173442959	0.3305449524974957
0.34116880816948025	0.32680293416733536
0.32248809533022915	0.3280502736107222
0.340185612756888	0.3692124752424858
0.33526963569392726	0.3467603652615238
0.35100076229540184	0.34301834693136346
0.351983957707994	0.34426568637475025
0.36574869348428424	0.3405236680445899
0.3313368540435586	0.3330396313842693
0.32347129074282127	0.3305449524974957
0.32248809533022915	0.329297613054109
0.3008577962532016	0.31807155806362797
0.30184099166579376	0.2981141269694395
0.3264208769805978	0.3130822002900809
0.30970655496653104	0.32680293416733536
0.2861098650643192	0.2806513747620247
0.273328324700621	0.27191999865831723
0.2802106925887662	0.2906300903091189
0.2939754283650564	0.2557045858942891
0.26349637057469943	0.2794040353186379
0.29594181919024076	0.28688807197895855
0.27726110635098966	0.2968667875260528
0.40900929163833943	0.4103746768742494
0.3392024173442959	0.32181357639378827
0.3362528311065194	0.3629757780255519
0.27037873846284455	0.26443596199799657
0.41589165952648455	0.4003959613271552
0.5515726264642029	0.5625500889674361
0.5427238677508734	0.5725288045145304
0.32248809533022915	0.3480077047049106
0.17402558802881268	0.16090678819689413
0.14944570271400864	0.15467009097996026
0.33821922193170373	0.3255555947239486
0.5378078906879127	0.5425926578732477
0.5712365347160462	0.5613027495240493
0.41589165952648455	0.4477948601758527
0.2654627613998838	0.2756620169884776
0.315605727442084	0.32430825528056184
0.3313368540435586	0.32306091583717506
0.4119588778761159	0.401643300770542
0.29692501460283294	0.31058752140330725
0.28217708341395054	0.2981141269694395
0.23498370360952672	0.26443596199799657
0.26349637057469943	0.2557045858942891
0.27726110635098966	0.2769093564318643
0.24678204856063268	0.2794040353186379
0.2880762558895035	0.2968667875260528
0.3057737733161624	0.3006088058562131
0.28316027882654266	0.2906300903091189
0.3244544861554135	0.3130822002900809
0.3293704632183743	0.3330396313842693
0.3618159118339156	0.32680293416733536
0.3716478659598373	0.35923375969539156
0.35100076229540184	0.35923375969539156
0.3460847852324411	0.3317922919408825
0.34805117605762537	0.3118348608466941
0.33232004945615073	0.34301834693136346
0.351983957707994	0.3380289891578164
0.3136393366168997	0.3542444019218445
0.3372360265191116	0.3317922919408825
0.29790821001542506	0.3093401819599205
0.321504899917637	0.28189871420541146
0.3067569687287545	0.2931247691958924
0.3372360265191116	0.33678164971442964
0.3264208769805978	0.32181357639378827
0.3008577962532016	0.31058752140330725
0.29692501460283294	0.31557687917685445
0.321504899917637	0.29936146641282635
0.3126561412043075	0.33428697082765607
0.3057737733161624	0.329297613054109
0.28414347423913483	0.2981141269694395
0.30872335955393887	0.32306091583717506
0.3126561412043075	0.3168242186202412
0.30774016414134675	0.3006088058562131
0.29692501460283294	0.2856407325355718
0.3047905779035702	0.2981141269694395
0.29594181919024076	0.30310348474298665
0.2861098650643192	0.2781566958752511
0.279227497176174	0.2931247691958924
0.2802106925887662	0.31807155806362797
0.2929922329524643	0.2544572464509024
0.3264208769805978	0.30809284251653374
0.2713619338754367	0.273167338101704
0.27234512928802884	0.2744146775450908
0.2684123476376602	0.2681779803281569
0.27234512928802884	0.2756620169884776
0.2782443017635819	0.2781566958752511
0.273328324700621	0.2544572464509024
0.2566140026865543	0.26069394366783627
0.2674291522250681	0.26693064088477014
0.27627791093839754	0.24572587034719492
0.27529471552580537	0.28314605364879825
0.27037873846284455	0.261941283111223
0.27529471552580537	0.26443596199799657
0.2713619338754367	0.2968667875260528
0.25464761186136997	0.27191999865831723
0.2802106925887662	0.27191999865831723
0.2939754283650564	0.2569519253376759
0.27627791093839754	0.284393393092185
0.26939554305025243	0.27067265921493044
0.25759719809914644	0.25071522812074204
0.26447956598729155	0.2469732097905817
0.24186607149767186	0.28189871420541146
0.2556308072739621	0.26069394366783627
0.2861098650643192	0.2806513747620247
0.2408828760850797	0.23948917313026105
0.25169802562359345	0.22452109980961973
0.22416855407101294	0.24073651257364784
0.248748439385817	0.24447853090380817
0.24973163479840915	0.2581992647810627
0.24481565773544833	0.2320051364699404
0.24481565773544833	0.2419838520170346
0.24383246232285619	0.24323119146042138
0.23695009443471104	0.2557045858942891
0.2251517494836051	0.2419838520170346
0.23203411737175023	0.2557045858942891
0.22416855407101294	0.2369944942434875
0.23498370360952672	0.2519625675641288
0.22908453113397376	0.2220264209228462
0.23203411737175023	0.23574715480010072
0.24973163479840915	0.2369944942434875
0.2408828760850797	0.22452109980961973
0.23891648525989537	0.2382418336868743
0.23695009443471104	0.24323119146042138
0.2231853586584208	0.22951045758316682
0.24481565773544833	0.24447853090380817
0.22908453113397376	0.2108003659323652
0.22416855407101294	0.22452109980961973
0.2202357724206443	0.23325247591332715
0.2231853586584208	0.21204770537575196
0.21630299077027565	0.2058110081588181
