WT	KO
0.18788007608343085	0.19629292833977957
0.1510408454788366	0.13086195222651972
0.19524792220434972	0.17759836373599103
0.154724768539296	0.1542301579812554
0.18419615302297146	0.23368205754735666
0.18419615302297146	0.1448828756793611
0.16209261466021485	0.1869456460378853
0.180512229962512	0.19629292833977957
0.18788007608343085	0.20096656949072672
0.180512229962512	0.20564021064167384
0.17682830690205256	0.17292472258504393
0.20261576832526856	0.17292472258504393
0.15840869159975543	0.20564021064167384
0.18419615302297146	0.1869456460378853
0.19893184526480917	0.17759836373599103
0.18788007608343085	0.18227200488693818
0.180512229962512	0.13086195222651972
0.180512229962512	0.210313851792621
0.22471930668802514	0.2149874929435681
0.1915639991438903	0.16825108143409678
0.1915639991438903	0.1869456460378853
0.18419615302297146	0.13553559337746685
0.2431389219903223	0.24770298100019802
0.21735146056710627	0.20564021064167384
0.1915639991438903	0.21966113409451524
0.180512229962512	0.18227200488693818
0.1657765377206743	0.14955651683030824
0.22471930668802514	0.21966113409451524
0.20998361444618743	0.20096656949072672
0.16946046078113372	0.17292472258504393
0.206299691385728	0.2149874929435681
0.18788007608343085	0.16357744028314966
0.22471930668802514	0.23368205754735666
0.22471930668802514	0.23368205754735666
0.16946046078113372	0.1542301579812554
0.19893184526480917	0.17292472258504393
0.20261576832526856	0.1589037991322025
0.17314438384159314	0.17759836373599103
0.20998361444618743	0.19161928718883245
0.2505067681112412	0.21966113409451524
0.206299691385728	0.18227200488693818
0.17682830690205256	0.1589037991322025
0.206299691385728	0.14955651683030824
0.22103538362756572	0.24770298100019802
0.2505067681112412	0.19629292833977957
0.180512229962512	0.2290084163964095
0.19893184526480917	0.20096656949072672
0.1915639991438903	0.19161928718883245
0.23577107586940343	0.23835569869830378
0.283662075655376	0.2290084163964095
0.26524246035307886	0.23835569869830378
0.20261576832526856	0.1869456460378853
0.20261576832526856	0.210313851792621
0.29839776789721373	0.27574482790588084
0.28734599871583544	0.26639754560398654
0.23945499892986286	0.21966113409451524
0.24682284505078173	0.21966113409451524
0.20998361444618743	0.19629292833977957
0.27629422953445715	0.2149874929435681
0.22471930668802514	0.2570502633020923
0.27261030647399775	0.24770298100019802
0.27261030647399775	0.2149874929435681
0.24682284505078173	0.20564021064167384
0.26892638341353825	0.2710711867549337
0.2505067681112412	0.2991130336606165
0.2799781525949166	0.19161928718883245
0.25787461423216	0.23835569869830378
0.2431389219903223	0.23835569869830378
0.27629422953445715	0.280418469056828
0.2910299217762949	0.2991130336606165
0.24682284505078173	0.24302933984925093
0.2799781525949166	0.27574482790588084
0.2505067681112412	0.2149874929435681
0.26155853729261946	0.22433477524546236
0.23208715280894401	0.26639754560398654
0.26155853729261946	0.20096656949072672
0.22471930668802514	0.19629292833977957
0.2431389219903223	0.20096656949072672
0.24682284505078173	0.22433477524546236
0.2431389219903223	0.19161928718883245
0.22103538362756572	0.26172390445303945
0.2505067681112412	0.26639754560398654
0.22471930668802514	0.22433477524546236
0.3020816909576732	0.2523766221511452
0.24682284505078173	0.27574482790588084
0.27261030647399775	0.2570502633020923
0.2505067681112412	0.2290084163964095
0.23577107586940343	0.26639754560398654
0.22840322974848457	0.24770298100019802
0.2947138448367543	0.21966113409451524
0.23208715280894401	0.20564021064167384
0.3462887676831863	0.2897657513587222
0.3573405368645646	0.27574482790588084
0.27261030647399775	0.26639754560398654
0.20998361444618743	0.2149874929435681
0.17682830690205256	0.16825108143409678
0.3205013062599703	0.2850921102077751
0.27261030647399775	0.2523766221511452
0.27261030647399775	0.280418469056828
0.2505067681112412	0.2149874929435681
0.22471930668802514	0.2290084163964095
0.23208715280894401	0.210313851792621
0.2947138448367543	0.317807598264405
0.26155853729261946	0.21966113409451524
0.27261030647399775	0.2944393925096694
0.1252533840556206	0.12151466992462547
0.26524246035307886	0.2570502633020923
0.3426048446227269	0.3318285217172464
0.3020816909576732	0.24770298100019802
0.3573405368645646	0.33650216286819357
0.16946046078113372	0.2149874929435681
0.28734599871583544	0.2850921102077751
0.27261030647399775	0.24302933984925093
0.23945499892986286	0.18227200488693818
0.25419069117170057	0.2149874929435681
0.32786915238088915	0.2897657513587222
0.30576561401813257	0.3318285217172464
0.3020816909576732	0.27574482790588084
0.2431389219903223	0.210313851792621
0.283662075655376	0.2897657513587222
0.27261030647399775	0.2710711867549337
0.283662075655376	0.2710711867549337
0.28734599871583544	0.2897657513587222
0.2431389219903223	0.2523766221511452
0.22471930668802514	0.19629292833977957
0.28734599871583544	0.2897657513587222
0.27629422953445715	0.26172390445303945
0.2910299217762949	0.26172390445303945
0.29839776789721373	0.2290084163964095
0.27261030647399775	0.2944393925096694
0.28734599871583544	0.280418469056828
0.2431389219903223	0.26639754560398654
0.27261030647399775	0.31313395711345793
0.25419069117170057	0.27574482790588084
0.2505067681112412	0.23835569869830378
0.25787461423216	0.280418469056828
0.22840322974848457	0.24770298100019802
0.23577107586940343	0.2523766221511452
0.3020816909576732	0.27574482790588084
0.22471930668802514	0.22433477524546236
0.2431389219903223	0.23368205754735666
0.26524246035307886	0.2290084163964095
0.206299691385728	0.24302933984925093
0.24682284505078173	0.24770298100019802
0.25787461423216	0.2710711867549337
0.24682284505078173	0.280418469056828
0.283662075655376	0.2710711867549337
0.2431389219903223	0.20096656949072672
0.22840322974848457	0.18227200488693818
0.21735146056710627	0.21966113409451524
0.20998361444618743	0.26172390445303945
0.21366753750664688	0.24302933984925093
0.27629422953445715	0.2897657513587222
0.25419069117170057	0.24770298100019802
0.23208715280894401	0.23368205754735666
0.2431389219903223	0.21966113409451524
0.2505067681112412	0.20564021064167384
0.23208715280894401	0.210313851792621
0.21735146056710627	0.24770298100019802
0.24682284505078173	0.24302933984925093
0.2799781525949166	0.2523766221511452
0.2431389219903223	0.17292472258504393
0.23208715280894401	0.280418469056828
0.23208715280894401	0.20096656949072672
0.22471930668802514	0.19629292833977957
0.1915639991438903	0.2149874929435681
0.20998361444618743	0.26639754560398654
0.19524792220434972	0.23368205754735666
0.2505067681112412	0.210313851792621
0.21366753750664688	0.20096656949072672
0.24682284505078173	0.18227200488693818
0.18788007608343085	0.19161928718883245
0.26155853729261946	0.19161928718883245
0.24682284505078173	0.2149874929435681
0.22840322974848457	0.18227200488693818
0.23945499892986286	0.20564021064167384
0.20261576832526856	0.18227200488693818
0.17682830690205256	0.18227200488693818
0.206299691385728	0.18227200488693818
0.19524792220434972	0.19629292833977957
0.23577107586940343	0.2149874929435681
0.180512229962512	0.20564021064167384
0.23208715280894401	0.20096656949072672
0.23577107586940343	0.2290084163964095
0.22103538362756572	0.1869456460378853
0.19893184526480917	0.17759836373599103
0.19524792220434972	0.1589037991322025
0.19524792220434972	0.16825108143409678
0.17682830690205256	0.22433477524546236
0.18788007608343085	0.18227200488693818
0.17682830690205256	0.20096656949072672
0.20261576832526856	0.14955651683030824
0.19524792220434972	0.19629292833977957
0.19893184526480917	0.20564021064167384
0.19893184526480917	0.19161928718883245
0.1252533840556206	0.19629292833977957
0.17682830690205256	0.17759836373599103
0.20261576832526856	0.2149874929435681
0.20261576832526856	0.210313851792621
0.23577107586940343	0.19629292833977957
