WT	KO
0.21865453417857458	0.2150299805903949
0.21865453417857458	0.20292872627145492
0.23076124496362987	0.23178556349354257
0.21755392410720592	0.22294233918354794
0.2080153034886775	0.21549541344881568
0.21792079413099547	0.22480407061723104
0.21975514424994325	0.21735714488249874
0.22599193465436565	0.2206151748914441
0.2193882742261537	0.23132013063512177
0.23442994520152546	0.2262003691924933
0.2428679557486852	0.21828801059934028
0.2278262847733135	0.23038926491828027
0.23296246510636723	0.24528311638774483
0.24140047565352699	0.24761028067984867
0.23516368524910455	0.236905324936171
0.23406307517773586	0.22294233918354794
0.23259559508257768	0.2513337435472148
0.2193882742261537	0.22759666776775564
0.228193154797103	0.242955952095641
0.2402998655821583	0.25691893784826403
0.23002750491605078	0.24667941496300713
0.24653665598658073	0.2485411463966902
0.238098645439421	0.24667941496300713
0.24360169579626428	0.2499374449719525
0.23296246510636723	0.2573843707066848
0.24653665598658073	0.25505720641458096
0.24213421570110608	0.2513337435472148
0.2535071864385823	0.24062878780353714
0.2388323854870001	0.25412634069773943
0.26047771689058385	0.2625041321493133
0.24653665598658073	0.2606424007156302
0.25680901665268824	0.25784980356510556
0.24873787612931805	0.25505720641458096
0.2582764967478465	0.24714484782142793
0.2516728363196345	0.2722782221761494
0.2494716161768972	0.25412634069773943
0.24800413608173896	0.2704164907424663
0.26047771689058385	0.269020192167204
0.2575427567002674	0.27134735645930785
0.2527734463910032	0.2513337435472148
0.2494716161768972	0.2513337435472148
0.24066673560594784	0.2583152364235264
0.2619451969857421	0.25924610214036786
0.2557084065813196	0.2708819236008871
0.2791880881038511	0.28344861077824784
0.26304580705711067	0.27274365503457015
0.2703832075329018	0.25552263927300173
0.2590102367954256	0.2625041321493133
0.28835983869859	0.275070819326674
0.26304580705711067	0.25924610214036786
0.27075007755669134	0.25971153499878863
0.2516728363196345	0.26529672929983783
0.2835905283893258	0.2517991764056356
0.26598076724742714	0.2778634164771986
0.28835983869859	0.269020192167204
0.29826532934090794	0.2773979836187778
0.28285678834174666	0.2648312964414171
0.2696494674853227	0.2676238935919417
0.28285678834174666	0.2694856250256248
0.2678151173663749	0.27832884933561935
0.2810224382227989	0.28251774506140626
0.26818198739016447	0.2718127893177286
0.2846911384606944	0.2676238935919417
0.27882121808006155	0.2732090878929909
0.2901941888175378	0.2639004307245756
0.28432426843690484	0.2894992379377178
0.29679784924574976	0.28484490935351015
0.2824899183179571	0.2839140436366686
0.30817081998322593	0.2843794764950893
0.28322365836553626	0.29182640222982165
0.29092792886511687	0.2764671179019363
0.29459662910301243	0.2922918350882424
0.3030346396501722	0.30253135797349934
0.3092714300545946	0.3113745822834939
0.31404074036385876	0.30904741799139007
0.32724806122028277	0.31602891086770163
0.3125732602687006	0.31882150801822623
0.2986321993646975	0.29787702938929167
0.3019340295788035	0.3104437165666524
0.29789845931711845	0.29880789510613315
0.30340150967396173	0.28624120792877245
0.2905610588413273	0.29554986509718784
0.2696494674853227	0.2773979836187778
0.2619451969857421	0.25691893784826403
0.25130596629584495	0.2443522506709033
0.2402998655821583	0.23550902636090867
0.24910474615310765	0.2424905192372202
0.24066673560594784	0.25226460926405636
0.25607527660510915	0.2504028778303733
0.22525819460678656	0.22480407061723104
0.24543604591521206	0.25505720641458096
0.27955495812764064	0.2648312964414171
0.34118912212428587	0.3509363752492592
0.29569723917438107	0.2885683722208762
0.294963499126802	0.2885683722208762
0.2527734463910032	0.25924610214036786
0.29826532934090794	0.30625482084086547
0.34779278255249785	0.3523326738245215
0.3136738703400692	0.32673386661137926
0.2369980353680523	0.24481768352932404
0.25240657636721364	0.2341127277856464
0.3118395202211215	0.3113745822834939
0.3540295729569203	0.3323190609124285
0.2986321993646975	0.30206592511507857
0.2549746665337405	0.25226460926405636
0.28689235860343176	0.2922918350882424
0.30230089960259304	0.28903380507929705
0.3316505015057574	0.35140180810768
0.2634126770809002	0.26203869929089246
0.24690352601037027	0.2504028778303733
0.22048888429752236	0.21270281629829105
0.25057222624826586	0.2606424007156302
0.2549746665337405	0.2457485492461656
0.21975514424994325	0.23783619065301256
0.2278262847733135	0.2322509963519633
0.2388323854870001	0.2210806077498649
0.24800413608173896	0.23457816064406717
0.27478564781837644	0.2885683722208762
0.29422975907922283	0.28670664078719316
0.30633646986427815	0.2894992379377178
0.30560272981669906	0.3085819851329693
0.29936593941227657	0.3127708808587562
0.30817081998322593	0.29601529795560855
0.3037683796977513	0.3178906423013847
0.30633646986427815	0.29601529795560855
0.30707020991185724	0.2964807308140293
0.3008334195074348	0.3085819851329693
0.3030346396501722	0.2974115965308709
0.2912947988889064	0.2983424622477124
0.3037683796977513	0.2964807308140293
0.2964309792219602	0.27925971505246094
0.3041352497215408	0.275070819326674
0.3041352497215408	0.29601529795560855
0.29422975907922283	0.2881029393624555
0.3078039499594364	0.2853103422119309
0.29166166891269596	0.2829831779198271
0.29092792886511687	0.29601529795560855
0.285058008484484	0.2806560136277232
0.2872592286272213	0.2974115965308709
0.2905610588413273	0.2974115965308709
0.29422975907922283	0.28484490935351015
0.29349601903164374	0.28670664078719316
0.28835983869859	0.2839140436366686
0.2762531279135347	0.27553625218509475
0.278454348056272	0.28624120792877245
0.2711169475804809	0.2643658635829963
0.25314031641479273	0.28251774506140626
0.26818198739016447	0.25924610214036786
0.2615783269619525	0.26343499786615476
0.27405190777079735	0.28251774506140626
0.27698686796111377	0.2666930278751002
0.26928259746153316	0.2527300421224771
0.27185068762806003	0.26529672929983783
0.25680901665268824	0.24947201211353176
0.26304580705711067	0.262969565007734
0.2575427567002674	0.2513337435472148
0.2538740564623719	0.2424905192372202
0.2663476372712167	0.2643658635829963
0.24140047565352699	0.23643989207775024
0.24580291593900166	0.2517991764056356
0.2590102367954256	0.24481768352932404
0.26708137731879583	0.2666930278751002
0.25937710681921516	0.269020192167204
0.258643366771636	0.25505720641458096
0.24910474615310765	0.242955952095641
0.2582764967478465	0.25784980356510556
0.26524702719984805	0.275070819326674
0.25790962672405693	0.2708819236008871
0.25534153655753006	0.2676238935919417
0.26047771689058385	0.25366090783931866
0.24580291593900166	0.24342138495406176
0.2623120670095316	0.2676238935919417
0.26304580705711067	0.2639004307245756
0.25057222624826586	0.26110783357405093
0.24543604591521206	0.262969565007734
0.23112811498741948	0.23178556349354257
0.24800413608173896	0.2666930278751002
0.24580291593900166	0.25412634069773943
0.25534153655753006	0.24714484782142793
0.2516728363196345	0.24621398210458637
0.24543604591521206	0.2383016235114333
0.2402998655821583	0.2224769063251272
0.23846551546321054	0.23364729492722563
0.23993299555836875	0.2531954749808979
0.23112811498741948	0.2424905192372202
0.2388323854870001	0.23457816064406717
0.23516368524910455	0.23597445921932947
0.23993299555836875	0.24528311638774483
0.23736490539184185	0.22899296634301794
0.23663116534426276	0.2424905192372202
0.2402998655821583	0.23783619065301256
0.24470230586763297	0.22992383205985947
0.23626429532047322	0.23504359350248794
0.22012201427373282	0.23457816064406717
0.22709254472573434	0.21363368201513258
0.24543604591521206	0.24947201211353176
0.22856002482089255	0.22573493633407257
0.22856002482089255	0.24481768352932404
0.22048888429752236	0.2322509963519633
0.2234238444878388	0.21735714488249874
